56 52 0.217 0 2
32 52 0.134 0 1
130 5 0.878 0 2
70 22 0.355 0 2
27 10 0.130 0 2
132 52 0.454 0 1
87 15 0.295 0 2
12 30 0.045 0 1
179 22 0.603 0 1
13 70 0.085 0 2
66 5 0.248 0 1
28 70 0.089 0 2
19 100 0.081 0 2
112 70 0.479 0 1
39 70 0.173 0 2
11 40 0.044 0 2
21 100 0.080 0 2
16 70 0.098 0 1
68 22 0.337 0 2
15 40 0.065 0 1
190 30 0.613 0 2
132 30 0.750 0 2
32 52 0.181 0 1
69 52 0.255 0 2
54 100 0.173 0 1
136 5 0.553 0 1
24 70 0.134 0 2
107 30 0.500 0 1
11 30 0.041 0 2
27 100 0.174 0 2
111 10 0.677 0 2
35 10 0.200 0 2
10 5 0.046 0 2
40 40 0.136 0 1
23 5 0.068 0 1
43 15 0.158 0 1
74 10 0.253 0 1
77 52 0.494 0 2
18 22 0.088 0 2
43 30 0.136 0 1
18 100 0.054 0 2
155 40 0.560 0 2
70 100 0.258 0 1
171 100 1.082 0 2
185 100 0.703 0 1
50 52 0.157 0 2
12 40 0.036 0 2
162 70 0.994 0 2
37 70 0.113 0 1
94 100 0.348 0 1
58 15 0.212 0 1
41 5 0.152 0 1
19 30 0.069 0 1
184 10 1.122 0 2
174 5 0.580 0 2
79 52 0.286 0 1
13 100 0.046 0 2
33 30 0.119 0 1
11 10 0.065 0 1
49 40 0.149 0 1
15 15 0.051 0 2
128 5 0.390 0 2
15 70 0.063 0 2
34 30 0.155 0 1
31 40 0.102 0 1
41 70 0.246 0 1
13 10 0.088 0 2
72 5 0.248 0 2
285 10 1.815 0 1
19 5 0.102 0 2
42 10 0.159 0 2
185 10 0.640 0 1
77 10 0.320 0 2
67 10 0.322 0 1
14 70 0.061 0 1
19 10 0.080 0 2
20 40 0.075 0 2
69 40 0.220 0 2
11 5 0.038 0 1
11 40 0.052 0 1
86 10 0.376 0 1
36 10 0.127 0 2
23 5 0.085 0 2
26 30 0.130 0 1
10 15 0.040 0 2
14 22 0.049 0 2
26 40 0.134 0 1
132 22 0.790 0 2
10 30 0.037 0 1
27 52 0.080 0 2
51 52 0.168 0 2
86 70 0.357 0 1
80 52 0.400 0 1
59 5 0.178 0 1
316 30 0.978 0 2
99 30 0.436 0 2
35 100 0.108 0 1
37 52 0.155 0 2
31 5 0.106 0 1
75 100 0.263 0 1
27 10 0.095 0 2
21 40 0.077 0 2
19 10 0.101 0 1
130 15 0.537 0 2
168 70 0.636 0 2
30 22 0.096 0 1
309 40 1.175 0 2
298 10 0.895 0 2
60 100 0.219 0 2
10 22 0.040 0 2
102 52 0.576 0 1
19 100 0.124 0 1
105 70 0.547 0 2
91 5 0.489 0 2
38 30 0.134 0 1
124 40 0.780 0 2
11 15 0.033 0 2
256 5 0.839 0 2
122 40 0.401 0 1
259 40 1.270 0 1
19 30 0.075 0 2
132 100 0.451 0 1
22 10 0.094 0 1
166 5 0.553 0 2
183 22 1.022 0 1
126 40 0.432 0 1
180 70 0.766 0 1
71 10 0.242 0 1
179 100 0.552 0 1
15 40 0.059 0 1
93 30 0.338 0 1
29 100 0.085 0 2
22 22 0.089 0 1
51 15 0.163 0 1
154 70 0.492 0 1
224 70 0.661 0 1
45 22 0.215 0 1
39 52 0.158 0 1
72 70 0.456 0 2
12 10 0.080 0 2
125 100 0.418 0 2
58 22 0.219 0 2
37 52 0.165 0 2
21 100 0.138 0 1
127 40 0.476 0 1
11 100 0.041 0 1
10 10 0.039 0 1
71 70 0.265 0 1
293 70 0.913 0 1
157 40 0.853 0 2
146 15 0.709 0 2
10 40 0.042 0 1
18 10 0.062 0 2
33 22 0.100 0 1
25 100 0.081 0 1
210 100 1.382 0 1
127 5 0.567 0 1
64 52 0.187 0 1
11 100 0.069 0 2
72 40 0.246 0 1
56 40 0.267 0 1
10 22 0.043 0 2
36 30 0.213 0 2
75 15 0.281 0 2
63 70 0.265 0 1
24 22 0.126 0 1
21 70 0.087 0 1
19 70 0.104 0 1
230 100 1.230 0 1
22 52 0.089 0 1
61 22 0.206 0 2
199 22 1.178 0 1
23 5 0.149 0 2
39 10 0.167 0 1
72 22 0.333 0 2
79 40 0.252 0 2
50 5 0.151 0 1
10 70 0.048 0 2
21 52 0.077 0 2
43 30 0.152 0 2
170 70 0.934 0 1
30 70 0.114 0 1
10 40 0.035 0 2
208 100 0.881 0 1
32 52 0.100 0 2
28 15 0.151 0 1
16 40 0.049 0 1
167 22 0.527 0 1
14 100 0.061 0 2
187 30 1.169 0 1
28 5 0.151 0 2
72 40 0.456 0 2
108 52 0.412 0 1
66 52 0.384 0 1
52 30 0.254 0 2
64 15 0.187 0 1
17 30 0.082 0 2
193 15 0.611 0 1
78 15 0.277 0 1
38 52 0.112 0 1
30 30 0.155 0 1
47 15 0.153 0 1
20 10 0.069 0 1
79 30 0.270 0 2
25 52 0.108 0 1
25 30 0.087 0 1
15 40 0.049 0 1
69 40 0.216 0 2
20 40 0.077 0 2
75 70 0.408 0 1
112 100 0.485 0 2
24 100 0.136 0 2
95 10 0.304 0 2
45 15 0.144 0 1
106 15 0.416 0 1
54 40 0.208 0 2
268 5 1.567 0 2
26 5 0.118 0 2
147 70 0.458 0 1
43 5 0.209 0 1
153 5 0.487 0 1
52 100 0.349 0 1
30 70 0.158 0 2
13 100 0.040 0 2
37 15 0.233 0 1
20 10 0.061 0 1
114 10 0.502 0 1
66 15 0.254 0 1
158 70 0.775 0 1
195 15 0.694 0 1
69 10 0.324 0 2
19 100 0.061 0 2
15 5 0.049 0 1
17 100 0.052 0 1
59 5 0.223 0 2
227 30 0.777 0 1
91 30 0.427 0 1
19 5 0.083 0 2
93 70 0.273 0 2
29 100 0.102 0 1
47 100 0.196 0 1
194 40 0.975 0 1
22 5 0.091 0 2
16 5 0.049 0 2
52 15 0.321 0 2
13 70 0.044 0 1
171 5 0.512 0 1
17 30 0.070 0 1
104 70 0.634 0 2
52 40 0.315 0 1
99 100 0.562 0 2
37 5 0.136 0 2
67 30 0.277 0 2
30 22 0.136 0 2
107 15 0.457 0 1
10 15 0.053 0 1
56 52 0.242 0 2
25 100 0.108 0 2
12 22 0.055 0 1
261 22 0.894 0 1
15 52 0.061 0 1
216 30 0.964 0 2
34 52 0.109 0 2
98 100 0.392 0 2
50 52 0.179 0 2
12 22 0.041 0 2
60 22 0.181 0 2
119 52 0.517 0 1
15 5 0.046 0 2
128 22 0.607 0 2
34 22 0.110 0 2
29 30 0.168 0 1
62 15 0.223 0 2
88 52 0.263 0 1
111 100 0.500 0 2
31 100 0.096 0 2
12 10 0.068 0 2
37 10 0.128 0 1
179 10 0.538 0 1
145 100 0.604 0 2
128 22 0.552 0 2
112 100 0.431 0 1
13 5 0.075 0 1
60 52 0.178 0 2
230 52 1.041 0 1
88 70 0.309 0 2
13 10 0.061 0 2
19 15 0.114 0 1
27 52 0.148 0 2
14 40 0.090 0 1
97 15 0.647 0 2
24 10 0.092 0 2
10 30 0.032 0 2
24 52 0.073 0 2
30 30 0.094 0 2
19 10 0.112 0 2
10 52 0.044 0 2
70 30 0.383 0 1
107 15 0.332 0 1
12 5 0.038 0 1
33 15 0.102 0 1
10 5 0.048 0 2
252 5 0.900 0 1
120 100 0.415 0 2
11 10 0.063 0 1
220 30 0.794 0 2
222 10 0.929 0 1
50 70 0.155 0 2
63 70 0.201 0 1
282 10 1.029 0 1
26 15 0.097 0 2
26 22 0.120 0 2
123 15 0.401 0 1
13 5 0.046 0 1
57 52 0.183 0 1
37 10 0.120 0 1
160 52 0.618 0 2
165 52 1.006 0 2
57 15 0.204 0 2
12 30 0.047 0 1
15 5 0.050 0 2
33 15 0.171 0 1
12 10 0.036 0 1
53 100 0.189 0 2
69 100 0.207 0 1
117 52 0.390 0 2
203 52 1.362 0 2
213 5 1.133 0 2
16 15 0.065 0 2
313 52 1.278 0 2
18 15 0.079 0 1
58 52 0.214 0 2
177 70 1.047 0 1
59 5 0.294 0 2
17 10 0.074 0 2
180 5 0.554 0 1
14 22 0.071 0 1
54 15 0.229 0 1
263 70 1.392 0 2
140 5 0.819 0 2
80 5 0.364 0 1
11 100 0.057 0 1
273 52 0.941 0 2
79 40 0.383 0 2
283 40 0.884 0 2
159 100 0.562 0 1
219 52 1.404 0 1
144 70 0.661 0 2
20 70 0.059 0 2
23 5 0.114 0 2
15 5 0.044 0 2
12 52 0.056 0 2
197 15 0.773 0 1
51 70 0.208 0 2
71 52 0.259 0 2
42 70 0.146 0 2
11 30 0.061 0 2
10 22 0.042 0 1
36 52 0.242 0 1
171 52 0.525 0 2
12 100 0.051 0 1
13 22 0.059 0 2
18 70 0.077 0 2
49 100 0.166 0 1
31 5 0.156 0 2
26 22 0.121 0 2
270 30 0.831 0 2
209 40 0.853 0 1
144 70 0.480 0 1
19 15 0.090 0 1
174 100 0.558 0 1
69 10 0.338 0 1
186 30 0.602 0 2
246 70 0.762 0 2
173 30 0.832 0 1
179 100 1.098 0 2
130 5 0.560 0 2
62 52 0.211 0 1
20 70 0.077 0 2
33 15 0.168 0 1
14 22 0.053 0 2
166 70 0.585 0 1
198 100 1.320 0 1
186 30 0.984 0 2
74 30 0.297 0 2
11 100 0.040 0 1
11 52 0.056 0 2
22 30 0.066 0 2
59 5 0.219 0 1
12 30 0.050 0 2
27 15 0.108 0 1
60 5 0.205 0 2
16 10 0.048 0 2
56 70 0.295 0 2
34 30 0.123 0 1
25 40 0.080 0 2
90 70 0.345 0 2
23 5 0.155 0 2
51 5 0.246 0 2
43 30 0.277 0 1
167 30 0.493 0 2
95 22 0.492 0 2
50 15 0.234 0 1
17 40 0.053 0 1
205 40 0.670 0 1
130 5 0.393 0 1
27 22 0.116 0 1
49 10 0.182 0 1
77 100 0.247 0 2
230 52 0.827 0 2
325 15 0.950 0 1
92 22 0.487 0 2
45 70 0.241 0 2
144 40 0.425 0 2
36 10 0.240 0 1
336 22 1.672 0 1
19 70 0.109 0 1
37 70 0.228 0 2
183 22 0.565 0 1
130 5 0.473 0 2
25 70 0.125 0 2
16 70 0.050 0 2
262 40 1.023 0 1
193 15 0.873 0 2
166 40 0.988 0 1
37 10 0.171 0 1
182 52 0.963 0 2
63 15 0.192 0 2
30 30 0.133 0 1
12 40 0.052 0 2
35 52 0.215 0 1
64 70 0.281 0 2
66 30 0.344 0 2
122 5 0.504 0 1
22 5 0.073 0 1
26 10 0.076 0 1
23 10 0.078 0 2
137 22 0.714 0 2
82 5 0.385 0 1
40 10 0.121 0 1
77 5 0.397 0 1
16 40 0.062 0 2
125 40 0.430 0 2
49 70 0.195 0 2
228 52 0.731 0 2
15 70 0.092 0 2
147 5 0.435 0 2
77 22 0.330 0 1
59 52 0.194 0 1
124 15 0.371 0 2
103 40 0.665 0 1
119 5 0.364 0 2
246 22 1.629 0 2
62 52 0.212 0 2
32 22 0.137 0 2
169 100 0.515 0 2
155 10 0.816 0 2
67 30 0.248 0 1
318 100 1.522 0 1
205 10 1.314 0 1
139 100 0.799 0 2
30 30 0.106 0 1
64 52 0.281 0 2
177 10 0.604 0 1
33 22 0.103 0 2
28 52 0.088 0 2
152 52 0.764 0 2
155 5 0.651 0 2
17 10 0.104 0 2
20 70 0.094 0 1
60 22 0.251 0 2
34 10 0.128 0 1
308 15 0.975 0 1
57 40 0.294 0 1
10 70 0.043 0 2
116 10 0.525 0 2
14 10 0.063 0 2
33 30 0.182 0 2
11 22 0.034 0 2
23 40 0.135 0 2
18 22 0.055 0 2
11 5 0.049 0 1
129 30 0.459 0 1
230 52 0.735 0 1
67 22 0.315 0 2
10 22 0.045 0 2
186 22 0.669 0 2
55 30 0.180 0 2
14 30 0.085 0 1
57 52 0.215 0 2
125 5 0.410 0 1
35 22 0.199 0 1
51 52 0.173 0 1
167 52 0.756 0 1
77 30 0.475 0 1
15 30 0.046 0 2
19 22 0.090 0 1
24 30 0.132 0 1
21 22 0.061 0 1
38 15 0.182 0 1
38 70 0.139 0 2
24 22 0.075 0 1
173 100 0.620 0 2
38 40 0.114 0 1
10 100 0.032 0 1
28 70 0.104 0 2
188 70 0.847 0 1
74 30 0.343 0 1
37 22 0.179 0 2
49 52 0.191 0 1
103 100 0.386 0 1
31 52 0.161 0 1
193 70 0.619 0 1
13 70 0.043 0 2
185 15 0.609 0 1
12 70 0.044 0 1
196 70 0.734 0 1
101 70 0.521 0 2
44 15 0.161 0 2
18 22 0.058 0 2
258 22 0.768 0 2
11 22 0.035 0 2
37 70 0.150 0 2
22 70 0.065 0 2
31 5 0.181 0 2
114 30 0.613 0 2
15 22 0.058 0 1
176 22 0.535 0 2
64 5 0.354 0 2
331 5 2.018 0 2
51 15 0.160 0 2
99 100 0.309 0 1
15 22 0.056 0 1
44 22 0.138 0 1
64 52 0.386 0 2
184 52 0.624 0 1
46 70 0.135 0 2
121 10 0.416 0 2
79 22 0.326 0 2
19 22 0.087 0 2
48 22 0.166 0 2
21 40 0.129 0 1
201 15 0.852 0 1
48 52 0.224 0 2
11 30 0.046 0 2
106 15 0.394 0 2
26 70 0.084 0 2
41 10 0.121 0 1
24 5 0.074 0 1
63 10 0.199 0 2
73 100 0.247 0 1
264 52 1.620 0 2
56 22 0.331 0 2
21 70 0.069 0 2
34 22 0.158 0 1
197 100 0.704 0 2
98 40 0.289 0 1
37 22 0.114 0 2
33 10 0.108 0 1
136 70 0.586 0 2
26 40 0.129 0 1
15 52 0.055 0 1
80 5 0.240 0 2
61 10 0.326 0 2
296 70 1.495 0 2
143 70 0.675 0 2
53 30 0.191 0 1
30 52 0.155 0 2
39 70 0.123 0 1
20 10 0.078 0 1
31 52 0.197 0 1
16 100 0.096 0 2
25 10 0.077 0 2
13 10 0.039 0 2
49 10 0.314 0 1
15 5 0.076 0 2
49 5 0.316 0 1
145 40 0.543 0 1
35 70 0.126 0 1
235 30 1.424 0 2
16 52 0.074 0 1
148 15 0.484 0 1
68 30 0.374 0 1
59 5 0.221 0 2
39 70 0.191 0 1
186 30 0.550 0 1
24 22 0.081 0 2
133 5 0.605 0 1
31 22 0.144 0 1
159 15 0.679 0 2
77 100 0.342 0 2
71 22 0.215 0 1
192 52 0.744 0 2
50 40 0.176 0 1
11 10 0.036 0 2
70 40 0.240 0 1
17 10 0.108 0 1
22 10 0.129 0 1
115 100 0.462 0 1
10 10 0.037 0 1
67 22 0.212 0 2
137 5 0.851 0 2
128 52 0.574 0 2
11 52 0.054 0 2
32 30 0.130 0 2
19 15 0.068 0 1
29 30 0.094 0 2
51 15 0.205 0 1
104 30 0.650 0 1
28 100 0.140 0 1
169 100 0.754 0 1
63 52 0.186 0 1
45 100 0.191 0 2
149 22 0.793 0 1
90 15 0.269 0 1
263 5 1.370 0 1
22 5 0.079 0 2
62 40 0.207 0 2
18 30 0.063 0 2
15 40 0.044 0 1
178 52 0.798 0 1
14 40 0.079 0 2
98 15 0.536 0 2
303 100 1.007 0 1
13 30 0.062 0 1
67 30 0.279 0 2
65 15 0.231 0 2
62 30 0.243 0 1
14 70 0.057 0 2
214 15 1.120 0 1
172 22 0.691 0 2
29 10 0.134 0 1
171 10 0.864 0 1
36 10 0.229 0 2
18 10 0.087 0 1
110 22 0.412 0 1
70 100 0.221 0 1
17 40 0.053 0 2
124 52 0.384 0 2
62 5 0.209 0 2
16 15 0.062 0 2
45 40 0.132 0 1
23 40 0.074 0 1
22 52 0.126 0 2
44 15 0.228 0 1
13 52 0.062 0 1
107 30 0.315 0 1
79 22 0.296 0 1
55 30 0.163 0 1
121 70 0.590 0 2
21 40 0.080 0 2
26 70 0.146 0 2
45 70 0.188 0 2
73 70 0.286 0 2
69 30 0.304 0 2
24 40 0.107 0 2
48 22 0.168 0 1
58 100 0.387 0 1
71 100 0.208 0 1
156 40 0.825 0 1
79 15 0.317 0 1
11 22 0.054 0 1
72 15 0.237 0 2
77 40 0.285 0 2
43 15 0.222 0 1
18 30 0.073 0 1
37 70 0.141 0 1
301 52 1.593 0 1
149 15 0.458 0 1
68 10 0.430 0 1
199 5 0.961 0 1
71 30 0.441 0 2
190 100 0.805 0 1
33 40 0.172 0 2
34 5 0.115 0 2
203 40 1.153 0 1
12 52 0.064 0 2
57 100 0.201 0 2
154 15 0.880 0 2
54 70 0.221 0 1
13 40 0.038 0 2
113 30 0.521 0 1
74 52 0.361 0 1
15 15 0.051 0 2
50 15 0.244 0 1
31 52 0.138 0 2
62 40 0.182 0 1
39 70 0.166 0 2
159 40 0.468 0 1
215 40 0.830 0 1
19 100 0.074 0 2
27 30 0.130 0 2
72 10 0.215 0 1
198 100 0.688 0 1
134 30 0.486 0 1
155 30 0.923 0 1
15 15 0.050 0 2
14 100 0.047 0 2
91 52 0.599 0 1
36 40 0.120 0 2
11 5 0.067 0 1
41 5 0.210 0 2
167 40 0.861 0 2
15 100 0.052 0 1
49 22 0.179 0 1
70 70 0.261 0 1
149 52 0.876 0 2
63 100 0.252 0 1
195 30 0.793 0 1
15 10 0.073 0 1
36 30 0.226 0 1
79 100 0.251 0 2
32 15 0.097 0 1
193 5 0.980 0 2
159 30 0.803 0 2
17 15 0.077 0 1
16 70 0.105 0 1
22 40 0.076 0 2
56 52 0.201 0 2
17 15 0.062 0 2
79 10 0.348 0 1
12 52 0.070 0 2
34 52 0.163 0 2
56 5 0.290 0 1
74 22 0.387 0 2
119 15 0.394 0 2
10 100 0.033 0 2
16 15 0.071 0 2
36 70 0.232 0 1
32 15 0.199 0 1
151 30 0.553 0 2
18 52 0.082 0 1
150 5 0.598 0 1
75 10 0.275 0 2
10 5 0.033 0 1
19 22 0.114 0 2
10 30 0.041 0 2
170 30 0.603 0 1
21 22 0.080 0 1
244 30 0.931 0 1
13 52 0.047 0 1
208 22 0.730 0 1
234 52 1.049 0 2
107 15 0.350 0 1
52 40 0.206 0 1
44 52 0.177 0 2
19 40 0.109 0 1
297 100 0.892 0 2
325 52 1.593 0 2
95 15 0.339 0 1
68 40 0.338 0 2
42 5 0.127 0 2
128 10 0.529 0 1
23 30 0.093 0 2
58 10 0.196 0 1
306 40 1.464 0 1
18 40 0.091 0 2
183 15 1.228 0 1
90 40 0.317 0 2
175 5 1.115 0 1
112 100 0.429 0 1
15 52 0.080 0 2
42 15 0.227 0 1
80 22 0.398 0 2
10 70 0.040 0 2
115 15 0.380 0 1
40 40 0.205 0 1
20 15 0.059 0 2
59 5 0.223 0 1
40 10 0.127 0 1
16 30 0.066 0 1
134 22 0.409 0 1
35 22 0.175 0 1
15 10 0.080 0 1
14 52 0.053 0 2
38 100 0.153 0 2
77 40 0.260 0 2
78 10 0.342 0 2
26 100 0.109 0 2
13 30 0.076 0 1
22 52 0.149 0 1
28 52 0.123 0 1
60 52 0.392 0 1
288 22 1.007 0 2
39 5 0.161 0 1
29 100 0.182 0 1
171 30 0.838 0 2
10 52 0.043 0 2
41 70 0.204 0 2
177 30 0.653 0 1
46 40 0.188 0 1
113 5 0.649 0 1
24 40 0.143 0 2
56 10 0.311 0 2
191 15 0.560 0 1
105 15 0.405 0 1
102 5 0.360 0 1
29 40 0.146 0 2
33 52 0.102 0 2
12 10 0.036 0 2
10 22 0.035 0 2
51 10 0.263 0 1
115 15 0.342 0 2
40 22 0.163 0 1
86 52 0.386 0 1
151 15 0.458 0 1
48 100 0.159 0 2
11 15 0.036 0 2
27 52 0.087 0 1
19 100 0.086 0 2
118 100 0.634 0 2
133 30 0.494 0 2
22 52 0.085 0 2
13 22 0.051 0 1
213 15 1.049 0 1
17 15 0.075 0 2
72 15 0.434 0 2
179 40 1.178 0 1
172 70 0.587 0 1
33 40 0.104 0 2
20 40 0.114 0 2
17 5 0.091 0 2
18 52 0.098 0 2
12 100 0.035 0 1
58 100 0.190 0 1
18 30 0.091 0 2
327 100 1.346 0 2
24 70 0.071 0 1
106 10 0.544 0 1
44 70 0.131 0 2
96 5 0.378 0 1
156 40 0.929 0 2
16 22 0.057 0 2
198 15 1.119 0 2
135 70 0.462 0 2
15 100 0.082 0 2
56 70 0.327 0 1
21 40 0.086 0 1
76 52 0.345 0 2
78 40 0.321 0 2
39 40 0.151 0 2
30 30 0.143 0 2
15 30 0.051 0 1
266 5 0.950 0 1
36 52 0.171 0 2
64 5 0.195 0 2
102 30 0.386 0 2
12 30 0.077 0 1
14 70 0.047 0 2
12 15 0.037 0 1
74 40 0.245 0 1
124 5 0.416 0 1
32 10 0.178 0 2
154 10 0.650 0 1
17 10 0.059 0 2
233 10 1.094 0 1
35 40 0.164 0 2
20 15 0.101 0 1
11 22 0.037 0 2
136 10 0.747 0 1
55 52 0.293 0 2
69 52 0.235 0 2
128 10 0.696 0 2
85 5 0.401 0 1
19 52 0.082 0 1
265 40 0.844 0 2
20 100 0.066 0 1
65 5 0.355 0 1
165 15 0.994 0 1
237 22 0.736 0 1
129 15 0.390 0 1
15 30 0.051 0 1
248 70 1.348 0 1
15 15 0.052 0 1
52 15 0.306 0 2
71 15 0.351 0 1
156 100 0.761 0 2
28 70 0.083 0 2
25 15 0.098 0 1
292 10 1.411 0 2
89 15 0.481 0 1
16 100 0.062 0 1
78 15 0.329 0 2
145 22 0.523 0 1
19 30 0.089 0 2
269 70 1.640 0 2
132 30 0.550 0 1
24 70 0.077 0 1
197 15 0.623 0 1
68 100 0.306 0 1
27 15 0.119 0 1
218 70 0.960 0 1
202 22 0.792 0 1
16 52 0.067 0 1
22 15 0.068 0 2
19 22 0.070 0 1
34 10 0.106 0 2
141 30 0.418 0 1
116 22 0.527 0 1
39 15 0.236 0 1
82 15 0.305 0 2
23 5 0.110 0 2
15 70 0.050 0 1
18 30 0.113 0 2
220 100 0.673 0 1
14 40 0.049 0 1
29 22 0.127 0 1
53 40 0.248 0 2
99 15 0.324 0 1
15 40 0.075 0 1
23 30 0.077 0 1
10 30 0.052 0 1
33 10 0.110 0 1
24 22 0.127 0 1
21 15 0.075 0 2
71 5 0.473 0 2
34 15 0.102 0 2
44 15 0.198 0 1
21 15 0.069 0 2
25 22 0.079 0 2
30 10 0.090 0 1
261 40 0.850 0 1
78 70 0.510 0 1
15 40 0.069 0 2
52 40 0.153 0 2
140 40 0.509 0 1
38 70 0.114 0 2
13 15 0.054 0 2
64 22 0.270 0 2
12 22 0.072 0 1
256 30 0.914 0 1
51 40 0.158 0 2
150 70 0.685 0 1
31 5 0.148 0 2
16 10 0.058 0 1
301 15 1.194 0 1
97 15 0.333 0 1
119 15 0.643 0 2
65 52 0.417 0 2
287 30 1.083 0 1
39 100 0.241 0 1
96 100 0.565 0 1
36 22 0.164 0 1
12 52 0.046 0 2
46 10 0.279 0 2
69 30 0.259 0 1
30 52 0.117 0 1
49 10 0.265 0 2
12 70 0.053 0 2
10 22 0.043 0 2
14 15 0.043 0 1
62 40 0.223 0 1
71 22 0.233 0 1
28 52 0.122 0 1
37 52 0.228 0 1
224 22 1.179 0 1
59 40 0.301 0 2
27 10 0.105 0 2
149 40 0.842 0 2
32 22 0.158 0 2
10 22 0.038 0 2
14 10 0.061 0 2
11 70 0.071 0 1
31 15 0.112 0 1
23 52 0.077 0 1
63 22 0.396 0 2
29 5 0.095 0 2
167 5 0.673 0 1
41 30 0.233 0 2
103 22 0.414 0 2
244 100 0.946 0 2
57 30 0.250 0 1
21 22 0.070 0 2
133 10 0.389 0 2
195 5 0.611 0 2
152 70 0.521 0 2
25 52 0.101 0 2
27 5 0.142 0 2
182 10 0.581 0 2
11 22 0.051 0 1
54 10 0.178 0 1
33 40 0.105 0 2
15 30 0.049 0 1
19 30 0.123 0 2
37 5 0.204 0 2
60 5 0.225 0 1
46 5 0.220 0 2
79 100 0.376 0 2
32 52 0.139 0 2
40 5 0.222 0 1
71 70 0.286 0 1
17 100 0.065 0 1
187 52 0.668 0 1
11 40 0.039 0 1
194 5 1.285 0 2
117 5 0.376 0 1
224 10 1.037 0 1
108 5 0.342 0 2
17 10 0.065 0 2
18 5 0.061 0 1
20 10 0.062 0 2
76 100 0.253 0 2
12 10 0.037 0 1
185 30 0.539 0 1
32 52 0.167 0 2
193 10 0.680 0 2
11 52 0.034 0 1
195 30 0.579 0 2
90 70 0.277 0 2
79 52 0.336 0 2
47 30 0.163 0 1
64 30 0.240 0 2
31 15 0.094 0 1
24 100 0.074 0 1
102 52 0.395 0 2
21 100 0.071 0 1
20 10 0.060 0 1
172 40 0.517 0 1
255 40 0.842 0 2
54 40 0.252 0 1
16 22 0.059 0 2
27 52 0.149 0 1
13 40 0.043 0 2
30 70 0.125 0 2
16 10 0.061 0 2
28 52 0.088 0 2
26 30 0.089 0 2
187 5 0.908 0 2
194 5 0.669 0 2
66 70 0.308 0 2
44 5 0.199 0 2
24 22 0.091 0 2
22 70 0.128 0 1
62 70 0.242 0 1
16 22 0.094 0 2
57 15 0.337 0 1
75 40 0.439 0 2
73 10 0.332 0 2
16 22 0.089 0 2
159 10 1.067 0 1
168 40 0.583 0 1
15 10 0.054 0 1
35 22 0.141 0 1
15 15 0.091 1 0
33 40 0.128 1 2
17 15 0.056 1 0
38 10 0.247 1 0
145 30 0.497 1 0
16 70 0.058 1 0
205 10 0.735 1 0
72 40 0.450 1 0
82 40 0.250 1 0
38 70 0.151 1 2
139 5 0.504 1 0
179 52 0.522 1 0
17 52 0.054 1 0
31 5 0.103 1 2
176 40 1.048 1 2
37 22 0.164 1 0
76 52 0.224 1 0
58 40 0.392 1 0
62 100 0.276 1 2
56 40 0.227 1 0
32 5 0.100 1 2
44 22 0.244 1 0
154 70 0.790 1 0
127 5 0.384 1 2
231 15 1.462 1 0
42 70 0.169 1 0
12 70 0.054 1 0
45 52 0.174 1 0
63 100 0.377 1 2
22 70 0.085 1 0
286 30 1.625 1 0
241 70 1.039 1 0
21 52 0.076 1 2
19 5 0.060 1 0
71 5 0.226 1 0
28 70 0.127 1 0
142 40 0.500 1 2
19 5 0.057 1 2
18 15 0.083 1 0
19 5 0.061 1 0
71 40 0.386 1 2
34 30 0.176 1 0
12 52 0.050 1 2
10 52 0.036 1 2
38 5 0.113 1 2
45 15 0.141 1 0
42 30 0.142 1 0
12 30 0.038 1 0
38 15 0.150 1 2
23 100 0.132 1 2
16 5 0.071 1 0
29 15 0.090 1 0
128 5 0.390 1 2
101 10 0.300 1 0
18 22 0.057 1 0
52 30 0.188 1 2
173 15 0.542 1 0
47 100 0.228 1 0
79 5 0.252 1 2
337 22 1.728 1 0
35 22 0.143 1 0
18 100 0.097 1 0
312 15 1.405 1 2
34 70 0.102 1 2
22 10 0.081 1 0
15 10 0.056 1 0
22 15 0.074 1 0
15 40 0.074 1 0
23 70 0.097 1 0
166 22 0.738 1 2
24 52 0.072 1 0
47 5 0.199 1 0
75 10 0.231 1 2
97 22 0.355 1 0
38 15 0.160 1 2
55 5 0.193 1 2
110 10 0.464 1 0
37 15 0.131 1 0
155 100 0.692 1 0
172 15 0.520 1 0
48 52 0.220 1 2
317 5 1.263 1 0
96 5 0.427 1 0
57 100 0.202 1 2
50 70 0.220 1 2
71 10 0.433 1 2
274 22 1.079 1 2
161 15 1.073 1 0
36 22 0.109 1 0
63 70 0.342 1 0
86 30 0.357 1 2
138 10 0.693 1 0
175 52 0.629 1 0
148 10 0.612 1 0
15 30 0.069 1 0
160 40 0.635 1 0
79 52 0.296 1 2
108 10 0.581 1 0
31 5 0.176 1 0
74 10 0.451 1 0
12 10 0.051 1 2
10 22 0.040 1 2
11 100 0.049 1 0
15 5 0.045 1 0
78 70 0.241 1 0
219 22 1.395 1 0
168 22 0.697 1 2
12 100 0.054 1 2
69 15 0.454 1 2
55 40 0.190 1 0
163 5 0.976 1 2
181 22 0.973 1 0
17 30 0.058 1 2
11 100 0.039 1 0
68 30 0.321 1 2
17 100 0.059 1 0
73 70 0.429 1 0
117 100 0.568 1 0
39 52 0.114 1 0
109 100 0.527 1 0
24 52 0.096 1 2
13 5 0.073 1 2
175 15 0.616 1 0
24 10 0.142 1 0
57 40 0.306 1 0
121 52 0.508 1 2
311 70 0.912 1 0
36 15 0.154 1 2
30 10 0.093 1 0
23 5 0.091 1 0
19 30 0.082 1 2
15 5 0.054 1 0
140 22 0.670 1 0
12 5 0.059 1 2
12 10 0.042 1 0
23 52 0.090 1 0
268 22 1.396 1 0
23 52 0.084 1 0
160 40 1.000 1 0
338 22 1.690 1 2
23 10 0.103 1 2
31 40 0.095 1 2
29 10 0.121 1 0
28 70 0.112 1 2
111 52 0.590 1 0
36 10 0.113 1 0
162 10 0.775 1 2
14 100 0.058 1 2
12 30 0.036 1 0
23 52 0.090 1 2
35 30 0.226 1 0
63 30 0.297 1 0
83 40 0.512 1 0
125 100 0.382 1 0
287 10 1.360 1 0
62 22 0.315 1 0
75 15 0.490 1 0
34 40 0.111 1 2
28 15 0.176 1 0
48 70 0.229 1 0
16 40 0.060 1 2
103 40 0.326 1 0
26 15 0.100 1 0
36 70 0.138 1 0
44 15 0.262 1 2
98 10 0.318 1 0
15 30 0.072 1 2
80 22 0.325 1 0
17 30 0.060 1 0
146 30 0.834 1 0
22 70 0.074 1 2
17 40 0.056 1 0
41 22 0.192 1 0
80 10 0.519 1 0
133 5 0.510 1 2
142 100 0.458 1 2
23 15 0.069 1 0
10 40 0.043 1 0
40 15 0.155 1 2
19 10 0.087 1 0
17 22 0.063 1 0
27 5 0.098 1 0
142 100 0.882 1 2
123 5 0.554 1 2
20 5 0.090 1 2
34 10 0.101 1 0
37 70 0.109 1 0
193 10 0.694 1 0
53 5 0.169 1 0
79 10 0.439 1 2
156 100 0.776 1 2
41 10 0.188 1 0
19 10 0.105 1 0
196 40 0.867 1 0
24 52 0.103 1 2
11 52 0.040 1 0
15 15 0.076 1 2
53 10 0.191 1 0
62 22 0.283 1 0
237 40 0.716 1 2
19 5 0.075 1 2
129 70 0.632 1 0
70 15 0.348 1 2
23 15 0.152 1 0
75 10 0.292 1 0
69 30 0.216 1 2
10 10 0.034 1 0
13 52 0.053 1 2
95 70 0.633 1 2
26 22 0.124 1 2
70 52 0.275 1 2
23 15 0.095 1 2
45 5 0.148 1 0
148 22 0.617 1 2
251 22 1.569 1 2
23 52 0.067 1 2
63 100 0.244 1 0
20 100 0.068 1 2
12 30 0.071 1 0
91 5 0.397 1 2
171 10 1.030 1 0
78 5 0.232 1 0
11 70 0.045 1 2
72 22 0.212 1 0
45 10 0.149 1 2
72 5 0.316 1 2
34 52 0.113 1 0
37 10 0.204 1 0
27 15 0.127 1 2
22 70 0.145 1 0
231 22 1.409 1 0
31 30 0.176 1 0
57 100 0.331 1 0
17 15 0.054 1 0
12 30 0.040 1 0
70 70 0.297 1 2
11 40 0.058 1 2
147 70 0.538 1 0
60 40 0.231 1 0
181 30 1.090 1 0
39 40 0.115 1 0
86 52 0.363 1 2
71 22 0.255 1 0
236 10 0.784 1 0
10 10 0.030 1 0
26 22 0.080 1 0
123 70 0.390 1 2
61 30 0.191 1 2
74 30 0.235 1 0
31 10 0.103 1 0
52 70 0.251 1 2
62 10 0.287 1 0
71 40 0.211 1 2
31 52 0.106 1 0
281 22 1.364 1 2
306 15 1.663 1 2
16 52 0.085 1 0
194 15 0.588 1 0
76 5 0.447 1 0
16 15 0.063 1 2
95 100 0.448 1 0
36 5 0.111 1 2
28 10 0.108 1 0
48 52 0.194 1 0
195 52 0.789 1 0
38 30 0.196 1 2
67 5 0.263 1 2
38 15 0.154 1 0
17 15 0.060 1 2
27 100 0.116 1 0
43 40 0.168 1 0
12 30 0.074 1 0
36 30 0.110 1 0
61 70 0.191 1 0
47 22 0.299 1 0
13 22 0.070 1 0
17 70 0.064 1 0
40 15 0.161 1 2
282 40 1.142 1 2
37 10 0.115 1 2
50 5 0.168 1 0
33 100 0.125 1 0
53 5 0.201 1 0
280 40 1.116 1 0
12 100 0.051 1 0
66 70 0.206 1 2
221 30 1.057 1 0
74 10 0.347 1 2
26 5 0.149 1 0
19 100 0.080 1 2
12 22 0.062 1 0
24 30 0.104 1 0
66 15 0.324 1 2
291 52 1.090 1 0
193 70 0.794 1 0
17 10 0.054 1 0
22 100 0.066 1 0
25 40 0.080 1 2
11 15 0.061 1 2
46 22 0.293 1 0
20 100 0.062 1 0
14 100 0.052 1 0
37 70 0.137 1 0
262 10 1.497 1 2
335 15 1.044 1 0
10 40 0.052 1 0
130 30 0.650 1 0
16 52 0.072 1 0
122 70 0.381 1 0
333 40 2.162 1 0
41 10 0.131 1 2
69 100 0.275 1 0
271 40 1.652 1 0
16 30 0.056 1 2
226 22 1.196 1 2
158 40 0.532 1 0
19 100 0.072 1 2
233 15 1.239 1 0
254 100 0.770 1 2
48 22 0.270 1 0
78 22 0.339 1 2
59 30 0.226 1 2
199 30 0.774 1 0
19 40 0.062 1 0
244 30 0.935 1 2
14 100 0.056 1 0
20 30 0.131 1 2
30 30 0.112 1 0
170 10 0.756 1 0
22 22 0.082 1 0
302 70 1.000 1 0
14 70 0.042 1 0
71 52 0.290 1 2
20 5 0.104 1 0
31 40 0.119 1 0
44 22 0.177 1 0
41 70 0.198 1 2
116 52 0.455 1 0
10 40 0.031 1 0
39 30 0.168 1 0
28 40 0.183 1 0
194 22 0.866 1 0
15 10 0.085 1 0
10 5 0.040 1 2
80 70 0.251 1 0
30 52 0.095 1 0
12 52 0.040 1 0
23 40 0.075 1 0
33 70 0.110 1 0
126 40 0.633 1 2
54 15 0.167 1 0
17 15 0.080 1 0
10 100 0.034 1 2
240 30 0.996 1 2
37 22 0.115 1 0
10 5 0.060 1 2
16 30 0.075 1 0
299 5 1.187 1 0
142 100 0.816 1 0
284 70 1.732 1 0
32 70 0.124 1 2
10 52 0.031 1 0
101 5 0.445 1 0
47 30 0.280 1 0
13 15 0.056 1 2
127 22 0.454 1 0
88 10 0.484 1 2
42 30 0.255 1 0
151 15 0.668 1 2
22 52 0.086 1 0
16 30 0.079 1 2
13 40 0.053 1 0
46 5 0.143 1 0
56 52 0.170 1 2
167 10 0.614 1 2
229 22 0.818 1 2
13 40 0.046 1 0
133 30 0.418 1 2
22 22 0.074 1 0
52 15 0.236 1 0
54 52 0.225 1 2
185 100 0.949 1 0
170 10 0.966 1 0
266 22 1.304 1 0
35 30 0.124 1 0
51 52 0.187 1 2
56 10 0.272 1 0
27 10 0.091 1 0
17 70 0.097 1 0
74 52 0.310 1 0
205 5 0.655 1 0
303 10 1.094 1 0
252 52 0.813 1 0
11 10 0.064 1 0
38 40 0.153 1 2
84 22 0.251 1 0
37 5 0.132 1 0
101 52 0.324 1 0
26 100 0.095 1 0
19 52 0.073 1 0
166 30 0.814 1 0
65 5 0.262 1 0
41 5 0.233 1 0
145 52 0.725 1 2
73 100 0.257 1 0
32 5 0.212 1 0
243 52 1.095 1 0
72 15 0.360 1 0
66 15 0.405 1 2
17 5 0.056 1 0
323 40 1.324 1 0
11 22 0.040 1 0
336 5 1.976 1 2
156 52 0.876 1 0
150 70 0.652 1 0
52 22 0.231 1 0
17 40 0.098 1 2
14 40 0.066 1 0
63 5 0.315 1 0
135 40 0.414 1 0
18 10 0.058 1 2
77 52 0.321 1 2
125 70 0.380 1 0
140 5 0.471 1 2
25 40 0.090 1 2
52 40 0.180 1 0
23 10 0.073 1 0
28 15 0.165 1 2
149 30 0.509 1 0
67 10 0.291 1 0
57 15 0.210 1 2
147 15 0.693 1 2
33 22 0.105 1 0
21 30 0.069 1 2
152 52 0.944 1 0
196 52 0.669 1 0
58 30 0.352 1 0
155 10 0.574 1 2
36 70 0.109 1 0
65 22 0.191 1 2
243 10 1.157 1 0
30 22 0.094 1 0
334 5 1.095 1 0
39 70 0.132 1 0
184 40 0.626 1 2
17 52 0.098 1 2
12 5 0.081 1 0
125 52 0.388 1 0
36 70 0.142 1 0
68 30 0.212 1 2
14 10 0.047 1 0
24 70 0.093 1 0
293 10 1.021 1 0
40 30 0.263 1 2
158 70 0.592 1 0
21 5 0.117 1 0
36 10 0.193 1 2
19 5 0.078 1 0
96 100 0.289 1 2
136 70 0.529 1 2
27 22 0.110 1 0
44 10 0.162 1 0
19 5 0.090 1 0
19 30 0.067 1 0
26 30 0.168 1 2
33 15 0.135 1 0
138 40 0.504 1 0
71 22 0.336 1 0
31 52 0.092 1 2
176 40 0.769 1 2
60 70 0.390 1 2
29 10 0.095 1 2
51 5 0.178 1 2
21 52 0.117 1 0
14 40 0.080 1 0
10 22 0.040 1 2
82 52 0.485 1 0
17 10 0.058 1 0
114 52 0.385 1 2
20 22 0.092 1 0
25 22 0.115 1 2
11 10 0.033 1 0
63 15 0.227 1 0
16 100 0.052 1 0
15 70 0.047 1 0
258 22 0.809 1 2
167 5 0.687 1 0
124 52 0.384 1 2
190 5 0.922 1 2
37 100 0.126 1 0
79 15 0.271 1 2
10 22 0.041 1 0
25 30 0.167 1 0
119 100 0.672 1 0
20 52 0.071 1 2
292 10 1.513 1 0
29 100 0.103 1 2
46 100 0.213 1 2
18 40 0.083 1 0
94 10 0.347 1 0
24 22 0.075 1 2
326 22 1.495 1 0
31 5 0.110 1 2
101 22 0.423 1 0
72 100 0.242 1 2
18 100 0.090 1 2
61 40 0.194 1 2
14 70 0.085 1 0
140 5 0.452 1 0
60 40 0.204 1 0
24 52 0.161 1 0
32 70 0.113 1 0
53 5 0.268 1 0
28 22 0.082 1 2
36 30 0.118 1 0
10 100 0.039 1 0
11 70 0.056 1 0
11 30 0.034 1 0
27 30 0.097 1 0
12 30 0.063 1 2
32 70 0.205 1 2
20 70 0.083 1 0
10 15 0.041 1 0
148 30 0.630 1 0
26 10 0.088 1 0
79 5 0.307 1 0
158 5 0.596 1 2
189 52 0.618 1 0
96 15 0.347 1 0
16 52 0.048 1 0
12 10 0.037 1 0
128 30 0.677 1 0
94 15 0.522 1 2
86 10 0.534 1 0
19 52 0.079 1 0
200 70 0.617 1 0
13 22 0.054 1 0
167 10 0.568 1 0
78 40 0.297 1 0
66 100 0.415 1 2
15 5 0.068 1 0
271 100 1.038 1 0
63 22 0.224 1 0
173 30 0.544 1 2
38 5 0.115 1 0
14 5 0.056 1 0
127 40 0.394 1 2
184 5 1.022 1 0
15 100 0.062 1 0
30 15 0.095 1 0
68 52 0.422 1 0
31 100 0.142 1 0
194 100 0.569 1 0
193 22 1.084 1 0
163 70 0.554 1 2
56 5 0.376 1 0
243 5 1.578 1 0
13 10 0.049 1 2
12 100 0.067 1 0
170 70 0.637 1 0
173 30 0.556 1 0
11 5 0.046 1 0
45 5 0.136 1 0
10 40 0.029 1 0
195 100 0.975 1 0
17 22 0.087 1 2
186 30 1.028 1 0
102 100 0.333 1 2
165 22 0.767 1 0
53 52 0.231 1 0
50 10 0.325 1 0
157 15 1.026 1 0
44 70 0.246 1 0
73 30 0.282 1 0
37 30 0.114 1 0
20 15 0.120 1 2
22 15 0.065 1 2
12 70 0.045 1 0
12 100 0.035 1 2
46 52 0.146 1 0
35 5 0.163 1 0
35 40 0.186 1 0
119 22 0.467 1 0
22 22 0.078 1 0
14 52 0.060 1 0
21 30 0.075 1 0
50 30 0.292 1 2
144 70 0.600 1 2
310 10 1.006 1 0
11 5 0.050 1 0
71 70 0.229 1 2
36 70 0.243 1 0
11 40 0.072 1 2
42 15 0.199 1 2
33 10 0.132 1 0
18 10 0.057 1 2
60 15 0.343 1 0
40 10 0.167 1 2
50 15 0.244 1 0
141 52 0.656 1 0
17 10 0.054 1 0
13 52 0.077 1 2
61 70 0.260 1 0
59 40 0.181 1 0
202 70 0.894 1 0
28 15 0.145 1 2
30 52 0.116 1 0
59 30 0.328 1 2
53 22 0.195 1 2
187 30 0.969 1 2
66 100 0.291 1 2
14 100 0.045 1 2
17 70 0.067 1 2
127 30 0.841 1 2
95 70 0.310 1 0
36 10 0.222 1 2
62 70 0.369 1 2
62 10 0.183 1 0
312 52 1.537 1 2
19 30 0.074 1 2
66 30 0.393 1 0
190 100 0.772 1 0
24 30 0.121 1 0
309 40 1.058 1 0
31 70 0.093 1 2
12 40 0.075 1 2
10 15 0.061 1 0
49 52 0.158 1 2
14 70 0.046 1 2
117 22 0.348 1 0
67 5 0.288 1 2
76 5 0.355 1 0
141 30 0.481 1 2
99 15 0.579 1 0
311 22 1.335 1 0
17 40 0.051 1 2
335 22 1.175 1 0
209 52 1.306 1 0
37 52 0.230 1 0
12 5 0.051 1 0
38 22 0.177 1 0
16 30 0.073 1 0
30 70 0.104 1 0
30 40 0.100 1 2
67 70 0.356 1 2
24 5 0.101 1 0
25 100 0.095 1 0
28 52 0.134 1 0
149 100 0.810 1 2
113 100 0.748 1 0
154 10 0.667 1 0
101 15 0.414 1 0
67 70 0.204 1 2
120 52 0.490 1 0
61 10 0.279 1 0
44 5 0.158 1 2
219 100 1.068 1 2
14 15 0.089 1 0
34 70 0.123 1 0
231 40 1.262 1 2
231 100 0.755 1 2
87 30 0.380 1 2
61 22 0.178 1 0
322 52 1.799 1 2
16 10 0.068 1 2
161 70 0.719 1 0
33 40 0.160 1 0
32 100 0.128 1 0
36 15 0.173 1 2
61 100 0.195 1 0
14 10 0.063 1 2
87 22 0.422 1 2
193 52 0.694 1 0
33 30 0.100 1 2
220 52 0.659 1 2
180 30 0.645 1 0
109 52 0.422 1 0
71 70 0.430 1 2
15 40 0.059 1 0
14 100 0.055 1 0
35 70 0.179 1 0
51 30 0.195 1 0
264 10 1.048 1 0
175 40 0.771 1 0
61 100 0.241 1 2
195 100 1.121 1 0
21 5 0.085 1 0
96 10 0.331 1 0
143 5 0.441 1 0
95 22 0.540 1 0
37 10 0.109 1 2
53 5 0.157 1 0
11 10 0.040 1 0
114 52 0.523 1 2
45 70 0.143 1 0
14 40 0.055 1 0
11 52 0.037 1 2
104 5 0.601 1 2
19 30 0.122 1 0
36 5 0.111 1 0
74 10 0.302 1 0
87 100 0.298 1 0
71 70 0.229 1 0
75 30 0.452 1 2
32 100 0.146 1 0
51 22 0.239 1 0
67 15 0.278 1 0
131 100 0.443 1 0
11 40 0.068 1 2
30 100 0.133 1 2
75 10 0.419 1 0
13 10 0.083 1 0
19 70 0.071 1 0
128 10 0.627 1 0
79 40 0.321 1 0
17 30 0.053 1 0
19 22 0.116 1 0
207 70 0.670 1 2
15 10 0.056 1 2
262 70 0.764 1 0
75 100 0.266 1 0
12 70 0.049 1 2
14 22 0.082 1 0
23 100 0.069 1 2
25 30 0.108 1 2
14 22 0.046 1 0
91 30 0.469 1 0
72 52 0.279 1 0
279 30 1.187 1 0
281 10 0.979 1 0
45 5 0.250 1 2
35 40 0.107 1 0
47 30 0.227 1 2
89 40 0.274 1 2
11 100 0.038 1 0
214 5 0.628 1 0
71 5 0.247 1 0
38 52 0.140 1 0
145 40 0.589 1 0
24 22 0.078 1 0
51 100 0.178 1 0
49 52 0.229 1 0
33 22 0.105 1 2
110 30 0.472 1 2
122 40 0.555 1 2
118 30 0.518 1 0
66 10 0.443 1 0
40 30 0.178 1 2
14 15 0.068 1 0
16 52 0.094 1 2
69 52 0.240 1 2
61 52 0.233 1 0
62 100 0.281 1 0
54 100 0.164 1 2
15 5 0.079 1 0
90 52 0.592 1 2
18 10 0.064 1 0
47 70 0.251 1 0
21 70 0.091 1 2
256 100 0.769 1 0
16 70 0.090 1 0
31 70 0.096 1 0
62 70 0.185 1 0
36 40 0.238 1 0
32 100 0.122 1 2
113 30 0.592 1 0
48 22 0.219 1 0
216 10 0.645 1 0
77 15 0.338 1 0
60 30 0.227 1 0
130 5 0.389 1 0
64 22 0.330 1 0
188 15 0.732 1 2
15 15 0.088 1 0
191 70 1.091 1 0
32 70 0.208 1 0
19 100 0.058 1 2
10 15 0.033 1 0
47 40 0.140 1 0
37 15 0.132 1 2
18 15 0.070 1 2
298 22 0.993 1 0
61 5 0.253 1 0
88 52 0.312 1 0
10 10 0.055 1 0
62 22 0.181 1 2
13 15 0.070 1 0
38 52 0.152 1 0
108 15 0.325 1 0
75 15 0.227 1 0
28 30 0.138 1 0
123 40 0.384 1 0
105 10 0.510 1 0
74 5 0.333 1 2
39 15 0.161 1 0
15 100 0.069 1 2
33 30 0.119 1 2
96 5 0.287 1 2
71 100 0.298 1 0
87 30 0.551 1 2
211 30 0.841 1 2
180 15 0.938 1 0
124 100 0.713 1 0
134 52 0.882 1 0
32 52 0.093 1 0
147 70 0.656 1 0
20 70 0.072 1 0
53 22 0.296 1 2
29 40 0.125 1 2
74 40 0.376 1 0
15 15 0.070 1 0
20 15 0.094 1 0
11 100 0.051 1 0
154 40 0.458 1 0
23 70 0.080 1 2
35 52 0.126 1 0
58 22 0.222 1 2
22 10 0.080 1 0
328 15 1.964 1 2
135 30 0.665 1 0
15 22 0.045 1 0
36 15 0.198 1 2
86 52 0.253 1 0
10 15 0.063 1 2
26 10 0.096 1 2
61 40 0.195 1 2
16 70 0.102 1 0
12 5 0.051 1 0
279 10 1.037 1 0
43 22 0.133 1 2
123 52 0.370 1 0
35 5 0.103 1 2
156 10 0.634 1 2
59 5 0.399 1 0
66 40 0.434 1 0
19 40 0.114 1 0
15 52 0.078 1 0
13 22 0.065 1 0
141 15 0.425 1 0
177 15 0.630 1 0
155 5 0.660 1 2
22 52 0.125 1 2
87 10 0.463 1 2
183 22 1.070 1 0
34 30 0.210 1 2
24 10 0.096 1 2
231 30 0.892 1 0
55 15 0.169 1 2
19 22 0.110 1 2
99 15 0.345 1 2
75 5 0.234 1 0
57 10 0.206 1 0
49 52 0.241 1 0
52 52 0.198 1 0
55 70 0.331 1 2
156 5 0.812 1 0
42 100 0.171 1 0
16 70 0.051 1 0
45 52 0.197 1 0
21 52 0.069 1 2
174 22 0.624 1 0
61 40 0.308 1 2
18 100 0.116 1 2
119 30 0.657 1 0
20 40 0.109 1 0
26 10 0.088 1 0
20 30 0.095 1 0
42 5 0.278 1 0
77 100 0.329 1 0
31 22 0.114 1 2
132 15 0.763 1 0
12 22 0.035 1 2
81 30 0.389 1 0
24 22 0.124 1 0
21 70 0.069 1 0
22 10 0.139 1 0
11 100 0.042 1 2
157 40 0.975 1 2
19 30 0.083 1 0
126 30 0.550 1 2
13 5 0.044 1 2
189 15 0.904 1 0
298 100 0.993 1 0
29 5 0.123 1 2
45 5 0.266 1 2
91 30 0.333 1 0
12 10 0.040 1 2
258 52 0.915 1 2
13 10 0.047 1 0
63 30 0.251 1 0
53 100 0.171 1 0
157 5 0.495 1 0
79 70 0.342 1 0
156 22 0.542 1 2
222 30 1.094 1 0
96 5 0.336 1 0
138 5 0.452 1 0
39 40 0.142 1 0
66 52 0.319 1 0
289 5 1.062 1 0
135 15 0.444 1 0
28 10 0.187 1 2
18 10 0.081 1 0
308 40 1.375 1 2
36 15 0.191 1 0
11 15 0.046 1 0
197 100 0.623 1 0
177 30 0.590 1 0
64 22 0.276 1 0
166 15 0.595 1 0
77 100 0.379 1 0
109 70 0.320 1 2
11 15 0.033 1 0
25 15 0.088 1 0
82 5 0.296 1 0
15 22 0.064 1 2
72 10 0.267 1 0
13 70 0.040 1 0
11 30 0.040 1 0
82 5 0.522 1 2
55 10 0.209 1 0
11 22 0.063 1 0
10 5 0.041 1 2
31 52 0.172 1 0
46 10 0.146 1 0
26 5 0.088 1 2
198 100 0.725 1 2
194 40 0.822 1 2
10 52 0.060 1 0
111 22 0.347 1 2
180 22 0.874 1 0
14 40 0.044 1 0
12 22 0.044 1 0
17 100 0.064 1 0
18 5 0.082 1 0
12 40 0.036 1 0
43 5 0.256 1 0
55 15 0.249 1 2
40 100 0.122 1 0
33 70 0.123 1 0
158 5 0.883 1 0
150 40 0.560 1 0
91 52 0.379 1 2
15 52 0.052 1 0
335 10 1.925 1 0
297 22 1.868 1 2
163 15 0.697 1 0
195 10 0.816 1 0
56 10 0.335 1 0
54 30 0.195 1 2
12 22 0.049 1 0
34 15 0.170 1 0
12 52 0.073 1 0
51 100 0.333 1 0
27 52 0.153 1 0
10 40 0.058 1 0
70 10 0.228 1 2
10 15 0.035 1 2
38 30 0.119 1 0
115 40 0.423 1 2
35 15 0.150 1 0
17 5 0.058 1 0
38 100 0.155 1 2
21 5 0.064 1 0
175 40 0.742 1 0
220 40 0.809 1 2
23 10 0.078 1 0
20 15 0.088 1 0
17 5 0.097 1 0
11 10 0.067 1 0
267 100 0.996 1 0
114 52 0.379 1 0
33 30 0.138 1 2
141 70 0.476 1 0
199 52 0.668 1 0
17 70 0.071 1 0
128 10 0.489 1 2
162 15 0.684 1 0
77 10 0.478 1 0
16 22 0.067 1 2
144 22 0.621 1 0
76 52 0.240 1 2
35 5 0.220 1 0
35 70 0.131 1 2
144 22 0.960 1 0
38 100 0.125 1 2
198 70 1.238 1 0
64 100 0.320 1 0
28 10 0.084 1 2
16 10 0.095 1 0
50 22 0.321 1 0
172 15 0.520 1 0
12 10 0.049 1 2
41 30 0.182 1 0
171 15 0.557 1 0
93 70 0.456 1 0
74 22 0.228 1 2
244 100 1.319 1 0
157 52 0.567 1 0
76 15 0.255 1 0
60 5 0.235 1 0
52 30 0.179 1 2
38 10 0.221 1 0
23 5 0.078 1 0
28 100 0.085 1 0
15 40 0.092 1 0
213 70 0.626 1 2
336 40 1.292 1 0
221 15 0.781 2 1
12 22 0.038 2 1
44 15 0.247 2 0
12 40 0.047 2 1
15 52 0.050 2 0
55 70 0.235 2 0
185 40 0.571 2 1
73 22 0.223 2 1
37 40 0.171 2 1
17 30 0.102 2 0
61 10 0.271 2 0
16 100 0.076 2 0
17 10 0.108 2 1
40 22 0.169 2 0
135 15 0.738 2 0
50 15 0.216 2 1
16 70 0.059 2 1
29 70 0.156 2 0
294 100 1.077 2 0
10 40 0.030 2 0
30 22 0.116 2 1
27 10 0.129 2 0
17 70 0.105 2 0
182 40 0.565 2 0
209 52 1.201 2 1
251 5 0.872 2 0
17 5 0.056 2 1
51 15 0.171 2 0
45 22 0.144 2 0
64 22 0.215 2 0
63 10 0.190 2 0
48 70 0.249 2 0
10 70 0.041 2 0
44 10 0.146 2 0
76 40 0.235 2 0
260 22 0.915 2 0
26 10 0.090 2 0
22 70 0.140 2 1
44 70 0.203 2 0
161 30 0.519 2 0
142 22 0.664 2 0
45 40 0.172 2 0
31 100 0.115 2 0
17 100 0.057 2 0
142 10 0.477 2 0
307 10 1.883 2 1
29 22 0.087 2 1
52 70 0.175 2 0
70 30 0.368 2 1
68 40 0.203 2 0
23 52 0.135 2 0
51 5 0.290 2 1
135 30 0.722 2 1
44 52 0.194 2 0
27 5 0.094 2 1
39 10 0.225 2 1
36 30 0.113 2 1
65 70 0.298 2 1
40 100 0.147 2 1
26 5 0.081 2 0
214 70 0.982 2 1
26 70 0.137 2 0
41 52 0.184 2 1
176 70 0.819 2 0
57 22 0.202 2 0
15 100 0.048 2 1
26 22 0.111 2 0
11 70 0.044 2 0
75 100 0.507 2 0
18 100 0.057 2 0
63 100 0.233 2 0
14 10 0.060 2 1
17 5 0.054 2 1
70 70 0.383 2 0
259 70 1.415 2 0
68 30 0.384 2 1
18 15 0.070 2 0
337 70 1.112 2 0
23 100 0.102 2 1
17 70 0.062 2 0
70 10 0.470 2 1
41 5 0.129 2 0
45 100 0.146 2 0
75 10 0.259 2 1
65 100 0.215 2 0
67 10 0.309 2 1
157 40 1.013 2 0
14 70 0.048 2 0
24 15 0.093 2 1
172 5 0.616 2 0
106 30 0.627 2 0
42 70 0.263 2 0
145 70 0.639 2 0
35 30 0.184 2 0
128 22 0.421 2 0
229 100 0.761 2 0
108 70 0.554 2 1
19 52 0.067 2 1
25 70 0.099 2 1
330 70 2.157 2 1
75 15 0.314 2 0
63 52 0.240 2 0
212 15 1.240 2 0
26 22 0.155 2 0
11 52 0.058 2 0
47 70 0.139 2 1
60 52 0.187 2 0
18 70 0.115 2 0
64 22 0.340 2 0
127 30 0.550 2 0
169 15 0.899 2 0
16 5 0.059 2 0
21 5 0.107 2 1
39 52 0.262 2 0
273 52 1.415 2 0
94 40 0.311 2 0
19 5 0.080 2 1
78 30 0.256 2 1
19 22 0.089 2 0
19 22 0.063 2 1
15 15 0.060 2 0
72 22 0.220 2 0
16 5 0.054 2 0
97 5 0.398 2 0
11 70 0.058 2 1
39 52 0.146 2 0
221 100 0.718 2 0
10 10 0.035 2 0
47 40 0.201 2 0
336 5 1.318 2 0
62 30 0.388 2 1
29 10 0.136 2 0
226 40 1.196 2 0
20 52 0.078 2 0
42 70 0.204 2 0
78 22 0.348 2 1
19 10 0.086 2 0
15 10 0.064 2 0
277 100 1.742 2 0
68 100 0.216 2 1
26 5 0.084 2 0
137 40 0.695 2 0
19 52 0.064 2 0
45 70 0.136 2 0
339 100 1.037 2 0
48 100 0.229 2 0
315 15 1.141 2 1
35 100 0.104 2 0
196 70 1.114 2 1
76 70 0.235 2 0
18 5 0.079 2 1
10 5 0.048 2 0
213 10 0.727 2 0
174 30 0.935 2 1
83 10 0.297 2 0
216 70 0.878 2 0
11 30 0.057 2 1
142 100 0.528 2 1
59 70 0.257 2 0
171 5 0.580 2 0
65 70 0.234 2 0
59 40 0.349 2 0
286 5 1.113 2 0
25 70 0.104 2 0
16 40 0.048 2 0
173 22 0.592 2 1
18 40 0.062 2 1
10 15 0.031 2 0
13 10 0.044 2 0
17 15 0.058 2 0
306 5 1.594 2 1
12 52 0.036 2 0
199 52 0.598 2 0
99 40 0.604 2 0
114 5 0.491 2 0
24 10 0.107 2 0
41 30 0.145 2 0
31 30 0.091 2 1
192 15 0.838 2 1
43 5 0.134 2 1
83 15 0.245 2 1
14 100 0.051 2 0
311 10 1.119 2 1
199 70 0.840 2 0
18 15 0.096 2 0
46 30 0.261 2 1
36 100 0.212 2 0
79 52 0.439 2 1
145 15 0.460 2 0
273 5 1.114 2 0
97 40 0.340 2 0
96 5 0.280 2 0
21 5 0.116 2 0
166 5 0.619 2 0
65 22 0.196 2 0
73 22 0.225 2 0
169 30 0.633 2 0
17 70 0.050 2 1
11 70 0.036 2 0
58 10 0.180 2 1
173 100 0.582 2 0
57 15 0.199 2 1
19 70 0.106 2 0
117 22 0.750 2 0
32 40 0.201 2 1
312 15 1.576 2 0
195 5 0.584 2 0
128 70 0.715 2 0
28 40 0.095 2 0
185 70 0.591 2 0
170 40 1.018 2 0
201 40 1.349 2 0
11 70 0.038 2 0
193 30 0.573 2 0
38 5 0.248 2 0
13 52 0.040 2 1
11 100 0.040 2 1
114 40 0.553 2 0
35 5 0.135 2 0
20 22 0.060 2 0
14 30 0.086 2 0
35 5 0.222 2 0
320 22 1.226 2 0
16 100 0.071 2 1
14 70 0.041 2 1
86 30 0.264 2 0
144 100 0.637 2 0
13 5 0.055 2 1
38 5 0.148 2 0
49 22 0.144 2 0
76 70 0.315 2 0
226 5 1.023 2 0
196 10 0.580 2 0
15 52 0.056 2 0
16 52 0.096 2 0
19 10 0.072 2 0
24 15 0.127 2 1
75 15 0.369 2 0
93 52 0.522 2 0
28 52 0.099 2 1
28 10 0.084 2 0
23 5 0.095 2 0
34 30 0.221 2 0
230 100 1.075 2 1
86 22 0.272 2 1
45 70 0.151 2 0
29 10 0.108 2 0
14 30 0.065 2 1
27 22 0.082 2 0
14 70 0.072 2 1
125 52 0.451 2 1
69 15 0.237 2 0
18 22 0.103 2 0
48 70 0.264 2 0
34 15 0.176 2 0
124 52 0.443 2 0
53 10 0.293 2 1
92 15 0.331 2 0
60 15 0.231 2 0
17 5 0.077 2 1
103 22 0.495 2 0
54 70 0.211 2 0
62 10 0.307 2 0
13 70 0.052 2 0
139 70 0.594 2 0
23 22 0.149 2 1
14 15 0.064 2 0
32 30 0.119 2 0
170 22 0.817 2 0
40 40 0.207 2 1
77 5 0.478 2 0
184 40 0.797 2 0
127 5 0.683 2 0
69 100 0.295 2 0
106 30 0.320 2 0
76 40 0.323 2 0
20 40 0.076 2 0
15 22 0.050 2 0
141 40 0.839 2 0
126 30 0.479 2 0
29 70 0.100 2 0
125 52 0.635 2 0
103 100 0.343 2 0
45 10 0.283 2 1
18 22 0.055 2 0
51 15 0.206 2 1
10 52 0.051 2 0
71 52 0.210 2 0
32 15 0.116 2 1
87 100 0.335 2 0
75 70 0.265 2 1
336 70 1.527 2 0
99 52 0.500 2 1
13 22 0.076 2 0
13 15 0.065 2 1
13 22 0.060 2 1
47 15 0.142 2 0
18 5 0.115 2 0
331 40 1.273 2 0
33 22 0.112 2 0
45 10 0.169 2 1
10 100 0.051 2 1
25 30 0.095 2 1
15 40 0.095 2 0
30 52 0.175 2 0
322 70 1.438 2 0
194 52 0.572 2 0
79 22 0.286 2 0
16 10 0.048 2 0
30 15 0.093 2 0
13 70 0.083 2 0
57 52 0.181 2 0
95 52 0.503 2 0
177 100 0.522 2 0
13 30 0.049 2 1
53 30 0.264 2 1
30 15 0.172 2 0
11 100 0.070 2 0
19 30 0.095 2 1
223 15 0.654 2 0
24 52 0.144 2 0
173 70 0.592 2 0
121 10 0.363 2 0
162 52 0.488 2 0
97 100 0.297 2 0
119 40 0.717 2 1
72 30 0.218 2 0
270 100 1.350 2 0
10 70 0.047 2 0
197 22 0.689 2 0
38 40 0.124 2 0
15 100 0.055 2 0
16 40 0.053 2 0
113 70 0.447 2 1
151 70 0.574 2 0
133 15 0.541 2 1
212 100 1.050 2 0
16 40 0.073 2 0
20 70 0.101 2 0
37 30 0.240 2 0
163 10 0.620 2 1
35 100 0.171 2 0
42 15 0.123 2 0
62 10 0.212 2 0
299 100 1.107 2 0
317 10 1.343 2 0
210 70 0.686 2 1
38 10 0.164 2 0
57 5 0.220 2 1
12 5 0.065 2 0
93 40 0.511 2 0
26 30 0.084 2 1
44 70 0.148 2 1
72 70 0.256 2 0
50 22 0.276 2 1
168 10 0.587 2 0
40 5 0.128 2 1
19 52 0.066 2 0
171 40 0.517 2 0
37 10 0.164 2 0
62 30 0.332 2 1
41 100 0.122 2 0
336 5 1.388 2 0
61 22 0.179 2 0
37 52 0.132 2 1
43 30 0.144 2 1
241 5 0.803 2 0
44 22 0.177 2 1
227 100 1.240 2 0
48 22 0.162 2 0
143 70 0.495 2 0
48 30 0.180 2 1
48 10 0.143 2 1
32 52 0.105 2 0
46 5 0.160 2 0
75 100 0.424 2 0
10 10 0.040 2 0
41 52 0.129 2 1
242 22 0.778 2 0
63 100 0.293 2 1
126 100 0.548 2 0
38 40 0.144 2 0
155 100 0.771 2 0
27 10 0.143 2 0
56 5 0.260 2 0
16 15 0.066 2 1
66 30 0.327 2 1
295 22 0.868 2 0
75 10 0.484 2 0
62 52 0.256 2 1
210 70 0.717 2 0
29 40 0.090 2 0
177 100 0.588 2 0
174 40 0.795 2 0
115 40 0.612 2 0
101 10 0.669 2 1
25 40 0.156 2 1
13 40 0.047 2 0
26 5 0.092 2 0
13 100 0.044 2 0
13 100 0.039 2 0
338 100 1.931 2 1
101 22 0.398 2 1
29 52 0.196 2 1
22 22 0.068 2 0
184 5 0.856 2 0
78 30 0.348 2 0
128 100 0.401 2 1
134 52 0.575 2 0
187 52 0.979 2 0
115 70 0.747 2 0
30 70 0.096 2 1
30 70 0.123 2 0
200 70 0.588 2 0
216 15 0.649 2 1
78 22 0.370 2 0
53 40 0.247 2 1
19 40 0.074 2 0
209 100 1.251 2 0
121 40 0.420 2 1
75 10 0.460 2 1
42 70 0.133 2 0
51 5 0.266 2 0
15 10 0.068 2 0
233 10 0.914 2 0
74 70 0.252 2 0
30 15 0.093 2 0
106 15 0.662 2 1
113 5 0.661 2 0
319 5 1.437 2 0
68 5 0.316 2 1
14 40 0.043 2 1
71 22 0.215 2 0
16 5 0.075 2 0
17 5 0.073 2 1
55 10 0.170 2 1
13 5 0.040 2 1
11 52 0.039 2 0
134 10 0.660 2 0
14 70 0.048 2 0
13 100 0.078 2 0
104 52 0.491 2 0
153 100 0.781 2 0
57 70 0.380 2 0
218 70 0.869 2 1
34 100 0.219 2 0
12 5 0.035 2 0
20 52 0.088 2 0
37 100 0.119 2 0
69 70 0.243 2 1
25 100 0.102 2 1
17 40 0.071 2 1
102 22 0.528 2 1
18 100 0.056 2 0
132 100 0.470 2 0
71 40 0.346 2 0
19 22 0.102 2 0
13 100 0.043 2 0
13 30 0.045 2 0
21 52 0.085 2 0
74 30 0.398 2 1
23 70 0.088 2 1
114 70 0.350 2 1
67 30 0.327 2 0
14 5 0.041 2 1
66 10 0.418 2 0
190 22 0.605 2 1
35 52 0.127 2 1
141 5 0.560 2 1
92 70 0.541 2 1
74 10 0.292 2 1
49 70 0.247 2 0
44 100 0.189 2 1
14 100 0.077 2 1
55 100 0.168 2 1
131 100 0.483 2 0
60 30 0.306 2 1
300 100 1.205 2 0
140 70 0.549 2 0
10 70 0.032 2 0
77 100 0.302 2 0
225 100 1.223 2 0
13 22 0.050 2 1
104 100 0.556 2 1
64 40 0.187 2 0
275 52 1.590 2 1
15 40 0.080 2 0
57 22 0.204 2 0
10 52 0.051 2 1
67 70 0.251 2 0
13 52 0.055 2 0
176 22 1.035 2 1
74 30 0.315 2 0
29 52 0.087 2 0
68 40 0.262 2 0
73 52 0.239 2 0
75 40 0.391 2 0
11 100 0.062 2 0
10 70 0.035 2 0
15 30 0.058 2 1
26 15 0.129 2 0
309 10 1.231 2 0
185 100 0.720 2 0
38 5 0.128 2 0
305 40 1.250 2 0
79 22 0.395 2 0
137 15 0.913 2 0
147 15 0.531 2 1
27 40 0.105 2 0
190 100 0.960 2 0
54 100 0.219 2 0
180 15 0.938 2 1
14 10 0.046 2 0
154 10 0.730 2 0
162 30 0.528 2 0
20 52 0.077 2 1
25 100 0.098 2 1
47 5 0.275 2 1
10 40 0.031 2 1
25 5 0.076 2 0
15 70 0.051 2 0
49 5 0.195 2 0
10 52 0.041 2 0
66 70 0.423 2 1
94 100 0.531 2 1
290 22 0.892 2 0
32 40 0.167 2 0
19 100 0.079 2 0
70 15 0.262 2 0
23 30 0.068 2 0
14 22 0.062 2 1
141 70 0.775 2 0
153 15 0.510 2 0
82 100 0.298 2 0
35 100 0.116 2 1
95 5 0.594 2 0
100 52 0.309 2 0
13 10 0.071 2 1
16 40 0.092 2 0
137 15 0.692 2 0
31 22 0.097 2 0
10 10 0.062 2 1
19 5 0.059 2 1
148 15 0.604 2 1
19 70 0.088 2 1
93 30 0.408 2 0
63 70 0.285 2 1
68 70 0.333 2 0
193 15 0.955 2 1
34 30 0.162 2 0
46 100 0.157 2 0
167 10 1.084 2 1
22 5 0.081 2 1
11 100 0.036 2 1
34 70 0.100 2 0
116 5 0.758 2 1
38 30 0.164 2 1
12 52 0.037 2 1
155 15 0.601 2 1
18 52 0.071 2 0
48 52 0.294 2 0
19 22 0.060 2 0
15 30 0.058 2 0
96 5 0.290 2 1
11 10 0.037 2 1
243 22 0.957 2 0
12 40 0.064 2 1
25 70 0.076 2 0
13 15 0.051 2 1
164 5 0.859 2 0
60 100 0.194 2 0
57 52 0.230 2 0
258 52 0.952 2 0
296 70 1.794 2 0
118 15 0.450 2 0
184 52 1.045 2 0
194 10 0.836 2 0
135 70 0.570 2 0
17 5 0.070 2 0
37 10 0.160 2 0
15 40 0.090 2 0
37 10 0.243 2 0
182 10 0.540 2 0
24 40 0.096 2 0
32 22 0.132 2 0
40 30 0.152 2 0
34 22 0.115 2 0
29 40 0.167 2 1
14 70 0.045 2 0
26 30 0.089 2 1
76 40 0.398 2 0
26 70 0.102 2 0
74 52 0.481 2 1
16 5 0.091 2 1
180 10 0.616 2 1
150 30 0.588 2 0
41 30 0.132 2 0
18 40 0.082 2 0
27 70 0.089 2 1
44 70 0.208 2 0
62 22 0.230 2 0
29 22 0.134 2 0
28 70 0.118 2 1
25 10 0.155 2 1
15 5 0.055 2 1
213 70 0.745 2 0
60 15 0.230 2 0
45 40 0.245 2 0
24 30 0.085 2 0
35 15 0.140 2 0
70 22 0.240 2 1
190 70 1.218 2 0
33 22 0.109 2 0
283 30 0.976 2 0
24 15 0.152 2 0
44 40 0.153 2 0
262 10 1.690 2 1
65 40 0.359 2 0
166 40 0.485 2 0
247 15 1.669 2 0
41 22 0.136 2 0
30 5 0.173 2 1
70 70 0.304 2 0
131 40 0.382 2 0
22 15 0.105 2 1
66 70 0.322 2 1
17 100 0.061 2 1
36 15 0.165 2 1
36 100 0.175 2 0
230 40 0.785 2 1
13 100 0.075 2 1
34 10 0.195 2 0
262 40 1.297 2 1
66 10 0.423 2 0
76 30 0.279 2 1
56 15 0.173 2 1
110 40 0.368 2 0
32 10 0.094 2 0
151 30 0.519 2 0
55 10 0.177 2 0
35 52 0.176 2 0
58 70 0.293 2 1
120 52 0.465 2 0
33 40 0.127 2 0
36 100 0.180 2 0
220 40 0.696 2 1
24 15 0.133 2 0
67 70 0.370 2 1
23 100 0.110 2 0
62 52 0.304 2 0
157 52 0.882 2 0
16 15 0.062 2 1
66 70 0.283 2 1
56 70 0.189 2 1
71 30 0.410 2 0
11 52 0.067 2 0
31 22 0.121 2 0
64 5 0.390 2 0
71 40 0.221 2 0
192 5 1.011 2 0
13 22 0.053 2 0
240 30 1.057 2 0
48 22 0.261 2 1
277 52 1.104 2 0
46 15 0.158 2 0
11 15 0.040 2 0
26 15 0.131 2 0
75 40 0.276 2 1
265 10 0.936 2 0
29 52 0.101 2 0
13 5 0.050 2 0
235 52 0.887 2 0
316 100 1.162 2 0
204 15 0.803 2 0
55 10 0.183 2 0
78 5 0.300 2 0
61 52 0.359 2 1
38 52 0.117 2 1
12 40 0.047 2 1
65 22 0.281 2 0
11 52 0.061 2 1
34 52 0.193 2 0
21 70 0.075 2 0
29 30 0.097 2 0
20 70 0.064 2 1
30 15 0.149 2 0
55 15 0.242 2 0
23 22 0.078 2 0
234 5 0.770 2 0
53 52 0.193 2 1
16 30 0.053 2 0
39 15 0.152 2 1
21 10 0.130 2 1
53 30 0.283 2 0
47 52 0.278 2 0
25 100 0.101 2 1
18 70 0.076 2 0
13 100 0.042 2 0
309 22 0.904 2 1
38 100 0.133 2 0
98 5 0.305 2 0
64 40 0.240 2 0
30 52 0.190 2 0
45 30 0.204 2 0
169 40 0.899 2 1
183 22 0.685 2 1
121 70 0.555 2 0
297 22 1.356 2 0
34 30 0.230 2 1
17 70 0.059 2 1
169 30 0.894 2 1
47 52 0.272 2 0
10 100 0.045 2 1
32 10 0.140 2 0
13 15 0.066 2 1
180 70 1.216 2 1
61 40 0.213 2 1
28 30 0.125 2 0
87 30 0.584 2 0
25 5 0.121 2 0
13 52 0.044 2 0
38 52 0.174 2 1
24 70 0.117 2 0
170 70 0.523 2 0
163 100 0.488 2 0
16 52 0.067 2 0
175 15 0.565 2 0
197 10 1.159 2 1
15 5 0.056 2 0
75 100 0.421 2 0
65 5 0.260 2 0
15 52 0.058 2 0
193 100 1.270 2 1
31 100 0.128 2 0
105 40 0.310 2 0
49 15 0.325 2 1
96 15 0.306 2 1
324 100 1.069 2 0
243 52 1.215 2 1
33 10 0.149 2 0
211 10 1.024 2 1
17 70 0.058 2 1
29 100 0.157 2 1
12 100 0.036 2 0
21 100 0.078 2 0
44 30 0.212 2 1
18 40 0.087 2 0
48 52 0.189 2 0
51 5 0.218 2 1
74 30 0.227 2 0
31 10 0.092 2 1
73 5 0.232 2 1
73 10 0.477 2 1
184 40 0.554 2 1
153 40 0.884 2 1
55 15 0.239 2 1
14 100 0.063 2 0
43 30 0.141 2 0
61 40 0.189 2 0
11 22 0.052 2 0
27 100 0.105 2 0
49 10 0.186 2 0
15 30 0.051 2 0
192 52 0.649 2 1
12 30 0.063 2 0
178 70 0.908 2 1
53 22 0.237 2 1
58 5 0.374 2 1
24 10 0.134 2 0
15 100 0.058 2 0
79 70 0.374 2 0
145 15 0.511 2 0
16 70 0.099 2 1
90 70 0.321 2 0
90 40 0.517 2 1
111 22 0.430 2 1
136 22 0.447 2 0
38 30 0.233 2 0
31 22 0.139 2 1
32 15 0.134 2 0
47 15 0.143 2 1
17 5 0.114 2 0
39 100 0.138 2 0
47 52 0.224 2 0
28 70 0.082 2 0
12 5 0.038 2 0
31 40 0.111 2 0
16 70 0.056 2 0
209 100 0.823 2 0
19 22 0.073 2 0
160 100 0.874 2 1
14 100 0.064 2 1
37 10 0.118 2 0
17 22 0.056 2 0
18 40 0.061 2 0
22 40 0.107 2 0
65 5 0.419 2 1
27 70 0.087 2 1
29 5 0.184 2 1
66 5 0.198 2 1
26 5 0.105 2 1
15 22 0.061 2 0
145 5 0.575 2 0
56 10 0.253 2 0
134 40 0.479 2 1
45 22 0.181 2 0
22 15 0.104 2 0
70 70 0.210 2 0
13 22 0.067 2 0
18 70 0.062 2 1
179 22 0.825 2 0
196 100 0.674 2 1
16 30 0.060 2 0
18 52 0.102 2 0
10 10 0.035 2 0
23 30 0.080 2 0
35 5 0.196 2 0
43 52 0.178 2 0
56 22 0.164 2 0
51 22 0.338 2 1
18 15 0.068 2 0
12 5 0.041 2 0
183 22 0.906 2 1
14 100 0.076 2 0
67 40 0.260 2 1
29 40 0.105 2 1
14 70 0.061 2 1
305 52 1.488 2 0
46 100 0.166 2 1
79 22 0.307 2 1
19 15 0.073 2 1
170 15 0.535 2 0
22 30 0.095 2 1
81 100 0.547 2 0
36 100 0.202 2 0
32 100 0.131 2 0
12 10 0.057 2 1
20 40 0.061 2 0
162 10 0.516 2 0
18 15 0.097 2 0
40 30 0.127 2 0
260 10 1.079 2 1
11 15 0.044 2 1
24 30 0.124 2 0
48 5 0.277 2 1
38 22 0.133 2 0
25 15 0.099 2 1
126 15 0.568 2 0
37 15 0.113 2 0
75 22 0.319 2 0
98 70 0.314 2 0
159 100 0.593 2 1
57 5 0.220 2 1
24 40 0.090 2 0
75 52 0.318 2 0
19 30 0.070 2 0
109 30 0.404 2 0
113 100 0.536 2 0
318 40 1.472 2 1
218 100 0.924 2 1
12 70 0.052 2 0
64 52 0.388 2 1
47 5 0.288 2 1
77 30 0.225 2 0
41 100 0.131 2 0
17 100 0.064 2 0
23 15 0.131 2 0
74 22 0.374 2 0
11 70 0.065 2 0
22 5 0.076 2 0
30 40 0.118 2 0
41 22 0.126 2 0
24 30 0.109 2 0
113 5 0.665 2 0
251 40 0.765 2 0
55 5 0.197 2 0
16 30 0.053 2 0
10 10 0.056 2 1
284 10 1.044 2 0
14 70 0.049 2 0
123 30 0.439 2 0
73 70 0.277 2 1
11 15 0.071 2 0
12 30 0.074 2 0
29 10 0.119 2 1
19 70 0.069 2 0
12 52 0.039 2 1
154 70 0.529 2 0
199 15 0.980 2 0
271 30 0.852 2 0
21 52 0.110 2 0
38 15 0.138 2 1
20 70 0.062 2 1
15 10 0.068 2 0
11 30 0.037 2 0
65 22 0.217 2 0
330 40 1.813 2 0
75 70 0.233 2 1
50 10 0.205 2 0
10 70 0.037 2 1
12 40 0.061 2 0
41 70 0.255 2 0
16 15 0.063 2 0
67 10 0.230 2 0
20 10 0.078 2 0
15 10 0.078 2 0
184 10 0.628 2 0
46 10 0.263 2 0
57 52 0.265 2 0
12 52 0.055 2 1
28 40 0.086 2 1
51 15 0.150 2 0
299 30 1.173 2 0
50 70 0.253 2 0
51 40 0.155 2 0
187 52 0.654 2 0
169 52 0.713 2 0
336 22 1.383 2 1
75 5 0.281 2 0
34 10 0.182 2 0
68 10 0.345 2 0
13 10 0.053 2 0
62 15 0.246 2 0
41 22 0.252 2 0
10 70 0.030 2 0
244 15 1.012 2 0
54 5 0.263 2 0
134 15 0.905 2 1
312 52 1.156 2 0
11 30 0.033 2 1
207 10 0.908 2 1
20 22 0.087 2 0
45 15 0.160 2 1
63 100 0.256 2 1
11 40 0.072 2 0
59 22 0.214 2 1
194 40 1.252 2 0
34 70 0.140 2 1
56 10 0.327 2 0
283 52 0.868 2 0
16 5 0.077 2 0
271 70 1.683 2 1
74 30 0.354 2 0
10 15 0.049 2 0
28 100 0.086 2 0
157 5 0.561 2 0
63 40 0.297 2 0
296 10 1.017 2 0
137 15 0.550 2 1
117 5 0.425 2 0
60 52 0.364 2 0
36 22 0.220 2 0
144 22 0.491 2 0
13 30 0.039 2 1
71 40 0.234 2 1
10 22 0.060 2 0
14 22 0.053 2 0
19 52 0.059 2 0
92 100 0.323 2 0
191 100 0.755 2 1
58 100 0.258 2 1
10 10 0.053 2 1
132 30 0.706 2 0
203 5 1.057 2 1
16 5 0.062 2 0
229 100 0.718 2 0
103 15 0.477 2 0
38 10 0.165 2 0
51 5 0.158 2 1
51 70 0.216 2 0
163 10 0.588 2 0
25 52 0.075 2 1
187 70 0.557 2 0
93 10 0.335 2 1
14 40 0.042 2 0
179 15 0.740 2 0
125 52 0.744 2 0
84 52 0.248 2 1
323 40 1.576 2 0
19 100 0.114 2 0
66 100 0.254 2 0
194 100 0.632 2 0
189 40 1.145 2 0
36 22 0.120 2 0
29 5 0.119 2 0
25 30 0.147 2 0
20 15 0.086 2 1
132 10 0.684 2 1
73 40 0.228 2 0
188 100 1.016 2 0
