149 22 0.472 0 2
70 30 0.359 0 1
55 22 0.190 0 2
72 30 0.235 0 2
12 70 0.051 0 1
170 30 1.141 0 1
73 100 0.243 0 2
16 22 0.065 0 2
162 10 0.730 0 1
169 30 0.561 0 2
21 15 0.066 0 2
21 100 0.089 0 1
37 5 0.124 0 1
277 40 1.248 0 2
29 30 0.132 0 2
16 15 0.054 0 1
168 22 0.808 0 1
44 40 0.154 0 1
172 5 0.935 0 1
95 52 0.329 0 2
271 100 1.715 0 1
66 30 0.196 0 2
87 70 0.364 0 2
22 5 0.092 0 1
35 52 0.172 0 2
41 100 0.120 0 2
139 100 0.739 0 1
175 52 1.087 0 1
246 15 1.352 0 1
13 40 0.057 0 2
17 15 0.063 0 2
16 70 0.064 0 2
76 40 0.257 0 1
170 100 0.582 0 1
57 15 0.219 0 1
38 5 0.194 0 1
14 100 0.091 0 1
44 5 0.181 0 1
13 30 0.066 0 1
69 22 0.258 0 2
247 40 1.108 0 2
11 15 0.034 0 1
142 70 0.882 0 2
37 15 0.213 0 2
66 5 0.251 0 1
167 40 0.642 0 1
98 40 0.450 0 1
26 10 0.154 0 2
57 10 0.331 0 1
79 100 0.292 0 1
47 52 0.283 0 2
181 30 0.812 0 2
14 15 0.075 0 2
25 15 0.093 0 2
17 70 0.058 0 2
52 15 0.245 0 2
75 15 0.296 0 2
31 5 0.104 0 1
90 30 0.388 0 2
15 10 0.049 0 1
13 52 0.039 0 1
43 5 0.267 0 1
99 52 0.393 0 2
79 10 0.267 0 2
15 40 0.052 0 2
111 10 0.326 0 1
273 70 1.635 0 1
72 70 0.385 0 1
33 15 0.191 0 2
16 5 0.107 0 2
34 52 0.173 0 1
95 10 0.312 0 1
156 5 0.645 0 1
20 30 0.073 0 2
123 5 0.783 0 1
273 40 1.219 0 2
120 52 0.429 0 2
203 52 0.757 0 2
63 40 0.220 0 2
15 10 0.058 0 2
26 100 0.087 0 2
120 100 0.467 0 2
137 10 0.555 0 2
109 5 0.394 0 2
18 22 0.054 0 2
38 52 0.140 0 1
11 10 0.044 0 2
244 15 1.379 0 2
196 70 1.101 0 1
186 40 1.177 0 2
17 15 0.115 0 2
13 100 0.058 0 1
324 5 0.979 0 1
29 22 0.109 0 1
185 10 0.714 0 2
13 52 0.040 0 2
45 10 0.206 0 2
37 5 0.153 0 1
118 70 0.480 0 2
138 100 0.667 0 2
28 70 0.163 0 1
14 52 0.042 0 2
301 52 1.204 0 1
60 15 0.195 0 1
283 30 1.225 0 1
278 40 1.759 0 2
66 52 0.252 0 1
15 15 0.050 0 1
13 52 0.081 0 1
14 30 0.050 0 2
12 5 0.071 0 2
14 22 0.056 0 1
126 30 0.441 0 2
36 40 0.169 0 1
111 40 0.600 0 1
79 40 0.380 0 2
69 100 0.434 0 2
10 5 0.030 0 1
76 100 0.507 0 1
86 52 0.290 0 2
25 15 0.090 0 2
67 100 0.324 0 2
325 30 1.062 0 1
93 22 0.274 0 1
15 52 0.062 0 1
11 5 0.040 0 1
16 40 0.083 0 1
61 70 0.280 0 2
44 40 0.175 0 2
105 40 0.484 0 1
320 70 1.026 0 2
245 10 1.219 0 1
17 40 0.050 0 1
65 30 0.190 0 2
78 30 0.278 0 1
48 5 0.153 0 1
325 10 1.766 0 1
58 40 0.201 0 1
17 15 0.096 0 1
38 70 0.245 0 1
135 22 0.603 0 1
11 100 0.033 0 1
66 10 0.306 0 1
52 5 0.164 0 1
36 5 0.123 0 2
50 15 0.309 0 2
16 22 0.054 0 1
195 40 0.586 0 1
173 5 0.721 0 1
210 70 1.273 0 1
28 100 0.112 0 1
23 5 0.137 0 1
56 70 0.180 0 1
10 22 0.030 0 2
39 10 0.145 0 1
24 40 0.109 0 1
162 15 0.484 0 2
161 40 0.542 0 2
11 70 0.062 0 2
61 100 0.321 0 1
119 100 0.721 0 2
12 52 0.036 0 1
28 52 0.102 0 2
53 10 0.331 0 2
75 52 0.229 0 1
25 5 0.103 0 1
20 100 0.086 0 1
17 5 0.053 0 2
12 10 0.043 0 1
215 22 0.694 0 1
150 40 0.721 0 2
20 100 0.063 0 1
16 22 0.057 0 2
44 5 0.129 0 2
14 100 0.047 0 1
23 40 0.067 0 1
15 70 0.059 0 1
38 52 0.245 0 1
122 10 0.515 0 1
16 52 0.063 0 1
54 70 0.280 0 2
108 30 0.706 0 1
152 15 0.779 0 2
58 10 0.231 0 1
171 40 0.562 0 1
35 40 0.157 0 2
144 70 0.724 0 2
56 30 0.284 0 2
17 40 0.071 0 2
167 10 1.064 0 1
162 15 0.589 0 1
55 5 0.215 0 1
61 30 0.219 0 1
11 10 0.034 0 1
29 52 0.111 0 2
32 10 0.164 0 2
289 100 1.161 0 1
56 100 0.221 0 2
16 15 0.052 0 1
326 22 1.411 0 1
11 100 0.043 0 2
48 30 0.169 0 1
86 10 0.289 0 2
24 15 0.082 0 1
71 15 0.320 0 1
276 5 1.053 0 1
17 70 0.051 0 2
316 100 1.837 0 2
127 70 0.713 0 2
166 15 0.537 0 1
34 70 0.100 0 1
10 52 0.035 0 2
24 52 0.118 0 2
11 40 0.033 0 1
74 5 0.239 0 1
139 70 0.597 0 1
66 10 0.219 0 2
18 70 0.122 0 1
197 15 1.031 0 2
243 52 1.130 0 2
39 22 0.115 0 1
15 52 0.057 0 2
26 5 0.101 0 2
49 70 0.180 0 2
15 22 0.060 0 2
138 52 0.590 0 2
73 15 0.223 0 1
17 15 0.086 0 2
24 15 0.079 0 2
16 22 0.059 0 2
14 15 0.053 0 1
43 52 0.185 0 1
11 22 0.053 0 1
136 52 0.584 0 1
307 30 0.953 0 1
98 22 0.375 0 2
13 15 0.049 0 1
84 10 0.398 0 2
137 10 0.761 0 2
28 30 0.136 0 2
34 10 0.140 0 1
62 40 0.323 0 2
72 10 0.320 0 1
18 10 0.074 0 1
60 5 0.208 0 2
117 15 0.487 0 1
27 5 0.153 0 1
326 30 1.698 0 1
128 100 0.472 0 1
21 30 0.100 0 1
217 70 0.685 0 1
16 100 0.067 0 1
56 40 0.276 0 1
142 5 0.467 0 1
35 40 0.187 0 2
66 100 0.307 0 2
13 22 0.058 0 1
26 40 0.176 0 2
16 70 0.062 0 1
104 70 0.330 0 2
102 40 0.372 0 2
32 52 0.144 0 1
173 22 0.646 0 1
38 10 0.114 0 2
137 10 0.409 0 1
14 40 0.043 0 1
10 40 0.035 0 1
39 5 0.148 0 1
187 52 0.782 0 1
67 52 0.252 0 2
147 15 0.808 0 1
25 15 0.090 0 2
59 70 0.239 0 2
24 15 0.104 0 2
12 5 0.040 0 1
68 10 0.291 0 1
15 10 0.055 0 1
81 22 0.312 0 2
30 30 0.166 0 1
39 70 0.220 0 2
91 22 0.272 0 1
15 70 0.058 0 1
12 22 0.041 0 2
26 10 0.082 0 1
28 15 0.116 0 1
68 10 0.217 0 1
251 5 1.087 0 1
24 10 0.113 0 2
77 30 0.259 0 1
93 22 0.325 0 2
18 22 0.054 0 1
71 15 0.248 0 2
50 10 0.301 0 1
152 52 0.559 0 1
62 30 0.241 0 2
19 15 0.073 0 2
36 10 0.115 0 2
12 5 0.035 0 1
163 15 0.536 0 2
325 5 0.956 0 1
24 40 0.100 0 2
17 70 0.058 0 2
36 22 0.165 0 1
60 30 0.208 0 1
39 22 0.232 0 1
91 10 0.355 0 2
31 22 0.094 0 1
39 100 0.131 0 1
17 70 0.062 0 1
84 22 0.404 0 1
28 22 0.116 0 2
47 22 0.201 0 2
14 30 0.068 0 2
337 100 1.234 0 1
204 70 1.115 0 1
14 22 0.050 0 1
58 15 0.284 0 1
270 70 1.071 0 2
163 52 0.491 0 1
55 5 0.201 0 1
303 22 1.968 0 2
31 5 0.162 0 1
12 40 0.043 0 1
12 40 0.036 0 2
121 10 0.385 0 1
20 70 0.075 0 1
121 40 0.786 0 1
57 15 0.166 0 2
199 70 0.799 0 1
20 15 0.061 0 2
37 40 0.116 0 2
198 52 1.215 0 2
81 10 0.310 0 2
33 30 0.173 0 1
88 30 0.518 0 2
37 100 0.111 0 2
64 22 0.193 0 1
308 52 1.433 0 1
21 5 0.076 0 1
35 40 0.113 0 2
18 15 0.077 0 1
17 52 0.069 0 2
43 40 0.152 0 1
38 52 0.126 0 2
27 40 0.143 0 1
19 30 0.104 0 2
39 15 0.167 0 1
51 10 0.185 0 1
30 70 0.135 0 2
180 40 1.192 0 1
41 52 0.139 0 1
22 40 0.129 0 2
51 52 0.342 0 1
30 70 0.190 0 2
272 10 1.042 0 2
13 15 0.073 0 1
71 52 0.447 0 1
18 40 0.107 0 2
63 10 0.272 0 2
16 10 0.053 0 2
208 70 0.900 0 1
34 10 0.169 0 2
72 70 0.244 0 2
35 100 0.152 0 2
26 40 0.149 0 2
48 100 0.282 0 1
131 5 0.712 0 1
15 70 0.053 0 2
77 5 0.268 0 2
76 100 0.286 0 2
58 30 0.208 0 1
161 15 0.546 0 2
79 100 0.371 0 2
185 70 0.845 0 2
169 22 0.751 0 1
18 70 0.062 0 2
68 52 0.240 0 2
20 22 0.092 0 2
30 22 0.096 0 2
172 5 0.612 0 1
71 52 0.278 0 1
38 10 0.190 0 1
16 40 0.070 0 2
25 30 0.122 0 1
22 15 0.133 0 1
292 22 1.014 0 2
19 10 0.098 0 1
24 22 0.115 0 2
21 10 0.062 0 2
47 22 0.156 0 1
227 30 0.757 0 2
22 70 0.132 0 1
29 15 0.117 0 2
143 70 0.953 0 2
73 5 0.233 0 1
25 30 0.086 0 2
11 30 0.052 0 2
231 100 1.462 0 1
43 40 0.155 0 1
11 30 0.039 0 2
33 10 0.160 0 1
57 40 0.214 0 1
105 5 0.493 0 1
27 52 0.117 0 2
133 40 0.504 0 2
91 5 0.548 0 1
10 40 0.031 0 1
48 100 0.179 0 2
153 100 0.789 0 2
248 10 0.886 0 2
195 40 1.026 0 2
43 70 0.242 0 1
48 70 0.294 0 2
33 52 0.133 0 1
16 52 0.052 0 1
32 15 0.145 0 2
12 100 0.046 0 2
18 40 0.062 0 2
10 5 0.042 0 2
163 70 0.872 0 2
16 30 0.071 0 1
69 10 0.300 0 2
10 5 0.031 0 2
26 22 0.136 0 1
13 22 0.071 0 1
23 30 0.091 0 1
170 22 0.756 0 2
23 10 0.075 0 1
134 40 0.398 0 1
66 15 0.221 0 2
19 10 0.060 0 1
21 10 0.072 0 2
162 70 1.095 0 1
13 15 0.059 0 1
295 15 0.899 0 2
60 52 0.201 0 1
39 40 0.143 0 2
39 22 0.264 0 2
27 52 0.105 0 1
58 5 0.184 0 1
16 22 0.053 0 1
12 5 0.047 0 1
187 15 0.555 0 1
279 40 1.125 0 2
16 100 0.101 0 1
16 5 0.048 0 2
10 22 0.039 0 2
10 100 0.064 0 1
163 15 0.827 0 2
54 10 0.195 0 2
22 22 0.129 0 2
51 30 0.175 0 1
17 40 0.085 0 2
24 70 0.122 0 2
174 15 0.529 0 2
200 40 0.633 0 1
77 22 0.440 0 2
15 70 0.066 0 1
164 52 0.607 0 2
54 22 0.174 0 2
40 100 0.156 0 1
77 70 0.293 0 1
30 30 0.097 0 1
18 40 0.094 0 2
19 5 0.116 0 1
12 30 0.038 0 2
189 15 1.092 0 1
36 30 0.120 0 2
122 15 0.619 0 2
138 40 0.548 0 2
15 100 0.059 0 1
38 30 0.131 0 2
135 5 0.455 0 1
86 30 0.270 0 1
18 100 0.068 0 2
68 70 0.405 0 1
59 70 0.177 0 1
16 70 0.047 0 1
35 5 0.108 0 1
32 5 0.121 0 1
24 52 0.156 0 2
33 30 0.198 0 2
179 70 0.844 0 2
49 70 0.230 0 1
16 100 0.071 0 1
37 40 0.150 0 1
81 52 0.299 0 2
70 30 0.311 0 2
76 40 0.497 0 2
17 100 0.096 0 1
25 52 0.093 0 2
337 5 2.217 0 1
60 30 0.213 0 1
15 40 0.060 0 2
15 15 0.058 0 1
192 40 0.910 0 2
193 22 0.731 0 1
11 5 0.039 0 2
10 15 0.041 0 1
24 100 0.096 0 1
197 52 0.583 0 1
120 15 0.556 0 1
32 30 0.115 0 1
36 15 0.112 0 2
81 100 0.321 0 1
16 52 0.087 0 1
64 22 0.381 0 2
45 100 0.266 0 2
14 52 0.045 0 2
125 15 0.548 0 2
190 5 0.621 0 1
34 5 0.145 0 2
257 22 0.821 0 2
18 10 0.067 0 1
52 70 0.152 0 1
51 70 0.189 0 1
114 15 0.452 0 1
143 22 0.441 0 1
34 15 0.174 0 2
46 5 0.155 0 2
16 5 0.103 0 2
136 22 0.889 0 2
32 30 0.133 0 2
142 5 0.877 0 2
14 100 0.056 0 1
173 15 0.507 0 2
136 22 0.410 0 1
15 30 0.059 0 1
164 10 0.485 0 2
160 22 0.513 0 2
67 5 0.218 0 1
185 70 0.849 0 2
62 100 0.231 0 2
24 5 0.075 0 1
25 30 0.104 0 2
17 70 0.077 0 1
122 40 0.581 0 1
16 40 0.094 0 2
55 15 0.362 0 1
65 52 0.210 0 1
69 100 0.247 0 2
45 52 0.157 0 2
16 30 0.079 0 1
29 5 0.173 0 1
37 22 0.193 0 2
127 5 0.371 0 2
329 30 2.179 0 1
18 100 0.104 0 1
63 40 0.242 0 1
24 30 0.075 0 2
17 10 0.105 0 1
24 100 0.107 0 1
10 22 0.037 0 1
116 15 0.583 0 1
195 30 0.844 0 2
15 100 0.051 1 0
113 10 0.511 1 0
337 40 1.150 1 2
14 30 0.070 1 0
13 30 0.051 1 0
14 10 0.055 1 0
28 40 0.083 1 0
14 100 0.042 1 2
166 22 0.509 1 2
37 40 0.242 1 2
169 40 0.690 1 0
19 15 0.086 1 0
59 30 0.240 1 0
45 10 0.288 1 0
76 100 0.475 1 0
21 70 0.133 1 0
11 70 0.044 1 0
54 70 0.213 1 0
38 52 0.210 1 0
37 70 0.172 1 0
288 100 1.021 1 0
31 100 0.111 1 0
10 52 0.062 1 0
255 5 1.123 1 0
27 30 0.158 1 0
19 52 0.090 1 0
25 70 0.083 1 0
49 70 0.156 1 0
66 15 0.407 1 0
200 40 1.212 1 0
21 22 0.095 1 0
261 15 1.411 1 0
259 15 1.270 1 0
11 100 0.037 1 2
32 70 0.168 1 0
322 70 1.643 1 0
11 100 0.045 1 0
67 15 0.226 1 2
70 30 0.412 1 2
91 15 0.476 1 0
23 10 0.095 1 0
137 70 0.761 1 0
189 30 0.665 1 0
115 22 0.338 1 0
31 5 0.168 1 2
14 22 0.047 1 0
18 30 0.086 1 2
19 100 0.088 1 0
44 40 0.242 1 0
62 52 0.226 1 0
136 30 0.506 1 0
193 52 1.043 1 0
77 22 0.228 1 0
23 10 0.122 1 0
30 10 0.099 1 0
120 70 0.443 1 2
78 40 0.297 1 0
12 40 0.062 1 0
54 15 0.307 1 2
18 15 0.062 1 2
44 40 0.151 1 0
105 30 0.366 1 2
13 15 0.041 1 2
64 22 0.262 1 0
63 22 0.362 1 2
39 15 0.124 1 0
23 100 0.096 1 0
31 15 0.137 1 0
48 52 0.287 1 2
19 52 0.064 1 0
37 15 0.119 1 0
40 5 0.204 1 2
35 10 0.106 1 0
85 15 0.336 1 2
32 70 0.143 1 2
53 22 0.189 1 0
36 40 0.110 1 0
20 100 0.071 1 0
31 40 0.155 1 0
159 40 0.521 1 2
32 15 0.094 1 0
250 30 0.880 1 2
188 30 0.825 1 0
240 22 0.863 1 0
71 10 0.238 1 0
77 5 0.296 1 2
57 52 0.187 1 0
51 5 0.163 1 2
13 15 0.044 1 0
38 100 0.144 1 0
68 5 0.374 1 2
39 22 0.211 1 0
33 40 0.183 1 0
120 40 0.463 1 0
40 100 0.148 1 2
185 52 1.164 1 2
14 5 0.052 1 0
112 5 0.511 1 2
15 100 0.101 1 0
92 22 0.529 1 2
182 15 0.641 1 0
292 40 0.921 1 0
19 30 0.096 1 2
66 52 0.340 1 2
15 70 0.046 1 0
64 22 0.206 1 0
278 40 1.275 1 0
19 10 0.101 1 0
21 10 0.076 1 0
71 5 0.232 1 0
39 52 0.141 1 2
10 15 0.054 1 2
22 22 0.066 1 0
243 22 0.759 1 0
23 5 0.095 1 2
56 40 0.260 1 0
190 10 0.751 1 2
121 15 0.513 1 0
63 5 0.201 1 0
17 30 0.097 1 0
74 15 0.310 1 0
166 10 1.000 1 2
12 30 0.056 1 2
14 22 0.047 1 0
188 52 0.573 1 2
51 5 0.154 1 0
179 22 1.185 1 0
34 22 0.209 1 2
65 70 0.270 1 2
52 15 0.170 1 0
192 10 1.272 1 0
37 10 0.193 1 0
122 15 0.584 1 0
18 30 0.074 1 0
45 52 0.143 1 2
17 70 0.050 1 2
194 40 0.833 1 0
14 52 0.062 1 0
25 100 0.113 1 0
31 10 0.132 1 0
21 5 0.100 1 0
23 100 0.135 1 0
192 5 0.919 1 0
95 100 0.292 1 0
12 40 0.063 1 0
55 70 0.200 1 0
150 10 0.904 1 0
10 70 0.032 1 0
173 100 0.703 1 0
100 30 0.418 1 0
10 52 0.059 1 2
281 22 0.824 1 2
57 22 0.236 1 0
192 40 1.223 1 0
243 15 1.528 1 0
73 40 0.229 1 0
127 22 0.789 1 0
44 52 0.152 1 0
63 100 0.279 1 0
29 52 0.120 1 2
54 40 0.165 1 2
26 52 0.118 1 2
16 22 0.054 1 0
77 52 0.399 1 0
140 100 0.795 1 2
238 30 1.087 1 0
64 70 0.234 1 0
92 5 0.613 1 2
45 52 0.249 1 0
74 15 0.481 1 0
60 15 0.306 1 0
243 30 0.862 1 2
166 5 0.709 1 0
107 22 0.622 1 0
71 15 0.480 1 0
49 5 0.312 1 0
85 15 0.413 1 2
23 10 0.134 1 0
32 10 0.204 1 2
32 30 0.094 1 0
23 10 0.108 1 2
193 15 0.769 1 0
53 15 0.175 1 2
13 15 0.042 1 0
12 52 0.043 1 2
18 5 0.060 1 2
30 10 0.158 1 0
17 100 0.090 1 0
42 30 0.233 1 0
84 5 0.389 1 0
35 15 0.145 1 0
175 15 0.641 1 2
21 10 0.103 1 2
192 15 0.756 1 0
194 5 0.782 1 0
47 100 0.162 1 0
25 15 0.090 1 0
60 22 0.375 1 0
35 15 0.138 1 2
10 30 0.031 1 0
173 30 0.989 1 0
10 5 0.067 1 0
52 70 0.179 1 0
33 100 0.101 1 0
72 100 0.393 1 2
189 10 0.620 1 0
46 10 0.284 1 2
265 52 1.004 1 0
123 100 0.594 1 2
16 22 0.070 1 0
15 70 0.048 1 0
62 40 0.209 1 0
22 100 0.073 1 0
13 100 0.042 1 2
63 5 0.246 1 0
116 70 0.520 1 0
145 22 0.477 1 0
141 5 0.515 1 0
167 5 0.870 1 2
11 40 0.053 1 2
18 40 0.115 1 0
129 5 0.547 1 2
63 52 0.375 1 0
146 15 0.712 1 0
16 100 0.095 1 0
10 52 0.035 1 2
25 22 0.091 1 0
148 52 0.993 1 0
223 22 1.205 1 2
29 52 0.093 1 0
12 40 0.052 1 0
28 10 0.183 1 0
28 22 0.163 1 0
70 52 0.267 1 0
37 70 0.197 1 0
34 10 0.121 1 2
72 40 0.317 1 2
51 5 0.242 1 0
182 52 0.578 1 0
29 40 0.093 1 2
36 70 0.217 1 0
28 5 0.087 1 0
60 10 0.201 1 0
39 70 0.222 1 2
63 30 0.250 1 0
79 5 0.470 1 0
39 70 0.124 1 0
40 100 0.150 1 2
25 22 0.078 1 0
16 10 0.052 1 2
14 5 0.080 1 0
30 100 0.185 1 0
83 10 0.364 1 2
11 52 0.048 1 0
11 15 0.056 1 0
146 70 0.465 1 0
192 5 0.865 1 0
66 40 0.332 1 2
37 70 0.171 1 0
29 70 0.190 1 2
129 52 0.386 1 0
76 5 0.384 1 0
10 100 0.036 1 0
32 70 0.129 1 2
51 100 0.157 1 0
13 30 0.069 1 0
169 100 0.722 1 0
166 10 0.524 1 2
18 100 0.089 1 2
112 10 0.523 1 2
81 100 0.262 1 0
14 40 0.052 1 0
122 30 0.622 1 0
29 10 0.097 1 2
14 22 0.046 1 2
100 22 0.450 1 0
28 22 0.099 1 2
40 30 0.117 1 2
17 52 0.057 1 2
235 52 0.708 1 0
53 52 0.260 1 0
187 5 0.590 1 2
22 5 0.103 1 0
98 52 0.566 1 0
54 10 0.298 1 2
50 40 0.150 1 0
70 70 0.405 1 0
31 5 0.100 1 0
118 30 0.587 1 2
19 5 0.090 1 0
33 52 0.209 1 0
22 52 0.081 1 0
23 15 0.145 1 2
15 52 0.082 1 0
15 30 0.046 1 0
21 40 0.141 1 2
91 52 0.337 1 0
174 40 0.972 1 2
24 70 0.141 1 0
48 100 0.150 1 2
93 70 0.443 1 0
17 40 0.094 1 0
113 10 0.689 1 0
154 5 0.700 1 0
35 52 0.183 1 2
66 5 0.219 1 0
14 10 0.050 1 0
16 70 0.056 1 2
40 52 0.123 1 0
60 40 0.194 1 2
65 70 0.291 1 2
14 100 0.042 1 0
41 100 0.147 1 2
19 5 0.094 1 2
18 100 0.061 1 2
104 5 0.350 1 2
179 100 1.017 1 0
269 5 1.107 1 0
75 100 0.373 1 0
25 70 0.163 1 0
22 5 0.085 1 0
34 30 0.108 1 0
16 100 0.060 1 0
110 52 0.692 1 2
40 22 0.252 1 0
21 5 0.082 1 0
124 40 0.539 1 2
236 15 1.135 1 0
34 40 0.107 1 2
38 70 0.111 1 2
49 15 0.231 1 0
186 22 1.232 1 2
15 30 0.072 1 2
142 100 0.458 1 0
30 15 0.132 1 0
21 52 0.115 1 0
77 52 0.330 1 0
59 52 0.177 1 0
127 70 0.645 1 2
35 5 0.232 1 2
17 70 0.073 1 0
30 5 0.190 1 0
111 15 0.339 1 0
42 100 0.247 1 0
26 15 0.155 1 2
112 5 0.455 1 0
35 15 0.116 1 0
67 5 0.298 1 0
64 52 0.281 1 2
71 100 0.229 1 2
155 100 0.896 1 0
196 15 0.729 1 0
12 70 0.043 1 2
11 30 0.041 1 0
14 22 0.060 1 0
94 30 0.375 1 0
177 30 0.550 1 0
57 10 0.197 1 2
132 70 0.626 1 0
16 10 0.067 1 2
88 100 0.391 1 0
67 70 0.213 1 2
35 70 0.108 1 0
31 22 0.115 1 0
12 40 0.040 1 0
67 10 0.250 1 2
52 10 0.287 1 2
84 30 0.351 1 0
212 40 0.845 1 2
76 52 0.298 1 2
123 10 0.597 1 0
47 30 0.187 1 0
38 22 0.153 1 0
64 100 0.424 1 0
48 5 0.274 1 2
75 70 0.248 1 0
123 22 0.621 1 0
19 70 0.058 1 0
18 15 0.066 1 0
38 70 0.208 1 2
16 100 0.085 1 0
34 10 0.100 1 2
67 100 0.199 1 0
11 52 0.034 1 0
10 30 0.039 1 0
31 100 0.120 1 0
28 100 0.122 1 0
53 10 0.346 1 0
26 10 0.099 1 0
214 15 0.702 1 0
21 30 0.090 1 2
76 70 0.326 1 0
140 15 0.645 1 0
184 15 0.634 1 0
257 30 1.412 1 2
32 22 0.137 1 0
322 5 1.077 1 2
27 15 0.168 1 0
164 70 0.722 1 0
73 70 0.445 1 0
66 10 0.210 1 0
45 10 0.137 1 0
25 100 0.152 1 0
77 40 0.418 1 0
36 100 0.115 1 0
86 70 0.332 1 2
203 22 1.187 1 0
61 100 0.191 1 2
290 15 1.103 1 2
126 30 0.494 1 2
90 52 0.506 1 0
27 30 0.100 1 0
159 22 0.605 1 0
57 30 0.201 1 0
212 5 0.658 1 2
218 40 0.865 1 0
13 22 0.047 1 0
11 15 0.040 1 0
17 70 0.059 1 2
57 10 0.245 1 0
114 100 0.570 1 0
171 30 0.655 1 0
78 40 0.358 1 0
37 70 0.154 1 0
106 10 0.352 1 0
124 70 0.805 1 0
27 70 0.085 1 0
12 10 0.072 1 2
173 10 0.920 1 0
228 40 1.357 1 2
52 70 0.182 1 0
13 22 0.087 1 0
162 100 0.726 1 0
108 40 0.347 1 0
16 5 0.050 1 0
29 5 0.139 1 2
27 5 0.087 1 2
62 30 0.182 1 0
35 40 0.202 1 0
47 5 0.288 1 2
195 52 0.771 1 0
18 40 0.107 1 0
285 10 1.370 1 0
15 52 0.056 1 2
24 52 0.159 1 0
36 22 0.106 1 2
13 10 0.042 1 2
90 10 0.375 1 0
39 22 0.176 1 0
72 40 0.414 1 2
13 52 0.068 1 0
37 30 0.117 1 0
59 5 0.299 1 2
323 100 1.000 1 2
40 52 0.162 1 0
14 30 0.057 1 0
50 22 0.146 1 0
65 5 0.193 1 0
142 22 0.866 1 2
15 52 0.060 1 0
68 52 0.202 1 0
39 10 0.114 1 2
80 100 0.236 1 2
53 15 0.349 1 0
54 70 0.178 1 0
12 15 0.072 1 2
136 52 0.621 1 2
18 5 0.053 1 0
251 40 1.459 1 0
19 15 0.066 1 0
15 10 0.092 1 0
51 5 0.163 1 0
39 70 0.122 1 2
21 100 0.123 1 0
179 5 1.011 1 0
295 30 1.844 1 0
54 52 0.238 1 2
19 52 0.071 1 0
70 40 0.350 1 0
45 5 0.283 1 0
62 10 0.235 1 2
167 40 0.756 1 0
95 40 0.406 1 0
13 70 0.038 1 0
156 10 0.940 1 0
110 40 0.576 1 0
17 15 0.063 1 0
36 40 0.110 1 0
15 52 0.100 1 0
33 70 0.221 1 0
192 70 0.662 1 0
19 100 0.073 1 0
34 5 0.123 1 0
294 100 0.878 1 0
59 22 0.322 1 0
169 30 0.638 1 2
39 52 0.225 1 2
162 15 0.549 1 0
15 22 0.055 1 0
43 52 0.153 1 2
19 30 0.079 1 0
38 70 0.166 1 2
56 22 0.280 1 0
69 52 0.245 1 2
11 70 0.036 1 2
125 15 0.403 1 0
278 22 0.972 1 0
12 15 0.039 1 2
25 52 0.093 1 0
125 5 0.425 1 0
13 100 0.053 1 0
147 40 0.559 1 0
293 5 1.534 1 0
287 40 0.986 1 0
117 22 0.418 1 0
35 5 0.118 1 0
24 5 0.081 1 0
169 5 1.018 1 2
19 5 0.077 1 2
129 70 0.791 1 0
37 5 0.129 1 0
31 5 0.116 1 0
109 52 0.384 1 0
17 70 0.051 1 0
17 22 0.058 1 0
59 40 0.250 1 2
10 70 0.039 1 0
46 40 0.222 1 2
24 10 0.080 1 0
31 100 0.203 1 0
47 70 0.149 1 2
21 5 0.087 1 2
20 100 0.113 1 2
37 100 0.206 1 2
10 10 0.030 1 0
103 15 0.442 1 2
39 10 0.184 1 2
37 22 0.119 1 0
334 70 1.731 1 2
10 5 0.044 1 2
15 5 0.100 1 2
40 10 0.152 1 2
336 30 0.988 1 0
56 40 0.197 1 0
77 100 0.365 1 0
73 30 0.432 1 2
33 5 0.175 1 2
24 100 0.073 1 0
10 22 0.031 1 2
10 52 0.037 1 2
101 52 0.390 1 0
42 22 0.127 1 0
20 5 0.102 1 0
323 5 1.166 1 0
21 70 0.130 1 0
336 5 1.000 1 2
39 15 0.188 1 0
31 15 0.139 1 0
25 10 0.117 1 0
313 15 0.915 1 0
32 22 0.212 1 0
15 5 0.065 1 2
73 52 0.297 1 2
130 52 0.823 1 2
16 5 0.083 1 0
12 52 0.051 1 2
72 5 0.293 1 2
41 10 0.148 2 1
26 30 0.144 2 0
17 40 0.111 2 1
16 52 0.074 2 1
11 52 0.037 2 1
26 70 0.136 2 1
249 40 0.806 2 0
18 15 0.059 2 0
32 100 0.128 2 0
65 5 0.278 2 0
13 22 0.068 2 1
234 70 0.925 2 0
10 5 0.041 2 0
61 40 0.191 2 0
19 70 0.091 2 1
93 5 0.596 2 1
20 15 0.059 2 0
15 15 0.050 2 0
226 5 0.863 2 0
143 100 0.467 2 1
61 40 0.332 2 1
33 22 0.096 2 0
24 22 0.110 2 0
26 15 0.122 2 1
98 70 0.645 2 0
120 15 0.458 2 0
151 10 0.611 2 1
25 10 0.128 2 0
10 15 0.040 2 1
10 100 0.057 2 0
38 40 0.137 2 0
74 15 0.308 2 0
53 40 0.215 2 0
19 22 0.070 2 0
162 22 0.761 2 1
14 70 0.048 2 0
139 10 0.507 2 0
100 30 0.641 2 0
131 70 0.434 2 1
113 22 0.598 2 0
17 15 0.062 2 0
16 15 0.090 2 1
24 30 0.127 2 0
163 40 0.738 2 0
14 5 0.062 2 0
72 15 0.365 2 0
56 70 0.171 2 0
21 22 0.109 2 1
22 100 0.134 2 0
40 15 0.136 2 0
60 30 0.176 2 0
30 70 0.116 2 0
160 52 0.653 2 0
174 22 0.529 2 1
17 52 0.050 2 1
47 30 0.153 2 0
19 22 0.071 2 1
43 40 0.131 2 0
317 10 1.517 2 1
14 40 0.094 2 1
18 40 0.055 2 0
71 30 0.237 2 1
171 10 0.653 2 1
38 100 0.184 2 1
40 40 0.193 2 0
162 10 0.494 2 0
51 22 0.222 2 0
106 10 0.475 2 1
11 40 0.033 2 0
13 30 0.051 2 0
51 40 0.192 2 0
61 10 0.228 2 0
16 52 0.091 2 1
69 70 0.388 2 0
101 52 0.502 2 1
197 10 0.663 2 0
151 52 0.572 2 0
93 100 0.333 2 0
18 100 0.053 2 1
23 15 0.126 2 1
37 22 0.168 2 0
59 22 0.376 2 1
134 5 0.391 2 0
15 52 0.044 2 1
101 52 0.502 2 0
38 100 0.125 2 0
106 40 0.393 2 1
16 30 0.063 2 0
19 22 0.057 2 1
123 22 0.392 2 0
121 22 0.462 2 1
100 15 0.365 2 0
21 52 0.073 2 0
18 70 0.055 2 0
308 22 0.969 2 0
130 15 0.625 2 0
25 10 0.161 2 0
75 15 0.276 2 0
280 100 1.267 2 0
60 15 0.259 2 0
39 22 0.171 2 1
15 40 0.061 2 1
23 100 0.098 2 0
101 40 0.402 2 0
31 70 0.153 2 0
158 100 0.562 2 0
11 10 0.042 2 0
98 30 0.386 2 1
181 15 1.097 2 0
27 10 0.131 2 1
149 30 0.677 2 0
14 10 0.050 2 1
148 40 0.846 2 0
20 40 0.117 2 1
65 70 0.274 2 0
27 30 0.084 2 1
38 22 0.150 2 0
72 70 0.226 2 1
14 5 0.059 2 1
57 70 0.215 2 0
21 5 0.135 2 0
17 70 0.112 2 0
58 100 0.247 2 0
27 52 0.139 2 0
33 22 0.198 2 0
49 5 0.187 2 1
143 15 0.737 2 0
127 15 0.506 2 1
11 22 0.042 2 0
50 10 0.333 2 0
33 5 0.182 2 0
16 70 0.047 2 0
154 22 0.786 2 0
16 22 0.089 2 1
12 5 0.057 2 0
34 40 0.183 2 1
15 15 0.052 2 0
37 40 0.124 2 0
32 5 0.122 2 1
22 100 0.098 2 1
15 10 0.057 2 0
130 100 0.699 2 0
18 100 0.055 2 0
34 15 0.191 2 0
18 100 0.075 2 1
33 40 0.099 2 0
61 100 0.231 2 0
81 40 0.255 2 0
18 70 0.108 2 1
74 52 0.404 2 0
318 30 0.933 2 0
16 22 0.066 2 1
19 22 0.117 2 0
194 15 0.732 2 0
111 22 0.376 2 1
92 100 0.276 2 1
75 70 0.223 2 0
335 10 1.565 2 0
134 22 0.779 2 1
52 15 0.179 2 0
14 10 0.077 2 0
10 30 0.033 2 0
102 40 0.590 2 0
22 40 0.075 2 1
16 100 0.052 2 0
32 15 0.100 2 0
71 22 0.245 2 1
19 10 0.066 2 1
155 30 0.646 2 1
74 100 0.273 2 1
66 22 0.222 2 0
26 52 0.088 2 0
50 100 0.286 2 1
112 22 0.612 2 0
37 100 0.128 2 1
11 70 0.039 2 0
51 100 0.225 2 0
59 10 0.208 2 1
29 10 0.098 2 1
18 52 0.074 2 0
11 30 0.040 2 0
66 30 0.270 2 0
74 52 0.443 2 0
10 5 0.050 2 1
57 70 0.216 2 0
14 30 0.049 2 0
57 40 0.183 2 0
73 52 0.252 2 1
17 5 0.107 2 1
10 100 0.068 2 0
177 40 0.839 2 0
20 10 0.069 2 0
16 100 0.089 2 0
25 30 0.088 2 1
66 30 0.237 2 1
54 10 0.209 2 0
76 10 0.494 2 1
15 5 0.045 2 1
162 5 0.689 2 1
56 10 0.204 2 0
100 22 0.351 2 0
65 10 0.419 2 0
60 52 0.232 2 1
20 70 0.059 2 0
13 15 0.086 2 1
28 10 0.179 2 0
93 30 0.273 2 1
286 5 0.851 2 0
67 40 0.435 2 0
15 52 0.051 2 1
186 70 0.560 2 1
10 100 0.035 2 0
300 100 0.980 2 0
10 100 0.047 2 0
32 40 0.106 2 0
285 22 0.831 2 0
59 30 0.187 2 0
107 40 0.340 2 1
26 52 0.153 2 1
17 22 0.075 2 0
338 15 1.083 2 0
150 52 0.497 2 1
156 10 0.957 2 0
28 5 0.172 2 1
34 100 0.179 2 0
38 40 0.135 2 1
77 15 0.243 2 0
24 52 0.085 2 0
110 30 0.601 2 1
159 5 0.723 2 0
125 22 0.683 2 1
193 10 0.862 2 0
25 22 0.101 2 0
19 10 0.057 2 1
320 70 0.973 2 0
40 70 0.208 2 1
115 5 0.340 2 0
73 52 0.336 2 0
47 100 0.216 2 0
177 5 0.594 2 1
14 40 0.077 2 1
102 30 0.298 2 1
12 30 0.052 2 0
26 30 0.102 2 0
36 30 0.198 2 0
27 30 0.153 2 0
131 5 0.562 2 0
54 22 0.348 2 0
17 52 0.106 2 1
10 15 0.059 2 0
58 100 0.220 2 0
14 100 0.066 2 0
72 70 0.486 2 1
73 52 0.415 2 0
41 30 0.190 2 0
133 5 0.390 2 0
11 10 0.037 2 0
34 22 0.121 2 1
23 52 0.069 2 0
62 52 0.228 2 0
79 100 0.289 2 0
28 10 0.100 2 1
26 30 0.089 2 0
67 5 0.222 2 1
61 52 0.231 2 1
14 30 0.051 2 1
18 52 0.076 2 0
148 15 0.744 2 1
50 100 0.316 2 1
16 100 0.107 2 0
66 100 0.324 2 0
15 30 0.065 2 1
22 10 0.072 2 0
93 22 0.339 2 0
18 15 0.115 2 0
11 30 0.045 2 0
163 10 0.627 2 0
34 15 0.197 2 0
29 70 0.195 2 0
31 5 0.136 2 0
33 70 0.134 2 1
10 100 0.033 2 1
31 15 0.195 2 0
76 100 0.434 2 1
53 40 0.158 2 0
70 5 0.279 2 0
304 70 1.192 2 1
27 5 0.122 2 0
18 30 0.072 2 1
36 5 0.169 2 0
12 10 0.041 2 0
116 52 0.367 2 1
36 5 0.188 2 0
144 70 0.857 2 0
40 30 0.164 2 0
51 15 0.270 2 1
20 70 0.082 2 0
34 100 0.164 2 0
21 10 0.118 2 0
50 40 0.255 2 0
42 40 0.130 2 0
44 5 0.165 2 0
110 40 0.659 2 0
151 100 0.926 2 0
14 70 0.051 2 0
35 52 0.110 2 0
31 70 0.138 2 1
86 22 0.257 2 1
63 40 0.212 2 0
13 22 0.048 2 1
23 22 0.118 2 0
46 5 0.183 2 0
72 10 0.424 2 1
16 70 0.078 2 1
34 5 0.163 2 1
14 30 0.088 2 0
63 22 0.252 2 1
103 70 0.673 2 0
106 100 0.445 2 0
72 10 0.234 2 0
24 10 0.110 2 0
25 15 0.110 2 0
280 70 1.667 2 0
75 15 0.335 2 0
121 5 0.455 2 0
40 10 0.150 2 0
48 5 0.247 2 1
203 15 1.030 2 0
52 22 0.184 2 0
38 30 0.132 2 1
39 22 0.147 2 0
53 10 0.189 2 0
280 40 1.806 2 0
32 5 0.104 2 0
189 22 0.589 2 1
150 22 0.545 2 0
13 30 0.049 2 1
114 30 0.392 2 1
151 15 0.968 2 0
27 5 0.180 2 1
33 5 0.153 2 0
163 15 0.853 2 1
62 15 0.267 2 0
93 100 0.321 2 1
19 5 0.079 2 0
189 22 1.196 2 0
18 30 0.087 2 1
12 30 0.041 2 0
149 22 0.706 2 0
143 100 0.929 2 0
84 10 0.361 2 0
75 5 0.231 2 0
19 70 0.091 2 0
11 5 0.042 2 0
128 22 0.391 2 1
42 52 0.178 2 1
20 5 0.106 2 1
59 22 0.272 2 0
226 5 0.787 2 0
35 10 0.174 2 1
13 15 0.058 2 0
12 30 0.063 2 1
302 52 1.405 2 0
171 40 0.690 2 0
309 10 0.936 2 0
64 40 0.340 2 0
85 52 0.272 2 0
277 100 0.820 2 0
51 40 0.187 2 1
211 40 1.005 2 0
90 5 0.318 2 0
135 10 0.414 2 0
27 5 0.085 2 0
43 30 0.167 2 1
111 70 0.451 2 0
315 40 2.086 2 0
248 5 0.899 2 0
49 22 0.156 2 0
44 15 0.228 2 0
84 15 0.319 2 0
70 22 0.264 2 0
52 70 0.234 2 1
33 40 0.141 2 0
59 22 0.366 2 0
139 30 0.486 2 0
19 10 0.101 2 0
130 70 0.430 2 0
265 70 1.667 2 1
36 70 0.164 2 0
12 70 0.041 2 1
46 100 0.189 2 0
22 5 0.102 2 0
26 22 0.169 2 1
82 15 0.291 2 0
83 100 0.350 2 0
163 100 0.568 2 0
63 52 0.261 2 0
38 52 0.121 2 0
58 100 0.183 2 0
138 30 0.793 2 1
30 10 0.095 2 0
22 5 0.085 2 0
324 30 2.104 2 0
66 100 0.193 2 1
14 52 0.090 2 0
165 100 0.797 2 1
122 22 0.401 2 0
14 15 0.063 2 0
60 15 0.193 2 1
13 52 0.046 2 1
20 70 0.127 2 1
181 70 0.953 2 1
21 40 0.101 2 1
39 15 0.143 2 0
27 100 0.145 2 0
59 70 0.199 2 0
28 40 0.138 2 0
79 15 0.335 2 0
118 100 0.457 2 0
57 52 0.216 2 0
18 100 0.071 2 1
107 40 0.560 2 0
35 5 0.152 2 0
12 52 0.041 2 0
47 10 0.318 2 0
60 52 0.213 2 0
75 40 0.362 2 0
62 10 0.385 2 0
31 70 0.151 2 0
57 5 0.204 2 1
86 40 0.465 2 0
17 30 0.051 2 0
26 70 0.125 2 0
52 22 0.271 2 0
119 5 0.636 2 1
19 22 0.076 2 0
19 22 0.075 2 0
39 15 0.224 2 0
144 30 0.941 2 0
37 30 0.185 2 1
208 22 0.852 2 1
310 22 1.319 2 0
32 15 0.176 2 0
53 15 0.279 2 0
272 100 1.648 2 0
12 30 0.060 2 0
28 40 0.122 2 0
87 5 0.392 2 0
16 5 0.050 2 1
238 70 0.741 2 0
318 5 0.997 2 1
51 5 0.151 2 1
11 30 0.034 2 0
67 30 0.305 2 0
47 52 0.198 2 0
50 10 0.287 2 0
52 10 0.333 2 0
16 70 0.085 2 0
61 10 0.230 2 0
152 30 0.589 2 0
23 10 0.135 2 0
182 22 0.755 2 0
79 22 0.317 2 0
126 40 0.424 2 1
31 40 0.113 2 0
29 5 0.117 2 0
17 70 0.055 2 0
37 5 0.194 2 0
63 100 0.188 2 1
12 22 0.065 2 0
52 100 0.338 2 1
264 5 0.788 2 0
17 5 0.089 2 1
34 70 0.155 2 0
214 22 1.329 2 0
51 70 0.173 2 1
291 40 1.890 2 1
15 22 0.076 2 0
12 22 0.041 2 1
170 10 1.104 2 1
43 70 0.139 2 0
168 70 0.743 2 0
30 100 0.094 2 1
180 10 0.857 2 0
10 100 0.032 2 0
64 70 0.208 2 1
61 5 0.303 2 1
72 52 0.238 2 0
12 52 0.050 2 1
15 15 0.093 2 1
21 40 0.124 2 1
17 40 0.078 2 1
60 100 0.377 2 0
16 30 0.048 2 0
49 22 0.209 2 0
160 100 0.766 2 0
182 15 0.850 2 0
26 30 0.084 2 0
36 15 0.122 2 0
37 10 0.170 2 0
45 40 0.199 2 1
114 40 0.415 2 0
10 15 0.037 2 0
17 100 0.111 2 1
69 52 0.229 2 1
11 40 0.050 2 0
59 70 0.190 2 1
14 5 0.057 2 0
17 100 0.053 2 0
20 5 0.133 2 0
28 5 0.155 2 0
64 40 0.203 2 0
50 100 0.178 2 0
93 40 0.372 2 1
12 5 0.053 2 0
172 52 0.714 2 0
60 40 0.226 2 0
45 5 0.136 2 0
158 70 0.581 2 1
42 15 0.128 2 1
17 70 0.059 2 0
38 70 0.250 2 0
176 70 0.521 2 0
106 5 0.609 2 0
220 30 0.728 2 0
66 30 0.322 2 1
19 10 0.085 2 1
14 15 0.054 2 1
116 15 0.439 2 1
19 10 0.056 2 1
22 15 0.088 2 0
36 30 0.139 2 1
32 30 0.094 2 0
77 70 0.228 2 1
113 40 0.330 2 0
308 15 1.495 2 0
322 70 1.016 2 0
39 70 0.127 2 0
153 40 0.869 2 1
26 40 0.133 2 1
17 52 0.052 2 1
190 15 0.812 2 0
24 30 0.070 2 0
14 22 0.045 2 0
57 40 0.380 2 0
13 40 0.047 2 0
20 5 0.063 2 0
23 15 0.119 2 0
20 5 0.068 2 0
55 30 0.275 2 0
16 15 0.077 2 0
48 30 0.171 2 0
28 30 0.158 2 0
120 40 0.382 2 0
27 100 0.090 2 0
10 5 0.031 2 0
284 52 0.863 2 0
38 15 0.169 2 1
35 30 0.130 2 0
45 22 0.220 2 0
22 22 0.071 2 0
139 100 0.813 2 1
75 5 0.397 2 1
45 30 0.220 2 0
75 40 0.227 2 0
158 100 0.627 2 1
10 30 0.045 2 1
152 10 0.784 2 0
12 22 0.056 2 0
29 40 0.123 2 0
127 40 0.514 2 0
199 100 0.591 2 0
31 70 0.113 2 0
19 5 0.123 2 0
66 70 0.219 2 0
111 40 0.496 2 0
75 5 0.280 2 1
306 15 1.003 2 0
71 52 0.296 2 1
163 52 0.642 2 1
40 30 0.212 2 1
19 40 0.119 2 0
55 52 0.337 2 0
60 100 0.331 2 1
15 5 0.053 2 0
32 10 0.188 2 0
81 52 0.362 2 0
262 40 0.777 2 0
30 40 0.101 2 0
46 70 0.183 2 0
12 70 0.037 2 1
190 15 0.776 2 1
18 30 0.071 2 0
10 5 0.067 2 0
124 15 0.539 2 0
169 10 0.684 2 1
15 10 0.059 2 0
50 100 0.230 2 0
289 70 1.720 2 1
