156 40 0.549 0 2
94 40 0.409 0 2
31 15 0.155 0 1
73 10 0.277 0 2
129 30 0.709 0 2
71 30 0.234 0 1
53 15 0.186 0 2
13 22 0.076 0 1
15 100 0.047 0 2
39 70 0.129 0 1
152 10 0.502 0 1
72 15 0.330 0 1
16 15 0.050 0 1
33 70 0.101 0 1
31 70 0.142 0 1
22 5 0.071 0 2
105 15 0.418 0 1
64 22 0.312 0 2
37 22 0.181 0 2
99 22 0.483 0 1
13 100 0.055 0 1
33 52 0.138 0 2
18 5 0.059 0 2
15 100 0.052 0 2
18 30 0.095 0 1
52 52 0.182 0 2
277 100 0.926 0 1
102 5 0.360 0 2
37 5 0.139 0 1
290 52 1.518 0 2
13 22 0.070 0 1
54 10 0.365 0 2
12 52 0.050 0 1
12 22 0.081 0 2
10 40 0.042 0 2
312 100 1.345 0 2
13 100 0.075 0 2
11 52 0.051 0 2
146 40 0.465 0 1
35 52 0.166 0 2
99 52 0.429 0 1
53 40 0.206 0 1
59 40 0.206 0 2
47 30 0.234 0 2
45 22 0.292 0 1
36 40 0.149 0 1
23 10 0.081 0 1
148 52 0.607 0 2
15 15 0.046 0 1
73 70 0.290 0 1
19 40 0.127 0 1
28 15 0.109 0 2
14 40 0.048 0 1
133 22 0.747 0 2
240 22 1.481 0 2
196 30 0.609 0 1
40 15 0.147 0 1
11 5 0.040 0 2
239 10 0.996 0 2
15 5 0.048 0 1
23 52 0.142 0 2
159 22 0.685 0 2
51 10 0.276 0 2
38 22 0.142 0 2
38 5 0.113 0 1
11 5 0.044 0 1
14 100 0.052 0 2
292 52 1.688 0 2
257 30 1.658 0 1
18 5 0.099 0 2
35 52 0.163 0 1
89 30 0.263 0 1
36 5 0.122 0 1
56 70 0.187 0 1
12 100 0.059 0 2
130 52 0.734 0 1
37 40 0.131 0 2
15 15 0.075 0 1
71 70 0.266 0 2
63 100 0.254 0 1
69 10 0.273 0 1
12 22 0.044 0 2
207 15 0.972 0 1
22 40 0.091 0 1
49 10 0.217 0 1
181 30 0.555 0 2
24 15 0.126 0 2
319 30 1.922 0 1
58 10 0.173 0 1
77 10 0.248 0 2
13 5 0.041 0 2
92 10 0.308 0 2
184 10 0.979 0 1
51 10 0.181 0 1
35 40 0.110 0 2
75 100 0.475 0 2
99 52 0.332 0 2
104 15 0.329 0 1
45 15 0.169 0 2
33 30 0.198 0 1
225 70 0.738 0 2
42 10 0.236 0 1
17 5 0.077 0 1
142 5 0.626 0 1
23 5 0.098 0 1
17 52 0.108 0 1
243 100 1.090 0 2
10 22 0.032 0 1
178 40 0.682 0 1
137 100 0.668 0 2
59 30 0.258 0 1
10 10 0.058 0 2
18 5 0.068 0 1
103 22 0.569 0 2
30 15 0.142 0 2
109 30 0.359 0 1
91 40 0.329 0 2
54 100 0.158 0 2
34 70 0.217 0 1
67 22 0.252 0 1
32 70 0.170 0 1
35 70 0.177 0 2
10 40 0.065 0 1
176 52 0.786 0 1
65 52 0.209 0 2
306 100 1.121 0 2
144 70 0.516 0 1
36 22 0.197 0 1
60 15 0.319 0 2
250 40 1.613 0 1
148 10 0.804 0 2
10 5 0.029 0 2
181 40 0.862 0 1
264 52 0.846 0 1
115 10 0.391 0 2
19 10 0.071 0 2
27 52 0.165 0 2
57 5 0.229 0 2
31 52 0.140 0 2
44 100 0.267 0 1
34 30 0.106 0 2
36 40 0.136 0 2
65 70 0.266 0 2
11 15 0.034 0 1
36 100 0.142 0 1
20 10 0.068 0 2
67 30 0.213 0 2
71 70 0.360 0 2
29 15 0.122 0 1
16 5 0.067 0 1
71 15 0.209 0 1
82 22 0.427 0 1
17 5 0.077 0 2
29 30 0.092 0 2
50 70 0.152 0 2
115 30 0.466 0 1
68 52 0.300 0 2
17 100 0.051 0 2
21 100 0.080 0 1
77 22 0.312 0 2
76 40 0.227 0 2
67 100 0.195 0 2
15 5 0.060 0 2
13 10 0.047 0 2
79 30 0.311 0 2
149 15 0.993 0 1
72 40 0.250 0 1
62 70 0.219 0 1
190 70 1.138 0 2
66 70 0.395 0 1
101 15 0.387 0 1
57 15 0.317 0 2
18 40 0.055 0 1
54 22 0.250 0 1
177 5 1.135 0 1
63 52 0.244 0 1
287 30 0.926 0 2
17 5 0.081 0 2
10 10 0.039 0 2
24 5 0.145 0 1
162 70 0.514 0 2
243 40 0.847 0 2
19 30 0.062 0 2
122 30 0.449 0 2
43 52 0.212 0 2
23 30 0.108 0 2
100 5 0.370 0 2
37 22 0.135 0 1
10 15 0.041 0 1
10 100 0.032 0 1
198 10 1.200 0 1
190 10 0.671 0 1
182 15 0.728 0 1
297 22 0.937 0 1
60 40 0.268 0 2
41 5 0.199 0 2
38 70 0.174 0 1
36 15 0.108 0 2
28 22 0.093 0 1
15 22 0.069 0 2
199 10 0.703 0 1
74 15 0.244 0 2
199 100 0.718 0 2
14 10 0.048 0 1
62 10 0.371 0 2
28 70 0.168 0 2
294 70 1.581 0 1
107 10 0.442 0 1
48 15 0.206 0 1
36 15 0.153 0 2
37 100 0.109 0 2
13 100 0.040 0 1
42 30 0.240 0 1
77 70 0.301 0 2
13 40 0.044 0 1
10 52 0.043 0 2
37 100 0.113 0 2
157 52 0.789 0 2
117 40 0.402 0 1
74 10 0.253 0 1
55 40 0.364 0 2
70 52 0.400 0 1
137 100 0.761 0 1
27 70 0.128 0 2
25 40 0.120 0 1
50 30 0.168 0 2
69 15 0.284 0 1
75 70 0.441 0 1
68 22 0.245 0 1
13 40 0.045 0 2
19 22 0.061 0 1
35 40 0.182 0 2
91 100 0.289 0 2
154 10 0.774 0 2
190 15 0.868 0 2
20 30 0.065 0 1
32 70 0.142 0 1
107 10 0.323 0 1
23 40 0.133 0 2
12 10 0.035 0 1
106 10 0.337 0 1
29 10 0.098 0 1
38 52 0.211 0 2
10 40 0.039 0 2
57 22 0.175 0 1
74 100 0.250 0 1
19 22 0.093 0 1
10 15 0.048 0 1
46 70 0.305 0 1
68 52 0.272 0 1
19 22 0.062 0 2
23 30 0.086 0 1
10 30 0.035 0 1
145 30 0.918 0 2
162 70 1.012 0 2
19 10 0.059 0 1
142 5 0.423 0 1
52 15 0.186 0 1
71 100 0.220 0 1
36 15 0.160 0 1
284 10 1.651 0 1
147 30 0.518 0 1
29 52 0.192 0 2
77 52 0.282 0 2
37 22 0.214 0 1
32 15 0.140 0 2
98 10 0.533 0 2
19 70 0.077 0 2
11 30 0.054 0 2
154 10 0.737 0 2
33 22 0.099 0 2
103 52 0.548 0 2
79 100 0.439 0 1
32 100 0.122 0 2
23 10 0.075 0 2
13 40 0.067 0 2
184 100 0.979 0 1
174 15 0.704 0 1
14 100 0.051 0 2
179 52 1.178 0 1
28 40 0.103 0 1
288 52 0.993 0 2
136 10 0.829 0 1
46 70 0.158 0 1
79 30 0.245 0 2
128 15 0.831 0 2
22 40 0.075 0 1
131 40 0.494 0 2
16 100 0.100 0 2
173 30 0.718 0 2
162 100 0.500 0 2
11 5 0.050 0 1
32 70 0.155 0 2
264 30 1.288 0 2
23 15 0.075 0 1
75 70 0.219 0 1
40 22 0.231 0 2
110 30 0.440 0 2
165 15 0.676 0 2
42 15 0.161 0 1
24 10 0.142 0 2
55 22 0.320 0 1
49 52 0.159 0 1
59 52 0.195 0 1
133 22 0.743 0 2
11 100 0.041 0 1
15 100 0.058 0 1
16 5 0.094 0 2
119 10 0.498 0 1
146 40 0.749 0 2
105 30 0.493 0 2
59 15 0.364 0 2
210 5 1.160 0 1
48 40 0.175 0 2
87 70 0.410 0 2
58 10 0.211 0 1
80 70 0.329 0 2
313 52 1.720 0 2
78 70 0.413 0 2
66 15 0.253 0 1
160 70 0.751 0 2
17 40 0.058 0 1
122 40 0.498 0 2
106 40 0.567 0 1
19 30 0.062 0 2
28 40 0.103 0 2
15 70 0.074 0 1
55 40 0.165 0 1
148 5 0.809 0 2
52 40 0.211 0 2
14 5 0.071 0 2
71 10 0.359 0 2
96 52 0.337 0 2
41 100 0.129 0 2
40 15 0.226 0 2
35 10 0.102 0 1
16 100 0.103 0 2
27 40 0.092 0 2
22 40 0.089 0 1
18 22 0.064 0 1
20 40 0.062 0 1
18 15 0.080 0 1
153 30 0.459 0 1
38 40 0.203 0 1
180 70 0.720 0 2
332 22 2.128 0 1
94 70 0.315 0 1
49 22 0.277 0 2
99 40 0.442 0 1
35 30 0.119 0 2
60 40 0.182 0 2
34 40 0.171 0 1
91 70 0.460 0 2
32 30 0.175 0 2
16 10 0.048 1 0
18 100 0.087 1 0
211 30 0.781 1 2
28 15 0.084 1 0
31 5 0.103 1 0
45 10 0.145 1 0
81 40 0.240 1 2
116 15 0.601 1 0
59 15 0.216 1 0
11 70 0.055 1 2
33 10 0.209 1 0
10 70 0.032 1 0
192 100 1.280 1 0
20 100 0.121 1 0
57 52 0.243 1 2
65 5 0.340 1 2
53 100 0.290 1 2
64 52 0.264 1 0
10 22 0.036 1 0
10 100 0.042 1 0
24 22 0.130 1 0
56 70 0.269 1 0
14 40 0.058 1 0
140 52 0.423 1 0
174 15 0.539 1 0
104 70 0.502 1 0
55 30 0.229 1 0
78 70 0.277 1 0
57 70 0.201 1 0
25 22 0.077 1 0
44 100 0.259 1 0
12 100 0.057 1 0
16 22 0.089 1 2
143 10 0.624 1 0
68 5 0.400 1 0
102 40 0.455 1 2
118 10 0.431 1 2
134 10 0.623 1 0
55 10 0.331 1 0
247 70 0.832 1 0
64 15 0.217 1 0
57 15 0.178 1 0
22 100 0.102 1 0
15 22 0.077 1 0
188 70 0.989 1 0
332 30 1.942 1 0
52 70 0.215 1 0
290 22 1.568 1 0
12 70 0.060 1 2
19 52 0.107 1 0
11 15 0.049 1 0
28 10 0.083 1 2
135 10 0.722 1 0
22 100 0.086 1 0
27 15 0.135 1 2
167 30 0.815 1 2
64 40 0.247 1 0
16 10 0.076 1 2
29 100 0.104 1 0
47 22 0.197 1 0
14 100 0.080 1 0
189 100 0.887 1 2
123 5 0.750 1 2
273 30 0.925 1 0
10 5 0.047 1 0
33 100 0.173 1 0
50 5 0.187 1 2
47 22 0.214 1 0
193 100 0.960 1 0
57 5 0.204 1 0
10 40 0.033 1 2
43 10 0.148 1 0
67 22 0.319 1 0
40 52 0.240 1 0
48 5 0.212 1 0
111 52 0.348 1 2
11 10 0.045 1 0
39 52 0.234 1 2
20 15 0.072 1 0
59 5 0.184 1 0
100 5 0.333 1 0
161 10 0.716 1 0
28 70 0.133 1 0
16 70 0.049 1 2
34 15 0.139 1 0
12 40 0.039 1 2
69 15 0.317 1 0
38 52 0.121 1 0
36 30 0.176 1 0
23 15 0.097 1 0
281 100 1.206 1 2
97 40 0.577 1 0
111 100 0.404 1 0
125 10 0.698 1 2
167 30 0.732 1 2
48 5 0.251 1 2
160 100 0.510 1 2
26 70 0.117 1 0
282 15 1.041 1 0
51 70 0.194 1 2
45 22 0.137 1 0
44 52 0.284 1 0
16 10 0.078 1 2
44 10 0.239 1 0
18 15 0.061 1 0
134 22 0.812 1 0
212 100 1.010 1 2
18 52 0.117 1 0
12 30 0.059 1 0
332 40 1.012 1 0
18 22 0.102 1 0
40 100 0.207 1 0
57 15 0.222 1 2
19 22 0.107 1 2
31 22 0.128 1 0
64 100 0.200 1 0
36 70 0.242 1 0
15 70 0.062 1 0
47 52 0.202 1 2
121 40 0.388 1 0
11 40 0.049 1 0
89 30 0.346 1 2
53 15 0.215 1 0
51 5 0.152 1 2
47 70 0.139 1 2
22 5 0.072 1 0
49 52 0.231 1 0
38 22 0.128 1 0
32 100 0.120 1 2
18 5 0.115 1 0
31 15 0.185 1 2
14 52 0.085 1 0
17 15 0.065 1 0
164 10 0.792 1 0
15 40 0.099 1 0
186 15 0.560 1 0
15 10 0.059 1 0
118 10 0.403 1 2
83 5 0.291 1 2
32 40 0.159 1 2
166 5 0.834 1 2
12 100 0.048 1 2
68 15 0.216 1 0
19 52 0.119 1 2
13 52 0.060 1 0
46 40 0.145 1 0
22 70 0.072 1 0
10 40 0.036 1 0
267 10 1.136 1 0
12 5 0.047 1 0
209 30 1.155 1 0
56 22 0.175 1 0
17 15 0.084 1 0
10 15 0.030 1 0
107 5 0.704 1 2
107 70 0.342 1 0
14 15 0.056 1 0
62 22 0.188 1 0
165 40 0.793 1 2
17 5 0.076 1 2
149 10 0.482 1 0
130 10 0.823 1 0
196 40 0.613 1 0
16 15 0.056 1 2
62 15 0.190 1 0
34 22 0.137 1 2
59 100 0.176 1 0
39 70 0.227 1 0
43 52 0.213 1 2
225 15 0.978 1 2
15 30 0.058 1 0
207 15 0.702 1 0
170 70 0.586 1 0
304 40 1.608 1 0
73 22 0.317 1 0
203 5 0.923 1 2
247 30 1.012 1 0
71 15 0.332 1 0
54 100 0.158 1 0
25 10 0.118 1 0
64 5 0.337 1 0
21 22 0.114 1 2
11 70 0.037 1 2
13 100 0.055 1 0
145 22 0.879 1 0
50 5 0.172 1 0
57 15 0.278 1 2
189 52 1.167 1 0
15 30 0.085 1 0
19 40 0.084 1 0
16 10 0.068 1 2
25 52 0.090 1 0
13 40 0.053 1 0
30 40 0.121 1 0
17 40 0.059 1 0
71 30 0.297 1 2
16 40 0.082 1 2
96 52 0.533 1 2
49 100 0.327 1 0
307 22 1.154 1 2
69 52 0.296 1 0
10 10 0.034 1 0
30 40 0.124 1 0
127 52 0.760 1 0
28 70 0.153 1 0
31 100 0.162 1 2
185 70 0.619 1 0
14 5 0.049 1 0
47 22 0.184 1 2
21 10 0.063 1 0
12 30 0.069 1 2
10 15 0.039 1 0
68 15 0.281 1 0
72 30 0.225 1 0
259 70 1.020 1 0
31 30 0.177 1 0
10 52 0.060 1 2
196 5 1.174 1 2
12 15 0.076 1 0
175 10 0.623 1 0
31 52 0.100 1 0
222 52 0.860 1 0
73 52 0.311 1 0
99 5 0.444 1 0
37 10 0.167 1 0
160 52 0.714 1 2
22 10 0.080 1 2
46 5 0.235 1 2
143 30 0.561 1 0
310 10 1.270 1 2
39 10 0.258 1 0
200 100 1.282 1 2
22 52 0.091 1 2
72 10 0.471 1 0
15 100 0.100 1 0
61 5 0.233 1 0
43 70 0.283 1 0
223 10 0.734 1 2
86 100 0.428 1 2
211 52 0.854 1 2
269 10 1.000 1 0
37 70 0.172 1 2
54 100 0.191 1 0
62 22 0.326 1 0
34 52 0.154 1 0
22 15 0.089 1 0
54 52 0.274 1 0
27 52 0.108 1 0
65 22 0.330 1 0
25 22 0.119 1 0
33 22 0.131 1 0
323 10 1.175 1 2
30 15 0.136 1 0
18 5 0.053 1 0
17 10 0.078 1 0
17 70 0.076 1 0
57 5 0.275 1 0
48 5 0.203 1 0
71 70 0.257 1 0
67 30 0.438 1 0
11 15 0.066 1 0
146 40 0.458 1 2
156 100 0.907 1 0
112 15 0.742 1 2
66 52 0.363 1 0
21 100 0.093 1 0
32 10 0.151 1 0
74 22 0.416 1 0
14 70 0.083 1 0
72 10 0.385 1 2
18 22 0.058 1 0
17 100 0.051 1 0
60 15 0.387 1 0
32 15 0.138 1 2
95 10 0.317 1 0
324 52 1.153 1 0
40 10 0.130 1 2
210 5 1.200 1 0
165 30 0.892 1 0
21 30 0.096 1 0
312 100 0.934 1 0
75 15 0.251 1 2
69 52 0.240 1 0
18 15 0.105 1 0
16 15 0.047 1 0
25 10 0.074 1 0
137 70 0.409 1 0
19 70 0.062 1 0
40 5 0.132 1 0
42 15 0.213 1 0
12 10 0.038 1 2
14 40 0.049 1 2
13 52 0.079 1 0
89 40 0.365 1 2
28 15 0.085 1 0
45 52 0.191 1 0
214 15 0.639 1 2
24 10 0.126 1 0
13 40 0.059 1 0
263 100 1.110 1 0
31 52 0.097 1 0
13 10 0.077 1 0
170 30 0.914 1 2
28 30 0.131 1 0
135 22 0.435 1 2
20 5 0.062 1 2
25 10 0.097 1 2
69 5 0.284 1 2
157 15 0.463 1 2
12 5 0.076 1 0
66 10 0.222 1 0
142 30 0.582 1 0
29 10 0.087 1 0
15 100 0.052 1 2
241 70 0.920 1 0
32 30 0.151 1 2
68 70 0.267 1 2
28 52 0.103 1 0
163 15 0.858 1 0
29 5 0.095 1 2
76 40 0.266 1 2
44 10 0.208 1 0
233 30 1.233 1 0
19 70 0.077 1 0
21 52 0.061 1 0
15 70 0.070 1 0
41 5 0.134 1 0
45 5 0.188 1 0
60 40 0.397 1 0
35 52 0.104 1 0
38 15 0.142 1 0
13 5 0.058 1 2
64 5 0.410 1 0
18 52 0.073 1 2
117 100 0.498 1 2
36 10 0.193 1 0
15 40 0.076 1 2
52 15 0.193 1 0
48 52 0.219 1 2
112 100 0.589 1 2
65 100 0.428 1 0
16 52 0.095 1 0
61 15 0.243 1 0
17 30 0.052 1 0
50 100 0.284 1 0
309 10 2.074 1 0
11 5 0.045 1 0
10 70 0.031 1 0
71 70 0.297 1 2
44 40 0.227 1 0
58 5 0.337 1 0
71 5 0.436 1 0
172 40 0.659 1 0
37 30 0.160 1 0
18 5 0.115 1 0
141 52 0.616 1 2
137 15 0.783 1 0
10 70 0.046 1 2
43 30 0.125 1 0
39 52 0.227 1 2
63 15 0.283 1 0
190 15 0.927 1 0
11 15 0.050 1 0
12 70 0.037 1 2
18 10 0.062 1 0
11 5 0.037 1 0
212 30 0.642 1 0
16 52 0.054 1 0
37 70 0.164 1 0
126 22 0.490 1 0
23 15 0.086 2 0
30 15 0.172 2 1
44 5 0.251 2 1
14 70 0.049 2 0
35 52 0.232 2 0
100 15 0.402 2 0
16 5 0.090 2 1
198 10 0.733 2 0
10 70 0.037 2 0
197 100 0.794 2 0
70 70 0.269 2 1
27 5 0.122 2 0
15 30 0.098 2 1
15 40 0.072 2 0
16 10 0.094 2 0
193 100 1.295 2 0
192 10 1.136 2 0
311 5 1.210 2 0
162 5 0.492 2 1
72 30 0.296 2 0
15 22 0.080 2 0
62 100 0.292 2 1
20 15 0.133 2 0
11 52 0.046 2 0
29 22 0.129 2 1
96 5 0.425 2 1
136 30 0.482 2 0
198 40 0.589 2 0
48 30 0.238 2 1
43 5 0.251 2 0
21 70 0.068 2 1
158 40 0.488 2 0
26 100 0.111 2 1
53 40 0.180 2 0
64 30 0.227 2 1
40 40 0.144 2 1
162 22 0.910 2 0
76 100 0.238 2 1
66 30 0.258 2 0
13 5 0.040 2 1
73 10 0.230 2 0
30 5 0.137 2 0
28 5 0.085 2 0
79 15 0.319 2 0
14 15 0.066 2 0
36 52 0.178 2 0
112 30 0.346 2 1
70 30 0.227 2 0
44 100 0.263 2 0
22 100 0.104 2 1
307 22 1.551 2 0
94 30 0.487 2 1
68 70 0.315 2 0
95 15 0.377 2 0
44 10 0.149 2 0
205 10 0.990 2 0
17 70 0.055 2 0
181 30 1.090 2 0
75 22 0.359 2 0
65 15 0.201 2 0
10 52 0.052 2 0
10 22 0.034 2 0
13 40 0.050 2 1
67 5 0.195 2 0
197 70 0.654 2 0
132 10 0.555 2 0
23 40 0.118 2 1
282 10 1.200 2 1
161 5 0.763 2 1
231 52 1.453 2 0
19 70 0.127 2 1
172 40 0.771 2 1
14 30 0.045 2 1
160 70 0.780 2 0
89 40 0.264 2 0
40 40 0.189 2 0
57 22 0.236 2 0
47 100 0.186 2 1
289 22 1.142 2 0
183 5 0.594 2 0
127 15 0.570 2 1
65 52 0.200 2 0
70 100 0.232 2 0
23 70 0.088 2 0
10 100 0.053 2 0
33 52 0.140 2 0
220 30 0.731 2 0
15 22 0.065 2 0
37 52 0.150 2 0
185 70 1.082 2 1
157 52 0.777 2 0
283 40 1.141 2 1
12 22 0.056 2 1
35 5 0.172 2 0
63 70 0.211 2 0
55 52 0.190 2 1
133 22 0.769 2 1
36 30 0.177 2 1
13 70 0.071 2 1
17 30 0.094 2 1
74 100 0.363 2 0
44 30 0.275 2 0
295 22 1.372 2 0
208 5 0.732 2 0
14 100 0.091 2 0
33 70 0.190 2 0
27 5 0.143 2 0
262 70 0.873 2 0
39 30 0.173 2 0
99 30 0.354 2 1
227 70 0.692 2 0
66 40 0.224 2 1
26 30 0.097 2 0
19 40 0.102 2 1
10 52 0.032 2 0
289 5 1.332 2 1
309 10 1.373 2 1
37 52 0.111 2 0
26 10 0.117 2 1
20 10 0.125 2 0
14 15 0.065 2 1
27 52 0.081 2 1
17 30 0.101 2 1
13 15 0.038 2 1
108 22 0.514 2 0
40 30 0.129 2 1
43 22 0.136 2 1
14 15 0.043 2 0
16 10 0.059 2 1
114 10 0.371 2 0
35 10 0.123 2 0
34 40 0.155 2 0
34 30 0.126 2 1
64 15 0.368 2 0
50 10 0.318 2 0
197 100 0.961 2 0
183 30 0.803 2 0
32 30 0.196 2 1
21 70 0.065 2 1
19 22 0.065 2 0
13 40 0.074 2 1
55 15 0.192 2 1
78 15 0.248 2 0
250 15 1.453 2 1
18 52 0.061 2 1
131 22 0.432 2 1
24 22 0.087 2 0
21 22 0.137 2 0
105 5 0.318 2 0
32 40 0.181 2 0
54 5 0.280 2 0
24 40 0.098 2 1
139 22 0.626 2 0
21 100 0.087 2 1
26 70 0.115 2 1
22 22 0.084 2 0
19 30 0.074 2 0
27 100 0.131 2 0
19 52 0.110 2 1
48 70 0.162 2 0
37 40 0.115 2 0
32 15 0.155 2 0
63 10 0.257 2 1
43 52 0.165 2 1
54 70 0.280 2 0
17 40 0.058 2 0
79 40 0.354 2 0
41 22 0.270 2 1
257 10 1.389 2 0
127 5 0.374 2 0
12 5 0.045 2 0
59 5 0.249 2 0
136 70 0.509 2 0
37 70 0.219 2 0
153 5 0.573 2 0
44 40 0.195 2 0
17 30 0.085 2 0
38 52 0.190 2 0
15 5 0.050 2 1
114 22 0.463 2 0
192 10 0.566 2 1
64 100 0.306 2 1
22 100 0.122 2 0
28 30 0.121 2 0
46 22 0.143 2 0
33 5 0.099 2 0
178 100 1.127 2 1
12 5 0.056 2 1
39 22 0.211 2 0
10 52 0.030 2 1
187 70 0.824 2 1
48 15 0.219 2 0
24 22 0.123 2 1
330 70 1.684 2 0
333 52 1.291 2 0
238 52 0.850 2 0
58 5 0.252 2 0
110 70 0.341 2 1
116 70 0.438 2 0
18 10 0.110 2 1
16 5 0.048 2 0
10 100 0.033 2 1
25 10 0.124 2 0
274 70 0.820 2 1
16 22 0.047 2 1
75 52 0.253 2 0
39 52 0.222 2 1
15 70 0.078 2 0
66 30 0.252 2 0
229 15 0.815 2 0
78 52 0.279 2 1
171 52 0.665 2 1
34 10 0.125 2 0
13 70 0.044 2 0
26 15 0.122 2 0
51 15 0.226 2 0
177 15 0.835 2 0
32 30 0.094 2 0
27 100 0.126 2 0
93 52 0.316 2 0
28 15 0.150 2 0
11 70 0.046 2 1
12 40 0.053 2 1
30 52 0.111 2 0
35 5 0.148 2 1
18 100 0.065 2 1
19 70 0.061 2 1
81 30 0.310 2 0
23 5 0.073 2 0
43 22 0.130 2 0
28 22 0.133 2 0
110 100 0.442 2 0
69 10 0.385 2 0
115 5 0.723 2 0
188 30 0.573 2 0
46 70 0.174 2 0
199 15 1.268 2 1
31 22 0.191 2 0
57 22 0.235 2 0
102 100 0.445 2 1
48 40 0.199 2 0
164 70 1.019 2 1
78 40 0.446 2 1
147 10 0.438 2 0
255 22 1.527 2 0
128 100 0.554 2 0
10 5 0.033 2 0
149 100 0.495 2 1
16 70 0.071 2 1
16 70 0.081 2 1
79 100 0.263 2 1
252 10 1.008 2 1
19 70 0.078 2 1
20 30 0.062 2 0
85 10 0.483 2 0
14 30 0.077 2 1
51 30 0.167 2 1
15 22 0.067 2 0
45 10 0.230 2 1
99 22 0.372 2 1
26 22 0.142 2 0
25 40 0.116 2 1
183 15 1.151 2 0
143 70 0.888 2 1
100 100 0.308 2 0
32 10 0.113 2 0
25 70 0.136 2 0
17 52 0.110 2 0
113 52 0.677 2 0
31 5 0.125 2 0
36 40 0.225 2 1
148 15 0.544 2 0
78 30 0.255 2 0
16 10 0.078 2 0
210 5 1.167 2 1
15 5 0.058 2 1
29 5 0.109 2 0
18 52 0.053 2 0
79 70 0.243 2 0
142 15 0.637 2 0
105 100 0.372 2 0
27 10 0.084 2 0
131 30 0.590 2 0
45 10 0.288 2 0
117 70 0.457 2 0
16 10 0.098 2 0
18 15 0.072 2 0
19 5 0.064 2 1
12 15 0.062 2 1
26 52 0.121 2 1
16 15 0.086 2 0
121 52 0.484 2 0
33 70 0.151 2 1
20 100 0.096 2 0
57 40 0.308 2 0
17 15 0.051 2 0
19 15 0.062 2 0
34 30 0.130 2 0
54 22 0.277 2 0
144 70 0.973 2 1
16 70 0.048 2 0
84 15 0.283 2 0
193 30 0.596 2 1
139 5 0.732 2 0
71 15 0.235 2 0
18 100 0.110 2 0
20 52 0.105 2 1
29 52 0.121 2 1
73 52 0.247 2 0
51 52 0.170 2 1
45 22 0.200 2 0
55 30 0.214 2 0
131 40 0.403 2 0
29 15 0.100 2 0
23 70 0.096 2 0
25 15 0.118 2 0
112 15 0.577 2 0
14 5 0.041 2 1
17 10 0.109 2 0
27 10 0.176 2 0
116 10 0.450 2 0
134 100 0.561 2 0
62 15 0.295 2 0
154 40 0.529 2 0
169 30 1.127 2 1
17 15 0.059 2 0
49 40 0.274 2 0
159 100 0.654 2 0
37 5 0.112 2 1
12 70 0.076 2 0
40 22 0.163 2 0
79 22 0.255 2 0
113 40 0.715 2 0
15 70 0.071 2 0
65 40 0.249 2 0
32 52 0.100 2 0
99 40 0.460 2 0
100 22 0.326 2 1
24 40 0.092 2 1
23 30 0.135 2 1
13 10 0.061 2 0
121 52 0.385 2 0
113 100 0.345 2 1
12 22 0.038 2 1
10 5 0.065 2 0
36 15 0.147 2 0
25 30 0.122 2 0
27 100 0.080 2 1
66 15 0.296 2 0
19 52 0.103 2 0
161 40 0.605 2 0
146 100 0.487 2 0
254 40 1.119 2 0
12 5 0.050 2 1
190 70 0.571 2 0
154 40 1.027 2 0
37 70 0.112 2 0
316 15 1.612 2 0
72 5 0.332 2 1
55 5 0.243 2 1
24 40 0.072 2 0
44 70 0.147 2 0
17 5 0.087 2 1
178 22 0.820 2 0
