186 52 0.631 0 3
53 52 0.291 0 1
23 5 0.127 0 3
10 15 0.041 0 3
68 70 0.382 0 1
140 5 0.609 0 2
32 52 0.125 0 3
140 70 0.534 0 2
19 100 0.070 0 2
11 10 0.035 0 3
42 22 0.132 0 1
311 22 1.013 0 2
53 15 0.237 0 1
16 70 0.073 0 2
16 30 0.084 0 3
167 30 0.601 0 1
109 52 0.616 0 2
10 15 0.030 0 3
31 30 0.119 0 2
10 70 0.058 0 1
61 30 0.227 0 2
85 100 0.503 0 3
13 5 0.057 0 1
44 40 0.143 0 3
76 5 0.450 0 1
13 100 0.085 0 2
44 100 0.146 0 2
144 30 0.600 0 2
212 100 1.014 0 3
30 52 0.097 0 2
140 40 0.819 0 1
52 30 0.287 0 3
15 100 0.067 0 1
46 30 0.197 0 3
166 15 0.661 0 1
212 15 0.855 0 3
134 22 0.480 0 2
116 5 0.611 0 1
129 40 0.571 0 2
14 52 0.068 0 1
77 30 0.274 0 1
71 10 0.270 0 2
14 22 0.048 0 2
48 15 0.151 0 3
17 15 0.098 0 1
262 40 1.386 0 3
26 10 0.105 0 2
295 70 0.883 0 3
17 5 0.052 0 2
189 5 0.700 0 3
10 70 0.038 0 1
69 70 0.240 0 3
217 30 0.835 0 3
18 70 0.111 0 3
307 30 1.228 0 1
77 30 0.352 0 3
21 15 0.095 0 2
16 100 0.098 0 3
41 22 0.144 0 2
12 22 0.065 0 1
79 10 0.271 0 1
156 40 0.505 0 3
150 30 0.974 0 1
51 52 0.176 0 1
125 100 0.387 0 2
146 5 0.438 0 3
16 100 0.098 0 2
38 52 0.180 0 1
31 15 0.094 0 2
13 40 0.084 0 1
38 52 0.156 0 2
247 30 0.729 0 2
56 15 0.219 0 1
146 70 0.553 0 2
16 22 0.058 0 2
62 40 0.185 0 1
37 5 0.127 0 1
16 30 0.054 0 3
18 100 0.060 0 1
281 70 1.519 0 3
47 40 0.155 0 3
95 40 0.304 0 2
17 70 0.055 0 3
79 70 0.238 0 3
12 70 0.038 0 1
79 15 0.282 0 3
295 10 1.545 0 3
15 30 0.085 0 2
67 22 0.253 0 3
13 100 0.041 0 2
38 40 0.252 0 1
19 30 0.117 0 1
171 10 0.877 0 1
12 5 0.036 0 2
47 15 0.219 0 1
39 10 0.176 0 3
195 70 0.965 0 3
168 15 0.636 0 2
61 30 0.326 0 3
26 5 0.076 0 2
42 100 0.198 0 2
78 5 0.279 0 2
143 30 0.426 0 1
18 10 0.059 0 2
18 40 0.116 0 3
31 10 0.189 0 1
22 30 0.124 0 2
26 40 0.126 0 3
27 30 0.084 0 3
10 15 0.062 0 3
133 52 0.482 0 2
49 22 0.259 0 2
23 15 0.126 0 2
21 10 0.063 0 1
42 10 0.220 0 3
137 70 0.525 0 3
26 22 0.076 0 1
10 52 0.036 0 1
29 100 0.192 0 2
79 30 0.350 0 1
24 52 0.121 0 2
252 10 0.773 0 2
28 30 0.083 0 1
21 52 0.139 0 2
62 30 0.199 0 2
37 30 0.250 0 3
300 30 1.786 0 1
24 40 0.078 0 1
49 5 0.293 0 3
54 5 0.223 0 2
194 30 0.911 0 3
128 40 0.408 0 3
13 52 0.051 0 3
171 15 0.924 0 3
18 5 0.088 0 1
133 100 0.480 0 2
35 5 0.197 0 1
173 70 0.579 0 2
139 52 0.417 0 2
20 22 0.104 0 2
98 30 0.316 0 3
24 5 0.075 0 1
180 15 0.811 0 3
75 10 0.377 0 2
12 52 0.050 0 1
27 52 0.121 0 1
63 40 0.192 0 3
191 5 0.586 0 3
61 5 0.201 0 2
153 15 0.517 0 2
11 10 0.036 0 1
11 30 0.036 0 3
171 22 0.515 0 2
10 5 0.067 0 3
192 100 0.955 0 3
99 70 0.302 0 2
201 52 1.036 0 1
18 70 0.056 0 2
37 52 0.231 0 3
23 10 0.119 0 2
12 5 0.057 0 3
19 10 0.073 0 3
19 40 0.084 0 3
38 40 0.128 0 1
144 22 0.682 0 1
58 30 0.389 0 2
97 30 0.301 0 2
54 10 0.293 0 3
17 70 0.104 0 1
75 22 0.381 0 1
13 52 0.066 0 3
195 30 0.741 0 2
59 70 0.355 0 3
24 40 0.106 0 1
12 30 0.057 0 3
46 30 0.192 0 3
32 10 0.114 0 3
320 10 1.026 0 2
43 15 0.167 0 2
77 70 0.363 0 3
102 52 0.342 0 3
10 15 0.030 0 1
140 70 0.833 0 3
34 100 0.128 0 2
50 70 0.231 0 2
246 5 1.084 0 1
19 30 0.069 0 1
19 15 0.069 0 3
35 52 0.162 0 2
36 22 0.175 0 2
154 100 0.890 0 3
19 10 0.095 0 2
78 5 0.353 0 1
29 15 0.090 0 3
22 15 0.086 0 3
27 15 0.179 0 1
18 52 0.113 0 3
331 70 1.153 0 1
16 52 0.078 0 3
103 40 0.624 0 2
14 22 0.044 0 2
10 100 0.052 0 2
208 52 1.377 0 1
39 30 0.128 0 3
133 52 0.773 0 2
25 70 0.117 0 1
111 40 0.689 0 1
37 15 0.134 0 3
32 15 0.152 0 2
52 40 0.153 0 3
77 40 0.226 0 2
17 30 0.056 0 1
63 30 0.341 0 1
126 30 0.606 0 1
43 100 0.196 0 3
51 70 0.181 0 2
13 10 0.047 0 1
112 30 0.629 0 2
23 70 0.088 0 2
137 100 0.672 0 3
12 10 0.056 0 2
111 5 0.398 0 2
189 40 0.863 0 2
42 70 0.128 0 3
51 5 0.225 0 1
37 22 0.156 0 3
19 100 0.120 0 2
28 22 0.107 0 1
30 15 0.190 0 1
23 100 0.067 0 1
28 10 0.175 0 1
14 15 0.054 0 2
14 70 0.047 0 2
184 52 0.840 0 2
43 70 0.247 0 3
184 70 1.000 0 1
38 15 0.131 0 1
171 15 0.531 0 1
18 22 0.063 0 2
177 40 1.180 0 3
26 52 0.141 0 2
139 40 0.709 0 2
12 10 0.053 0 1
65 52 0.302 0 1
54 22 0.219 0 1
167 100 1.057 0 3
16 40 0.051 0 2
161 15 0.722 0 3
112 52 0.477 0 2
12 10 0.044 0 3
38 40 0.137 0 1
57 5 0.198 0 3
72 22 0.295 0 3
43 40 0.141 0 3
16 40 0.059 0 1
34 30 0.134 0 1
260 70 1.193 0 3
42 70 0.173 0 1
98 15 0.397 0 3
18 15 0.067 0 1
37 5 0.120 0 3
26 30 0.158 0 1
65 40 0.198 0 2
113 10 0.362 0 1
21 15 0.088 0 2
18 52 0.085 0 3
38 40 0.137 0 1
24 70 0.123 0 1
270 30 1.019 0 3
67 15 0.245 0 3
181 10 0.582 0 2
59 40 0.326 0 2
74 15 0.306 0 3
191 5 0.820 0 2
10 40 0.036 0 3
279 10 0.906 0 3
19 5 0.057 0 1
97 10 0.295 0 1
10 22 0.059 0 3
56 22 0.222 0 2
27 70 0.141 0 2
132 40 0.569 0 2
27 52 0.121 0 2
236 100 0.861 0 3
21 52 0.081 0 2
67 30 0.340 0 1
55 22 0.294 0 2
13 40 0.047 0 3
16 5 0.052 0 2
78 70 0.429 0 1
51 15 0.178 0 1
75 5 0.253 0 3
37 40 0.187 0 3
27 15 0.104 0 2
25 5 0.137 0 2
324 10 1.038 0 3
61 52 0.196 0 1
70 22 0.218 0 1
41 100 0.146 0 3
64 10 0.264 0 2
13 52 0.077 0 1
25 70 0.119 0 1
169 100 0.601 0 2
65 40 0.344 0 3
17 22 0.096 0 3
17 52 0.067 0 2
192 70 0.693 0 1
27 15 0.132 0 1
65 100 0.342 0 1
56 15 0.219 0 3
66 40 0.233 0 2
27 22 0.098 0 3
11 100 0.048 0 2
114 15 0.633 0 2
176 30 0.642 0 3
59 22 0.236 0 3
19 40 0.096 0 1
16 52 0.077 0 3
192 70 0.881 0 1
24 10 0.120 0 2
30 70 0.164 0 3
71 52 0.366 0 2
158 15 0.603 0 3
41 100 0.246 0 1
10 5 0.043 0 3
24 100 0.120 0 2
175 10 0.799 0 1
157 52 0.467 0 1
298 22 1.828 0 1
42 10 0.148 0 1
24 5 0.099 0 3
20 100 0.115 0 3
99 30 0.411 0 3
154 100 0.564 0 3
38 52 0.112 0 1
42 5 0.133 0 1
154 10 0.885 0 1
19 100 0.079 0 3
105 5 0.652 0 1
234 70 0.914 0 3
92 70 0.526 0 3
249 15 0.915 0 2
124 5 0.747 0 3
61 100 0.286 0 1
74 30 0.228 0 3
59 52 0.349 0 3
14 30 0.057 0 2
38 40 0.119 0 2
196 10 1.233 0 3
150 5 0.915 0 2
22 40 0.082 0 3
170 15 0.669 0 3
47 10 0.258 0 3
17 10 0.106 0 3
196 52 1.241 0 1
59 52 0.197 0 2
35 22 0.172 0 1
45 5 0.162 0 1
75 100 0.377 0 2
13 40 0.043 0 1
48 52 0.192 0 1
11 5 0.056 0 2
10 52 0.046 0 1
39 30 0.197 0 3
67 52 0.319 0 2
150 40 0.735 0 3
19 52 0.091 0 1
158 52 0.935 0 1
145 100 0.674 0 3
69 10 0.202 0 3
51 5 0.155 0 3
13 30 0.053 0 3
196 5 0.723 0 3
129 30 0.406 0 3
21 100 0.079 0 2
162 40 0.750 0 1
83 22 0.477 0 3
17 15 0.066 0 1
10 22 0.031 0 2
22 52 0.090 0 1
15 100 0.069 0 1
16 10 0.092 0 2
29 5 0.179 0 2
193 15 0.818 0 3
43 15 0.131 0 3
10 5 0.054 0 1
73 22 0.264 0 3
65 5 0.236 0 2
60 52 0.264 0 2
46 22 0.161 0 3
33 30 0.198 0 1
27 100 0.101 0 3
49 22 0.153 0 1
20 70 0.108 0 2
14 22 0.065 0 2
10 22 0.043 0 2
14 40 0.043 0 1
32 10 0.107 0 2
17 100 0.055 0 1
10 5 0.055 0 2
57 15 0.228 0 2
93 15 0.313 0 3
50 30 0.237 0 3
32 15 0.154 0 1
14 15 0.081 0 3
16 22 0.052 0 2
329 22 1.818 0 1
80 22 0.349 0 1
78 70 0.370 0 2
18 5 0.085 0 1
17 52 0.065 0 3
19 52 0.082 0 3
48 30 0.196 0 1
205 100 1.015 0 3
312 5 0.994 0 1
252 15 1.355 0 1
69 100 0.204 0 3
54 70 0.225 0 1
88 10 0.553 0 1
12 22 0.062 0 2
42 40 0.204 0 2
28 22 0.131 0 3
77 52 0.244 0 2
32 5 0.206 0 2
125 40 0.735 0 3
72 22 0.411 0 2
68 100 0.246 0 2
15 30 0.058 0 2
38 52 0.180 0 1
195 22 0.648 0 2
45 5 0.152 0 2
73 10 0.244 0 1
78 40 0.356 0 3
43 100 0.261 0 2
17 70 0.068 0 2
13 22 0.053 0 3
12 10 0.051 0 3
134 15 0.525 0 3
13 30 0.064 0 1
14 100 0.054 0 3
293 40 0.921 0 3
47 52 0.181 0 1
92 52 0.388 0 3
166 40 0.927 0 2
10 70 0.030 0 1
148 5 0.698 0 3
17 40 0.093 0 3
46 52 0.299 0 1
111 70 0.371 0 2
32 30 0.198 0 2
18 22 0.056 0 1
11 40 0.070 0 3
36 5 0.205 0 1
150 52 0.528 0 1
55 5 0.314 0 2
18 5 0.062 0 1
33 52 0.159 0 2
31 100 0.102 0 1
10 40 0.040 0 3
36 22 0.176 0 3
329 30 1.732 0 3
55 70 0.337 0 2
223 5 1.320 0 2
19 15 0.094 0 3
54 5 0.163 0 2
28 40 0.117 0 2
14 10 0.054 0 2
318 10 1.551 0 1
39 5 0.150 0 1
40 52 0.124 0 1
115 22 0.469 0 1
103 100 0.440 0 2
27 22 0.090 0 2
58 40 0.356 0 2
17 70 0.071 0 1
17 22 0.050 0 2
33 100 0.096 0 1
20 30 0.078 0 3
194 100 0.662 0 3
50 100 0.150 0 3
49 70 0.149 0 2
15 100 0.073 0 1
18 52 0.053 0 2
31 100 0.187 0 3
83 52 0.261 0 3
269 70 1.223 0 1
22 70 0.121 0 1
19 22 0.069 0 2
10 10 0.045 0 2
42 100 0.124 0 2
57 40 0.260 0 2
185 70 0.685 0 2
42 15 0.230 0 1
203 70 0.638 0 2
52 22 0.222 0 3
10 30 0.038 0 3
274 70 1.827 0 2
186 30 1.120 0 3
16 100 0.086 0 3
156 10 0.486 0 3
14 40 0.049 0 2
22 52 0.134 0 2
86 30 0.254 0 3
12 100 0.036 0 1
45 70 0.146 0 1
80 5 0.406 0 2
79 52 0.506 0 1
98 40 0.480 0 1
110 100 0.345 0 3
229 70 1.174 0 2
225 40 1.308 0 1
34 15 0.131 0 1
39 70 0.188 0 1
143 15 0.708 0 3
16 30 0.047 0 3
38 10 0.172 0 3
98 30 0.297 0 2
15 30 0.075 0 3
72 30 0.222 0 3
289 100 1.047 0 2
11 52 0.032 0 1
42 22 0.187 0 3
166 30 0.822 0 2
22 40 0.081 0 3
13 5 0.049 0 1
22 15 0.068 0 1
18 100 0.055 0 3
105 40 0.636 0 3
24 15 0.073 0 2
96 70 0.508 0 1
36 15 0.122 0 3
46 10 0.163 0 2
61 15 0.337 0 2
24 10 0.088 0 2
331 30 1.505 0 3
168 40 0.764 0 3
172 40 0.570 0 3
19 5 0.104 0 1
38 40 0.196 0 1
57 15 0.350 0 2
22 15 0.097 0 1
42 100 0.179 0 2
42 22 0.210 0 1
29 52 0.123 0 2
22 52 0.092 0 3
18 70 0.070 0 2
22 40 0.101 0 3
101 15 0.518 0 1
274 22 1.481 0 1
15 70 0.075 0 2
33 40 0.101 0 1
24 70 0.114 0 3
63 100 0.234 0 2
39 5 0.155 0 3
119 100 0.529 0 2
68 22 0.259 0 1
26 22 0.135 0 2
41 100 0.133 0 2
47 52 0.168 0 2
130 52 0.855 0 1
53 22 0.155 0 3
38 40 0.112 0 1
16 30 0.085 0 3
36 70 0.105 0 1
17 5 0.065 0 3
151 70 0.632 0 1
13 70 0.052 0 2
39 70 0.135 0 2
29 30 0.102 0 2
19 100 0.067 0 1
15 40 0.082 0 3
20 22 0.059 0 1
17 100 0.073 0 2
18 5 0.073 0 1
25 30 0.077 0 3
103 15 0.510 0 1
188 5 1.005 0 3
26 22 0.123 0 2
103 40 0.440 0 2
50 52 0.159 0 3
141 52 0.618 0 2
18 22 0.099 0 1
52 10 0.220 0 2
45 30 0.246 0 2
199 52 0.939 0 1
56 10 0.327 0 1
59 10 0.378 0 1
48 52 0.164 0 2
44 52 0.142 0 2
44 22 0.277 0 2
10 52 0.036 0 1
100 10 0.562 0 3
61 40 0.262 0 3
15 5 0.051 0 1
36 40 0.113 0 1
184 52 1.082 0 2
191 52 0.960 0 2
174 30 0.787 0 1
36 100 0.133 0 1
208 30 0.640 0 1
61 100 0.293 0 2
176 70 1.086 0 2
56 15 0.293 0 3
54 30 0.157 0 2
13 52 0.045 0 3
71 40 0.227 0 1
32 22 0.133 0 1
241 15 1.545 0 2
17 40 0.109 0 3
189 100 0.959 0 3
76 100 0.411 0 1
281 10 1.064 0 1
157 10 0.586 0 2
39 40 0.248 0 2
145 22 0.483 0 1
173 40 0.532 0 2
11 100 0.046 0 2
42 40 0.128 0 2
38 70 0.230 0 2
323 40 0.985 0 1
27 15 0.136 0 1
13 100 0.051 0 2
14 40 0.049 0 1
17 5 0.099 0 2
15 5 0.068 0 1
19 40 0.098 0 1
191 70 0.632 0 2
31 30 0.124 0 3
211 40 0.661 0 3
56 22 0.204 0 1
19 40 0.125 0 2
86 40 0.354 0 3
48 30 0.298 0 1
31 52 0.167 0 3
54 15 0.177 0 1
61 15 0.389 0 1
87 22 0.327 0 3
160 15 0.530 0 1
15 40 0.062 0 1
23 5 0.132 0 3
28 22 0.177 0 1
21 40 0.083 0 1
19 100 0.070 0 3
279 10 1.086 0 3
12 52 0.075 0 2
18 52 0.090 0 1
38 100 0.215 0 2
13 5 0.049 0 3
263 100 0.939 0 1
38 70 0.114 0 2
158 22 0.908 0 2
137 15 0.471 0 1
25 70 0.152 0 3
18 10 0.087 0 2
10 15 0.040 0 1
113 30 0.507 0 3
193 100 0.835 0 3
32 70 0.093 0 1
91 52 0.358 0 1
42 10 0.276 0 1
72 30 0.259 0 1
49 100 0.255 0 1
14 15 0.074 0 3
65 10 0.198 0 3
189 52 0.598 0 3
69 100 0.292 0 2
51 30 0.188 0 2
49 40 0.144 0 1
35 100 0.164 0 1
31 15 0.113 0 2
94 52 0.416 0 2
41 100 0.169 0 1
85 40 0.263 0 3
19 52 0.116 0 1
59 30 0.343 0 3
47 70 0.186 0 1
19 30 0.073 0 1
320 30 1.905 0 3
28 15 0.085 0 2
77 22 0.252 0 2
31 22 0.129 0 2
264 30 0.866 0 1
24 22 0.094 0 3
318 70 1.053 0 2
36 40 0.107 0 1
189 15 1.227 0 1
181 22 0.529 0 3
22 5 0.088 0 2
11 30 0.039 0 3
23 30 0.109 0 1
53 22 0.165 0 1
191 52 1.194 0 3
187 30 0.545 0 1
20 15 0.090 0 2
16 15 0.088 0 2
26 70 0.089 0 1
24 22 0.076 0 2
148 70 0.563 0 2
45 15 0.166 0 1
17 22 0.111 0 3
14 22 0.085 0 3
48 5 0.203 0 3
19 40 0.112 0 2
206 22 0.884 0 1
15 70 0.049 0 3
44 15 0.158 0 3
206 100 0.675 0 2
147 10 0.557 0 2
45 100 0.162 0 3
36 5 0.127 0 1
19 5 0.094 0 1
23 22 0.149 0 1
36 52 0.119 0 1
115 100 0.456 0 3
50 100 0.250 0 3
17 22 0.065 0 1
29 100 0.166 0 1
102 40 0.667 0 3
13 100 0.053 0 3
141 30 0.825 0 1
192 5 0.561 0 1
31 40 0.188 0 3
28 5 0.177 0 3
58 15 0.276 0 3
15 5 0.066 0 1
112 40 0.377 0 3
118 70 0.738 0 3
168 30 1.120 0 2
291 30 0.921 0 3
14 70 0.087 0 3
105 40 0.308 0 2
45 10 0.197 0 3
36 40 0.118 0 3
48 5 0.213 0 2
46 70 0.182 0 2
158 70 0.940 0 3
82 52 0.446 0 1
156 100 0.476 0 3
33 30 0.177 0 3
271 52 1.831 0 1
14 70 0.062 0 3
42 5 0.278 0 1
64 40 0.201 0 3
46 10 0.280 0 1
35 30 0.121 0 3
26 70 0.079 0 3
13 70 0.052 0 2
13 100 0.068 0 3
11 30 0.058 0 3
279 10 1.361 0 1
37 15 0.222 0 2
12 70 0.051 0 3
174 52 0.897 0 1
136 10 0.895 0 1
13 100 0.041 0 3
173 100 0.721 0 1
156 100 0.650 0 2
16 30 0.074 0 2
267 100 0.819 0 1
37 22 0.122 0 1
58 70 0.224 0 2
17 22 0.089 0 3
10 30 0.033 0 2
50 40 0.253 0 2
25 40 0.154 0 2
45 15 0.170 0 3
53 70 0.244 0 3
15 5 0.054 0 2
29 22 0.146 0 2
50 15 0.178 0 2
12 22 0.059 0 3
10 70 0.048 0 1
42 22 0.183 0 2
20 15 0.081 0 1
285 70 1.040 0 1
104 5 0.571 0 3
17 52 0.050 0 3
12 100 0.073 0 3
12 22 0.079 0 2
272 70 1.242 0 2
58 30 0.317 0 3
28 30 0.153 0 3
276 30 0.887 0 2
187 5 1.255 0 3
19 30 0.112 0 2
194 30 0.990 0 2
134 30 0.459 0 2
237 30 1.378 0 3
60 30 0.205 0 2
24 52 0.096 0 2
54 10 0.157 0 3
147 30 0.690 0 1
43 22 0.165 0 2
91 70 0.572 0 2
11 10 0.056 0 1
54 52 0.163 0 2
10 15 0.031 0 3
32 15 0.133 0 2
30 15 0.167 0 2
68 10 0.245 0 1
27 15 0.114 0 2
183 30 0.906 0 1
32 40 0.113 0 1
79 100 0.449 0 3
17 100 0.081 0 3
43 15 0.264 0 2
54 10 0.224 0 2
60 5 0.244 0 2
306 10 1.654 0 2
77 30 0.379 0 1
27 10 0.080 0 3
59 22 0.381 0 2
28 100 0.159 0 1
23 15 0.085 0 3
308 15 1.665 0 3
131 52 0.388 0 2
10 22 0.048 0 1
323 5 1.297 0 3
151 15 0.803 0 3
148 40 0.546 0 1
59 10 0.191 0 1
19 100 0.070 0 1
34 30 0.163 0 3
153 70 0.565 0 2
25 40 0.115 0 2
252 30 1.509 0 3
214 22 0.650 0 3
169 52 0.587 0 1
123 10 0.680 0 3
266 100 0.787 0 1
140 22 0.654 0 1
131 30 0.809 0 3
17 15 0.065 0 3
117 30 0.370 0 2
152 5 0.495 0 2
313 22 0.926 0 2
63 52 0.281 0 3
47 30 0.149 0 2
232 70 1.497 0 2
34 52 0.227 0 1
69 70 0.260 0 2
71 40 0.264 0 3
121 5 0.389 0 2
38 40 0.113 0 1
11 22 0.034 0 2
18 70 0.095 0 1
69 15 0.252 0 2
30 70 0.195 0 2
70 5 0.282 0 3
13 22 0.048 0 2
114 100 0.353 0 3
116 52 0.753 0 3
274 10 0.910 0 3
31 100 0.111 0 1
18 40 0.081 0 3
48 5 0.302 0 2
121 100 0.358 0 1
30 52 0.124 0 2
71 100 0.360 0 3
25 70 0.092 0 2
39 70 0.167 0 3
64 22 0.277 0 2
35 22 0.141 0 2
174 22 0.659 0 2
13 30 0.051 0 2
30 30 0.121 0 1
10 40 0.047 0 3
32 30 0.102 0 2
39 5 0.178 0 3
310 100 1.192 0 2
193 52 0.588 0 1
60 30 0.326 0 1
130 5 0.491 0 3
88 100 0.269 0 2
154 40 0.846 0 2
34 22 0.130 0 2
29 52 0.127 0 1
19 10 0.101 0 2
37 22 0.127 0 2
111 52 0.534 0 2
79 15 0.527 0 3
196 70 1.059 0 2
51 40 0.185 0 2
74 52 0.232 0 3
82 52 0.280 0 2
20 70 0.120 0 2
29 70 0.143 0 1
10 70 0.051 0 2
48 5 0.251 0 2
18 15 0.099 0 2
43 10 0.135 0 3
122 100 0.619 0 2
207 40 0.770 0 1
51 22 0.311 0 3
38 40 0.156 0 2
66 40 0.224 0 3
11 22 0.037 0 1
13 10 0.057 0 1
12 70 0.036 0 3
312 15 1.143 0 2
76 70 0.398 0 3
35 5 0.108 0 3
46 70 0.151 0 1
31 100 0.145 0 1
33 52 0.174 0 1
38 100 0.122 0 1
78 52 0.500 0 2
16 70 0.056 0 3
29 22 0.112 0 1
19 10 0.095 0 3
15 10 0.085 0 3
226 10 1.387 0 1
62 30 0.316 0 1
335 5 1.053 0 3
67 100 0.321 0 2
174 30 0.719 0 1
91 40 0.265 0 2
128 22 0.582 0 1
66 10 0.398 0 1
71 70 0.235 0 3
57 15 0.313 0 1
39 15 0.132 0 3
11 15 0.059 0 1
250 70 0.954 0 1
16 100 0.049 0 1
34 22 0.139 0 1
223 10 0.910 0 1
206 5 0.741 0 1
14 40 0.047 0 3
287 22 1.221 0 1
39 100 0.163 0 2
32 5 0.097 0 2
19 70 0.088 0 2
189 10 0.703 0 3
111 22 0.493 0 2
12 100 0.078 0 2
20 30 0.079 0 2
60 22 0.189 0 2
41 40 0.122 0 3
42 22 0.197 0 2
77 10 0.344 0 1
327 40 1.028 0 2
16 22 0.066 0 2
31 5 0.205 0 2
19 30 0.057 0 3
100 30 0.336 0 3
21 22 0.062 0 2
15 40 0.044 0 3
10 100 0.033 0 1
75 15 0.296 0 3
38 100 0.147 0 3
73 5 0.279 0 2
62 100 0.192 0 1
59 52 0.314 0 3
102 52 0.425 0 2
45 70 0.158 0 1
21 70 0.065 0 1
50 52 0.167 0 3
186 70 0.718 0 2
283 10 0.969 0 3
38 70 0.174 0 1
146 10 0.705 0 3
126 22 0.401 0 2
151 30 0.515 0 2
16 15 0.047 0 1
20 40 0.135 0 1
37 5 0.168 0 2
20 40 0.116 0 1
33 5 0.120 0 1
34 5 0.124 0 2
238 52 0.726 0 3
229 100 0.839 0 3
76 5 0.434 0 3
46 40 0.161 0 3
69 15 0.290 0 1
212 10 1.071 0 1
64 10 0.379 0 2
25 5 0.145 0 1
87 52 0.264 0 1
303 5 0.921 0 2
162 10 1.012 0 3
24 100 0.100 0 2
37 15 0.166 0 1
163 10 0.632 0 2
308 5 1.137 0 2
15 30 0.094 0 1
332 40 1.207 0 3
18 22 0.069 0 3
33 5 0.194 0 2
11 30 0.066 0 2
47 10 0.230 0 2
27 30 0.165 0 3
31 70 0.091 0 3
50 15 0.190 0 1
35 15 0.138 0 1
28 100 0.145 0 1
222 22 0.753 0 2
11 70 0.052 0 3
72 10 0.212 0 1
30 30 0.103 0 2
26 100 0.087 0 3
56 30 0.269 0 2
329 40 1.261 0 2
202 15 1.365 0 3
80 10 0.415 0 1
332 52 1.068 0 3
33 22 0.153 0 2
23 15 0.119 0 1
14 70 0.046 0 1
11 10 0.052 0 2
13 30 0.043 0 3
27 22 0.096 0 1
22 40 0.070 0 3
120 10 0.769 0 1
167 70 0.506 0 2
32 100 0.198 0 2
74 40 0.274 0 1
146 15 0.440 0 2
71 10 0.338 1 0
31 52 0.133 1 3
64 15 0.220 1 0
200 100 1.026 1 2
87 70 0.475 1 3
17 5 0.052 1 0
125 5 0.806 1 3
27 5 0.090 1 0
35 10 0.107 1 3
112 5 0.357 1 0
30 15 0.147 1 0
162 30 0.489 1 2
10 70 0.032 1 0
197 40 0.934 1 0
25 100 0.160 1 0
21 70 0.065 1 0
74 15 0.292 1 0
186 10 0.648 1 0
220 40 0.917 1 3
156 40 0.503 1 3
204 10 1.172 1 0
240 40 1.076 1 3
18 40 0.087 1 0
48 100 0.164 1 3
148 22 0.661 1 2
10 40 0.063 1 2
11 30 0.046 1 0
148 100 0.955 1 0
185 15 0.573 1 2
36 5 0.216 1 0
18 30 0.064 1 0
339 100 1.021 1 0
17 15 0.068 1 0
104 30 0.675 1 0
42 40 0.205 1 0
13 22 0.041 1 0
76 40 0.413 1 0
57 15 0.195 1 3
36 10 0.138 1 2
14 5 0.067 1 3
38 30 0.172 1 0
32 5 0.125 1 0
231 100 0.711 1 0
249 40 1.209 1 0
186 15 0.798 1 0
11 52 0.037 1 0
71 40 0.410 1 0
61 5 0.238 1 2
28 30 0.115 1 3
20 40 0.118 1 3
87 15 0.453 1 0
191 22 0.752 1 0
125 10 0.590 1 0
10 5 0.063 1 3
127 15 0.743 1 3
172 15 0.685 1 3
27 10 0.130 1 0
35 100 0.106 1 3
37 40 0.126 1 0
11 30 0.045 1 0
33 40 0.097 1 0
16 52 0.050 1 0
97 52 0.420 1 3
28 22 0.164 1 0
51 30 0.164 1 2
84 52 0.292 1 2
20 5 0.102 1 3
25 10 0.110 1 0
52 100 0.204 1 3
33 10 0.143 1 0
64 70 0.198 1 2
193 52 0.568 1 2
110 22 0.640 1 0
42 30 0.194 1 0
39 70 0.139 1 2
256 40 1.293 1 0
188 10 0.620 1 0
51 30 0.255 1 0
85 15 0.320 1 2
120 30 0.455 1 3
103 40 0.636 1 0
223 30 0.690 1 2
13 100 0.040 1 3
19 52 0.064 1 3
280 30 1.197 1 2
75 52 0.240 1 0
60 5 0.405 1 0
290 30 1.124 1 0
39 10 0.177 1 3
46 70 0.253 1 3
72 10 0.335 1 3
43 15 0.240 1 0
98 52 0.367 1 0
261 10 1.267 1 3
19 100 0.062 1 3
167 52 0.499 1 0
165 10 0.825 1 2
55 5 0.372 1 2
139 100 0.574 1 2
138 15 0.442 1 2
51 70 0.329 1 3
117 40 0.379 1 3
46 52 0.261 1 2
119 15 0.640 1 0
185 15 0.576 1 2
19 100 0.107 1 0
93 10 0.443 1 3
61 5 0.192 1 2
39 15 0.177 1 0
38 10 0.117 1 0
65 40 0.229 1 0
145 70 0.580 1 0
146 100 0.469 1 2
94 22 0.335 1 0
14 70 0.041 1 0
61 10 0.391 1 0
37 10 0.133 1 3
63 100 0.228 1 0
10 10 0.059 1 0
15 22 0.083 1 3
52 10 0.249 1 0
11 100 0.052 1 0
14 100 0.075 1 3
17 15 0.055 1 3
86 30 0.531 1 0
109 70 0.464 1 2
76 100 0.299 1 3
15 100 0.049 1 3
175 40 0.936 1 0
41 10 0.163 1 0
158 70 0.699 1 2
92 40 0.400 1 3
74 40 0.310 1 3
21 15 0.063 1 2
75 22 0.387 1 2
26 40 0.167 1 0
319 5 0.955 1 0
271 100 1.011 1 3
99 70 0.566 1 0
23 22 0.122 1 0
230 30 0.712 1 0
10 30 0.054 1 3
25 30 0.120 1 0
16 5 0.098 1 2
44 10 0.217 1 3
120 5 0.482 1 2
15 70 0.049 1 0
174 5 0.935 1 3
13 70 0.050 1 0
34 10 0.101 1 0
18 40 0.081 1 0
25 100 0.078 1 3
27 22 0.103 1 0
47 70 0.138 1 0
22 15 0.103 1 2
327 22 1.055 1 3
37 22 0.239 1 0
130 40 0.839 1 0
36 40 0.126 1 0
224 100 0.982 1 0
76 40 0.360 1 3
188 30 0.913 1 0
105 30 0.533 1 0
28 22 0.083 1 0
167 15 0.949 1 2
64 30 0.199 1 2
69 15 0.299 1 2
17 22 0.057 1 0
101 100 0.616 1 0
191 30 1.005 1 0
209 40 0.697 1 0
17 22 0.062 1 0
43 30 0.222 1 3
155 22 0.548 1 0
24 15 0.073 1 2
16 52 0.073 1 3
159 100 0.776 1 0
68 52 0.212 1 0
126 22 0.783 1 0
89 10 0.290 1 0
24 22 0.093 1 3
46 10 0.286 1 2
27 52 0.122 1 0
198 52 0.582 1 0
48 52 0.146 1 0
36 52 0.127 1 0
105 5 0.422 1 0
107 22 0.395 1 0
35 5 0.152 1 3
39 30 0.126 1 0
159 5 0.609 1 3
18 5 0.097 1 2
17 15 0.054 1 0
12 15 0.036 1 3
157 52 0.497 1 0
147 100 0.586 1 0
48 100 0.239 1 0
65 70 0.433 1 2
75 22 0.254 1 3
79 30 0.258 1 2
52 30 0.254 1 0
16 15 0.067 1 0
52 5 0.267 1 3
66 22 0.393 1 0
16 5 0.051 1 0
13 22 0.048 1 3
20 30 0.069 1 2
83 22 0.361 1 2
200 70 1.183 1 0
59 15 0.223 1 0
14 22 0.043 1 2
13 30 0.069 1 3
13 5 0.051 1 0
20 30 0.061 1 0
12 10 0.035 1 0
63 100 0.371 1 3
28 40 0.098 1 0
12 30 0.042 1 2
67 22 0.213 1 2
265 100 1.069 1 0
83 5 0.401 1 0
289 52 1.120 1 0
33 52 0.221 1 2
58 5 0.177 1 2
10 5 0.051 1 0
235 70 0.687 1 0
177 5 0.681 1 0
44 52 0.262 1 0
23 22 0.153 1 2
131 52 0.475 1 0
148 15 0.779 1 0
172 30 0.610 1 0
63 5 0.264 1 2
67 30 0.370 1 2
35 22 0.185 1 0
67 100 0.218 1 3
43 30 0.199 1 0
13 22 0.039 1 0
27 40 0.179 1 0
18 40 0.121 1 3
27 5 0.128 1 0
15 10 0.085 1 2
19 100 0.088 1 0
78 10 0.257 1 0
45 10 0.134 1 3
46 70 0.145 1 0
51 15 0.300 1 0
39 30 0.260 1 2
130 40 0.522 1 0
16 100 0.065 1 0
58 10 0.369 1 0
74 22 0.402 1 0
61 15 0.374 1 0
262 22 1.770 1 0
35 5 0.141 1 0
11 100 0.054 1 0
10 70 0.067 1 0
77 40 0.255 1 0
156 70 0.981 1 0
29 5 0.086 1 0
99 30 0.307 1 2
20 22 0.065 1 0
16 70 0.048 1 0
14 10 0.054 1 3
91 5 0.326 1 2
65 22 0.213 1 0
28 10 0.100 1 3
19 70 0.078 1 2
27 52 0.119 1 2
180 40 1.125 1 0
11 52 0.066 1 0
70 22 0.303 1 3
35 22 0.119 1 2
19 5 0.062 1 0
15 15 0.062 1 0
10 10 0.040 1 2
33 40 0.129 1 0
61 30 0.231 1 0
106 40 0.402 1 0
72 40 0.219 1 0
27 5 0.141 1 0
73 10 0.309 1 3
49 22 0.191 1 0
72 10 0.426 1 0
128 22 0.481 1 3
12 22 0.047 1 0
109 15 0.436 1 3
21 52 0.087 1 0
32 52 0.097 1 3
15 22 0.084 1 0
15 10 0.050 1 2
17 5 0.061 1 0
292 10 1.054 1 0
99 30 0.478 1 3
19 22 0.074 1 0
20 40 0.086 1 0
22 52 0.114 1 0
17 70 0.110 1 2
107 30 0.677 1 2
47 40 0.297 1 3
19 30 0.059 1 3
271 22 0.829 1 2
81 5 0.293 1 0
28 10 0.121 1 2
36 22 0.162 1 3
12 5 0.038 1 2
18 22 0.074 1 2
46 52 0.210 1 3
99 40 0.430 1 0
62 40 0.223 1 2
50 70 0.213 1 2
13 30 0.088 1 2
18 40 0.065 1 2
23 22 0.088 1 0
168 52 0.512 1 3
214 52 0.995 1 3
11 5 0.033 1 2
167 52 1.037 1 0
33 22 0.151 1 0
67 52 0.335 1 0
13 15 0.041 1 0
224 30 0.896 1 0
13 10 0.042 1 0
40 10 0.176 1 0
170 52 0.596 1 0
270 40 1.459 1 2
20 40 0.117 1 3
10 22 0.031 1 3
61 22 0.303 1 0
62 100 0.237 1 3
34 30 0.111 1 0
17 40 0.069 1 0
45 22 0.249 1 0
15 70 0.094 1 0
36 70 0.171 1 2
57 100 0.218 1 0
140 5 0.498 1 0
104 100 0.354 1 0
75 15 0.276 1 2
163 10 0.554 1 3
32 22 0.104 1 3
62 100 0.419 1 0
12 70 0.046 1 0
74 30 0.428 1 3
123 30 0.479 1 0
33 100 0.130 1 0
32 100 0.120 1 2
211 22 1.234 1 0
198 15 1.088 1 2
57 100 0.288 1 0
170 5 0.739 1 0
60 40 0.254 1 0
83 22 0.353 1 3
148 100 0.474 1 0
39 30 0.212 1 0
31 100 0.096 1 0
284 52 1.642 1 2
25 40 0.130 1 3
39 52 0.122 1 0
127 100 0.809 1 0
264 5 1.011 1 2
17 100 0.088 1 0
37 30 0.135 1 0
41 52 0.272 1 0
29 10 0.111 1 0
271 70 0.954 1 2
30 40 0.113 1 2
300 30 1.596 1 3
74 70 0.267 1 3
133 15 0.391 1 3
38 70 0.157 1 3
15 40 0.099 1 3
133 5 0.428 1 0
179 22 0.605 1 3
14 10 0.050 1 3
27 100 0.143 1 0
35 52 0.163 1 3
58 40 0.176 1 0
43 5 0.194 1 0
38 70 0.174 1 0
73 70 0.304 1 0
164 15 0.558 1 0
17 10 0.093 1 0
168 15 0.977 1 3
68 52 0.335 1 3
41 40 0.248 1 3
21 40 0.087 1 2
18 5 0.073 1 2
77 70 0.461 1 0
15 52 0.062 1 0
145 52 0.425 1 2
24 40 0.074 1 2
18 52 0.074 1 2
76 70 0.241 1 0
126 40 0.424 1 2
35 70 0.143 1 3
47 5 0.215 1 2
33 5 0.110 1 0
12 5 0.036 1 2
10 30 0.030 1 0
93 40 0.578 1 2
69 70 0.337 1 2
137 10 0.482 1 3
43 22 0.236 1 0
12 100 0.062 1 0
164 100 0.841 1 2
150 30 0.440 1 0
39 30 0.144 1 0
19 40 0.095 1 2
12 52 0.050 1 3
48 10 0.261 1 0
29 5 0.122 1 0
244 30 1.544 1 0
129 22 0.524 1 2
161 10 0.847 1 3
89 70 0.371 1 0
19 100 0.090 1 0
157 100 0.571 1 0
35 30 0.220 1 0
13 40 0.042 1 3
184 100 0.662 1 3
178 10 0.739 1 0
18 30 0.073 1 2
56 100 0.290 1 2
95 70 0.522 1 3
12 52 0.052 1 2
11 5 0.067 1 0
21 10 0.104 1 3
25 70 0.074 1 2
28 5 0.103 1 3
13 15 0.071 1 0
54 10 0.187 1 0
18 5 0.083 1 2
145 52 0.918 1 3
62 52 0.202 1 3
195 52 0.654 1 3
10 70 0.063 1 3
25 10 0.121 1 0
25 30 0.102 1 2
226 52 1.130 1 0
18 22 0.075 1 0
15 22 0.056 1 3
45 100 0.274 1 0
87 15 0.330 1 2
164 22 1.072 1 0
10 40 0.066 1 2
36 40 0.106 1 0
30 22 0.179 1 2
131 15 0.441 1 2
151 52 0.950 1 3
11 100 0.045 1 3
30 70 0.156 1 3
17 10 0.075 1 2
47 100 0.223 1 0
104 70 0.405 1 3
11 40 0.058 1 2
25 40 0.152 1 0
317 52 1.268 1 3
113 40 0.463 1 2
55 10 0.281 1 2
72 15 0.226 1 0
190 30 0.772 1 3
28 100 0.171 1 3
329 5 1.228 1 0
102 15 0.416 1 0
143 30 0.704 1 2
76 70 0.317 1 0
162 100 0.638 1 0
134 100 0.456 1 0
175 100 0.581 1 0
28 30 0.139 1 0
25 70 0.146 1 3
26 70 0.084 1 2
128 40 0.451 1 0
142 100 0.934 1 3
69 100 0.381 1 0
17 15 0.086 1 2
14 22 0.071 1 0
54 5 0.160 1 0
65 22 0.196 1 0
35 52 0.143 1 0
48 5 0.163 1 2
82 40 0.456 1 3
94 30 0.339 1 0
154 40 0.527 1 3
182 52 0.901 1 3
185 22 0.627 1 0
151 100 0.863 1 0
33 70 0.144 1 3
59 5 0.250 1 2
253 100 0.875 1 0
29 40 0.135 1 3
53 70 0.183 1 2
70 15 0.270 1 2
56 22 0.306 1 0
42 40 0.138 1 0
34 100 0.155 1 3
32 100 0.194 1 3
45 5 0.187 1 3
11 22 0.063 1 0
77 5 0.423 1 0
74 22 0.297 1 0
120 22 0.741 1 2
10 52 0.033 1 0
15 30 0.045 1 0
142 40 0.816 1 2
25 15 0.134 1 0
51 15 0.169 1 0
65 70 0.281 1 0
12 5 0.053 1 3
14 22 0.086 1 2
63 52 0.412 1 0
69 70 0.208 1 0
13 30 0.068 1 0
12 70 0.044 1 0
77 5 0.271 1 3
35 5 0.168 1 3
180 15 0.534 1 0
85 40 0.395 1 0
311 100 1.525 1 0
25 15 0.076 1 0
252 40 1.125 1 2
11 30 0.051 1 3
18 70 0.077 1 0
83 10 0.261 1 3
20 5 0.126 1 3
61 100 0.296 1 2
37 100 0.124 1 0
67 15 0.374 1 3
11 15 0.058 1 0
16 52 0.084 1 0
64 52 0.278 1 0
16 52 0.079 1 3
39 15 0.257 1 3
37 22 0.193 1 2
177 10 0.615 1 0
171 70 0.955 1 0
54 15 0.209 1 0
20 15 0.127 1 0
74 30 0.261 1 0
175 30 0.754 1 0
31 30 0.128 1 0
80 15 0.271 1 0
31 70 0.102 1 0
34 52 0.200 1 2
121 70 0.422 1 2
17 100 0.059 1 0
37 22 0.133 1 3
73 70 0.240 1 2
156 70 0.457 1 3
16 10 0.062 1 2
20 5 0.070 1 0
49 40 0.211 1 2
69 22 0.257 1 0
14 10 0.042 1 0
57 15 0.209 1 3
19 15 0.087 1 3
223 10 1.507 1 0
150 22 0.794 1 0
13 52 0.038 1 2
172 22 0.864 1 3
316 22 0.955 1 3
17 70 0.071 1 3
120 30 0.556 1 0
53 70 0.338 1 2
222 70 1.099 1 2
17 30 0.051 1 0
48 52 0.144 1 2
28 52 0.171 1 0
161 30 0.599 1 2
18 40 0.064 1 3
110 52 0.343 1 0
144 5 0.543 1 3
37 40 0.144 1 3
134 10 0.563 1 0
26 40 0.174 1 0
63 70 0.226 1 0
65 40 0.199 1 2
84 5 0.329 1 0
84 22 0.414 1 2
112 40 0.370 1 2
37 30 0.138 1 0
61 15 0.213 1 2
27 5 0.084 1 3
58 40 0.212 1 2
12 22 0.058 1 3
176 22 0.946 1 0
18 100 0.097 1 0
161 40 0.585 1 3
10 5 0.041 1 3
32 70 0.108 1 2
336 52 1.217 1 2
42 30 0.231 1 0
168 5 0.594 1 0
31 40 0.131 1 0
32 15 0.095 1 3
55 52 0.194 1 0
112 22 0.376 1 0
32 22 0.099 1 3
45 30 0.161 1 0
177 100 0.634 1 3
19 100 0.056 1 0
167 100 0.923 1 3
75 5 0.361 1 2
15 40 0.075 1 2
267 100 0.804 1 3
48 40 0.289 1 0
28 15 0.113 1 2
36 100 0.130 1 0
55 100 0.204 1 0
32 10 0.094 1 3
23 100 0.094 1 2
19 15 0.060 1 0
70 5 0.252 1 0
29 100 0.086 1 0
44 5 0.188 1 2
91 30 0.433 1 0
22 100 0.069 1 2
71 100 0.357 1 0
112 40 0.514 1 2
14 15 0.060 1 3
114 30 0.500 1 0
32 100 0.130 1 2
162 70 0.572 1 2
12 5 0.057 1 3
12 22 0.045 1 0
17 10 0.061 1 0
54 15 0.175 1 3
17 22 0.054 1 2
39 40 0.121 1 3
269 70 1.196 1 0
77 22 0.277 1 3
188 52 0.589 1 3
294 5 1.407 1 0
129 10 0.506 1 0
131 5 0.463 1 0
37 5 0.165 1 3
23 52 0.117 1 0
239 15 0.830 1 0
88 30 0.272 1 3
118 70 0.534 1 3
34 10 0.155 1 2
37 100 0.119 1 0
44 30 0.141 1 0
114 15 0.509 1 0
65 30 0.208 1 3
26 5 0.094 1 0
14 30 0.045 1 0
10 15 0.033 1 0
15 30 0.048 1 0
38 22 0.162 1 3
187 22 0.903 1 3
50 40 0.209 1 3
14 30 0.060 1 2
32 22 0.102 1 0
28 70 0.189 1 2
115 5 0.473 1 0
79 5 0.425 1 3
14 22 0.051 1 2
17 15 0.058 1 3
259 100 1.020 1 3
56 5 0.352 1 0
117 15 0.780 1 0
37 40 0.110 1 0
37 5 0.126 1 2
14 70 0.071 1 3
81 10 0.259 1 0
91 100 0.322 1 3
45 40 0.189 1 0
191 30 0.645 1 0
26 52 0.088 1 0
72 100 0.239 1 0
17 10 0.070 1 3
67 22 0.206 1 3
182 15 1.117 1 0
66 10 0.267 1 0
42 100 0.198 1 3
25 22 0.100 1 2
92 30 0.411 1 0
38 40 0.179 1 0
23 40 0.120 1 0
23 10 0.100 1 2
77 100 0.344 1 3
180 30 1.071 1 3
43 100 0.148 1 2
333 10 2.006 1 0
67 10 0.212 1 3
78 5 0.236 1 3
102 30 0.342 1 2
16 22 0.048 1 0
44 5 0.138 1 0
27 10 0.110 1 0
31 70 0.117 1 3
274 52 0.818 1 0
19 5 0.084 1 3
133 10 0.675 1 2
236 100 0.728 1 3
25 40 0.139 1 3
59 10 0.386 1 0
32 70 0.103 1 0
31 100 0.166 1 2
201 100 0.889 1 0
12 40 0.035 1 0
74 5 0.239 1 0
27 10 0.129 1 0
41 30 0.140 1 3
293 40 1.172 1 3
154 40 0.520 1 0
153 10 0.562 1 0
187 10 1.184 1 2
156 52 0.491 1 0
74 5 0.216 1 2
16 100 0.052 1 2
87 15 0.312 1 0
339 30 1.056 1 0
33 40 0.185 1 0
44 10 0.199 1 0
58 40 0.251 1 3
27 15 0.103 1 0
35 5 0.129 1 3
287 40 1.421 1 0
38 100 0.175 1 3
59 10 0.355 1 0
51 100 0.178 1 0
21 30 0.095 1 0
17 22 0.110 1 3
39 5 0.129 1 0
147 100 0.492 1 0
20 10 0.093 1 3
41 52 0.146 1 0
15 70 0.053 1 3
18 5 0.053 1 0
11 52 0.060 1 0
25 22 0.095 1 2
13 100 0.049 1 0
169 40 0.508 1 0
162 100 0.695 1 3
142 40 0.648 1 0
231 5 1.216 1 2
32 22 0.097 1 0
36 15 0.163 1 3
13 22 0.043 1 0
154 100 0.730 1 0
27 100 0.148 1 0
83 10 0.494 1 3
33 52 0.140 1 3
113 40 0.454 1 3
156 5 0.462 1 2
10 15 0.040 1 0
25 10 0.077 1 0
19 5 0.074 1 0
318 52 1.093 1 2
17 10 0.053 1 2
23 22 0.076 1 3
11 70 0.056 1 0
11 15 0.071 1 0
190 40 0.583 1 2
133 15 0.887 1 0
20 22 0.091 1 0
13 10 0.074 1 2
25 15 0.085 1 0
112 22 0.343 1 0
72 10 0.278 1 0
52 15 0.160 1 3
16 70 0.075 1 0
22 30 0.076 1 3
55 5 0.340 1 0
47 70 0.140 1 2
56 100 0.187 1 3
50 52 0.233 1 0
16 70 0.057 1 0
191 5 0.595 1 2
263 30 1.000 1 2
53 10 0.172 1 2
96 70 0.505 1 2
66 5 0.202 1 0
194 22 1.135 1 3
124 40 0.701 1 0
184 5 0.667 1 0
180 52 0.645 1 3
95 10 0.301 1 3
11 70 0.036 1 3
146 10 0.798 1 2
18 100 0.062 1 0
16 100 0.053 1 2
48 10 0.173 1 0
19 22 0.090 1 0
100 22 0.424 1 0
25 5 0.151 1 2
36 40 0.128 1 0
285 52 1.192 1 0
10 40 0.036 1 2
168 30 0.844 1 0
199 70 0.802 1 0
51 52 0.325 1 0
29 22 0.114 1 2
248 10 0.958 1 0
238 100 1.196 1 0
28 100 0.174 1 2
27 5 0.092 1 0
105 40 0.417 1 0
186 5 0.935 1 2
272 100 0.968 1 3
43 52 0.135 1 3
167 70 0.711 1 0
60 52 0.270 1 3
16 100 0.077 1 3
14 100 0.054 1 0
108 52 0.351 1 0
31 10 0.121 1 3
35 52 0.172 1 0
25 5 0.107 1 3
141 40 0.442 1 2
56 10 0.329 1 0
74 30 0.300 1 0
36 70 0.151 1 3
188 15 0.732 1 0
70 22 0.307 1 0
73 70 0.399 1 3
17 30 0.094 1 3
21 100 0.111 1 0
17 5 0.051 1 2
14 52 0.057 1 2
97 52 0.380 1 3
31 22 0.098 1 0
15 10 0.044 1 0
18 30 0.055 1 0
279 22 0.856 1 3
18 22 0.053 1 0
155 40 0.463 1 3
32 52 0.177 1 2
271 15 1.376 1 0
307 70 2.033 1 0
11 100 0.046 1 2
12 15 0.077 1 0
16 40 0.066 1 3
145 5 0.460 1 2
33 30 0.160 1 0
150 70 1.000 1 0
245 5 0.768 1 0
173 22 0.665 1 2
108 30 0.517 1 0
131 15 0.434 1 2
34 15 0.101 1 2
63 100 0.190 1 3
165 22 0.676 1 3
24 5 0.090 1 0
31 30 0.174 1 2
95 40 0.305 1 0
21 40 0.120 1 0
189 100 0.822 1 0
13 22 0.053 1 2
14 10 0.042 1 0
27 100 0.122 1 3
31 40 0.207 1 3
31 10 0.193 1 0
15 70 0.100 1 0
159 70 0.874 1 0
93 40 0.317 1 0
176 22 0.967 1 0
77 15 0.395 1 2
12 22 0.043 1 0
14 5 0.053 1 3
15 40 0.056 1 0
19 5 0.074 1 0
183 40 0.747 1 2
261 30 1.652 1 0
39 52 0.137 1 3
16 22 0.051 1 0
18 52 0.092 1 0
71 15 0.217 1 0
25 52 0.104 1 0
55 30 0.372 1 0
61 40 0.407 1 2
16 30 0.069 1 0
27 40 0.097 1 2
11 15 0.057 1 0
185 5 1.000 1 2
194 40 0.608 1 2
137 52 0.443 1 2
235 70 0.699 1 2
36 52 0.203 1 3
69 70 0.255 1 0
77 70 0.347 1 3
72 40 0.409 1 0
32 40 0.110 1 3
184 10 0.573 1 2
13 10 0.053 1 2
15 52 0.096 1 0
52 22 0.180 1 0
76 70 0.318 1 2
109 40 0.431 1 0
30 52 0.089 1 0
43 100 0.162 1 0
234 5 1.088 1 0
34 30 0.224 1 3
25 10 0.152 1 0
14 100 0.062 1 0
291 70 1.066 1 2
14 40 0.047 1 2
12 40 0.063 1 0
186 100 0.939 1 2
63 10 0.240 1 2
16 10 0.047 1 0
63 30 0.212 1 3
174 100 0.921 1 3
75 5 0.366 1 0
12 70 0.070 1 2
174 5 1.108 1 0
32 40 0.100 1 0
72 70 0.256 1 0
79 10 0.444 1 0
46 40 0.242 1 3
221 52 0.978 1 0
44 52 0.275 1 0
41 22 0.202 1 3
18 15 0.058 1 0
11 70 0.036 1 0
191 22 0.767 1 2
15 5 0.068 1 3
122 70 0.557 1 0
11 5 0.068 1 3
109 100 0.527 1 2
10 100 0.037 1 3
27 10 0.090 1 3
126 52 0.565 1 0
160 15 0.510 1 0
16 5 0.049 1 0
15 5 0.084 1 3
106 40 0.421 1 3
35 5 0.205 1 2
19 70 0.114 1 0
28 10 0.096 1 0
78 100 0.424 1 0
41 30 0.157 1 0
46 40 0.181 1 3
57 40 0.266 1 0
293 22 1.320 1 0
325 52 0.988 1 0
97 52 0.539 1 3
79 52 0.239 1 0
76 52 0.494 1 3
13 30 0.046 1 3
63 40 0.234 1 2
199 40 0.599 1 3
16 52 0.082 1 2
252 5 1.537 1 3
95 30 0.516 1 2
74 10 0.263 1 3
158 10 0.814 1 0
48 40 0.229 1 0
192 22 0.644 1 0
67 15 0.228 1 3
15 22 0.055 1 2
172 15 1.036 1 2
189 70 0.677 1 2
12 52 0.067 1 2
198 5 0.742 1 0
40 100 0.150 1 0
25 70 0.132 1 0
124 30 0.515 1 0
10 30 0.036 1 0
178 5 0.620 1 0
14 10 0.077 1 0
55 30 0.252 1 2
13 40 0.040 1 3
124 52 0.454 1 2
21 15 0.095 1 2
59 70 0.186 1 3
14 40 0.042 1 2
101 70 0.380 1 0
161 100 0.691 1 0
13 100 0.050 1 0
190 22 0.594 1 0
32 70 0.112 1 3
39 40 0.181 1 0
255 30 1.256 1 0
96 52 0.317 1 3
32 70 0.162 1 0
238 52 1.107 1 2
49 40 0.200 1 0
18 70 0.053 1 0
125 22 0.592 1 0
10 40 0.060 1 3
32 70 0.113 1 2
18 40 0.076 1 3
195 70 0.733 1 0
217 10 0.756 1 3
31 52 0.197 1 2
257 100 0.751 1 0
79 22 0.262 1 0
134 70 0.638 1 0
100 40 0.326 1 0
152 70 0.813 1 0
18 22 0.066 1 0
28 100 0.189 1 2
56 52 0.182 1 2
196 100 1.010 1 0
12 52 0.045 1 0
60 30 0.361 1 3
28 100 0.123 1 0
187 10 1.191 1 0
35 30 0.154 1 0
16 100 0.049 1 2
13 5 0.081 1 0
171 100 0.643 1 2
25 10 0.085 2 0
28 15 0.168 2 3
12 22 0.038 2 3
110 10 0.407 2 1
26 22 0.091 2 0
74 70 0.262 2 0
30 100 0.099 2 0
272 30 0.853 2 1
57 5 0.179 2 3
269 70 1.592 2 1
29 5 0.128 2 0
30 15 0.092 2 1
57 15 0.264 2 3
22 52 0.088 2 0
61 15 0.269 2 0
102 22 0.540 2 0
68 30 0.360 2 0
60 10 0.403 2 3
124 40 0.365 2 3
10 100 0.053 2 3
10 5 0.043 2 1
79 52 0.245 2 3
70 70 0.263 2 1
53 40 0.168 2 0
15 70 0.066 2 3
11 10 0.033 2 1
10 22 0.039 2 1
123 15 0.575 2 3
42 22 0.134 2 3
17 100 0.070 2 0
16 40 0.049 2 3
27 10 0.150 2 1
336 10 1.292 2 0
17 5 0.062 2 0
180 30 0.610 2 0
171 40 0.881 2 1
26 5 0.079 2 0
65 30 0.202 2 3
21 15 0.119 2 0
52 15 0.239 2 3
26 70 0.082 2 3
34 10 0.210 2 1
73 10 0.287 2 0
31 70 0.110 2 0
14 5 0.041 2 0
28 100 0.115 2 0
25 40 0.128 2 0
195 10 0.606 2 0
77 70 0.326 2 3
233 52 1.054 2 3
163 10 0.534 2 0
20 22 0.088 2 0
289 100 1.007 2 0
42 40 0.167 2 0
15 30 0.064 2 0
148 10 0.599 2 1
23 15 0.128 2 3
292 22 0.864 2 1
65 30 0.428 2 0
51 5 0.161 2 0
52 30 0.157 2 0
30 100 0.099 2 1
59 70 0.281 2 0
76 30 0.313 2 0
26 70 0.164 2 0
34 40 0.163 2 1
18 10 0.083 2 0
13 30 0.046 2 1
66 70 0.342 2 1
14 40 0.076 2 1
270 22 1.034 2 3
31 5 0.139 2 0
28 22 0.143 2 0
190 52 0.615 2 0
41 40 0.158 2 0
320 70 1.039 2 3
59 15 0.219 2 1
53 70 0.211 2 0
78 40 0.506 2 1
72 30 0.240 2 1
33 30 0.178 2 0
16 100 0.054 2 1
17 70 0.078 2 0
183 52 0.934 2 0
158 22 0.635 2 1
63 100 0.217 2 0
10 40 0.030 2 0
14 100 0.057 2 1
182 30 0.611 2 1
89 70 0.530 2 1
30 70 0.159 2 3
32 22 0.132 2 1
18 10 0.056 2 0
16 70 0.054 2 0
101 5 0.635 2 3
33 52 0.102 2 0
18 40 0.056 2 0
18 52 0.080 2 3
11 40 0.049 2 0
10 10 0.041 2 0
18 5 0.084 2 1
28 5 0.090 2 0
117 10 0.433 2 0
38 70 0.116 2 3
65 15 0.302 2 1
247 5 0.767 2 0
16 22 0.090 2 1
142 5 0.437 2 1
184 10 0.605 2 1
64 15 0.252 2 0
10 15 0.038 2 0
110 22 0.418 2 1
25 52 0.088 2 0
67 40 0.295 2 1
78 22 0.228 2 3
17 5 0.100 2 3
26 40 0.079 2 0
147 15 0.492 2 0
186 15 0.921 2 1
132 5 0.695 2 0
22 30 0.078 2 3
12 70 0.044 2 0
11 40 0.036 2 3
21 70 0.117 2 3
39 40 0.196 2 1
40 40 0.133 2 3
22 100 0.068 2 3
187 22 0.716 2 3
112 70 0.327 2 3
58 30 0.296 2 1
12 10 0.035 2 0
147 30 0.634 2 0
130 30 0.802 2 0
16 15 0.054 2 0
18 100 0.084 2 0
20 40 0.072 2 1
10 15 0.031 2 1
109 30 0.348 2 0
171 15 1.043 2 1
197 100 0.704 2 3
16 40 0.054 2 0
249 22 1.491 2 0
14 30 0.060 2 1
81 10 0.388 2 0
25 40 0.114 2 1
18 15 0.097 2 0
35 40 0.167 2 1
14 30 0.052 2 3
10 70 0.035 2 3
55 100 0.322 2 1
30 40 0.093 2 0
39 22 0.123 2 3
10 30 0.050 2 1
11 22 0.037 2 0
46 100 0.168 2 0
69 70 0.287 2 0
44 70 0.239 2 3
11 40 0.054 2 0
44 52 0.265 2 0
141 40 0.415 2 0
327 15 1.507 2 0
143 5 0.572 2 0
26 40 0.116 2 3
39 5 0.161 2 0
75 40 0.371 2 1
275 10 1.113 2 1
36 22 0.153 2 0
152 70 0.650 2 0
59 10 0.174 2 0
106 100 0.438 2 1
60 22 0.258 2 0
193 22 0.990 2 0
197 5 0.627 2 3
78 100 0.433 2 3
87 100 0.448 2 1
27 52 0.123 2 1
13 5 0.086 2 1
99 15 0.390 2 0
121 10 0.488 2 1
32 100 0.111 2 0
48 22 0.155 2 3
101 30 0.421 2 0
161 30 0.498 2 0
157 70 0.527 2 0
82 70 0.389 2 0
19 5 0.107 2 0
153 15 0.785 2 0
176 15 0.593 2 0
19 40 0.065 2 3
61 5 0.296 2 0
122 52 0.722 2 0
12 100 0.054 2 0
34 40 0.162 2 1
47 70 0.157 2 0
42 22 0.158 2 3
14 100 0.063 2 0
11 30 0.043 2 1
31 52 0.152 2 3
17 15 0.069 2 3
47 30 0.158 2 1
39 40 0.159 2 1
19 15 0.094 2 1
14 100 0.049 2 0
81 52 0.529 2 1
184 10 0.852 2 0
30 5 0.112 2 3
146 30 0.764 2 0
24 10 0.131 2 0
88 15 0.379 2 0
171 70 0.695 2 1
14 52 0.045 2 0
25 15 0.162 2 0
25 70 0.124 2 0
157 70 0.573 2 3
36 30 0.194 2 3
13 15 0.073 2 0
143 40 0.581 2 3
99 70 0.463 2 0
31 40 0.114 2 1
78 15 0.453 2 0
53 40 0.159 2 0
21 30 0.127 2 0
55 100 0.171 2 3
56 30 0.175 2 3
13 15 0.054 2 0
22 15 0.099 2 1
31 52 0.127 2 3
12 22 0.071 2 1
317 10 1.396 2 0
181 40 0.804 2 3
106 15 0.353 2 0
30 40 0.140 2 0
39 52 0.167 2 0
17 100 0.057 2 0
71 40 0.234 2 0
95 70 0.442 2 0
188 70 1.022 2 0
11 30 0.041 2 0
105 10 0.597 2 0
16 40 0.052 2 3
256 52 1.103 2 0
124 30 0.446 2 1
72 40 0.223 2 0
59 5 0.288 2 0
75 30 0.316 2 0
286 52 1.776 2 1
150 40 0.694 2 0
59 30 0.347 2 0
251 10 1.696 2 1
154 22 0.806 2 0
26 100 0.128 2 0
20 70 0.059 2 0
56 52 0.185 2 1
187 40 0.842 2 3
25 70 0.107 2 0
292 70 1.570 2 0
296 52 1.179 2 1
46 30 0.185 2 1
16 30 0.075 2 1
16 30 0.076 2 3
224 40 0.709 2 1
32 15 0.183 2 3
16 15 0.054 2 0
328 22 0.985 2 1
17 22 0.051 2 0
141 70 0.542 2 0
53 22 0.172 2 1
184 70 1.057 2 3
86 22 0.512 2 1
19 5 0.128 2 1
28 70 0.085 2 1
71 100 0.433 2 0
101 5 0.393 2 1
179 100 0.829 2 3
15 52 0.049 2 0
75 100 0.227 2 0
78 100 0.245 2 3
38 5 0.151 2 0
16 5 0.073 2 3
72 10 0.319 2 1
83 52 0.255 2 0
105 15 0.365 2 0
60 52 0.180 2 0
11 52 0.062 2 0
10 10 0.056 2 1
27 100 0.082 2 1
29 15 0.134 2 0
11 100 0.056 2 0
337 52 2.146 2 3
26 70 0.095 2 0
31 52 0.191 2 3
314 100 2.079 2 3
30 40 0.093 2 0
74 100 0.428 2 0
15 22 0.053 2 3
15 40 0.094 2 0
11 15 0.068 2 1
17 52 0.080 2 3
237 52 1.139 2 3
242 22 1.301 2 0
32 52 0.107 2 0
86 52 0.323 2 0
27 52 0.129 2 0
306 40 0.919 2 1
21 5 0.074 2 0
12 100 0.065 2 3
12 52 0.063 2 3
29 10 0.186 2 1
11 70 0.037 2 1
14 70 0.065 2 1
274 5 1.661 2 3
34 10 0.128 2 3
29 70 0.116 2 0
14 40 0.084 2 3
25 15 0.095 2 1
35 100 0.152 2 0
166 10 0.544 2 0
40 15 0.213 2 1
293 52 0.872 2 1
100 15 0.392 2 0
18 22 0.070 2 0
65 100 0.297 2 1
37 5 0.157 2 3
199 15 0.642 2 0
70 40 0.293 2 0
54 15 0.309 2 1
43 52 0.169 2 0
35 15 0.194 2 1
132 15 0.446 2 0
13 10 0.044 2 1
18 10 0.055 2 0
187 100 0.850 2 1
37 100 0.227 2 1
22 70 0.092 2 0
83 70 0.469 2 0
49 70 0.169 2 0
271 100 1.199 2 0
19 5 0.104 2 0
30 30 0.104 2 3
15 100 0.083 2 3
13 10 0.047 2 0
94 15 0.333 2 1
11 70 0.035 2 0
80 5 0.241 2 0
23 100 0.076 2 0
20 22 0.070 2 0
45 5 0.150 2 1
13 5 0.043 2 0
10 5 0.055 2 0
11 52 0.036 2 1
16 5 0.049 2 3
22 52 0.074 2 0
75 22 0.252 2 3
24 10 0.074 2 0
86 30 0.325 2 1
112 40 0.586 2 0
86 5 0.289 2 3
130 22 0.650 2 0
49 10 0.201 2 0
14 100 0.042 2 0
52 52 0.323 2 0
116 70 0.462 2 0
122 22 0.607 2 3
33 40 0.109 2 3
20 15 0.082 2 3
166 52 1.031 2 1
240 52 1.548 2 1
24 100 0.070 2 0
18 40 0.062 2 0
54 52 0.300 2 0
103 52 0.438 2 1
27 22 0.124 2 1
16 100 0.104 2 0
62 30 0.226 2 0
214 10 0.663 2 0
18 30 0.073 2 0
19 40 0.108 2 3
124 100 0.492 2 1
166 5 0.790 2 0
28 10 0.101 2 3
251 40 0.780 2 1
31 15 0.126 2 3
16 70 0.076 2 1
27 70 0.084 2 1
22 70 0.139 2 3
159 30 0.975 2 0
19 52 0.084 2 0
280 10 1.353 2 0
132 15 0.815 2 0
24 70 0.076 2 0
76 15 0.434 2 3
37 10 0.181 2 3
43 30 0.129 2 0
164 52 0.491 2 0
58 22 0.173 2 0
159 15 0.700 2 0
12 70 0.058 2 1
32 10 0.139 2 0
178 52 0.695 2 1
58 15 0.173 2 1
57 30 0.203 2 0
198 15 0.723 2 0
13 5 0.041 2 0
16 40 0.048 2 0
32 5 0.165 2 1
27 30 0.154 2 0
23 10 0.146 2 3
45 30 0.228 2 0
41 22 0.127 2 3
19 30 0.069 2 3
37 10 0.166 2 1
166 40 0.697 2 3
10 100 0.054 2 0
193 15 0.801 2 0
10 22 0.031 2 0
22 5 0.107 2 3
15 70 0.062 2 3
70 22 0.251 2 0
163 30 0.506 2 1
26 10 0.171 2 0
35 52 0.111 2 1
29 70 0.086 2 0
45 70 0.169 2 3
54 22 0.182 2 0
17 40 0.081 2 1
11 10 0.073 2 0
36 10 0.107 2 1
222 30 0.663 2 0
86 52 0.344 2 3
114 15 0.731 2 0
33 40 0.133 2 1
56 5 0.223 2 1
110 5 0.595 2 1
15 70 0.047 2 0
188 15 0.620 2 3
57 70 0.178 2 3
143 100 0.502 2 0
58 40 0.296 2 3
87 70 0.387 2 3
89 30 0.567 2 1
32 40 0.118 2 3
66 100 0.227 2 1
128 30 0.448 2 0
324 10 1.339 2 1
10 5 0.038 2 3
199 40 1.026 2 3
13 10 0.054 2 1
143 22 0.733 2 1
154 52 1.041 2 0
176 40 0.800 2 0
169 70 0.650 2 0
161 52 0.970 2 3
36 10 0.125 2 0
12 30 0.075 2 3
37 52 0.203 2 3
21 30 0.078 2 3
18 52 0.101 2 0
37 5 0.155 2 1
18 30 0.093 2 1
262 40 0.939 2 0
12 100 0.081 2 0
29 22 0.174 2 0
16 22 0.063 2 3
181 22 0.879 2 1
39 40 0.184 2 0
91 40 0.555 2 0
164 10 1.093 2 1
194 5 0.815 2 3
16 40 0.051 2 0
252 10 1.626 2 0
59 10 0.219 2 1
85 10 0.378 2 0
21 15 0.111 2 1
32 10 0.189 2 3
176 52 0.850 2 0
166 30 0.597 2 0
34 10 0.128 2 0
31 22 0.140 2 0
225 40 1.071 2 1
50 70 0.163 2 3
71 70 0.314 2 3
18 52 0.065 2 0
110 10 0.688 2 0
153 70 0.773 2 1
37 30 0.147 2 0
78 22 0.333 2 3
11 30 0.034 2 0
22 40 0.073 2 1
163 22 0.538 2 0
16 10 0.069 2 1
223 40 0.811 2 0
65 10 0.311 2 1
73 52 0.252 2 3
190 100 0.655 2 0
214 5 1.103 2 0
314 10 1.064 2 1
141 5 0.488 2 0
71 70 0.384 2 0
14 5 0.058 2 0
137 15 0.778 2 3
89 10 0.514 2 3
195 22 0.899 2 0
95 70 0.380 2 0
191 52 0.868 2 0
42 5 0.212 2 3
12 22 0.050 2 0
21 100 0.121 2 3
15 30 0.053 2 0
55 5 0.177 2 1
145 22 0.912 2 1
76 52 0.248 2 0
170 30 0.667 2 0
77 10 0.322 2 0
57 5 0.279 2 0
71 70 0.251 2 3
248 30 1.025 2 0
66 40 0.201 2 0
28 100 0.148 2 0
17 22 0.064 2 0
64 100 0.243 2 1
102 10 0.400 2 3
50 52 0.222 2 1
27 40 0.111 2 0
52 10 0.302 2 1
75 52 0.238 2 3
181 5 0.683 2 1
249 100 1.083 2 0
85 10 0.262 2 1
47 15 0.218 2 0
23 100 0.098 2 0
15 52 0.046 2 1
11 22 0.039 2 0
144 30 0.923 2 1
321 5 1.284 2 0
49 30 0.233 2 0
19 15 0.062 2 0
35 22 0.135 2 0
59 40 0.369 2 0
14 40 0.051 2 3
12 100 0.076 2 3
21 5 0.072 2 0
29 30 0.115 2 3
11 22 0.032 2 1
29 70 0.135 2 3
247 10 0.787 2 0
23 10 0.112 2 3
186 10 1.170 2 0
40 22 0.226 2 0
165 30 0.733 2 0
199 22 1.000 2 1
34 5 0.182 2 3
73 5 0.272 2 0
57 70 0.204 2 1
45 52 0.133 2 1
36 15 0.124 2 3
170 52 1.076 2 1
56 100 0.257 2 3
32 15 0.098 2 0
32 5 0.136 2 0
145 52 0.480 2 0
34 15 0.187 2 0
47 15 0.138 2 0
102 70 0.397 2 0
60 22 0.177 2 1
78 40 0.356 2 1
21 5 0.097 2 3
74 10 0.280 2 3
109 52 0.330 2 1
29 5 0.118 2 1
36 70 0.133 2 0
39 30 0.127 2 0
63 22 0.205 2 0
47 22 0.208 2 0
168 40 0.718 2 1
38 52 0.129 2 0
16 10 0.088 2 0
229 15 1.440 2 0
79 5 0.294 2 3
34 100 0.104 2 0
29 22 0.171 2 0
74 40 0.266 2 1
19 22 0.113 2 3
48 5 0.148 2 0
116 15 0.712 2 3
17 22 0.058 2 0
192 5 0.946 2 0
130 100 0.387 2 1
55 22 0.267 2 3
133 10 0.510 2 0
207 70 0.685 2 0
60 70 0.188 2 3
77 22 0.307 2 0
60 22 0.203 2 1
36 5 0.180 2 1
147 30 0.955 2 0
54 30 0.220 2 1
74 22 0.306 2 0
29 100 0.110 2 1
86 10 0.337 2 0
116 40 0.460 2 0
62 70 0.335 2 3
57 70 0.189 2 1
192 30 1.116 2 0
179 15 0.778 2 0
74 22 0.251 2 1
29 10 0.168 2 3
37 10 0.199 2 0
81 40 0.497 2 0
71 30 0.209 2 1
14 30 0.054 2 0
176 100 0.540 2 1
26 70 0.096 2 3
58 5 0.384 2 3
16 10 0.052 2 0
182 52 0.765 2 3
321 10 1.294 2 1
76 10 0.249 2 3
185 52 0.894 2 1
32 5 0.097 2 3
58 40 0.224 2 3
57 100 0.195 2 3
18 15 0.068 2 1
70 5 0.455 2 1
15 5 0.044 2 0
112 5 0.465 2 3
49 70 0.173 2 3
34 10 0.134 2 0
15 52 0.051 2 1
19 10 0.075 2 0
16 22 0.057 2 3
101 40 0.486 2 0
39 40 0.214 2 0
207 10 0.892 2 3
120 5 0.480 2 3
24 15 0.096 2 0
61 22 0.197 2 0
153 52 1.034 2 0
254 10 1.198 2 0
144 5 0.425 2 0
15 15 0.072 2 0
32 15 0.106 2 1
121 10 0.513 2 0
224 70 0.872 2 0
72 30 0.275 2 1
172 40 0.887 2 3
26 40 0.085 2 0
74 15 0.224 2 0
196 22 0.916 2 0
74 52 0.326 2 0
301 22 1.095 2 0
14 100 0.046 2 0
94 15 0.588 2 3
188 70 0.606 2 1
12 22 0.065 2 1
34 70 0.123 2 3
247 52 0.779 2 0
30 15 0.145 2 3
28 22 0.142 2 0
36 10 0.218 2 1
68 70 0.459 2 1
149 5 0.519 2 3
16 70 0.098 2 3
46 52 0.240 2 0
65 40 0.401 2 0
231 22 1.520 2 3
79 30 0.409 2 0
185 15 0.571 2 0
22 10 0.099 2 0
133 100 0.420 2 3
19 30 0.057 2 0
41 40 0.134 2 3
216 5 0.794 2 3
71 22 0.444 2 1
77 15 0.309 2 0
150 22 0.442 2 0
50 40 0.215 2 3
12 30 0.040 2 1
29 40 0.148 2 0
39 5 0.130 2 0
109 22 0.410 2 1
228 22 0.905 2 3
79 40 0.305 2 3
22 70 0.084 2 1
117 52 0.518 2 1
44 100 0.253 2 0
58 5 0.176 2 0
189 10 0.626 2 1
54 22 0.329 2 0
13 10 0.073 2 1
11 15 0.045 2 0
147 5 0.474 2 3
29 10 0.118 2 1
189 22 0.680 2 0
65 70 0.396 2 0
36 52 0.127 2 3
69 52 0.203 2 0
169 40 0.828 2 0
311 52 1.329 2 0
34 15 0.154 2 1
44 100 0.244 2 0
54 100 0.170 2 3
50 70 0.181 2 3
54 100 0.186 2 0
26 10 0.092 2 1
243 100 1.227 2 3
72 22 0.419 2 3
14 22 0.042 2 3
13 40 0.053 2 0
73 30 0.361 2 0
90 30 0.288 2 1
73 15 0.303 2 0
14 70 0.059 2 3
14 30 0.061 2 0
33 70 0.145 2 3
75 70 0.321 2 0
16 52 0.070 2 1
11 10 0.036 2 3
13 30 0.039 2 0
11 52 0.041 2 1
128 15 0.457 2 1
63 22 0.203 2 0
48 15 0.140 2 0
23 52 0.108 2 3
11 52 0.036 2 1
36 70 0.120 2 3
74 100 0.407 2 3
38 52 0.146 2 3
111 52 0.703 2 0
24 100 0.126 2 0
55 40 0.196 2 0
12 15 0.036 2 0
18 10 0.084 2 0
272 15 1.732 2 0
38 22 0.202 2 0
17 40 0.052 2 0
16 100 0.070 2 3
27 30 0.083 2 0
99 5 0.390 2 0
190 40 1.124 2 1
231 100 1.435 2 0
209 40 1.010 2 1
93 30 0.271 2 0
70 5 0.366 2 0
67 5 0.218 2 3
57 30 0.291 2 0
19 100 0.108 2 0
127 5 0.841 2 1
72 30 0.434 2 0
55 30 0.206 2 3
173 15 1.012 2 0
12 10 0.039 2 3
82 30 0.246 2 3
66 100 0.324 2 0
16 5 0.078 2 3
10 30 0.037 2 3
52 30 0.155 2 0
44 70 0.134 2 3
19 22 0.081 2 3
23 10 0.069 2 0
21 40 0.135 2 3
28 100 0.148 2 3
23 5 0.150 2 1
10 30 0.043 2 1
12 30 0.066 2 0
27 100 0.101 2 1
11 70 0.045 2 0
71 10 0.242 2 1
49 15 0.164 2 1
77 22 0.263 2 3
247 100 1.444 2 0
13 5 0.054 2 3
195 40 0.595 2 3
10 70 0.032 2 1
65 10 0.293 2 0
109 100 0.398 2 1
19 30 0.072 2 0
65 22 0.378 2 1
25 10 0.124 2 0
13 40 0.038 2 0
134 70 0.563 2 1
16 100 0.057 2 0
34 15 0.147 2 1
23 40 0.075 2 0
42 100 0.141 2 0
18 52 0.077 2 1
227 10 0.835 2 3
73 10 0.437 2 0
96 15 0.578 2 1
20 15 0.103 2 1
77 10 0.262 2 0
38 5 0.119 2 0
128 40 0.410 2 0
29 5 0.099 2 1
12 22 0.044 2 3
182 70 1.103 2 0
225 100 0.719 2 0
149 40 0.920 2 0
61 100 0.260 2 0
10 30 0.032 2 3
12 70 0.037 2 1
19 40 0.082 2 3
241 22 1.426 2 3
73 70 0.270 2 1
37 70 0.153 2 1
189 5 1.105 2 0
35 15 0.125 2 0
86 5 0.291 2 1
33 40 0.194 2 3
58 22 0.264 2 0
35 70 0.140 2 0
39 10 0.156 2 3
212 30 0.838 2 3
141 30 0.507 2 0
147 10 0.518 2 3
106 10 0.402 2 0
15 22 0.077 2 0
76 10 0.281 2 3
32 40 0.212 2 1
29 52 0.178 2 1
305 40 1.676 2 3
37 70 0.175 2 3
106 70 0.461 2 3
44 5 0.133 2 3
70 52 0.435 2 3
17 5 0.101 2 0
61 40 0.261 2 0
66 100 0.216 2 3
26 70 0.086 2 1
85 30 0.299 2 0
76 10 0.248 2 3
18 5 0.052 2 0
160 30 0.513 2 3
276 70 0.899 2 3
20 10 0.068 2 0
196 52 0.947 2 3
325 40 1.562 2 0
114 52 0.671 2 0
13 10 0.039 2 1
30 10 0.186 2 0
15 5 0.067 2 0
71 40 0.223 2 0
48 5 0.171 2 0
75 10 0.284 2 1
19 30 0.076 2 3
46 40 0.142 2 0
37 52 0.116 2 0
68 52 0.304 2 0
172 15 1.089 2 3
27 10 0.082 2 0
60 15 0.287 2 1
19 70 0.089 2 3
18 10 0.076 2 3
284 10 1.868 2 0
195 10 0.826 2 1
34 10 0.139 2 0
78 10 0.256 2 0
16 100 0.060 2 3
107 30 0.314 2 1
262 40 1.016 2 0
118 10 0.752 2 1
119 5 0.438 2 0
35 5 0.162 2 0
76 10 0.322 2 1
14 22 0.069 2 1
285 52 1.839 2 0
18 5 0.058 2 0
10 100 0.038 2 1
77 15 0.520 2 3
13 40 0.044 2 1
140 5 0.805 2 1
37 15 0.110 2 3
117 15 0.555 2 3
44 70 0.207 2 1
221 52 1.009 2 0
16 5 0.072 2 1
34 40 0.195 2 3
117 30 0.375 2 1
25 40 0.098 2 1
15 15 0.073 2 0
12 15 0.045 2 0
21 70 0.125 2 0
19 30 0.121 2 1
12 40 0.071 2 0
283 15 1.354 2 1
77 70 0.367 2 0
108 22 0.495 2 0
15 52 0.068 2 0
60 5 0.254 2 3
29 22 0.126 2 1
15 52 0.084 2 3
111 100 0.338 2 0
193 100 0.889 2 0
55 22 0.162 2 0
217 100 1.009 2 0
62 100 0.271 2 3
74 100 0.294 2 0
41 100 0.150 2 1
73 30 0.263 2 1
20 10 0.078 2 1
177 70 0.714 2 0
18 100 0.087 2 1
133 100 0.489 2 3
110 100 0.449 2 0
16 100 0.082 2 1
45 5 0.171 2 3
275 40 0.802 2 3
12 10 0.066 2 1
16 70 0.062 2 1
22 5 0.064 2 3
35 100 0.103 2 3
192 10 1.215 2 0
164 22 0.661 2 3
30 52 0.109 2 1
107 10 0.629 2 3
180 70 0.623 2 3
12 100 0.042 2 0
144 70 0.526 2 0
169 5 0.650 2 0
28 52 0.166 2 3
11 40 0.035 2 0
285 22 1.887 2 0
15 40 0.049 2 1
33 30 0.118 2 0
179 30 0.661 2 1
46 30 0.167 2 0
128 70 0.518 2 0
55 100 0.219 2 0
32 10 0.205 2 3
62 30 0.365 2 3
26 100 0.120 2 0
60 70 0.188 2 1
18 22 0.108 2 0
10 30 0.048 2 1
17 10 0.083 2 0
52 5 0.224 2 1
14 40 0.093 2 0
23 15 0.116 2 0
23 30 0.074 2 1
90 30 0.303 2 3
16 52 0.073 2 1
21 30 0.066 2 0
33 30 0.168 2 0
12 40 0.038 2 0
73 100 0.225 2 0
69 40 0.338 2 3
90 10 0.267 2 1
44 22 0.137 2 0
55 40 0.259 2 1
66 52 0.388 2 0
31 100 0.153 2 0
76 70 0.253 2 1
35 10 0.113 2 0
123 100 0.389 2 0
58 70 0.222 2 0
10 22 0.031 2 3
55 40 0.259 2 0
13 52 0.070 2 3
30 30 0.162 2 0
17 5 0.059 2 0
13 40 0.051 2 1
18 30 0.059 2 0
138 30 0.619 2 0
87 30 0.410 2 0
203 10 0.592 2 0
22 22 0.096 2 0
209 5 0.641 2 1
11 5 0.040 2 0
141 52 0.665 2 1
68 70 0.238 2 3
200 40 1.087 2 3
56 52 0.247 2 3
28 30 0.084 2 1
123 22 0.564 2 1
21 10 0.105 2 3
42 100 0.143 2 0
33 22 0.107 2 3
18 30 0.110 2 0
119 52 0.428 2 3
18 5 0.064 2 3
134 52 0.551 2 0
17 100 0.050 2 3
37 40 0.112 2 0
165 30 0.747 2 3
33 100 0.124 2 0
149 5 0.914 2 0
25 30 0.093 2 3
29 15 0.132 2 0
19 30 0.108 2 0
15 15 0.056 2 0
12 22 0.047 2 0
26 15 0.143 2 3
34 10 0.115 2 0
56 70 0.269 2 3
98 100 0.454 2 3
19 22 0.096 2 3
11 100 0.036 2 1
85 15 0.248 2 1
14 70 0.045 2 3
26 30 0.131 2 0
51 100 0.313 2 0
101 100 0.345 2 0
92 52 0.609 2 0
143 22 0.431 2 3
114 15 0.489 2 3
19 52 0.117 2 0
19 5 0.062 2 0
13 30 0.083 2 3
31 70 0.148 2 3
117 30 0.476 2 3
76 40 0.266 2 1
22 40 0.071 2 0
63 15 0.268 2 0
78 5 0.311 2 0
139 100 0.476 2 1
54 10 0.200 2 1
67 52 0.197 2 3
78 5 0.287 2 1
27 52 0.160 2 0
304 40 1.202 2 0
242 100 1.267 3 1
179 40 1.140 3 1
11 5 0.064 3 0
33 52 0.140 3 1
121 52 0.582 3 0
146 15 0.967 3 2
127 5 0.410 3 0
24 70 0.073 3 1
229 10 0.705 3 0
27 22 0.091 3 1
35 100 0.148 3 0
17 22 0.104 3 1
148 40 0.447 3 1
32 40 0.167 3 0
19 22 0.128 3 0
26 40 0.145 3 2
213 15 1.197 3 0
36 10 0.170 3 0
174 40 0.598 3 1
74 22 0.323 3 1
195 100 0.654 3 0
19 40 0.056 3 1
38 100 0.245 3 0
69 70 0.258 3 2
162 22 0.589 3 0
40 5 0.167 3 2
75 70 0.310 3 0
234 40 0.967 3 1
34 5 0.152 3 1
162 15 0.730 3 2
19 15 0.069 3 2
15 30 0.049 3 2
12 100 0.071 3 2
10 15 0.034 3 0
15 22 0.052 3 2
162 40 0.528 3 0
146 70 0.505 3 0
57 52 0.243 3 2
67 22 0.269 3 2
176 10 1.060 3 0
107 5 0.330 3 1
17 30 0.108 3 0
47 40 0.176 3 2
14 10 0.043 3 0
323 70 1.970 3 2
120 100 0.482 3 2
15 5 0.053 3 1
11 100 0.034 3 0
16 100 0.081 3 0
18 52 0.065 3 0
290 30 0.929 3 2
184 100 0.692 3 0
15 40 0.064 3 0
24 70 0.085 3 0
50 70 0.166 3 0
19 70 0.061 3 0
53 10 0.251 3 2
148 30 0.519 3 0
25 100 0.144 3 0
16 15 0.070 3 2
43 70 0.137 3 0
18 52 0.098 3 0
185 70 0.743 3 1
61 22 0.339 3 1
15 70 0.050 3 2
194 40 0.862 3 1
54 100 0.360 3 0
19 40 0.060 3 0
43 10 0.247 3 0
56 100 0.166 3 2
59 40 0.319 3 0
129 52 0.554 3 1
32 70 0.209 3 1
90 70 0.457 3 1
60 70 0.242 3 1
182 22 0.692 3 0
68 5 0.231 3 1
19 30 0.083 3 2
19 100 0.068 3 0
63 100 0.243 3 0
140 15 0.787 3 1
44 22 0.284 3 0
304 22 1.949 3 1
44 5 0.134 3 1
29 5 0.098 3 2
30 10 0.160 3 0
176 10 1.067 3 0
42 40 0.125 3 0
258 15 1.296 3 1
231 40 0.738 3 2
14 52 0.051 3 0
11 100 0.033 3 2
23 70 0.141 3 2
123 70 0.624 3 2
110 52 0.688 3 0
25 100 0.122 3 0
21 40 0.069 3 0
15 52 0.099 3 0
123 10 0.399 3 1
24 30 0.075 3 0
16 70 0.048 3 2
79 15 0.476 3 2
148 15 0.638 3 0
170 5 0.557 3 2
12 52 0.036 3 0
43 70 0.141 3 0
69 10 0.363 3 1
182 70 0.679 3 0
23 15 0.092 3 1
33 15 0.135 3 2
27 30 0.091 3 0
23 30 0.106 3 0
108 22 0.371 3 2
47 40 0.152 3 0
59 70 0.182 3 0
123 22 0.528 3 0
115 100 0.714 3 0
40 100 0.164 3 0
71 22 0.209 3 2
93 52 0.574 3 0
48 22 0.302 3 1
145 100 0.884 3 0
17 30 0.054 3 1
98 5 0.319 3 0
17 70 0.060 3 1
311 52 0.957 3 0
11 22 0.036 3 1
14 40 0.068 3 0
195 100 0.641 3 0
41 40 0.206 3 2
38 100 0.135 3 0
15 5 0.050 3 1
153 22 0.486 3 0
18 52 0.088 3 2
89 52 0.366 3 1
69 22 0.439 3 2
199 30 1.015 3 0
18 15 0.084 3 2
28 30 0.141 3 2
29 100 0.132 3 0
32 5 0.106 3 0
77 70 0.407 3 2
71 5 0.335 3 0
12 100 0.037 3 2
113 70 0.353 3 1
34 52 0.179 3 0
23 10 0.082 3 0
154 5 0.846 3 1
73 70 0.239 3 0
13 40 0.078 3 0
61 70 0.226 3 0
148 40 0.470 3 0
12 52 0.039 3 1
16 52 0.080 3 1
72 30 0.387 3 0
10 10 0.037 3 2
226 10 0.681 3 0
18 10 0.082 3 1
296 10 1.566 3 1
16 22 0.062 3 1
27 10 0.083 3 1
11 70 0.034 3 0
17 15 0.054 3 1
19 22 0.073 3 0
45 100 0.195 3 1
16 100 0.049 3 1
189 15 1.212 3 1
13 15 0.039 3 0
27 22 0.118 3 1
39 5 0.189 3 0
61 5 0.279 3 2
35 10 0.170 3 0
278 100 0.965 3 0
15 40 0.081 3 0
317 40 1.082 3 2
15 70 0.058 3 0
144 40 0.658 3 1
37 22 0.185 3 1
59 70 0.339 3 1
20 52 0.089 3 0
42 52 0.202 3 0
198 52 0.966 3 2
17 70 0.064 3 0
22 22 0.069 3 2
102 40 0.520 3 0
13 100 0.059 3 2
69 10 0.255 3 0
189 30 0.836 3 0
13 30 0.045 3 2
217 40 0.889 3 2
15 15 0.072 3 0
22 5 0.067 3 0
127 100 0.443 3 0
32 5 0.192 3 1
64 40 0.241 3 2
19 22 0.114 3 0
29 30 0.177 3 2
55 52 0.258 3 1
52 10 0.213 3 1
220 30 0.719 3 1
12 30 0.057 3 2
74 70 0.261 3 0
14 52 0.062 3 0
56 10 0.242 3 0
203 52 1.269 3 0
23 100 0.129 3 2
18 40 0.061 3 0
34 70 0.161 3 1
12 40 0.048 3 0
327 15 1.768 3 0
23 30 0.120 3 2
22 70 0.127 3 0
187 15 1.247 3 2
160 15 0.599 3 0
14 40 0.047 3 0
305 70 1.017 3 2
310 22 1.250 3 2
84 70 0.341 3 0
18 70 0.062 3 2
319 70 1.957 3 1
16 10 0.080 3 0
107 70 0.517 3 2
11 40 0.035 3 1
12 40 0.063 3 0
29 70 0.118 3 0
319 40 1.587 3 2
107 10 0.328 3 0
243 70 0.920 3 0
24 70 0.078 3 2
19 40 0.059 3 2
19 22 0.094 3 0
163 30 0.886 3 2
11 100 0.035 3 0
29 22 0.117 3 2
87 100 0.302 3 2
22 10 0.072 3 2
84 100 0.380 3 0
16 22 0.091 3 2
10 22 0.059 3 1
116 70 0.374 3 2
15 70 0.094 3 0
10 40 0.048 3 0
70 70 0.212 3 0
25 30 0.094 3 0
65 52 0.208 3 0
18 15 0.060 3 0
12 70 0.045 3 2
238 22 1.107 3 2
215 30 0.896 3 0
37 15 0.133 3 2
91 5 0.371 3 0
86 10 0.354 3 0
55 10 0.194 3 1
250 15 0.936 3 0
78 15 0.479 3 2
10 52 0.038 3 0
19 10 0.118 3 0
61 40 0.347 3 0
51 40 0.189 3 0
48 100 0.208 3 2
38 52 0.133 3 0
27 5 0.082 3 0
62 40 0.301 3 2
34 100 0.148 3 2
11 10 0.037 3 0
17 100 0.067 3 0
31 52 0.140 3 0
235 100 0.739 3 0
18 22 0.092 3 1
12 22 0.054 3 2
67 52 0.276 3 2
22 70 0.079 3 1
33 22 0.120 3 0
106 22 0.342 3 0
29 70 0.087 3 0
28 52 0.142 3 0
10 52 0.042 3 2
187 52 0.685 3 2
20 40 0.068 3 2
14 22 0.058 3 1
25 100 0.093 3 0
95 15 0.319 3 1
71 15 0.338 3 0
53 5 0.218 3 0
140 15 0.583 3 1
23 30 0.092 3 2
39 30 0.231 3 2
266 70 1.556 3 0
22 52 0.069 3 2
23 15 0.125 3 0
21 52 0.127 3 2
16 5 0.067 3 1
76 5 0.310 3 1
45 30 0.153 3 0
15 52 0.064 3 1
201 22 1.069 3 1
281 5 1.227 3 0
79 52 0.310 3 1
59 70 0.341 3 2
77 15 0.490 3 0
13 70 0.086 3 2
34 40 0.105 3 0
48 70 0.205 3 1
70 52 0.376 3 1
44 40 0.175 3 0
60 70 0.368 3 0
85 30 0.436 3 0
86 40 0.465 3 2
166 22 0.783 3 0
32 10 0.114 3 2
131 52 0.520 3 0
13 30 0.070 3 2
11 30 0.065 3 1
297 10 0.887 3 0
19 40 0.124 3 0
57 52 0.204 3 2
17 30 0.104 3 0
64 40 0.241 3 0
166 40 0.568 3 0
19 70 0.061 3 0
29 70 0.098 3 2
68 22 0.224 3 1
115 100 0.487 3 1
178 40 1.017 3 0
48 5 0.175 3 0
64 70 0.327 3 1
23 10 0.119 3 1
127 15 0.676 3 0
13 10 0.071 3 2
12 52 0.043 3 1
18 70 0.058 3 0
75 40 0.421 3 1
31 100 0.157 3 2
23 5 0.129 3 0
232 100 1.497 3 0
164 5 0.695 3 0
41 10 0.252 3 0
17 22 0.052 3 1
16 100 0.102 3 1
13 52 0.063 3 2
79 15 0.359 3 2
335 30 1.558 3 2
68 22 0.287 3 1
12 10 0.045 3 0
55 15 0.322 3 2
315 30 1.994 3 1
19 5 0.072 3 1
73 100 0.254 3 0
90 10 0.400 3 1
33 70 0.127 3 0
44 22 0.167 3 0
36 22 0.225 3 0
107 100 0.435 3 1
17 70 0.065 3 2
15 52 0.086 3 1
27 15 0.121 3 1
29 100 0.131 3 2
66 10 0.205 3 0
28 5 0.151 3 0
32 52 0.096 3 0
152 22 0.676 3 0
109 40 0.368 3 1
73 100 0.309 3 2
65 10 0.307 3 1
76 70 0.235 3 2
18 52 0.085 3 0
17 52 0.093 3 0
116 40 0.563 3 0
11 22 0.060 3 0
32 5 0.125 3 0
48 70 0.153 3 2
96 70 0.636 3 1
12 40 0.075 3 2
13 22 0.046 3 2
138 40 0.908 3 2
13 100 0.060 3 2
122 70 0.667 3 1
18 30 0.054 3 2
69 5 0.270 3 0
30 22 0.178 3 0
171 40 0.609 3 0
14 40 0.064 3 0
66 40 0.215 3 0
258 100 1.234 3 0
234 22 1.385 3 2
320 70 1.788 3 0
224 100 1.018 3 0
154 22 1.007 3 0
98 70 0.428 3 1
49 30 0.145 3 1
15 100 0.069 3 0
231 100 1.027 3 0
17 30 0.078 3 0
96 52 0.423 3 0
68 30 0.260 3 0
17 30 0.052 3 0
204 30 0.706 3 1
91 15 0.324 3 0
77 5 0.456 3 1
125 5 0.486 3 0
59 100 0.228 3 0
265 100 0.839 3 0
89 15 0.428 3 1
96 30 0.349 3 2
13 30 0.067 3 0
37 15 0.164 3 1
199 15 0.980 3 2
75 52 0.296 3 0
11 30 0.048 3 2
10 70 0.033 3 1
79 52 0.434 3 2
71 15 0.244 3 0
11 22 0.035 3 0
28 22 0.105 3 0
19 22 0.113 3 1
55 5 0.335 3 1
98 40 0.321 3 0
15 100 0.070 3 1
16 52 0.087 3 0
34 70 0.110 3 1
16 30 0.050 3 2
15 70 0.069 3 0
135 40 0.404 3 1
18 10 0.063 3 0
35 40 0.120 3 0
70 5 0.205 3 2
76 70 0.292 3 2
93 15 0.304 3 0
18 100 0.073 3 0
19 52 0.059 3 0
19 100 0.069 3 2
104 100 0.354 3 0
147 30 0.523 3 1
19 15 0.121 3 2
23 22 0.136 3 0
17 100 0.051 3 0
303 5 1.232 3 0
24 40 0.075 3 1
19 5 0.124 3 0
99 22 0.425 3 0
68 40 0.246 3 1
79 5 0.249 3 1
233 52 0.710 3 2
310 100 0.963 3 1
42 22 0.151 3 2
140 15 0.415 3 0
10 5 0.052 3 2
117 10 0.353 3 1
93 100 0.317 3 0
11 52 0.056 3 0
10 10 0.038 3 2
231 70 1.085 3 0
175 70 0.632 3 0
21 5 0.089 3 0
15 40 0.060 3 2
66 15 0.295 3 2
24 30 0.093 3 0
10 22 0.056 3 2
44 40 0.242 3 0
90 5 0.320 3 0
12 100 0.052 3 0
118 10 0.431 3 2
159 5 0.824 3 1
10 40 0.031 3 0
75 30 0.346 3 0
152 22 0.594 3 0
339 15 1.340 3 2
61 52 0.228 3 0
35 30 0.156 3 0
49 15 0.163 3 0
114 52 0.543 3 2
16 10 0.048 3 0
248 70 0.829 3 1
158 100 0.924 3 0
12 10 0.074 3 2
34 15 0.121 3 0
15 10 0.082 3 0
20 52 0.071 3 2
62 40 0.416 3 2
18 40 0.065 3 2
29 40 0.143 3 0
113 5 0.734 3 0
139 22 0.507 3 0
22 70 0.096 3 2
276 40 0.899 3 2
17 40 0.091 3 0
25 70 0.084 3 0
49 15 0.151 3 2
17 15 0.052 3 1
88 70 0.309 3 2
228 40 1.500 3 1
167 22 0.732 3 2
13 15 0.040 3 1
57 22 0.266 3 2
83 100 0.284 3 0
102 70 0.466 3 0
72 70 0.385 3 2
16 100 0.065 3 0
70 15 0.370 3 1
46 70 0.230 3 1
127 52 0.423 3 0
26 10 0.173 3 0
33 15 0.210 3 0
38 5 0.183 3 0
16 30 0.083 3 2
53 5 0.164 3 0
38 30 0.130 3 0
112 15 0.742 3 0
174 15 0.567 3 2
23 22 0.091 3 0
112 52 0.679 3 0
26 30 0.173 3 2
42 100 0.170 3 0
41 22 0.148 3 1
13 40 0.081 3 2
190 22 0.592 3 1
31 22 0.167 3 2
93 22 0.596 3 0
199 22 0.628 3 1
209 10 0.897 3 2
53 15 0.199 3 1
55 5 0.188 3 0
328 22 1.215 3 0
222 15 0.953 3 0
25 40 0.079 3 0
58 5 0.229 3 1
64 30 0.342 3 0
25 30 0.132 3 2
15 100 0.079 3 0
169 40 0.525 3 0
81 10 0.263 3 2
266 30 0.824 3 1
37 70 0.123 3 0
325 10 1.702 3 0
65 100 0.406 3 2
59 22 0.235 3 0
31 5 0.161 3 0
97 40 0.418 3 2
77 10 0.228 3 0
12 40 0.069 3 2
174 22 0.787 3 2
55 15 0.240 3 0
114 70 0.667 3 0
15 5 0.074 3 1
26 30 0.107 3 2
140 5 0.498 3 1
72 10 0.383 3 1
21 10 0.130 3 2
11 40 0.055 3 0
14 40 0.045 3 0
166 40 0.878 3 2
38 22 0.153 3 0
278 5 1.356 3 0
31 100 0.149 3 1
12 30 0.059 3 0
26 15 0.080 3 0
120 15 0.436 3 0
118 10 0.349 3 2
17 22 0.064 3 1
34 52 0.157 3 0
14 30 0.048 3 2
304 15 1.139 3 0
10 100 0.030 3 2
162 30 0.698 3 1
23 22 0.143 3 1
30 5 0.120 3 0
75 5 0.242 3 1
24 15 0.075 3 0
154 52 0.616 3 1
58 22 0.226 3 1
57 5 0.170 3 1
54 40 0.204 3 0
75 70 0.436 3 2
119 22 0.416 3 2
65 40 0.328 3 2
24 22 0.102 3 0
69 5 0.283 3 1
11 70 0.033 3 1
60 52 0.211 3 0
74 5 0.243 3 1
197 40 0.980 3 1
128 52 0.454 3 0
188 100 0.752 3 0
152 5 0.519 3 0
105 40 0.323 3 0
52 40 0.297 3 1
68 15 0.327 3 0
50 15 0.296 3 0
16 15 0.090 3 0
10 70 0.052 3 0
22 70 0.088 3 2
16 30 0.070 3 0
29 10 0.111 3 1
112 52 0.416 3 2
70 30 0.236 3 0
191 15 0.608 3 0
60 22 0.192 3 2
13 10 0.048 3 0
42 10 0.157 3 2
32 52 0.096 3 2
35 70 0.124 3 0
71 40 0.278 3 0
30 22 0.102 3 0
161 40 0.870 3 0
34 15 0.152 3 0
99 10 0.404 3 1
54 70 0.176 3 0
117 30 0.619 3 1
199 15 0.668 3 0
339 30 1.115 3 0
14 15 0.061 3 1
32 22 0.131 3 0
10 5 0.045 3 1
12 10 0.040 3 1
16 22 0.051 3 2
66 10 0.267 3 0
103 70 0.632 3 1
21 15 0.074 3 0
88 5 0.275 3 1
32 52 0.136 3 1
26 10 0.143 3 1
99 52 0.391 3 2
117 70 0.403 3 2
16 52 0.060 3 0
97 15 0.396 3 0
31 30 0.120 3 2
18 10 0.052 3 0
21 22 0.125 3 1
96 52 0.644 3 1
34 5 0.175 3 0
12 52 0.052 3 0
45 22 0.137 3 1
39 40 0.176 3 2
67 5 0.229 3 0
36 10 0.232 3 0
209 40 0.713 3 0
28 15 0.109 3 0
16 100 0.085 3 0
262 40 1.464 3 0
264 100 1.562 3 2
60 5 0.192 3 1
18 22 0.058 3 1
17 70 0.057 3 0
118 5 0.368 3 1
85 30 0.323 3 1
26 100 0.109 3 2
297 30 1.010 3 0
124 15 0.556 3 2
258 100 0.804 3 1
13 22 0.038 3 1
36 30 0.119 3 2
326 10 0.985 3 2
15 30 0.049 3 0
35 10 0.191 3 1
62 40 0.207 3 0
123 30 0.537 3 0
21 5 0.080 3 0
14 5 0.042 3 0
141 10 0.750 3 1
13 10 0.087 3 0
212 30 0.652 3 0
14 100 0.065 3 0
57 40 0.188 3 0
137 22 0.919 3 1
144 5 0.837 3 2
18 22 0.099 3 2
26 10 0.114 3 0
146 22 0.635 3 1
148 10 0.482 3 2
240 70 1.116 3 0
198 52 0.865 3 2
44 30 0.161 3 1
38 52 0.116 3 0
127 70 0.575 3 1
76 5 0.481 3 0
206 22 0.963 3 0
179 15 1.000 3 1
232 30 1.000 3 0
184 30 1.102 3 0
181 10 0.688 3 2
119 10 0.459 3 0
43 70 0.136 3 1
64 52 0.215 3 0
63 5 0.304 3 0
17 52 0.058 3 0
129 70 0.573 3 0
72 22 0.234 3 1
55 40 0.253 3 2
144 30 0.524 3 1
54 15 0.218 3 0
24 52 0.128 3 0
169 30 1.063 3 0
63 40 0.323 3 0
79 22 0.241 3 0
70 30 0.255 3 2
57 22 0.232 3 1
61 100 0.185 3 0
26 15 0.097 3 0
89 10 0.288 3 1
12 100 0.035 3 0
25 100 0.110 3 0
53 52 0.277 3 0
33 15 0.129 3 1
13 10 0.079 3 2
13 15 0.042 3 0
61 30 0.252 3 0
208 22 0.743 3 2
40 5 0.195 3 2
27 5 0.148 3 2
146 30 0.638 3 2
11 15 0.047 3 2
154 15 0.529 3 2
75 70 0.369 3 0
49 100 0.231 3 2
307 15 1.668 3 0
17 30 0.103 3 2
38 70 0.114 3 0
34 10 0.111 3 0
13 30 0.075 3 1
30 10 0.126 3 0
41 100 0.193 3 0
27 22 0.080 3 1
14 40 0.054 3 0
227 52 1.004 3 0
12 40 0.036 3 1
18 30 0.061 3 0
240 100 0.795 3 0
252 22 1.482 3 0
237 22 1.445 3 2
24 5 0.130 3 2
153 52 0.461 3 1
128 40 0.430 3 0
34 52 0.165 3 1
166 30 0.574 3 1
28 22 0.099 3 2
104 22 0.310 3 1
159 52 0.605 3 1
77 30 0.421 3 0
18 40 0.095 3 1
98 22 0.398 3 0
25 52 0.076 3 0
61 70 0.370 3 2
116 70 0.518 3 0
74 22 0.315 3 2
55 5 0.190 3 2
41 70 0.172 3 0
72 15 0.434 3 0
51 100 0.149 3 0
39 30 0.199 3 2
20 30 0.084 3 1
39 10 0.262 3 0
41 22 0.190 3 2
70 5 0.290 3 1
59 70 0.214 3 1
40 22 0.156 3 0
74 40 0.454 3 1
30 70 0.112 3 0
12 22 0.036 3 0
35 40 0.148 3 2
42 40 0.235 3 0
32 100 0.126 3 0
141 30 0.573 3 0
94 40 0.362 3 0
13 5 0.075 3 2
161 70 0.660 3 1
16 10 0.096 3 2
53 40 0.195 3 2
96 40 0.366 3 1
77 40 0.304 3 1
141 5 0.461 3 2
39 100 0.234 3 1
20 22 0.087 3 0
57 70 0.189 3 0
54 100 0.197 3 1
49 30 0.258 3 0
34 10 0.129 3 1
13 5 0.052 3 0
104 70 0.528 3 1
168 30 0.944 3 0
198 40 0.720 3 0
19 100 0.064 3 0
121 52 0.460 3 2
27 15 0.146 3 1
42 30 0.244 3 1
16 5 0.051 3 2
37 30 0.215 3 2
33 52 0.163 3 0
23 52 0.077 3 0
16 5 0.054 3 1
125 15 0.508 3 0
184 30 1.011 3 0
31 10 0.167 3 0
20 70 0.120 3 0
11 100 0.037 3 2
233 40 1.447 3 2
54 30 0.331 3 0
11 22 0.038 3 0
80 15 0.390 3 2
131 70 0.408 3 0
15 10 0.047 3 1
212 15 0.845 3 2
77 10 0.302 3 0
12 22 0.042 3 2
60 70 0.227 3 0
11 22 0.041 3 1
10 15 0.041 3 2
18 40 0.084 3 0
65 15 0.288 3 0
71 5 0.249 3 0
110 15 0.696 3 0
52 15 0.195 3 1
102 70 0.451 3 0
42 5 0.207 3 0
35 22 0.119 3 2
68 22 0.309 3 1
75 22 0.299 3 2
166 52 0.548 3 2
164 52 0.891 3 2
12 70 0.036 3 0
157 40 0.707 3 2
155 22 0.491 3 2
13 52 0.039 3 1
91 10 0.425 3 1
162 30 1.087 3 0
90 10 0.277 3 0
32 15 0.162 3 2
70 10 0.298 3 1
174 30 0.628 3 0
17 5 0.061 3 1
53 40 0.358 3 1
10 52 0.041 3 0
206 15 0.630 3 1
29 15 0.101 3 0
109 22 0.328 3 1
51 30 0.183 3 0
79 30 0.312 3 1
173 30 0.510 3 1
65 100 0.263 3 2
23 10 0.152 3 0
138 22 0.642 3 0
19 52 0.117 3 2
90 70 0.283 3 2
110 30 0.470 3 0
47 22 0.177 3 0
17 52 0.068 3 2
39 100 0.236 3 0
68 40 0.219 3 1
76 100 0.450 3 0
172 22 0.583 3 2
69 22 0.210 3 2
57 15 0.171 3 0
13 70 0.042 3 1
11 10 0.070 3 0
133 10 0.463 3 0
56 52 0.230 3 0
196 22 0.671 3 1
65 15 0.281 3 0
322 5 1.602 3 0
67 40 0.411 3 1
294 70 1.387 3 0
199 10 0.607 3 0
55 100 0.212 3 0
28 70 0.103 3 1
103 15 0.448 3 2
101 5 0.314 3 1
17 10 0.055 3 1
12 30 0.070 3 0
13 30 0.070 3 1
42 5 0.261 3 2
31 40 0.134 3 2
75 40 0.439 3 0
19 10 0.115 3 1
105 52 0.427 3 2
12 30 0.035 3 0
33 70 0.153 3 1
17 30 0.069 3 2
33 10 0.134 3 1
147 30 0.514 3 1
55 10 0.251 3 2
24 52 0.136 3 2
68 10 0.264 3 1
15 52 0.046 3 1
67 70 0.453 3 0
17 70 0.055 3 0
33 40 0.186 3 2
53 15 0.206 3 1
55 5 0.324 3 0
27 30 0.174 3 1
39 22 0.152 3 0
25 40 0.100 3 2
30 70 0.115 3 1
102 70 0.507 3 2
19 22 0.062 3 2
14 22 0.043 3 0
30 40 0.124 3 0
110 15 0.585 3 2
49 22 0.322 3 1
56 40 0.229 3 1
22 10 0.066 3 1
261 22 1.008 3 2
137 22 0.428 3 0
236 10 0.709 3 0
62 10 0.210 3 0
53 30 0.172 3 1
155 30 0.620 3 1
10 100 0.045 3 1
109 40 0.332 3 2
44 52 0.240 3 0
12 52 0.076 3 0
10 70 0.034 3 0
308 30 1.171 3 0
141 70 0.806 3 2
41 100 0.192 3 0
12 15 0.048 3 1
31 10 0.132 3 0
28 5 0.179 3 0
75 70 0.379 3 0
110 15 0.516 3 0
41 52 0.159 3 1
12 22 0.059 3 2
118 70 0.463 3 2
11 70 0.037 3 1
31 22 0.098 3 0
87 100 0.292 3 1
62 30 0.228 3 0
91 15 0.298 3 0
142 70 0.607 3 1
15 30 0.060 3 1
30 5 0.098 3 0
293 15 1.356 3 0
337 22 2.203 3 1
136 70 0.855 3 2
74 40 0.306 3 0
223 5 1.352 3 0
135 10 0.553 3 0
10 10 0.065 3 1
31 15 0.128 3 2
60 30 0.184 3 1
118 100 0.678 3 1
47 15 0.162 3 0
12 30 0.040 3 0
62 70 0.373 3 2
65 15 0.278 3 2
23 22 0.155 3 2
45 5 0.188 3 0
204 100 0.614 3 2
134 52 0.393 3 0
224 40 1.244 3 2
330 15 1.684 3 2
71 100 0.246 3 1
155 5 0.480 3 0
190 70 0.605 3 0
51 5 0.167 3 1
11 10 0.044 3 0
184 40 0.613 3 0
69 70 0.253 3 1
171 40 0.514 3 1
33 30 0.210 3 1
10 52 0.040 3 2
12 40 0.051 3 0
17 40 0.097 3 0
128 22 0.707 3 0
15 5 0.044 3 0
32 10 0.189 3 0
17 22 0.061 3 0
12 22 0.047 3 2
32 15 0.158 3 0
107 52 0.386 3 2
57 40 0.173 3 0
13 15 0.065 3 1
201 15 1.349 3 1
129 5 0.385 3 0
12 22 0.038 3 2
60 22 0.203 3 2
15 100 0.079 3 2
12 100 0.046 3 1
159 100 0.497 3 0
42 10 0.210 3 1
44 30 0.203 3 0
13 22 0.046 3 1
29 40 0.165 3 0
32 70 0.115 3 1
23 52 0.155 3 0
64 100 0.284 3 0
27 40 0.084 3 0
19 52 0.057 3 2
38 10 0.147 3 2
76 22 0.376 3 0
46 52 0.140 3 0
15 5 0.061 3 0
24 22 0.075 3 1
180 10 0.804 3 0
132 5 0.463 3 2
74 70 0.285 3 0
27 100 0.082 3 1
15 30 0.050 3 2
18 30 0.061 3 2
10 22 0.045 3 2
31 40 0.199 3 0
156 5 0.780 3 0
207 100 1.040 3 2
318 70 1.452 3 1
15 100 0.057 3 1
18 52 0.053 3 0
98 5 0.478 3 0
171 100 0.596 3 0
123 40 0.366 3 1
42 5 0.151 3 1
19 15 0.086 3 1
10 15 0.031 3 1
156 30 0.486 3 0
74 5 0.383 3 2
12 5 0.062 3 2
155 5 0.507 3 2
28 10 0.139 3 0
49 15 0.159 3 0
16 100 0.047 3 0
53 30 0.275 3 1
