328 15 1.699 0 2
215 40 0.951 0 2
63 30 0.335 0 1
71 40 0.255 0 1
56 100 0.286 0 2
17 10 0.064 0 1
133 100 0.425 0 1
19 52 0.060 0 1
37 15 0.233 0 1
210 5 0.814 0 2
20 5 0.075 0 2
18 30 0.077 0 1
26 15 0.145 0 1
16 40 0.080 0 2
262 5 1.219 0 2
43 22 0.142 0 1
35 15 0.146 0 1
120 100 0.355 0 1
61 52 0.296 0 2
46 70 0.185 0 2
18 30 0.076 0 2
28 70 0.159 0 2
100 15 0.294 0 1
71 10 0.211 0 1
46 15 0.204 0 1
42 5 0.173 0 2
10 10 0.051 0 1
43 52 0.171 0 1
72 22 0.248 0 1
47 22 0.214 0 2
65 52 0.259 0 1
28 15 0.099 0 2
20 15 0.088 0 1
30 10 0.091 0 2
137 70 0.901 0 1
279 52 1.872 0 1
29 10 0.145 0 2
54 70 0.211 0 2
12 40 0.040 0 1
11 15 0.042 0 2
71 40 0.357 0 2
32 40 0.098 0 1
47 52 0.261 0 1
85 30 0.296 0 1
333 22 1.781 0 1
23 5 0.102 0 1
104 40 0.484 0 2
27 52 0.091 0 2
58 40 0.184 0 2
65 22 0.278 0 2
26 70 0.126 0 1
43 70 0.196 0 2
19 22 0.077 0 1
13 10 0.054 0 1
165 10 0.693 0 2
55 52 0.182 0 2
47 5 0.241 0 1
200 40 0.813 0 2
138 52 0.427 0 2
17 5 0.056 0 1
26 52 0.078 0 1
226 70 0.766 0 2
48 30 0.170 0 1
162 70 0.491 0 2
16 5 0.069 0 2
27 15 0.084 0 2
22 100 0.066 0 1
16 10 0.053 0 2
22 10 0.124 0 2
21 5 0.074 0 2
74 22 0.352 0 1
116 40 0.492 0 2
15 30 0.087 0 2
51 15 0.218 0 1
240 100 0.934 0 2
27 40 0.165 0 2
18 70 0.087 0 2
21 5 0.077 0 2
38 100 0.123 0 1
228 5 1.112 0 2
23 5 0.104 0 1
27 100 0.082 0 2
41 5 0.189 0 2
16 40 0.057 0 2
19 10 0.079 0 2
117 10 0.661 0 2
110 40 0.537 0 2
327 30 1.521 0 1
116 22 0.345 0 2
19 52 0.063 0 2
214 10 0.650 0 1
17 100 0.065 0 2
128 30 0.512 0 1
22 22 0.069 0 1
66 10 0.219 0 1
35 10 0.168 0 2
17 5 0.057 0 2
10 15 0.031 0 1
62 100 0.245 0 1
248 52 0.754 0 2
48 100 0.274 0 2
36 22 0.134 0 2
164 10 0.541 0 1
29 30 0.141 0 2
13 70 0.062 0 1
31 70 0.119 0 2
69 70 0.365 0 1
159 30 0.682 0 2
17 30 0.052 0 2
252 15 1.575 0 1
74 10 0.269 0 2
320 10 0.970 0 1
12 70 0.035 0 2
167 5 0.515 0 2
59 40 0.307 0 1
88 70 0.473 0 1
94 40 0.388 0 2
13 22 0.044 0 2
27 15 0.111 0 2
42 22 0.164 0 1
47 30 0.143 0 2
22 15 0.135 0 2
18 40 0.081 0 2
14 40 0.045 0 2
19 15 0.114 0 1
197 70 0.791 0 1
31 100 0.101 0 2
82 100 0.466 0 2
24 30 0.118 0 2
57 10 0.202 0 2
322 52 1.154 0 1
198 5 0.688 0 1
37 70 0.248 0 2
16 15 0.062 0 1
34 52 0.113 0 2
131 40 0.582 0 2
55 15 0.203 0 2
58 52 0.195 0 2
29 52 0.099 0 1
51 30 0.163 0 2
23 30 0.077 0 1
18 100 0.069 0 2
65 100 0.231 0 1
13 15 0.044 0 2
27 70 0.086 0 2
304 100 0.933 0 1
24 70 0.110 0 2
23 10 0.071 0 2
71 10 0.464 0 2
14 5 0.081 0 2
235 15 0.890 0 2
199 100 0.740 0 1
13 15 0.065 0 1
127 40 0.479 0 1
148 22 0.442 0 1
119 10 0.684 0 2
67 10 0.368 0 2
11 22 0.039 0 2
216 5 0.964 0 2
32 10 0.108 0 2
172 5 0.856 0 2
111 52 0.491 0 2
12 22 0.053 0 2
74 100 0.368 0 2
115 22 0.414 0 2
10 52 0.057 0 1
79 30 0.516 0 1
39 100 0.222 0 2
167 100 0.596 0 1
13 52 0.050 0 2
16 22 0.096 0 1
11 52 0.044 0 1
10 100 0.053 0 1
48 100 0.141 0 2
141 40 0.825 0 1
157 70 1.047 0 1
36 10 0.149 0 2
51 40 0.256 0 2
25 40 0.139 0 1
99 40 0.414 0 2
21 40 0.071 0 2
38 22 0.156 0 1
53 5 0.181 0 1
13 40 0.050 0 2
53 30 0.156 0 1
63 100 0.208 0 2
159 30 0.855 0 2
235 70 1.063 0 1
61 15 0.192 0 2
33 5 0.186 0 2
69 40 0.215 0 1
64 70 0.190 0 2
246 10 0.882 0 1
27 52 0.165 0 1
172 10 1.012 0 1
128 70 0.569 0 2
27 52 0.138 0 2
44 30 0.199 0 1
19 30 0.069 0 2
181 22 1.077 0 1
40 10 0.248 0 1
37 10 0.164 0 2
174 15 0.972 0 2
75 30 0.318 0 1
14 52 0.071 0 1
50 10 0.193 0 2
37 52 0.236 0 2
70 30 0.338 0 1
42 70 0.163 0 2
34 100 0.121 0 2
177 22 0.697 0 2
17 15 0.075 0 1
35 40 0.112 0 2
18 5 0.064 0 2
65 70 0.237 0 2
78 100 0.258 0 2
79 100 0.306 0 2
75 10 0.318 0 2
31 22 0.116 0 2
32 100 0.119 0 2
26 22 0.082 0 1
19 70 0.075 0 1
15 100 0.052 0 2
20 22 0.071 0 2
31 15 0.114 0 2
59 52 0.326 0 1
122 52 0.387 0 1
33 10 0.118 0 1
19 10 0.065 0 1
199 52 0.682 0 1
300 10 1.587 0 2
10 15 0.067 0 2
109 5 0.344 0 2
47 15 0.179 0 2
54 70 0.231 0 2
39 70 0.116 0 2
61 5 0.258 0 1
85 30 0.353 0 1
23 22 0.107 0 1
29 100 0.174 0 1
198 52 0.736 0 2
42 100 0.150 0 1
138 22 0.442 0 1
18 22 0.074 0 2
28 52 0.099 0 2
127 10 0.439 0 2
21 15 0.071 0 1
202 15 1.232 0 2
28 5 0.116 0 2
66 30 0.367 0 1
14 52 0.045 0 2
74 40 0.493 0 1
18 22 0.056 0 1
47 40 0.156 0 2
58 5 0.239 0 2
17 70 0.094 0 1
16 100 0.074 0 2
138 70 0.454 0 2
119 22 0.391 0 2
154 100 0.726 0 1
10 52 0.052 0 2
43 70 0.162 0 2
150 15 0.469 0 2
330 30 1.375 0 2
20 10 0.060 0 2
60 40 0.405 0 1
38 100 0.113 0 2
308 70 1.000 0 1
64 5 0.195 0 2
37 22 0.169 0 1
30 70 0.097 0 1
333 22 1.296 0 1
78 52 0.284 0 2
20 22 0.127 0 1
34 5 0.190 0 1
72 5 0.330 0 2
10 70 0.040 0 2
228 100 1.194 0 2
169 5 0.854 0 2
50 5 0.198 0 2
62 70 0.191 0 2
29 70 0.091 0 2
11 52 0.058 0 1
62 5 0.193 0 1
23 10 0.093 0 2
56 15 0.213 0 1
58 40 0.266 0 2
13 5 0.038 0 2
45 30 0.201 0 1
23 15 0.067 0 2
25 10 0.083 0 1
17 40 0.052 0 2
15 5 0.056 0 1
39 52 0.121 0 1
22 70 0.090 0 1
171 52 0.757 0 2
61 10 0.198 0 2
13 30 0.039 0 1
16 70 0.062 0 1
147 52 0.482 0 1
12 40 0.036 0 2
321 15 1.605 0 1
19 100 0.057 0 1
78 70 0.241 0 2
12 22 0.036 0 2
10 5 0.038 0 2
15 52 0.054 0 1
26 22 0.089 0 1
10 5 0.051 0 2
50 40 0.338 0 2
19 100 0.065 0 2
101 52 0.486 0 1
94 52 0.405 0 2
307 52 1.306 0 2
32 40 0.117 0 2
10 52 0.050 0 1
17 15 0.078 0 2
114 10 0.383 0 1
80 100 0.335 0 1
253 15 1.188 0 2
17 22 0.071 0 2
78 15 0.274 0 2
98 22 0.397 0 2
18 52 0.100 0 2
13 22 0.048 0 1
114 15 0.440 0 2
47 100 0.169 0 1
71 52 0.212 0 2
13 10 0.040 0 2
67 52 0.349 0 2
14 10 0.093 0 2
176 10 0.573 0 2
35 22 0.106 0 1
244 70 0.726 0 1
61 15 0.216 0 2
19 10 0.056 0 1
19 30 0.061 0 2
26 52 0.155 0 2
87 10 0.264 0 2
15 40 0.063 0 2
203 52 0.651 0 1
35 15 0.226 0 1
128 52 0.489 0 1
75 15 0.231 0 2
279 5 0.933 0 2
59 70 0.309 0 2
78 70 0.263 0 2
152 15 0.650 0 1
294 52 1.463 0 2
17 15 0.081 0 1
87 30 0.377 0 1
87 40 0.412 0 1
19 22 0.081 0 1
319 15 1.143 0 1
22 5 0.071 0 1
193 40 1.090 0 1
27 52 0.114 0 1
18 52 0.115 0 2
20 100 0.071 0 1
148 15 0.544 0 2
71 30 0.480 0 2
19 10 0.057 0 1
52 15 0.277 0 2
42 30 0.273 0 1
157 40 0.897 0 1
36 70 0.114 0 2
129 15 0.584 0 1
14 30 0.047 0 1
63 22 0.184 0 1
131 15 0.491 0 2
33 30 0.096 0 1
12 22 0.044 0 1
66 15 0.249 0 2
181 52 0.887 0 1
44 5 0.263 0 1
18 52 0.063 0 2
97 40 0.307 0 1
131 40 0.672 0 1
64 40 0.278 0 1
320 52 1.416 0 2
45 52 0.188 0 1
87 70 0.254 0 2
69 5 0.249 0 1
35 70 0.106 0 2
314 15 1.276 0 1
32 5 0.123 0 2
41 70 0.195 0 1
47 30 0.181 0 2
328 5 1.708 0 2
16 5 0.069 0 1
19 15 0.074 0 1
194 22 0.632 0 2
116 22 0.365 0 2
36 10 0.224 0 2
17 5 0.086 0 2
16 40 0.052 0 1
150 40 0.449 0 2
239 22 0.816 0 2
334 5 1.219 0 1
63 10 0.199 0 1
196 100 1.005 0 1
31 15 0.102 0 1
18 10 0.093 0 2
192 70 0.563 0 1
339 15 1.687 0 2
13 5 0.065 0 2
14 70 0.071 0 2
98 30 0.315 0 1
46 40 0.228 0 2
171 70 0.528 0 2
143 30 0.559 0 2
167 15 0.865 0 2
149 40 0.931 0 2
134 15 0.506 0 2
21 15 0.068 0 1
52 70 0.183 0 1
97 15 0.283 0 1
29 100 0.092 0 1
15 100 0.059 0 2
23 70 0.150 0 1
70 22 0.348 0 1
308 15 1.227 0 2
15 22 0.091 0 1
70 100 0.299 0 1
19 22 0.076 0 1
141 30 0.513 0 1
142 10 0.592 0 2
11 15 0.061 0 1
55 100 0.188 0 1
162 22 0.593 0 2
175 15 1.048 0 2
88 40 0.466 0 1
123 30 0.365 0 2
135 40 0.722 0 2
18 40 0.119 0 2
58 52 0.278 0 2
13 100 0.042 0 2
24 5 0.121 0 1
10 70 0.034 0 1
20 22 0.100 0 2
204 10 0.940 0 2
38 22 0.160 0 2
70 52 0.338 0 1
321 52 1.408 0 1
15 100 0.051 0 1
10 30 0.030 0 1
32 52 0.110 0 1
14 30 0.041 0 2
11 15 0.042 0 1
182 10 1.090 0 2
73 10 0.289 0 2
272 100 0.986 0 1
58 40 0.304 0 2
144 5 0.550 0 1
21 100 0.073 0 1
49 22 0.320 0 2
41 70 0.177 0 1
121 100 0.716 0 2
35 30 0.194 0 2
22 22 0.065 0 1
33 10 0.140 0 2
44 5 0.275 0 1
13 22 0.049 0 1
38 100 0.201 0 1
149 100 0.489 0 1
24 10 0.072 0 2
51 100 0.302 0 2
155 52 0.833 0 1
280 70 0.854 0 1
20 100 0.096 0 1
23 100 0.073 0 2
299 30 1.643 0 1
232 30 0.811 0 2
91 22 0.455 0 2
120 22 0.414 0 2
29 40 0.146 0 2
177 52 0.527 0 1
158 52 0.648 0 1
30 5 0.094 0 1
76 22 0.411 0 1
35 52 0.201 0 1
73 52 0.220 0 2
18 70 0.080 0 1
13 100 0.083 0 2
35 5 0.162 0 1
53 70 0.212 0 2
76 22 0.349 0 2
92 52 0.318 0 1
70 30 0.234 0 1
78 5 0.307 0 1
72 40 0.274 0 2
11 15 0.047 0 1
21 52 0.062 0 2
25 5 0.079 0 1
26 52 0.076 0 1
80 5 0.247 0 2
166 52 0.604 0 2
19 70 0.097 0 1
13 5 0.081 0 2
13 30 0.043 0 2
16 40 0.078 0 2
26 40 0.107 0 1
275 100 0.823 0 2
79 15 0.407 0 2
120 30 0.381 0 1
14 10 0.068 0 2
40 22 0.156 0 2
331 22 1.254 0 1
11 70 0.046 0 1
58 40 0.213 0 1
72 22 0.353 0 2
19 5 0.074 0 2
12 40 0.038 0 2
19 40 0.060 0 1
66 52 0.275 0 1
14 10 0.052 0 1
16 5 0.055 0 1
35 15 0.127 0 2
30 100 0.107 0 1
37 15 0.223 0 1
216 15 1.412 0 2
28 10 0.156 0 2
11 22 0.041 0 1
14 100 0.085 0 1
62 52 0.186 0 2
158 10 0.802 0 1
244 10 1.277 0 2
11 22 0.033 0 2
17 5 0.110 0 2
29 52 0.088 0 2
195 10 1.066 0 2
29 15 0.128 0 1
146 22 0.608 0 1
82 100 0.429 0 2
29 40 0.137 0 1
188 10 0.752 0 2
162 100 0.589 0 1
59 100 0.358 0 2
44 15 0.277 0 2
11 52 0.032 0 2
13 52 0.048 0 2
15 5 0.063 0 1
17 22 0.074 0 1
23 52 0.076 0 2
16 40 0.047 0 1
28 52 0.083 0 1
132 15 0.458 0 1
35 40 0.186 0 1
12 15 0.066 0 1
13 10 0.045 0 2
11 70 0.064 0 1
10 15 0.064 0 2
22 52 0.074 0 1
245 5 0.897 0 1
34 5 0.130 0 1
36 100 0.228 0 2
69 70 0.240 0 1
19 52 0.083 0 1
38 40 0.156 0 2
69 5 0.217 0 2
122 15 0.427 0 2
52 5 0.202 0 2
16 15 0.102 0 1
19 5 0.064 0 1
12 5 0.067 0 1
75 15 0.300 0 2
37 5 0.159 0 1
11 15 0.037 0 2
57 10 0.322 0 1
16 100 0.048 0 2
271 10 1.557 0 2
18 5 0.085 0 2
237 5 1.030 0 1
19 70 0.085 0 2
22 70 0.079 0 1
30 15 0.163 0 1
26 30 0.112 0 2
13 30 0.088 1 0
11 10 0.051 1 0
14 15 0.061 1 2
41 5 0.120 1 0
71 100 0.390 1 0
29 10 0.111 1 0
23 30 0.071 1 0
10 30 0.036 1 0
10 5 0.030 1 0
231 100 1.155 1 0
101 52 0.365 1 0
283 52 1.220 1 2
80 15 0.519 1 0
182 15 0.613 1 0
25 5 0.115 1 0
26 10 0.158 1 0
305 30 1.495 1 0
48 40 0.282 1 0
129 22 0.620 1 0
13 40 0.077 1 2
331 5 2.221 1 0
135 5 0.444 1 0
56 5 0.341 1 2
53 5 0.180 1 0
10 40 0.052 1 0
57 30 0.217 1 0
37 10 0.179 1 2
193 52 0.769 1 0
34 30 0.134 1 0
17 40 0.070 1 0
19 52 0.067 1 0
16 30 0.068 1 0
134 40 0.472 1 0
162 52 0.528 1 0
12 70 0.071 1 0
61 70 0.308 1 0
39 100 0.212 1 2
207 52 0.972 1 2
12 40 0.052 1 0
36 40 0.125 1 0
46 70 0.280 1 2
100 30 0.667 1 2
207 52 1.335 1 0
18 22 0.066 1 0
76 40 0.466 1 0
200 70 0.719 1 0
26 70 0.106 1 2
15 52 0.050 1 0
29 40 0.089 1 0
66 40 0.194 1 0
16 5 0.096 1 2
48 30 0.234 1 0
69 52 0.257 1 2
52 15 0.218 1 0
52 15 0.325 1 0
72 100 0.271 1 0
32 22 0.135 1 0
12 30 0.057 1 0
49 30 0.162 1 0
68 10 0.335 1 0
10 5 0.056 1 0
29 100 0.115 1 0
48 40 0.207 1 2
162 100 1.012 1 2
27 30 0.098 1 0
99 70 0.529 1 0
23 52 0.092 1 2
55 10 0.320 1 0
57 15 0.207 1 2
193 22 0.670 1 0
183 100 0.627 1 2
60 30 0.199 1 0
176 70 0.642 1 0
132 100 0.776 1 2
39 10 0.139 1 0
51 15 0.171 1 2
19 10 0.103 1 0
18 5 0.087 1 0
34 10 0.195 1 0
333 52 1.500 1 2
53 52 0.187 1 0
144 15 0.565 1 0
78 5 0.487 1 2
71 40 0.295 1 0
124 22 0.582 1 0
187 10 0.609 1 0
30 40 0.097 1 0
18 10 0.058 1 0
62 30 0.383 1 0
258 30 0.759 1 0
58 10 0.312 1 2
37 22 0.172 1 0
263 40 1.258 1 0
216 40 0.837 1 0
38 5 0.222 1 0
119 30 0.580 1 0
149 52 0.710 1 2
43 5 0.168 1 2
12 100 0.036 1 2
167 5 0.601 1 0
254 5 0.951 1 0
306 22 1.280 1 0
31 15 0.098 1 0
37 10 0.170 1 0
19 70 0.062 1 0
14 70 0.054 1 2
183 5 1.070 1 2
14 100 0.086 1 0
119 40 0.633 1 2
218 40 0.973 1 0
70 40 0.209 1 0
172 100 0.652 1 0
154 70 0.570 1 0
17 5 0.055 1 2
102 52 0.590 1 2
113 22 0.689 1 0
47 100 0.253 1 0
32 30 0.149 1 2
45 100 0.161 1 0
141 15 0.691 1 2
49 52 0.312 1 0
190 30 1.159 1 0
61 40 0.370 1 2
58 70 0.189 1 0
29 52 0.117 1 0
26 52 0.110 1 0
154 5 0.842 1 0
15 10 0.056 1 0
14 22 0.065 1 0
27 22 0.158 1 0
49 10 0.176 1 2
247 5 0.898 1 0
147 22 0.498 1 0
64 15 0.204 1 0
129 30 0.518 1 0
74 15 0.477 1 0
77 52 0.238 1 0
28 70 0.098 1 2
176 5 0.626 1 0
114 22 0.498 1 0
31 5 0.187 1 0
54 10 0.178 1 0
73 52 0.282 1 0
281 40 1.479 1 0
141 10 0.528 1 0
17 22 0.095 1 2
45 70 0.198 1 0
10 15 0.029 1 0
38 100 0.112 1 2
124 100 0.409 1 0
15 70 0.078 1 0
157 5 0.649 1 2
43 40 0.144 1 2
76 15 0.278 1 0
55 22 0.275 1 0
30 52 0.140 1 0
263 70 0.970 1 0
16 70 0.064 1 0
13 100 0.059 1 0
12 22 0.047 1 0
55 10 0.220 1 0
37 5 0.124 1 0
175 22 0.516 1 2
192 10 0.602 1 0
126 70 0.594 1 0
19 30 0.094 1 2
217 15 1.028 1 0
77 5 0.399 1 0
284 70 0.855 1 0
35 52 0.120 1 2
28 40 0.083 1 2
59 70 0.196 1 0
85 40 0.457 1 2
30 30 0.174 1 0
44 30 0.177 1 0
60 10 0.195 1 0
54 10 0.277 1 0
19 10 0.074 1 0
11 40 0.038 1 0
133 22 0.392 1 0
57 5 0.356 1 0
125 30 0.445 1 0
141 100 0.496 1 0
14 100 0.071 1 0
79 52 0.488 1 2
19 100 0.098 1 2
52 30 0.351 1 0
49 100 0.151 1 0
57 22 0.288 1 2
19 10 0.079 1 2
26 70 0.077 1 0
48 22 0.162 1 0
92 15 0.482 1 2
18 10 0.099 1 2
28 100 0.096 1 0
59 5 0.328 1 0
19 52 0.086 1 2
10 52 0.039 1 0
205 5 1.297 1 2
32 22 0.098 1 0
38 30 0.114 1 2
31 40 0.104 1 0
13 100 0.051 1 0
182 10 0.621 1 2
80 10 0.284 1 0
41 30 0.167 1 2
78 10 0.307 1 0
69 70 0.265 1 2
47 30 0.137 1 2
180 30 0.684 1 0
253 70 1.033 1 0
58 70 0.206 1 0
156 30 0.481 1 2
21 30 0.088 1 0
17 70 0.052 1 0
61 10 0.188 1 0
25 70 0.167 1 0
27 15 0.091 1 2
107 40 0.652 1 0
189 70 1.044 1 2
51 15 0.169 1 0
59 15 0.362 1 2
69 30 0.244 1 0
22 30 0.105 1 0
48 30 0.206 1 0
52 30 0.248 1 0
75 22 0.403 1 0
72 70 0.274 1 0
48 70 0.157 1 2
333 22 1.044 1 0
10 22 0.045 1 0
125 70 0.504 1 2
142 40 0.763 1 2
12 10 0.052 1 0
14 15 0.061 1 0
20 52 0.061 1 0
24 22 0.075 1 0
36 5 0.146 1 0
36 10 0.141 1 0
66 100 0.395 1 0
36 40 0.164 1 0
10 15 0.048 1 2
31 15 0.100 1 2
163 10 0.542 1 0
157 30 0.657 1 0
33 15 0.156 1 0
20 15 0.095 1 2
131 52 0.397 1 0
46 10 0.206 1 2
38 30 0.201 1 0
30 15 0.095 1 2
182 70 0.703 1 0
161 10 0.994 1 0
165 70 0.764 1 0
57 100 0.182 1 0
110 5 0.480 1 0
48 30 0.273 1 0
196 22 0.807 1 2
31 52 0.164 1 0
34 52 0.116 1 0
13 40 0.058 1 2
23 52 0.071 1 2
43 70 0.256 1 0
76 70 0.321 1 2
291 10 1.299 1 2
26 70 0.105 1 0
304 10 1.174 1 0
14 40 0.050 1 2
20 100 0.092 1 0
15 100 0.052 1 0
55 10 0.248 1 2
22 30 0.066 1 0
53 22 0.220 1 2
137 5 0.468 1 2
41 30 0.246 1 0
69 100 0.229 1 0
19 100 0.079 1 0
11 22 0.033 1 0
141 52 0.865 1 2
180 10 0.652 1 0
127 22 0.547 1 0
26 10 0.129 1 0
26 30 0.080 1 2
15 100 0.079 1 2
12 100 0.041 1 0
12 10 0.041 1 0
11 5 0.033 1 0
148 40 0.488 1 2
183 70 0.871 1 0
18 70 0.058 1 2
17 10 0.051 1 0
15 70 0.056 1 0
28 100 0.144 1 2
16 10 0.047 1 0
109 52 0.491 1 0
13 30 0.060 1 0
88 70 0.456 1 2
33 10 0.151 1 2
55 100 0.221 1 2
288 10 1.315 1 2
78 100 0.297 1 2
14 100 0.041 1 0
19 30 0.118 1 0
130 40 0.625 1 0
57 10 0.350 1 2
17 40 0.065 1 2
33 100 0.129 1 2
87 15 0.527 1 0
71 5 0.240 1 2
154 52 0.906 1 0
192 15 0.615 1 0
177 5 0.868 1 2
115 22 0.473 1 0
48 22 0.166 1 2
49 5 0.199 1 2
36 70 0.167 1 2
12 10 0.036 1 2
15 15 0.082 1 0
164 15 0.492 1 0
26 30 0.093 1 0
32 10 0.153 1 2
17 70 0.062 1 2
251 15 0.732 1 0
176 15 0.772 1 0
35 10 0.109 1 2
46 22 0.269 1 2
27 100 0.079 1 2
56 5 0.199 1 0
14 15 0.069 1 2
103 40 0.358 1 0
74 22 0.301 1 0
61 22 0.298 1 0
57 22 0.306 1 2
34 70 0.221 1 0
14 30 0.077 1 2
52 52 0.259 1 0
11 100 0.046 1 0
37 70 0.127 1 0
14 22 0.072 1 2
24 52 0.122 1 0
303 70 1.017 1 0
15 52 0.087 1 2
87 70 0.429 1 2
29 100 0.090 1 0
22 70 0.103 1 0
35 22 0.217 1 0
20 70 0.075 1 0
12 10 0.040 1 0
15 40 0.066 1 0
73 30 0.363 1 0
73 52 0.236 1 2
65 10 0.280 1 0
59 30 0.234 1 0
33 52 0.213 1 0
60 30 0.179 1 0
58 100 0.248 1 0
22 40 0.142 1 0
29 70 0.120 1 0
75 22 0.326 1 0
35 30 0.122 1 0
49 5 0.302 1 0
67 30 0.310 1 0
14 52 0.079 1 0
170 30 0.966 1 2
20 15 0.063 1 2
274 30 0.848 1 0
263 22 1.547 1 0
13 40 0.039 1 2
61 100 0.217 1 0
39 100 0.132 1 2
117 22 0.585 1 0
25 70 0.135 1 0
18 52 0.081 1 0
28 22 0.107 1 0
17 5 0.073 1 0
26 40 0.112 1 0
35 22 0.133 1 0
101 40 0.416 1 2
10 10 0.052 1 0
127 52 0.686 1 0
44 22 0.163 1 2
23 10 0.076 1 2
59 10 0.210 1 0
296 100 1.287 1 0
49 40 0.173 1 0
24 22 0.071 1 2
18 52 0.054 1 0
131 10 0.819 1 0
50 22 0.180 1 0
321 52 1.066 1 0
38 5 0.144 1 0
19 70 0.095 1 0
49 30 0.210 1 0
56 5 0.253 1 0
11 40 0.071 1 2
62 30 0.328 1 0
31 15 0.140 1 0
13 22 0.040 1 0
11 22 0.038 1 0
192 40 1.129 1 2
294 15 0.891 1 2
156 70 0.565 1 0
39 70 0.127 1 0
60 52 0.226 1 2
178 5 0.669 1 2
77 40 0.228 1 2
60 52 0.261 1 0
28 52 0.131 1 2
174 22 1.087 1 0
123 40 0.615 1 2
14 15 0.065 1 0
52 30 0.184 1 0
19 100 0.109 1 0
21 22 0.067 1 0
187 22 0.754 1 2
167 10 0.576 1 0
19 40 0.084 1 0
205 70 1.235 1 0
76 10 0.373 1 0
16 15 0.070 1 0
189 5 0.811 1 0
21 70 0.099 1 0
62 70 0.305 1 2
11 5 0.070 1 0
11 5 0.044 1 0
187 40 0.954 1 2
42 5 0.206 1 2
17 40 0.059 1 2
22 30 0.101 1 2
17 15 0.081 1 0
143 40 0.474 1 0
47 5 0.205 1 0
248 52 1.632 1 0
40 15 0.160 1 2
76 70 0.296 1 0
54 30 0.169 1 0
30 70 0.172 1 0
37 70 0.211 1 2
28 52 0.136 1 0
72 10 0.274 1 0
17 10 0.075 1 0
41 100 0.122 1 0
26 40 0.114 1 0
154 15 0.774 1 0
196 40 1.307 1 2
187 5 0.964 1 2
28 100 0.145 1 0
142 15 0.861 1 2
51 52 0.182 1 0
18 100 0.054 1 2
323 40 1.755 1 0
194 10 0.767 1 0
11 40 0.066 1 0
79 70 0.465 1 0
259 10 0.878 1 0
15 70 0.050 1 0
67 100 0.321 1 0
16 5 0.052 1 0
134 100 0.558 1 0
81 100 0.485 1 0
11 5 0.036 1 2
65 40 0.307 1 0
99 22 0.329 1 0
103 100 0.377 1 0
57 5 0.270 1 0
288 10 1.014 1 0
15 52 0.058 1 0
175 10 0.788 1 0
163 15 0.982 1 0
19 100 0.070 1 0
33 100 0.127 1 2
187 52 0.979 1 2
17 100 0.052 1 0
71 52 0.425 1 0
15 30 0.097 1 0
21 15 0.066 1 0
230 22 1.278 1 2
52 5 0.188 1 0
81 100 0.245 1 0
36 30 0.125 1 2
34 5 0.117 1 0
156 10 0.709 1 2
88 100 0.583 1 0
56 22 0.208 1 0
11 30 0.034 1 0
30 30 0.091 1 0
27 5 0.080 1 0
63 100 0.284 1 2
182 10 0.854 1 0
260 100 0.903 1 2
48 52 0.171 1 0
77 10 0.314 1 0
65 22 0.346 1 2
42 5 0.255 1 0
13 52 0.056 1 0
81 100 0.244 1 0
153 52 0.454 1 0
144 15 0.439 1 0
222 100 0.996 1 0
270 10 0.938 1 0
151 70 0.926 1 0
274 15 1.712 1 2
77 15 0.456 1 0
141 10 0.608 1 2
12 70 0.040 1 0
30 22 0.171 1 0
15 15 0.074 1 0
86 30 0.252 1 0
108 22 0.454 1 2
201 5 0.767 1 0
55 5 0.297 1 2
14 100 0.043 1 2
27 70 0.088 1 0
173 15 1.161 1 2
270 40 1.588 1 0
48 5 0.175 1 0
78 70 0.252 1 2
12 5 0.059 1 0
51 100 0.226 1 2
15 52 0.058 1 0
111 15 0.575 1 2
51 10 0.220 1 0
121 40 0.458 1 2
20 100 0.061 1 0
11 5 0.034 1 0
17 40 0.083 1 0
34 100 0.137 1 0
11 70 0.038 1 0
32 10 0.141 1 0
114 5 0.699 1 2
307 10 1.223 1 0
202 22 0.995 1 0
43 15 0.127 1 2
119 5 0.704 1 2
72 15 0.321 1 0
120 22 0.372 1 0
195 100 0.841 2 1
127 15 0.450 2 1
197 52 0.592 2 0
63 22 0.289 2 1
84 5 0.315 2 0
78 22 0.292 2 0
11 52 0.034 2 0
48 40 0.211 2 0
159 10 0.883 2 0
26 10 0.141 2 1
19 22 0.066 2 0
44 100 0.219 2 1
33 5 0.136 2 1
60 52 0.242 2 1
53 22 0.170 2 0
37 100 0.123 2 1
24 40 0.106 2 0
292 100 0.861 2 0
243 40 0.980 2 0
13 70 0.039 2 1
74 40 0.244 2 0
111 10 0.347 2 0
110 15 0.359 2 1
165 30 0.753 2 1
140 40 0.549 2 0
76 5 0.235 2 0
25 40 0.077 2 0
73 10 0.422 2 0
33 100 0.126 2 0
36 30 0.165 2 0
16 5 0.053 2 1
15 52 0.046 2 0
33 100 0.106 2 0
213 22 1.283 2 0
66 22 0.253 2 0
31 22 0.125 2 0
69 22 0.292 2 1
55 100 0.236 2 0
17 30 0.094 2 0
11 15 0.046 2 1
41 100 0.224 2 0
62 22 0.388 2 0
39 15 0.190 2 0
45 30 0.194 2 0
78 100 0.353 2 0
58 22 0.205 2 1
10 15 0.038 2 1
192 100 0.824 2 0
17 40 0.063 2 1
179 5 0.755 2 0
38 40 0.152 2 1
93 40 0.302 2 0
127 100 0.527 2 0
15 5 0.062 2 0
44 30 0.194 2 0
191 70 0.783 2 0
59 52 0.193 2 0
192 10 0.580 2 0
211 15 1.179 2 1
204 15 0.927 2 0
21 52 0.070 2 0
18 10 0.057 2 1
19 52 0.062 2 1
62 22 0.196 2 0
17 15 0.074 2 0
14 40 0.055 2 1
14 30 0.081 2 1
71 40 0.270 2 1
14 100 0.045 2 0
62 10 0.292 2 0
170 22 0.776 2 0
28 70 0.120 2 0
335 22 2.043 2 1
12 52 0.039 2 0
125 40 0.445 2 0
68 70 0.380 2 0
39 15 0.123 2 0
17 70 0.114 2 1
25 100 0.079 2 0
36 10 0.209 2 0
105 15 0.505 2 0
45 22 0.212 2 0
10 100 0.036 2 0
31 15 0.174 2 1
38 30 0.215 2 0
59 5 0.271 2 0
58 15 0.330 2 0
119 70 0.394 2 0
17 30 0.052 2 1
27 40 0.097 2 1
11 10 0.039 2 0
13 22 0.068 2 0
18 100 0.059 2 0
125 52 0.698 2 0
37 70 0.122 2 1
12 22 0.042 2 1
169 5 0.994 2 1
13 70 0.039 2 0
68 30 0.218 2 0
68 5 0.205 2 0
48 15 0.170 2 1
13 30 0.039 2 1
153 52 0.736 2 1
97 70 0.492 2 1
10 70 0.058 2 0
44 100 0.147 2 0
161 70 0.533 2 0
99 22 0.535 2 0
144 40 0.460 2 0
18 70 0.091 2 0
138 100 0.608 2 0
18 15 0.092 2 0
59 100 0.195 2 1
15 52 0.097 2 0
13 22 0.041 2 0
67 100 0.322 2 1
99 30 0.346 2 0
18 22 0.069 2 0
43 5 0.215 2 0
29 70 0.128 2 1
250 100 1.055 2 0
14 100 0.066 2 1
38 22 0.213 2 1
149 30 0.861 2 1
13 100 0.064 2 0
68 5 0.225 2 0
13 52 0.057 2 0
117 30 0.492 2 0
175 10 0.581 2 0
28 52 0.082 2 0
138 100 0.577 2 0
225 22 1.293 2 0
12 10 0.036 2 1
40 15 0.181 2 1
51 22 0.171 2 0
19 30 0.076 2 1
158 22 0.778 2 0
127 5 0.438 2 0
193 40 1.103 2 1
108 22 0.435 2 0
15 70 0.090 2 1
65 100 0.252 2 0
31 100 0.161 2 0
49 40 0.152 2 1
76 10 0.256 2 0
15 70 0.066 2 0
14 15 0.061 2 1
55 22 0.285 2 0
175 15 0.732 2 1
19 10 0.119 2 0
22 5 0.084 2 0
18 15 0.062 2 0
17 22 0.056 2 0
61 10 0.182 2 1
13 22 0.043 2 0
33 5 0.098 2 0
23 22 0.086 2 0
62 10 0.253 2 0
71 30 0.208 2 1
10 5 0.054 2 0
22 5 0.084 2 0
19 15 0.066 2 0
25 70 0.147 2 0
165 52 0.750 2 1
14 22 0.047 2 1
40 70 0.149 2 0
18 10 0.071 2 1
32 5 0.153 2 1
237 70 1.580 2 0
14 15 0.044 2 0
15 10 0.083 2 0
177 52 0.663 2 0
82 100 0.293 2 0
40 10 0.140 2 0
38 40 0.166 2 0
27 10 0.110 2 0
69 30 0.246 2 0
21 40 0.092 2 0
76 40 0.442 2 1
204 22 0.843 2 0
11 100 0.037 2 0
300 15 1.546 2 1
160 70 0.478 2 0
127 100 0.713 2 0
18 30 0.070 2 1
189 22 0.801 2 1
45 70 0.159 2 0
146 15 0.437 2 0
16 10 0.096 2 0
73 10 0.292 2 0
11 40 0.059 2 1
20 15 0.060 2 1
12 10 0.037 2 0
192 52 1.171 2 0
14 70 0.070 2 0
67 5 0.424 2 0
21 70 0.106 2 1
38 10 0.162 2 0
289 100 1.133 2 1
39 22 0.120 2 0
28 100 0.155 2 0
70 100 0.222 2 0
151 40 0.519 2 0
32 22 0.129 2 0
14 22 0.085 2 0
16 15 0.056 2 1
303 22 1.262 2 0
47 40 0.315 2 0
16 40 0.056 2 1
16 10 0.106 2 0
23 5 0.074 2 0
30 70 0.145 2 0
241 15 1.545 2 0
42 52 0.146 2 0
257 70 1.224 2 0
16 100 0.063 2 0
107 30 0.312 2 0
152 10 0.956 2 0
45 52 0.178 2 0
41 5 0.193 2 1
13 70 0.043 2 0
29 10 0.122 2 1
117 22 0.445 2 1
98 15 0.304 2 0
129 70 0.411 2 1
30 15 0.093 2 0
187 52 0.562 2 1
234 70 0.709 2 0
21 70 0.101 2 1
278 22 0.942 2 0
23 30 0.100 2 1
19 52 0.056 2 0
332 100 1.627 2 0
24 100 0.102 2 1
31 40 0.161 2 0
25 10 0.163 2 0
46 70 0.196 2 0
186 22 0.562 2 0
75 70 0.424 2 1
67 10 0.196 2 0
38 5 0.116 2 1
56 100 0.219 2 0
18 40 0.117 2 0
39 52 0.217 2 0
66 22 0.218 2 0
15 100 0.063 2 1
16 10 0.060 2 0
153 5 0.622 2 1
32 40 0.112 2 0
188 15 0.807 2 1
10 5 0.064 2 1
58 40 0.304 2 0
36 100 0.120 2 1
121 30 0.699 2 0
23 15 0.077 2 1
35 15 0.173 2 0
16 52 0.063 2 0
19 52 0.065 2 0
12 15 0.076 2 0
17 5 0.052 2 0
12 100 0.077 2 1
161 70 0.508 2 1
17 70 0.093 2 0
54 30 0.251 2 0
57 70 0.189 2 0
13 70 0.040 2 0
11 15 0.069 2 1
54 5 0.346 2 0
18 10 0.060 2 0
292 40 1.728 2 1
53 70 0.173 2 0
65 100 0.256 2 0
20 22 0.063 2 0
60 5 0.335 2 1
69 30 0.321 2 0
19 15 0.057 2 0
305 52 1.235 2 1
74 40 0.232 2 0
199 52 0.718 2 1
58 10 0.196 2 1
30 22 0.133 2 0
29 70 0.153 2 0
16 40 0.082 2 0
251 52 0.745 2 1
253 10 0.948 2 0
141 30 0.448 2 1
15 70 0.051 2 0
23 70 0.073 2 0
98 70 0.527 2 1
16 5 0.107 2 1
97 5 0.548 2 0
133 5 0.613 2 1
39 40 0.125 2 0
151 30 0.956 2 0
42 30 0.240 2 0
164 5 0.548 2 1
29 100 0.175 2 0
16 30 0.080 2 0
40 22 0.168 2 1
67 15 0.294 2 0
13 52 0.053 2 0
20 22 0.117 2 1
10 5 0.040 2 0
72 22 0.216 2 0
13 10 0.078 2 0
51 30 0.149 2 1
62 70 0.203 2 0
35 15 0.155 2 0
326 70 1.254 2 0
28 15 0.146 2 1
10 10 0.039 2 1
25 15 0.108 2 0
32 52 0.105 2 0
125 30 0.481 2 1
159 10 0.791 2 1
198 100 0.606 2 1
51 5 0.160 2 1
29 10 0.155 2 0
19 10 0.089 2 0
19 30 0.084 2 0
110 5 0.579 2 0
233 52 0.921 2 0
14 15 0.065 2 0
38 15 0.166 2 1
113 40 0.642 2 0
301 40 0.915 2 0
51 15 0.200 2 0
34 70 0.153 2 0
149 30 0.556 2 1
140 30 0.833 2 1
30 40 0.165 2 0
52 70 0.321 2 0
35 22 0.224 2 0
147 40 0.581 2 0
179 15 0.984 2 0
149 100 0.467 2 0
40 5 0.166 2 0
117 100 0.390 2 0
114 70 0.345 2 0
68 40 0.213 2 0
38 40 0.157 2 1
10 40 0.038 2 1
16 10 0.059 2 0
32 30 0.133 2 0
54 22 0.258 2 0
81 5 0.262 2 0
73 52 0.343 2 0
17 30 0.061 2 1
11 100 0.036 2 0
19 70 0.085 2 1
32 15 0.183 2 0
143 22 0.730 2 0
60 30 0.252 2 0
46 10 0.263 2 1
90 40 0.506 2 0
35 70 0.141 2 1
29 70 0.153 2 0
23 10 0.102 2 1
32 52 0.101 2 0
23 70 0.111 2 0
129 5 0.754 2 0
248 10 1.550 2 0
34 30 0.108 2 1
115 100 0.676 2 0
28 22 0.122 2 0
12 10 0.039 2 1
19 5 0.073 2 0
80 5 0.286 2 0
14 52 0.049 2 0
78 52 0.342 2 0
21 70 0.077 2 0
11 70 0.044 2 0
32 70 0.155 2 0
186 5 0.592 2 0
18 52 0.071 2 0
79 10 0.290 2 1
32 70 0.127 2 0
189 52 0.612 2 0
73 100 0.264 2 1
119 5 0.349 2 1
64 52 0.360 2 1
18 10 0.058 2 0
47 15 0.184 2 0
32 22 0.104 2 1
141 70 0.887 2 0
74 10 0.302 2 0
11 52 0.032 2 0
175 15 0.983 2 1
124 22 0.663 2 0
76 70 0.248 2 0
297 52 1.007 2 0
16 10 0.071 2 0
38 30 0.222 2 0
19 5 0.062 2 1
133 100 0.831 2 0
45 30 0.249 2 1
102 10 0.430 2 0
127 100 0.403 2 1
12 70 0.059 2 0
199 5 0.598 2 0
72 70 0.419 2 0
15 5 0.044 2 0
27 100 0.083 2 1
12 10 0.044 2 1
11 40 0.033 2 1
72 10 0.348 2 0
242 52 0.820 2 0
34 22 0.105 2 1
144 30 0.634 2 0
50 5 0.211 2 1
26 52 0.115 2 0
69 52 0.294 2 0
55 5 0.304 2 1
17 70 0.077 2 0
13 100 0.058 2 1
43 5 0.152 2 0
35 30 0.197 2 1
169 52 0.871 2 0
48 22 0.140 2 0
182 15 1.064 2 1
16 30 0.048 2 0
132 100 0.520 2 0
34 70 0.137 2 0
119 100 0.763 2 0
23 40 0.083 2 0
11 40 0.060 2 0
299 30 1.541 2 1
73 5 0.235 2 1
75 70 0.321 2 0
129 15 0.822 2 0
10 52 0.045 2 0
65 100 0.295 2 0
39 70 0.140 2 1
18 30 0.075 2 0
35 22 0.185 2 1
58 52 0.279 2 1
13 5 0.054 2 1
135 40 0.525 2 0
17 100 0.078 2 1
19 40 0.107 2 0
96 70 0.611 2 0
40 10 0.166 2 0
40 5 0.194 2 1
65 10 0.298 2 0
13 10 0.049 2 1
126 15 0.519 2 0
39 30 0.194 2 1
98 30 0.288 2 1
154 30 0.611 2 0
18 100 0.059 2 0
142 100 0.507 2 0
212 5 1.082 2 0
56 5 0.322 2 1
19 10 0.066 2 1
175 70 0.655 2 1
39 10 0.121 2 0
20 15 0.066 2 0
42 30 0.151 2 1
163 5 0.709 2 0
59 10 0.223 2 1
46 100 0.303 2 0
13 40 0.044 2 0
39 5 0.201 2 1
12 40 0.057 2 0
12 52 0.041 2 0
35 10 0.137 2 0
32 15 0.111 2 1
72 100 0.230 2 0
15 30 0.082 2 0
100 10 0.306 2 1
191 100 0.965 2 0
37 10 0.123 2 1
22 52 0.113 2 0
39 52 0.130 2 0
32 40 0.127 2 1
73 100 0.445 2 0
20 70 0.076 2 0
19 5 0.083 2 0
15 22 0.051 2 1
73 30 0.273 2 1
17 70 0.056 2 0
24 52 0.128 2 1
19 100 0.078 2 0
139 70 0.604 2 0
88 40 0.564 2 0
31 5 0.091 2 0
229 52 1.245 2 0
58 40 0.224 2 1
32 30 0.123 2 0
45 70 0.186 2 1
65 70 0.396 2 1
335 52 2.147 2 0
75 70 0.291 2 0
150 52 0.472 2 0
16 40 0.081 2 1
63 22 0.391 2 1
15 52 0.091 2 1
20 40 0.100 2 0
63 52 0.260 2 0
191 10 0.813 2 0
284 22 1.315 2 0
19 40 0.113 2 1
18 15 0.058 2 0
11 52 0.034 2 0
12 100 0.051 2 0
164 30 0.877 2 0
13 30 0.040 2 1
52 40 0.161 2 0
13 22 0.087 2 0
44 22 0.158 2 0
22 40 0.085 2 0
54 52 0.333 2 0
147 52 0.942 2 1
44 22 0.145 2 0
43 52 0.256 2 0
58 30 0.228 2 1
123 52 0.618 2 0
144 22 0.724 2 0
40 100 0.237 2 0
140 22 0.431 2 0
23 52 0.114 2 0
29 22 0.085 2 0
36 22 0.106 2 0
76 70 0.226 2 1
10 15 0.049 2 0
129 40 0.759 2 0
48 100 0.251 2 0
76 10 0.314 2 0
66 5 0.217 2 1
13 40 0.043 2 1
86 52 0.278 2 0
10 52 0.056 2 0
34 100 0.119 2 1
72 5 0.251 2 0
76 70 0.265 2 1
52 30 0.152 2 0
31 22 0.162 2 0
179 52 0.752 2 1
59 70 0.230 2 0
18 5 0.083 2 0
175 5 0.778 2 0
26 70 0.132 2 0
71 100 0.295 2 0
320 22 0.970 2 1
36 5 0.167 2 0
54 15 0.188 2 1
222 100 1.432 2 0
99 15 0.289 2 0
29 30 0.185 2 0
33 30 0.104 2 0
75 22 0.229 2 0
69 52 0.279 2 1
28 52 0.113 2 0
12 15 0.039 2 1
124 100 0.636 2 0
142 30 0.651 2 1
59 22 0.219 2 0
75 30 0.431 2 0
63 100 0.289 2 1
32 70 0.108 2 1
63 15 0.217 2 0
19 22 0.090 2 0
48 52 0.170 2 1
69 15 0.408 2 0
14 70 0.045 2 0
148 30 0.464 2 0
53 5 0.192 2 0
55 15 0.199 2 1
29 5 0.091 2 1
74 10 0.409 2 0
57 5 0.300 2 1
23 52 0.083 2 0
242 52 0.858 2 1
34 100 0.157 2 0
51 70 0.241 2 0
49 22 0.229 2 1
36 15 0.214 2 1
45 100 0.174 2 0
187 5 0.835 2 0
73 22 0.483 2 1
43 100 0.209 2 0
61 30 0.379 2 0
76 100 0.247 2 0
14 5 0.071 2 0
41 22 0.123 2 0
43 22 0.134 2 1
102 5 0.468 2 0
160 22 0.613 2 0
306 52 0.987 2 0
39 70 0.122 2 0
49 5 0.176 2 0
17 100 0.084 2 1
34 100 0.160 2 1
26 30 0.143 2 0
15 10 0.056 2 1
16 15 0.055 2 0
40 5 0.138 2 0
136 70 0.447 2 1
63 30 0.195 2 1
106 10 0.429 2 0
