266 30 0.957 0 3
79 40 0.366 0 2
186 10 0.557 0 4
147 10 0.467 0 4
71 30 0.364 0 2
21 40 0.066 0 1
98 30 0.653 0 3
209 40 1.040 0 4
284 40 0.953 0 3
64 52 0.290 0 1
34 52 0.131 0 1
77 100 0.405 0 4
24 40 0.080 0 4
14 40 0.081 0 1
320 40 1.608 0 3
197 70 0.719 0 4
10 5 0.058 0 3
145 52 0.539 0 2
29 5 0.149 0 3
145 70 0.492 0 1
31 10 0.139 0 4
15 100 0.069 0 2
41 100 0.172 0 2
171 22 0.631 0 2
24 15 0.117 0 1
275 15 1.730 0 4
75 22 0.429 0 2
160 15 0.982 0 1
59 22 0.206 0 1
71 40 0.410 0 3
70 70 0.365 0 1
17 10 0.058 0 1
47 30 0.225 0 2
70 30 0.329 0 4
10 10 0.043 0 4
157 100 0.801 0 1
134 15 0.887 0 1
31 70 0.144 0 2
170 30 0.895 0 1
32 10 0.180 0 1
196 30 1.101 0 3
26 5 0.155 0 3
26 22 0.090 0 2
18 30 0.067 0 4
25 5 0.121 0 1
134 5 0.447 0 2
152 30 0.650 0 4
78 5 0.247 0 2
278 5 1.049 0 4
13 22 0.056 0 2
14 10 0.046 0 3
38 22 0.115 0 3
14 5 0.044 0 2
14 70 0.042 0 4
24 10 0.124 0 2
22 70 0.111 0 4
16 40 0.075 0 1
63 15 0.223 0 4
85 100 0.335 0 1
17 22 0.061 0 3
12 10 0.073 0 1
47 52 0.287 0 3
65 15 0.196 0 4
25 10 0.074 0 3
34 5 0.215 0 1
35 10 0.139 0 1
66 30 0.400 0 1
37 30 0.145 0 3
172 15 0.878 0 1
35 22 0.223 0 3
28 52 0.089 0 3
38 100 0.171 0 2
220 52 1.410 0 3
75 100 0.234 0 3
67 100 0.293 0 1
113 70 0.498 0 2
42 15 0.176 0 4
18 22 0.111 0 1
43 70 0.133 0 2
134 52 0.667 0 3
14 40 0.043 0 1
23 10 0.086 0 3
179 100 0.904 0 1
21 22 0.061 0 1
135 40 0.652 0 4
123 5 0.393 0 2
17 22 0.054 0 2
103 70 0.307 0 2
71 40 0.378 0 2
11 5 0.055 0 4
12 30 0.068 0 4
110 15 0.375 0 4
71 30 0.397 0 3
26 70 0.118 0 1
61 15 0.250 0 3
27 52 0.122 0 4
259 22 1.053 0 2
72 100 0.336 0 1
187 52 0.820 0 2
190 70 0.742 0 4
179 10 0.947 0 2
17 15 0.056 0 3
35 15 0.168 0 1
13 5 0.060 0 4
10 5 0.055 0 2
10 100 0.044 0 4
15 30 0.046 0 3
11 22 0.054 0 4
38 52 0.184 0 2
43 52 0.213 0 3
72 5 0.213 0 4
18 100 0.060 0 4
17 15 0.090 0 3
81 30 0.463 0 4
24 52 0.081 0 3
20 30 0.089 0 4
223 22 0.664 0 3
172 5 0.989 0 3
34 10 0.133 0 3
34 30 0.114 0 2
72 40 0.218 0 2
56 30 0.290 0 4
31 15 0.136 0 1
96 15 0.309 0 3
71 30 0.272 0 2
24 30 0.106 0 4
38 52 0.115 0 4
18 30 0.054 0 4
16 52 0.102 0 4
37 22 0.161 0 1
10 10 0.033 0 1
135 30 0.860 0 4
38 70 0.111 0 4
17 30 0.050 0 1
27 10 0.102 0 2
11 5 0.041 0 1
115 15 0.361 0 1
47 40 0.206 0 2
188 5 0.836 0 3
47 15 0.206 0 1
320 100 1.143 0 2
28 5 0.169 0 3
36 30 0.136 0 2
74 30 0.287 0 2
100 15 0.565 0 2
78 30 0.348 0 4
45 15 0.146 0 2
12 52 0.054 0 4
41 30 0.268 0 1
96 100 0.495 0 2
10 70 0.065 0 3
10 52 0.041 0 4
11 5 0.043 0 4
73 100 0.282 0 2
15 5 0.077 0 4
24 100 0.136 0 4
182 15 0.695 0 4
33 70 0.113 0 2
10 5 0.030 0 2
99 5 0.343 0 1
23 30 0.085 0 3
51 5 0.305 0 4
70 52 0.387 0 4
188 100 0.684 0 1
322 100 1.006 0 3
101 22 0.322 0 4
23 30 0.116 0 1
15 22 0.068 0 1
14 52 0.072 0 1
14 52 0.074 0 3
265 100 1.587 0 4
11 30 0.045 0 4
17 52 0.070 0 4
183 100 1.046 0 2
192 22 0.566 0 1
14 22 0.078 0 4
67 30 0.259 0 3
73 52 0.284 0 3
110 100 0.618 0 3
69 22 0.240 0 3
24 40 0.079 0 4
62 15 0.304 0 4
104 100 0.531 0 2
68 100 0.241 0 2
159 15 0.476 0 3
38 5 0.123 0 2
18 40 0.098 0 3
78 10 0.238 0 3
20 40 0.097 0 4
33 10 0.119 0 4
203 40 0.630 0 3
20 22 0.077 0 1
15 5 0.082 0 2
121 5 0.371 0 3
11 100 0.060 0 2
246 15 0.730 0 2
33 22 0.099 0 2
15 70 0.091 0 3
179 40 0.663 0 4
16 40 0.052 0 4
185 5 0.557 0 4
75 22 0.219 0 4
168 100 0.654 0 1
168 52 1.070 0 2
37 70 0.124 0 2
22 100 0.077 0 3
16 52 0.050 0 4
66 40 0.351 0 4
264 30 1.340 0 4
150 15 0.607 0 4
64 22 0.290 0 2
171 10 0.509 0 1
65 40 0.267 0 2
12 5 0.043 0 1
63 22 0.214 0 4
160 10 0.523 0 3
21 30 0.061 0 4
168 100 0.497 0 3
57 40 0.217 0 1
141 70 0.870 0 3
26 5 0.084 0 4
29 22 0.139 0 1
18 100 0.055 0 1
194 5 0.571 0 2
50 10 0.323 0 4
173 30 0.709 0 4
136 5 0.428 0 3
36 22 0.155 0 2
15 30 0.053 0 3
10 30 0.057 0 1
107 30 0.566 0 1
49 15 0.234 0 1
151 22 0.482 0 2
159 15 0.754 0 1
37 70 0.198 0 1
14 70 0.045 0 2
71 30 0.227 0 3
64 100 0.257 0 1
104 10 0.380 0 4
337 52 1.491 0 2
224 10 0.655 0 3
111 15 0.516 0 1
117 70 0.775 0 1
85 100 0.310 0 4
93 100 0.463 0 3
164 15 0.689 0 3
13 15 0.062 0 2
33 5 0.099 0 1
31 22 0.094 0 4
10 5 0.039 0 2
180 30 0.807 0 4
18 22 0.076 0 1
150 5 0.492 0 3
143 40 0.534 0 1
72 70 0.213 0 3
25 10 0.145 0 1
161 100 0.555 0 2
144 100 0.762 0 4
72 15 0.409 0 1
23 52 0.111 0 2
158 70 0.527 0 2
14 5 0.088 0 1
36 5 0.190 0 4
299 10 0.940 0 4
220 15 0.665 0 3
155 30 0.728 0 4
172 5 0.534 0 1
69 10 0.274 0 3
16 52 0.079 0 3
40 70 0.265 0 3
139 52 0.822 0 4
25 5 0.136 0 2
199 100 1.150 0 3
152 15 1.020 0 4
18 10 0.105 0 2
29 70 0.118 0 3
168 100 0.537 0 1
50 22 0.168 0 2
53 70 0.241 0 1
29 40 0.161 0 1
18 30 0.107 0 4
19 22 0.095 0 3
15 22 0.066 0 4
139 22 0.547 0 2
38 10 0.205 0 3
35 15 0.108 0 4
24 100 0.112 0 2
17 10 0.089 0 3
20 100 0.105 0 2
40 52 0.208 0 2
26 22 0.125 0 1
23 22 0.125 0 2
272 5 1.167 0 1
284 5 1.605 0 1
30 52 0.087 0 2
172 52 0.741 0 4
54 70 0.298 0 2
77 5 0.350 0 2
75 15 0.247 0 1
194 70 0.686 0 4
41 5 0.178 0 1
17 52 0.068 0 3
39 15 0.164 0 4
45 70 0.142 0 3
10 15 0.043 0 4
193 22 0.566 0 2
175 70 0.665 0 2
59 5 0.188 0 1
45 30 0.222 0 4
110 15 0.357 0 2
150 10 0.811 0 2
196 22 0.596 0 1
133 15 0.552 0 1
106 15 0.482 0 2
24 15 0.125 0 2
34 22 0.103 0 1
69 30 0.361 0 1
52 5 0.209 0 4
34 40 0.122 0 2
335 40 1.098 0 3
149 15 0.562 0 2
126 15 0.824 0 3
201 15 0.681 0 4
117 52 0.568 0 4
56 30 0.260 0 2
19 22 0.097 0 1
119 30 0.386 0 1
12 10 0.041 0 4
10 15 0.030 0 4
193 70 0.788 0 1
157 100 0.651 0 1
73 15 0.246 0 3
216 15 0.931 0 4
231 5 0.924 0 1
49 70 0.145 0 3
140 22 0.495 0 3
32 40 0.142 0 3
11 10 0.043 0 1
28 100 0.092 0 4
120 40 0.594 0 2
17 22 0.050 0 1
69 40 0.359 0 1
30 40 0.145 0 1
95 70 0.438 0 2
121 10 0.691 0 1
70 40 0.338 0 1
34 30 0.126 0 3
70 100 0.400 0 2
102 100 0.415 0 2
16 100 0.064 0 2
50 30 0.156 0 4
70 30 0.254 0 1
122 5 0.726 0 1
146 100 0.455 0 1
186 5 0.979 0 4
72 52 0.211 0 3
51 10 0.157 0 3
15 22 0.049 0 2
60 52 0.368 0 1
78 22 0.229 0 3
102 5 0.500 0 1
149 30 0.472 0 4
30 52 0.109 0 1
30 40 0.140 0 3
114 15 0.553 0 3
21 10 0.077 0 2
68 30 0.246 0 3
102 5 0.604 0 1
70 52 0.235 0 4
16 10 0.049 0 1
13 5 0.048 0 2
39 70 0.118 0 1
146 40 0.643 0 1
28 30 0.127 0 1
26 22 0.076 0 4
174 15 0.967 0 1
338 100 1.558 0 2
143 5 0.552 0 2
14 52 0.074 0 3
69 30 0.212 0 1
39 100 0.125 0 1
41 52 0.169 0 4
133 100 0.581 0 3
12 52 0.046 0 2
59 22 0.314 0 3
14 15 0.065 0 3
10 100 0.040 0 4
144 5 0.973 0 3
185 5 0.680 0 3
164 30 0.701 0 2
32 15 0.194 0 1
286 100 0.976 0 2
92 100 0.345 0 3
331 15 1.491 0 3
62 70 0.297 0 1
71 40 0.410 0 2
10 10 0.030 0 2
49 30 0.262 0 1
61 100 0.203 0 1
88 30 0.288 0 2
73 15 0.215 0 4
40 40 0.253 0 4
12 5 0.036 0 3
12 15 0.060 0 4
69 30 0.423 0 2
51 30 0.251 0 4
334 52 1.796 0 2
192 100 1.005 0 4
70 22 0.372 0 2
110 70 0.351 0 3
57 15 0.337 0 3
97 30 0.327 0 4
95 15 0.442 0 3
289 30 1.070 0 3
75 40 0.350 0 1
53 15 0.338 0 2
68 52 0.366 0 4
172 70 0.683 0 4
36 22 0.112 0 2
14 52 0.051 0 3
22 100 0.145 0 3
37 70 0.179 0 1
299 15 1.042 0 1
108 100 0.537 0 1
33 70 0.102 0 3
23 15 0.071 0 4
41 10 0.141 0 4
64 5 0.250 0 3
25 70 0.086 0 3
33 52 0.212 0 3
114 52 0.373 0 1
16 15 0.050 0 3
79 10 0.290 0 1
251 22 1.077 0 4
19 10 0.103 0 2
60 15 0.326 0 3
145 22 0.512 0 2
157 100 0.527 0 2
12 10 0.037 0 4
28 15 0.123 0 1
18 40 0.078 0 2
174 5 0.561 0 4
15 5 0.058 0 1
71 30 0.218 0 4
78 70 0.320 0 4
44 100 0.153 0 4
17 15 0.059 0 1
144 52 0.425 0 4
27 22 0.151 0 1
58 70 0.337 0 4
163 22 0.791 0 2
12 10 0.044 0 3
33 22 0.133 0 3
45 52 0.151 0 4
11 30 0.066 0 2
19 22 0.080 0 3
37 10 0.111 0 3
36 40 0.176 0 1
15 15 0.074 0 2
182 40 0.871 0 4
17 100 0.055 0 3
92 15 0.278 0 1
23 5 0.092 0 2
38 30 0.187 0 1
16 22 0.055 0 1
18 30 0.065 0 1
77 10 0.226 0 1
68 5 0.232 0 2
12 52 0.049 0 4
11 70 0.044 0 2
11 5 0.061 0 4
15 5 0.079 0 4
57 22 0.175 0 1
31 30 0.155 0 4
128 15 0.416 0 2
112 52 0.382 0 3
27 15 0.123 0 4
141 40 0.456 0 1
262 15 0.885 0 4
64 10 0.356 0 3
12 30 0.044 0 3
13 30 0.049 0 4
112 100 0.439 0 4
14 100 0.055 0 1
69 40 0.291 0 4
27 100 0.134 0 3
18 30 0.106 0 4
175 70 1.144 0 3
13 100 0.044 0 2
50 30 0.259 0 4
45 15 0.281 0 3
161 100 0.856 0 1
11 22 0.069 0 4
65 52 0.316 0 3
180 30 0.556 0 1
68 10 0.364 0 3
16 100 0.061 0 1
56 70 0.165 0 4
160 30 0.947 0 3
118 10 0.377 0 4
110 30 0.363 0 4
36 52 0.188 0 2
28 10 0.115 0 4
193 100 0.601 0 4
36 40 0.152 0 1
53 5 0.178 0 2
39 5 0.228 0 2
32 22 0.094 0 3
95 40 0.511 0 2
17 15 0.060 0 2
92 100 0.303 0 2
13 40 0.041 0 1
66 22 0.198 0 1
65 70 0.349 0 3
21 22 0.073 0 3
29 30 0.087 0 2
55 15 0.340 0 3
15 30 0.077 0 3
21 22 0.073 0 1
197 15 0.621 0 3
15 30 0.057 0 3
10 30 0.060 0 4
70 70 0.279 0 3
228 15 0.884 0 1
188 15 0.575 0 2
164 40 0.509 0 4
12 10 0.059 0 4
12 100 0.039 0 3
56 22 0.193 0 4
13 40 0.043 0 4
220 70 1.176 0 4
13 52 0.040 0 3
18 30 0.076 0 2
116 52 0.555 0 1
26 10 0.129 0 2
26 52 0.161 0 1
161 100 0.489 0 1
31 30 0.100 0 4
18 5 0.086 0 4
173 70 0.603 0 4
17 52 0.108 0 3
18 70 0.075 0 4
182 30 0.623 0 1
161 40 0.636 0 1
18 22 0.101 0 2
226 10 0.897 0 4
60 40 0.180 0 4
293 10 0.883 0 3
98 70 0.307 0 4
27 15 0.101 0 2
37 15 0.195 0 4
185 10 0.869 0 3
65 5 0.376 0 3
111 30 0.440 0 3
166 10 0.522 0 2
55 10 0.262 0 3
10 30 0.049 0 4
25 40 0.090 0 2
140 15 0.505 0 2
16 5 0.099 0 3
14 10 0.043 0 2
90 70 0.545 0 1
13 40 0.047 0 1
139 10 0.716 0 2
22 15 0.088 0 2
12 30 0.046 0 2
19 22 0.110 0 2
105 30 0.621 0 2
77 30 0.362 0 3
27 40 0.132 0 4
13 70 0.083 0 3
92 52 0.397 0 3
11 5 0.069 0 1
38 22 0.222 0 3
16 30 0.086 0 1
29 100 0.124 0 4
67 10 0.199 0 2
19 5 0.104 0 2
21 5 0.081 0 3
57 15 0.271 0 4
186 70 0.853 0 1
10 5 0.050 0 1
193 5 1.163 0 1
66 22 0.349 0 1
20 30 0.064 0 3
17 70 0.056 0 4
155 10 0.628 0 1
76 30 0.270 0 1
64 100 0.233 0 3
29 40 0.113 0 4
15 22 0.079 0 3
117 70 0.401 0 1
12 52 0.047 0 2
21 100 0.077 0 1
320 100 1.455 0 2
72 100 0.343 0 3
171 40 0.512 0 2
45 22 0.287 0 3
157 100 0.674 0 4
19 100 0.059 0 1
18 5 0.093 0 2
14 70 0.051 0 2
18 52 0.056 0 3
74 22 0.394 0 4
12 5 0.074 0 3
29 10 0.101 0 2
19 100 0.089 0 2
53 22 0.244 0 1
36 22 0.122 0 2
59 100 0.173 0 4
74 30 0.344 0 1
54 40 0.287 0 2
119 10 0.708 0 2
225 15 1.148 0 4
13 15 0.048 0 3
18 70 0.096 0 1
92 52 0.416 0 2
33 22 0.102 0 4
61 100 0.236 0 4
37 30 0.223 0 2
30 52 0.118 0 4
14 10 0.068 0 4
47 100 0.177 0 4
13 30 0.038 0 3
40 100 0.161 0 1
337 40 1.087 0 2
53 22 0.247 0 4
59 52 0.200 0 3
23 10 0.097 0 3
13 100 0.046 0 1
16 52 0.064 0 3
130 52 0.473 0 4
68 40 0.412 0 4
35 70 0.127 0 2
75 70 0.339 0 4
55 30 0.213 0 1
136 100 0.907 0 2
15 15 0.084 0 2
12 30 0.080 0 3
265 10 1.646 0 4
19 22 0.078 0 4
37 52 0.184 0 1
32 22 0.134 0 2
72 15 0.393 0 3
45 10 0.165 0 1
172 10 0.526 0 4
11 15 0.039 0 1
66 30 0.375 0 1
36 100 0.206 0 3
18 70 0.090 0 1
126 40 0.417 0 2
94 70 0.310 0 2
154 22 0.579 0 1
41 10 0.178 0 4
18 15 0.063 0 3
26 40 0.110 0 4
55 40 0.276 0 1
28 100 0.094 0 1
275 70 1.256 0 3
301 22 1.045 0 1
74 5 0.319 0 4
139 10 0.629 0 2
39 15 0.258 0 3
165 5 0.537 0 2
152 52 0.697 0 1
11 5 0.044 0 4
61 22 0.323 0 2
17 40 0.077 0 2
14 22 0.069 0 4
12 22 0.047 0 3
91 10 0.274 0 3
107 5 0.641 0 3
16 15 0.054 0 4
29 40 0.117 0 3
153 5 0.461 0 1
20 15 0.079 0 4
181 10 0.948 0 4
35 5 0.120 0 4
77 30 0.407 0 4
172 40 1.124 0 4
13 52 0.055 0 2
31 22 0.144 0 3
56 22 0.176 0 3
38 22 0.129 0 3
31 52 0.130 0 1
204 30 1.236 0 1
89 5 0.276 0 3
155 70 0.452 0 1
181 52 1.028 0 4
35 52 0.161 0 3
20 5 0.099 0 2
10 100 0.038 0 1
145 10 0.426 0 4
76 22 0.425 0 1
16 40 0.064 0 2
26 52 0.137 0 2
275 70 0.899 0 4
18 15 0.101 0 3
17 30 0.052 0 3
13 40 0.059 0 2
26 5 0.100 0 3
89 52 0.309 0 3
124 100 0.770 0 1
322 100 1.211 0 1
194 40 0.812 0 2
188 52 0.883 0 1
31 40 0.119 0 4
21 10 0.070 0 2
312 40 1.023 0 4
320 10 1.199 0 4
116 10 0.380 0 3
18 70 0.099 0 2
19 70 0.094 0 1
39 52 0.153 0 2
18 70 0.111 0 3
67 40 0.390 0 2
34 30 0.174 0 1
24 70 0.103 0 1
124 5 0.373 0 4
13 52 0.084 0 2
18 22 0.106 0 4
16 5 0.071 0 3
30 5 0.109 0 4
41 22 0.156 0 4
29 30 0.170 0 4
219 10 0.793 0 4
48 15 0.151 0 1
43 100 0.148 0 4
18 5 0.088 0 2
158 70 0.500 0 2
28 5 0.098 0 3
10 5 0.039 0 2
48 100 0.170 0 1
121 70 0.420 0 1
10 70 0.043 0 1
225 52 0.723 0 1
184 10 1.022 0 2
105 52 0.417 0 2
183 22 0.750 0 4
13 70 0.074 0 3
49 22 0.147 0 3
14 52 0.045 0 2
269 40 1.365 0 2
13 5 0.069 0 4
17 5 0.059 0 1
50 5 0.219 0 3
19 70 0.124 0 4
45 100 0.147 0 4
75 30 0.500 0 2
48 5 0.172 0 3
117 22 0.453 0 1
30 100 0.089 0 2
30 40 0.167 0 2
13 52 0.040 0 4
137 100 0.552 0 4
92 5 0.296 0 1
32 52 0.126 0 4
120 30 0.622 0 2
32 30 0.113 0 4
184 10 0.599 0 1
42 52 0.237 0 1
134 30 0.411 0 1
94 40 0.355 0 3
147 52 0.457 0 1
19 40 0.096 0 2
35 70 0.188 0 1
226 52 0.771 0 1
14 5 0.047 0 2
13 52 0.057 0 3
23 30 0.155 0 2
38 100 0.173 0 3
28 100 0.098 0 1
163 22 0.495 0 2
120 40 0.588 0 2
177 30 0.524 0 4
52 10 0.216 0 4
115 15 0.719 0 3
38 70 0.211 0 4
85 100 0.351 0 2
13 22 0.040 0 4
150 22 0.498 0 3
69 15 0.431 0 3
27 10 0.096 0 2
196 70 0.647 0 2
192 22 0.602 0 4
40 22 0.152 0 1
15 5 0.066 0 3
64 10 0.300 0 3
163 100 0.758 0 4
27 70 0.119 0 2
11 40 0.048 0 2
59 70 0.203 0 3
70 10 0.223 0 3
76 10 0.333 0 1
14 30 0.042 0 2
61 10 0.389 0 3
324 40 1.296 0 4
72 52 0.303 0 1
12 100 0.073 0 1
20 40 0.095 0 1
13 5 0.047 0 2
260 5 0.922 0 3
21 30 0.085 0 4
175 5 1.006 0 1
34 52 0.160 0 3
127 5 0.506 0 2
63 22 0.406 0 2
67 5 0.235 0 1
19 70 0.060 0 4
195 10 0.595 0 3
110 5 0.407 0 2
18 22 0.068 0 2
35 5 0.116 0 2
168 10 0.549 0 1
41 15 0.144 0 3
213 15 0.661 0 3
157 100 0.502 0 3
12 40 0.042 0 2
11 52 0.066 0 3
113 40 0.481 0 4
28 10 0.116 0 1
41 70 0.196 0 1
17 100 0.082 0 3
72 10 0.211 0 1
70 100 0.473 0 2
14 40 0.059 0 4
95 22 0.450 0 1
66 52 0.359 0 2
125 15 0.425 0 2
11 52 0.053 0 4
18 40 0.090 0 1
198 5 1.059 0 2
29 5 0.124 0 3
13 5 0.050 0 2
51 15 0.255 0 1
103 70 0.401 0 1
24 22 0.072 0 1
62 100 0.225 0 1
159 22 0.733 0 3
46 5 0.176 0 2
114 22 0.722 0 4
12 70 0.039 0 2
314 30 0.952 0 3
19 52 0.061 0 1
114 10 0.360 0 4
11 70 0.032 0 1
56 40 0.324 0 4
151 52 0.568 0 2
78 5 0.329 0 2
33 30 0.102 0 3
40 40 0.213 0 2
28 5 0.101 0 3
20 52 0.129 0 4
16 40 0.072 0 1
78 100 0.356 0 3
198 15 0.695 0 4
78 15 0.426 0 3
73 100 0.298 0 3
197 10 0.724 0 4
198 100 1.145 0 2
139 70 0.671 0 1
156 22 0.529 0 2
34 30 0.164 0 4
83 30 0.281 0 2
263 30 1.283 0 3
28 100 0.116 0 4
33 52 0.133 0 4
165 100 0.932 0 3
290 30 1.576 0 2
156 10 0.729 0 2
20 40 0.087 0 1
132 70 0.592 0 3
167 30 0.742 0 2
21 52 0.081 0 4
54 40 0.234 0 2
12 15 0.043 0 1
25 30 0.076 0 3
168 40 0.497 0 3
52 100 0.173 0 3
35 22 0.143 0 2
77 70 0.325 0 4
36 5 0.108 0 3
53 40 0.206 0 3
30 5 0.090 0 3
57 52 0.264 0 4
75 22 0.441 0 1
38 22 0.195 0 4
17 5 0.065 0 1
13 70 0.043 0 2
42 52 0.192 0 2
16 52 0.062 0 2
12 5 0.074 0 2
114 100 0.390 0 3
32 40 0.096 0 2
13 70 0.039 0 4
51 30 0.251 0 4
175 30 0.946 0 3
164 22 0.656 0 3
34 100 0.124 0 2
336 15 1.806 0 1
141 22 0.442 0 2
22 40 0.105 0 4
71 40 0.392 0 1
268 40 1.165 0 2
143 30 0.711 0 2
88 5 0.440 0 2
51 30 0.193 0 2
117 10 0.379 0 4
21 10 0.094 0 3
93 30 0.383 0 2
169 5 0.701 0 4
37 70 0.147 0 4
17 15 0.066 0 4
30 40 0.157 0 2
74 22 0.289 0 4
14 40 0.062 0 4
56 15 0.306 0 2
139 40 0.698 0 2
169 22 0.735 0 2
155 15 1.006 0 1
26 52 0.098 0 3
11 5 0.033 0 3
56 70 0.277 0 4
90 22 0.372 0 4
60 22 0.331 0 2
28 15 0.115 0 2
17 100 0.097 0 1
128 40 0.831 0 4
225 10 0.953 0 2
37 10 0.149 0 1
174 5 0.606 0 1
178 52 0.983 0 1
85 100 0.316 0 1
18 40 0.070 0 2
12 10 0.037 0 3
68 100 0.368 0 1
135 10 0.534 0 2
15 22 0.045 0 3
93 70 0.359 0 3
10 15 0.033 0 4
39 52 0.123 0 4
125 40 0.702 0 3
119 40 0.357 0 4
56 70 0.165 0 4
279 40 1.125 0 2
88 10 0.489 0 4
20 15 0.067 0 3
175 22 1.174 0 2
10 22 0.034 0 1
127 100 0.383 0 1
30 40 0.178 0 3
67 100 0.264 0 2
41 52 0.184 0 1
38 22 0.174 0 4
67 22 0.366 0 2
152 22 0.697 0 1
39 5 0.255 0 1
93 5 0.421 0 3
129 15 0.584 0 4
189 5 0.580 0 4
149 70 0.631 0 1
79 70 0.473 0 4
32 100 0.101 0 3
154 22 0.583 0 1
54 70 0.219 0 2
75 30 0.277 0 2
12 22 0.045 0 1
57 40 0.193 0 1
146 22 0.844 0 2
136 70 0.435 0 1
18 100 0.080 0 1
23 40 0.131 0 4
25 40 0.089 0 1
191 15 0.755 0 1
47 70 0.163 0 1
26 15 0.104 0 4
21 5 0.127 0 1
53 15 0.317 0 2
127 40 0.374 0 3
173 22 0.930 0 2
17 15 0.072 0 3
28 15 0.119 0 1
73 70 0.249 0 1
42 52 0.194 0 3
112 40 0.378 0 1
84 30 0.480 0 3
156 52 0.569 0 4
166 40 0.514 0 3
13 100 0.071 0 3
64 40 0.250 0 1
16 22 0.049 0 3
87 15 0.261 0 3
74 52 0.220 0 2
29 40 0.190 0 2
161 15 0.557 0 3
19 70 0.128 0 3
64 15 0.395 0 4
12 100 0.060 0 4
14 5 0.081 0 3
33 15 0.205 0 1
32 70 0.134 0 2
244 70 0.980 0 4
23 30 0.111 0 2
19 5 0.088 0 2
74 70 0.245 0 4
22 15 0.072 0 1
41 22 0.142 0 2
288 52 0.881 0 4
18 10 0.100 0 1
114 52 0.708 0 4
178 52 0.536 0 1
98 70 0.315 0 3
25 30 0.075 0 3
53 70 0.187 0 1
50 100 0.222 0 1
15 100 0.061 0 1
50 100 0.174 0 3
68 22 0.258 0 2
166 5 0.550 0 3
263 100 0.889 0 2
29 52 0.120 0 2
11 52 0.070 0 4
57 22 0.249 0 3
34 52 0.102 0 1
59 5 0.175 0 1
41 15 0.230 0 1
13 15 0.081 0 1
70 5 0.207 0 2
16 40 0.100 0 2
19 52 0.058 0 4
15 30 0.060 0 3
12 30 0.048 1 0
131 40 0.601 1 4
14 100 0.057 1 3
55 10 0.192 1 2
181 5 0.653 1 3
45 30 0.181 1 0
38 30 0.157 1 0
14 5 0.072 1 2
24 40 0.120 1 4
26 15 0.167 1 0
48 40 0.229 1 0
11 30 0.052 1 0
154 10 0.751 1 0
11 40 0.033 1 0
21 30 0.130 1 0
93 100 0.295 1 4
28 100 0.084 1 3
135 5 0.750 1 0
33 5 0.122 1 2
126 10 0.450 1 0
186 100 0.660 1 0
71 40 0.267 1 4
19 10 0.057 1 3
39 30 0.167 1 0
16 100 0.050 1 0
21 100 0.109 1 4
86 5 0.500 1 0
318 52 1.927 1 2
59 10 0.284 1 0
41 52 0.210 1 3
76 15 0.322 1 0
188 100 0.959 1 0
16 15 0.108 1 2
11 15 0.040 1 2
24 40 0.090 1 0
10 15 0.049 1 3
159 52 0.841 1 0
46 22 0.156 1 0
47 40 0.170 1 3
17 15 0.054 1 0
299 52 0.917 1 0
70 30 0.398 1 0
276 22 0.807 1 3
35 22 0.110 1 4
54 5 0.186 1 0
333 100 1.753 1 0
31 30 0.108 1 0
33 5 0.140 1 4
19 10 0.103 1 0
265 40 1.293 1 0
11 15 0.050 1 0
147 70 0.551 1 2
11 5 0.049 1 4
14 10 0.093 1 4
71 40 0.458 1 0
41 15 0.120 1 4
18 100 0.059 1 4
21 40 0.065 1 4
30 52 0.126 1 4
55 30 0.246 1 0
259 70 0.918 1 3
177 22 0.957 1 2
222 30 1.362 1 4
81 30 0.301 1 3
32 40 0.129 1 0
68 52 0.209 1 0
39 15 0.200 1 4
35 70 0.129 1 0
18 10 0.089 1 0
35 5 0.215 1 0
36 22 0.133 1 4
46 30 0.166 1 3
48 30 0.146 1 0
161 10 0.592 1 4
177 70 0.668 1 0
74 22 0.385 1 3
119 22 0.391 1 0
37 70 0.130 1 2
31 100 0.170 1 2
186 22 0.612 1 0
15 100 0.048 1 2
11 100 0.051 1 3
19 22 0.057 1 0
19 22 0.059 1 3
74 15 0.250 1 3
15 40 0.048 1 0
31 40 0.193 1 2
60 70 0.203 1 2
103 22 0.526 1 0
57 40 0.227 1 0
79 15 0.503 1 4
181 5 0.571 1 4
42 5 0.206 1 0
11 52 0.040 1 0
147 70 0.955 1 3
69 30 0.282 1 0
35 30 0.168 1 3
11 22 0.059 1 4
132 15 0.433 1 3
31 52 0.096 1 4
163 5 0.703 1 0
204 5 0.739 1 2
227 40 1.004 1 4
24 30 0.105 1 3
104 30 0.462 1 3
151 52 0.648 1 0
37 70 0.154 1 3
17 22 0.089 1 0
50 70 0.146 1 0
17 5 0.054 1 0
11 5 0.042 1 4
28 100 0.137 1 0
19 52 0.106 1 4
18 30 0.087 1 3
81 52 0.516 1 0
122 52 0.510 1 3
56 22 0.191 1 4
36 22 0.125 1 0
19 40 0.115 1 2
13 30 0.039 1 0
40 22 0.143 1 4
244 52 1.326 1 2
12 5 0.049 1 2
170 100 0.497 1 3
103 30 0.369 1 4
15 100 0.096 1 4
48 22 0.213 1 2
32 30 0.203 1 3
35 30 0.145 1 0
19 5 0.082 1 0
202 5 0.709 1 3
160 100 0.865 1 2
177 52 0.582 1 2
64 100 0.211 1 3
138 15 0.502 1 0
151 30 0.463 1 2
24 100 0.084 1 2
19 10 0.095 1 2
20 52 0.122 1 2
19 5 0.085 1 4
28 40 0.130 1 0
15 30 0.059 1 3
77 15 0.407 1 3
106 30 0.451 1 4
12 10 0.076 1 0
30 22 0.135 1 3
155 5 0.603 1 0
25 52 0.122 1 2
192 70 0.838 1 0
55 52 0.353 1 0
10 30 0.036 1 3
175 5 0.527 1 0
17 30 0.092 1 2
104 70 0.456 1 4
17 30 0.050 1 4
112 40 0.521 1 4
92 22 0.469 1 4
36 40 0.173 1 0
88 30 0.292 1 0
19 70 0.119 1 4
31 70 0.153 1 4
39 100 0.154 1 0
71 5 0.374 1 3
264 100 1.467 1 4
19 5 0.064 1 0
16 52 0.062 1 2
27 30 0.151 1 4
74 100 0.322 1 0
249 52 0.746 1 4
46 5 0.210 1 3
175 52 0.792 1 3
13 100 0.065 1 0
33 22 0.102 1 3
71 10 0.314 1 0
39 100 0.244 1 0
65 5 0.277 1 4
12 100 0.055 1 3
36 5 0.113 1 3
122 15 0.370 1 3
15 70 0.052 1 0
32 30 0.159 1 2
142 10 0.438 1 4
29 30 0.168 1 0
10 5 0.032 1 3
35 5 0.117 1 4
15 52 0.065 1 2
64 30 0.231 1 3
51 52 0.201 1 4
14 15 0.074 1 0
28 40 0.087 1 2
10 5 0.034 1 3
329 15 1.223 1 0
48 70 0.246 1 4
10 70 0.044 1 2
240 10 0.879 1 0
18 10 0.065 1 0
110 10 0.433 1 0
37 40 0.168 1 4
28 15 0.170 1 0
75 10 0.329 1 3
147 22 0.432 1 2
168 52 0.944 1 0
171 30 1.125 1 3
10 52 0.066 1 0
149 52 0.674 1 4
16 100 0.102 1 0
22 15 0.098 1 4
25 10 0.121 1 0
299 70 1.068 1 0
51 15 0.262 1 4
60 15 0.405 1 3
10 5 0.062 1 2
154 22 0.710 1 2
36 40 0.128 1 2
75 52 0.401 1 0
157 30 0.826 1 4
19 70 0.106 1 4
298 5 1.961 1 4
161 40 0.712 1 0
41 52 0.127 1 4
11 52 0.041 1 3
62 22 0.380 1 3
177 10 1.127 1 0
88 22 0.557 1 3
291 5 1.155 1 3
138 10 0.507 1 4
10 70 0.048 1 2
47 10 0.165 1 2
30 52 0.093 1 2
58 70 0.201 1 0
97 70 0.362 1 4
13 70 0.067 1 4
33 5 0.177 1 0
36 5 0.169 1 2
39 5 0.124 1 3
70 52 0.230 1 2
53 100 0.342 1 0
65 10 0.414 1 0
16 5 0.092 1 3
21 22 0.070 1 3
14 52 0.049 1 0
143 40 0.511 1 2
172 40 0.775 1 3
17 100 0.052 1 4
15 40 0.048 1 3
276 30 1.408 1 0
16 15 0.067 1 0
155 10 0.534 1 0
77 30 0.275 1 0
99 10 0.596 1 2
34 52 0.207 1 3
10 70 0.052 1 4
65 100 0.199 1 2
69 15 0.304 1 4
199 52 0.682 1 3
48 5 0.294 1 3
66 10 0.258 1 3
38 10 0.146 1 4
195 70 0.619 1 0
163 30 0.533 1 3
12 40 0.059 1 2
150 5 0.478 1 0
91 30 0.357 1 2
20 40 0.086 1 2
153 100 0.699 1 3
57 100 0.284 1 4
88 52 0.345 1 2
28 10 0.170 1 0
76 5 0.450 1 0
176 70 0.624 1 0
51 22 0.242 1 2
52 100 0.188 1 3
35 100 0.114 1 2
11 15 0.040 1 2
149 40 0.481 1 3
254 22 0.981 1 2
11 5 0.041 1 0
130 100 0.553 1 0
163 40 0.688 1 0
68 5 0.265 1 0
16 52 0.047 1 0
39 15 0.133 1 0
39 70 0.136 1 2
51 5 0.193 1 0
24 10 0.152 1 3
295 52 0.894 1 0
37 5 0.157 1 2
212 22 0.872 1 0
46 70 0.150 1 4
72 15 0.480 1 2
34 70 0.134 1 0
119 5 0.494 1 0
20 52 0.076 1 0
158 40 0.617 1 0
124 30 0.431 1 0
21 22 0.091 1 3
18 30 0.066 1 4
152 40 0.515 1 0
157 10 0.491 1 4
152 5 0.463 1 4
19 52 0.066 1 0
13 5 0.079 1 0
17 15 0.058 1 0
46 15 0.174 1 2
39 52 0.137 1 3
30 30 0.091 1 0
57 15 0.356 1 0
50 52 0.155 1 2
28 40 0.127 1 0
37 100 0.140 1 3
228 30 0.724 1 0
126 22 0.787 1 0
13 30 0.086 1 0
16 100 0.088 1 2
19 70 0.106 1 3
37 15 0.115 1 2
46 15 0.261 1 4
42 40 0.141 1 3
36 100 0.138 1 3
15 30 0.098 1 2
81 22 0.358 1 4
44 5 0.181 1 4
31 30 0.119 1 4
313 5 1.079 1 0
181 5 0.866 1 4
18 70 0.055 1 4
26 70 0.143 1 2
12 15 0.060 1 4
27 10 0.128 1 0
115 70 0.567 1 3
103 70 0.534 1 3
115 15 0.353 1 3
37 30 0.154 1 3
148 40 0.497 1 2
73 52 0.267 1 0
22 22 0.070 1 4
16 40 0.082 1 4
63 70 0.214 1 0
294 52 1.624 1 3
84 30 0.545 1 2
134 10 0.475 1 3
194 70 1.066 1 0
73 22 0.471 1 0
11 30 0.037 1 0
34 22 0.101 1 3
10 30 0.041 1 0
16 10 0.070 1 3
24 30 0.113 1 0
110 30 0.403 1 3
193 100 0.877 1 4
16 30 0.070 1 3
29 15 0.094 1 3
133 5 0.693 1 0
98 52 0.366 1 0
18 30 0.078 1 0
107 22 0.572 1 3
30 22 0.094 1 0
13 100 0.054 1 2
60 30 0.259 1 3
23 100 0.096 1 4
10 15 0.042 1 0
15 100 0.090 1 4
18 15 0.093 1 3
157 40 0.494 1 0
18 10 0.083 1 0
19 30 0.086 1 4
111 15 0.360 1 2
71 10 0.314 1 4
18 52 0.059 1 0
197 52 0.652 1 0
156 40 0.881 1 3
74 10 0.349 1 3
51 10 0.246 1 0
34 5 0.123 1 0
17 30 0.070 1 0
265 30 1.015 1 3
32 30 0.144 1 2
27 70 0.084 1 2
173 30 0.613 1 0
22 15 0.081 1 2
101 70 0.406 1 4
97 70 0.435 1 3
10 5 0.052 1 0
140 30 0.461 1 4
25 5 0.104 1 3
53 52 0.167 1 3
13 10 0.045 1 2
15 40 0.049 1 0
41 15 0.247 1 2
111 10 0.337 1 2
55 5 0.293 1 0
11 100 0.036 1 3
49 100 0.207 1 0
146 100 0.507 1 4
11 5 0.034 1 2
66 15 0.313 1 3
111 70 0.427 1 0
86 52 0.541 1 3
29 22 0.095 1 2
16 30 0.067 1 4
120 100 0.667 1 0
62 30 0.230 1 2
47 15 0.218 1 0
133 100 0.426 1 0
19 15 0.073 1 0
79 100 0.278 1 2
53 100 0.173 1 4
10 5 0.050 1 0
339 5 1.487 1 4
16 40 0.048 1 4
141 52 0.555 1 3
46 5 0.159 1 2
202 70 1.015 1 3
15 5 0.064 1 3
16 52 0.061 1 0
12 22 0.077 1 0
38 100 0.151 1 2
94 5 0.323 1 2
295 52 0.993 1 4
53 5 0.233 1 4
33 70 0.111 1 2
11 5 0.053 1 4
223 52 0.914 1 0
14 5 0.045 1 0
42 70 0.172 1 3
75 100 0.306 1 0
41 70 0.149 1 4
11 100 0.047 1 4
301 40 1.645 1 0
195 40 0.965 1 0
14 5 0.085 1 0
133 5 0.541 1 0
31 70 0.122 1 4
68 5 0.207 1 2
25 52 0.160 1 4
18 15 0.074 1 2
20 5 0.098 1 3
14 5 0.081 1 0
275 100 1.030 1 4
39 22 0.170 1 0
18 100 0.055 1 0
53 30 0.201 1 3
195 70 0.765 1 4
46 70 0.165 1 3
123 100 0.695 1 2
82 10 0.329 1 0
13 40 0.050 1 0
25 22 0.160 1 4
52 5 0.170 1 3
289 52 0.850 1 4
71 5 0.241 1 0
51 40 0.206 1 4
337 100 2.119 1 2
128 70 0.561 1 4
161 22 0.494 1 3
33 52 0.208 1 3
14 15 0.082 1 3
197 10 0.883 1 3
19 5 0.074 1 3
189 22 0.708 1 0
16 100 0.094 1 3
17 40 0.099 1 0
85 52 0.489 1 4
12 5 0.040 1 2
52 70 0.183 1 0
38 70 0.194 1 0
12 10 0.037 1 4
88 40 0.335 1 3
143 15 0.472 1 2
27 22 0.084 1 2
113 5 0.638 1 4
144 10 0.724 1 0
53 100 0.171 1 0
74 70 0.308 1 0
14 30 0.087 1 4
37 5 0.141 1 4
119 100 0.640 1 0
220 52 0.669 1 3
28 10 0.089 1 0
34 100 0.191 1 0
11 10 0.043 1 0
93 5 0.554 1 0
15 40 0.047 1 3
260 52 0.812 1 4
28 40 0.188 1 0
26 100 0.104 1 3
18 70 0.063 1 3
169 10 0.701 1 0
18 5 0.118 1 4
52 10 0.158 1 0
28 5 0.092 1 0
16 70 0.062 1 3
31 70 0.133 1 0
27 22 0.105 1 0
46 5 0.203 1 2
124 5 0.408 1 3
155 30 0.620 1 4
64 100 0.328 1 3
15 5 0.060 1 0
144 100 0.894 1 2
13 100 0.063 1 0
66 52 0.446 1 4
120 52 0.432 1 3
37 52 0.110 1 0
280 100 1.094 1 2
58 10 0.176 1 2
184 52 0.540 1 0
244 22 0.833 1 2
55 70 0.168 1 3
14 22 0.071 1 0
301 70 1.209 1 3
12 52 0.053 1 0
26 70 0.082 1 3
121 10 0.381 1 0
31 100 0.108 1 0
47 40 0.246 1 4
24 15 0.079 1 0
11 30 0.057 1 3
20 100 0.085 1 0
201 52 0.852 1 2
280 30 0.933 1 0
31 30 0.120 1 0
51 15 0.242 1 2
73 5 0.225 1 3
199 70 1.021 1 0
61 70 0.281 1 4
32 100 0.147 1 0
13 52 0.055 1 4
75 100 0.322 1 0
11 5 0.058 1 2
313 5 0.963 1 2
21 15 0.066 1 3
10 10 0.033 1 0
17 100 0.058 1 3
62 5 0.257 1 0
16 30 0.097 1 2
14 10 0.076 1 4
24 10 0.091 1 3
11 100 0.040 1 4
11 100 0.045 1 3
22 22 0.126 1 3
10 22 0.030 1 0
224 22 1.514 1 0
17 52 0.057 1 2
28 40 0.102 1 3
20 10 0.059 1 4
35 22 0.212 1 4
79 40 0.307 1 2
23 30 0.086 1 2
96 30 0.338 1 4
66 22 0.219 1 4
12 52 0.041 1 0
62 22 0.219 1 3
72 5 0.212 1 4
17 30 0.104 1 2
130 5 0.640 1 2
21 52 0.062 1 4
118 10 0.518 1 0
41 52 0.233 1 4
173 70 0.765 1 0
72 40 0.227 1 2
19 100 0.105 1 2
15 52 0.078 1 0
16 52 0.048 1 2
10 100 0.065 1 2
89 40 0.260 1 3
127 10 0.504 1 0
25 22 0.087 1 0
59 30 0.192 1 4
80 10 0.255 1 3
14 100 0.047 1 3
138 30 0.577 1 3
244 100 1.109 1 0
38 40 0.184 1 3
279 15 1.177 1 3
209 15 0.871 1 0
269 100 0.862 1 3
16 40 0.059 1 4
32 10 0.094 1 4
33 52 0.163 1 0
58 30 0.226 1 3
11 100 0.036 1 2
74 15 0.278 1 0
18 30 0.060 1 0
12 10 0.038 1 2
13 5 0.056 1 2
13 52 0.073 1 4
54 22 0.215 1 0
35 30 0.116 1 2
16 70 0.091 1 2
37 15 0.122 1 2
127 10 0.774 1 2
11 5 0.063 1 4
72 15 0.295 1 0
16 10 0.069 1 3
71 52 0.351 1 3
78 5 0.453 1 4
35 5 0.165 1 3
61 22 0.179 1 0
45 5 0.176 1 4
15 10 0.045 1 2
148 5 0.438 1 4
23 10 0.085 1 0
47 52 0.186 1 0
34 40 0.132 1 3
157 15 1.047 1 0
134 5 0.635 1 4
15 52 0.056 1 2
142 22 0.612 1 0
155 5 0.453 1 2
42 70 0.194 1 2
19 5 0.094 1 0
15 10 0.045 1 0
273 70 0.919 1 0
10 100 0.043 1 3
54 15 0.167 1 3
48 40 0.181 1 3
10 10 0.030 1 0
58 15 0.217 1 4
210 40 0.968 1 4
46 40 0.142 1 0
19 52 0.056 1 0
87 30 0.455 1 3
10 15 0.053 1 4
172 15 0.823 1 0
189 10 0.969 1 0
85 52 0.452 1 3
35 15 0.197 1 4
13 30 0.054 1 2
64 40 0.400 1 3
26 70 0.077 1 0
81 30 0.281 1 0
226 52 0.983 1 4
22 40 0.079 1 4
199 5 0.591 1 2
15 100 0.059 1 0
17 52 0.093 1 3
18 22 0.055 1 0
17 5 0.077 1 2
13 30 0.086 1 2
109 52 0.498 1 0
17 10 0.055 1 3
337 5 1.822 1 3
137 70 0.862 1 3
22 10 0.068 1 3
13 10 0.044 1 2
82 22 0.325 1 0
51 10 0.283 1 0
12 30 0.041 1 3
189 15 0.990 1 0
145 22 0.503 1 3
45 5 0.132 1 4
16 15 0.063 1 0
68 52 0.389 1 4
32 10 0.099 1 0
157 5 0.567 1 0
137 22 0.581 1 0
38 40 0.115 1 0
43 30 0.167 1 2
36 10 0.196 1 0
32 52 0.099 1 0
24 22 0.128 1 0
40 70 0.241 1 2
176 70 0.562 1 4
215 52 0.846 1 3
14 70 0.044 1 2
19 22 0.088 1 4
36 70 0.143 1 3
75 40 0.410 1 2
31 52 0.170 1 4
14 10 0.074 1 3
28 5 0.171 1 0
140 100 0.411 1 0
61 22 0.367 1 4
35 40 0.138 1 2
70 5 0.467 1 0
47 10 0.194 1 3
10 52 0.046 1 2
37 22 0.116 1 3
16 52 0.106 1 4
19 5 0.095 1 4
161 52 0.531 1 0
39 15 0.207 1 0
31 30 0.121 1 0
13 70 0.063 1 0
68 70 0.391 1 2
169 30 0.565 1 2
14 30 0.091 1 0
64 100 0.374 1 2
78 70 0.254 1 2
14 70 0.091 1 3
180 10 0.738 1 4
22 100 0.134 1 4
220 30 0.649 1 3
30 30 0.130 1 4
50 10 0.214 1 0
18 30 0.090 1 2
70 100 0.303 1 2
192 10 0.573 1 4
20 40 0.089 1 2
60 100 0.305 1 0
15 40 0.066 1 0
58 70 0.210 1 2
34 5 0.104 1 4
111 30 0.344 1 0
12 70 0.040 1 4
10 15 0.032 1 2
337 22 1.024 1 0
13 40 0.053 1 3
14 30 0.063 1 0
136 22 0.743 1 2
336 10 2.012 1 3
135 15 0.643 1 0
18 22 0.066 1 2
11 70 0.043 1 0
151 10 0.528 1 0
60 100 0.208 1 0
99 15 0.446 1 3
191 10 0.864 1 3
10 10 0.031 1 4
12 22 0.052 1 0
11 52 0.046 1 0
89 15 0.295 1 3
24 10 0.094 1 3
30 52 0.094 1 3
10 52 0.062 1 2
101 70 0.540 1 0
74 100 0.277 1 0
63 70 0.299 1 0
50 100 0.251 1 0
41 10 0.166 1 0
35 30 0.157 1 0
64 5 0.202 1 2
25 22 0.132 1 3
101 70 0.443 1 2
30 70 0.152 1 4
20 52 0.059 1 0
18 22 0.081 1 0
40 15 0.189 1 3
13 52 0.075 1 3
12 30 0.064 1 4
16 52 0.061 1 0
180 15 0.918 1 2
69 70 0.284 1 3
152 15 0.756 1 3
31 52 0.144 1 0
338 22 1.015 1 0
16 70 0.061 1 0
117 40 0.709 1 2
190 70 0.922 1 3
57 70 0.368 1 0
115 40 0.387 1 0
79 5 0.304 1 3
35 70 0.115 1 2
10 15 0.041 1 3
76 30 0.319 1 0
19 52 0.113 1 4
11 40 0.051 1 0
164 22 0.481 1 2
75 15 0.239 1 3
69 22 0.280 1 0
17 52 0.056 1 0
64 22 0.298 1 2
19 52 0.061 1 0
22 5 0.146 1 2
170 22 0.588 1 4
176 30 0.553 1 4
100 5 0.474 1 0
11 15 0.039 1 4
151 52 0.566 1 0
145 5 0.551 1 4
30 30 0.189 1 4
30 70 0.110 1 2
86 5 0.500 1 0
36 100 0.207 1 3
159 52 0.964 1 4
66 10 0.423 1 2
17 5 0.081 1 0
18 5 0.064 1 3
21 30 0.073 1 4
210 5 1.019 1 0
29 10 0.151 1 3
22 15 0.100 1 3
297 15 1.038 1 2
78 40 0.473 1 2
59 22 0.339 1 0
243 10 0.734 1 2
185 70 0.877 1 0
141 22 0.544 1 4
294 30 1.719 1 2
41 15 0.185 1 3
63 52 0.240 1 3
221 5 0.702 1 4
70 100 0.205 1 3
19 15 0.103 1 2
68 15 0.211 1 0
24 70 0.083 1 0
73 10 0.217 1 3
77 52 0.258 1 4
15 70 0.050 1 3
12 22 0.062 1 4
182 70 0.555 1 0
30 22 0.155 1 4
146 15 0.469 1 4
44 40 0.172 1 4
110 30 0.655 1 0
75 5 0.236 1 0
252 52 1.457 1 3
57 15 0.324 1 0
183 70 0.707 1 2
25 40 0.087 1 2
109 5 0.673 1 0
10 22 0.029 1 0
18 70 0.057 1 0
15 22 0.066 1 3
69 22 0.231 1 3
76 10 0.309 1 2
129 15 0.383 1 4
68 15 0.384 1 2
14 15 0.093 1 3
52 100 0.211 1 3
13 100 0.049 1 2
37 30 0.250 1 0
29 30 0.096 1 4
16 10 0.068 1 2
78 52 0.245 1 0
22 30 0.077 1 2
60 10 0.205 1 3
81 100 0.245 1 4
68 70 0.402 1 0
196 52 1.210 1 0
26 40 0.107 1 0
30 10 0.103 1 0
14 30 0.089 1 3
39 22 0.165 1 0
32 15 0.125 1 0
25 15 0.083 1 4
13 10 0.057 1 2
11 22 0.049 1 3
14 30 0.070 1 2
24 5 0.098 1 2
33 100 0.123 1 2
33 5 0.105 1 4
206 40 0.660 1 0
10 15 0.054 1 4
76 40 0.273 1 4
52 100 0.176 1 3
191 10 1.179 1 3
152 52 0.741 1 4
52 100 0.223 1 3
173 15 0.613 1 0
68 15 0.253 1 4
10 10 0.033 1 3
187 40 1.127 1 2
26 52 0.083 1 0
156 5 1.033 1 0
194 5 0.886 1 2
39 30 0.217 1 4
86 22 0.360 1 0
10 40 0.041 1 0
13 10 0.039 1 0
154 15 0.642 1 2
20 30 0.075 1 0
29 100 0.087 1 0
33 40 0.116 1 0
169 70 0.615 1 3
127 52 0.447 1 2
12 10 0.036 1 3
56 100 0.333 1 4
165 100 0.630 1 0
37 10 0.207 1 2
25 70 0.092 1 2
10 15 0.045 1 0
72 15 0.396 1 0
10 40 0.037 1 0
33 40 0.163 1 2
170 22 1.062 1 0
75 70 0.301 1 3
14 30 0.050 1 0
17 30 0.057 1 0
32 30 0.098 1 0
19 5 0.109 1 0
39 10 0.151 1 4
13 10 0.046 1 3
163 40 0.901 1 3
104 52 0.308 1 2
111 70 0.363 1 0
14 70 0.092 1 2
154 100 0.762 1 2
61 5 0.179 1 0
24 52 0.106 1 0
197 5 0.952 1 3
12 52 0.045 1 0
56 52 0.227 1 0
14 5 0.069 1 0
15 22 0.078 1 3
177 5 0.648 1 4
249 30 1.092 1 0
149 52 0.611 1 0
78 10 0.246 1 3
33 5 0.103 1 2
19 30 0.093 1 2
74 10 0.363 1 4
221 70 1.364 1 0
50 15 0.195 1 0
180 52 0.690 1 2
16 100 0.098 1 0
98 100 0.405 1 0
175 70 0.967 1 2
25 100 0.146 1 2
64 30 0.199 1 0
72 70 0.308 1 3
37 5 0.211 1 3
28 52 0.147 1 0
69 15 0.332 1 0
19 52 0.091 1 0
18 10 0.084 1 3
15 52 0.071 1 3
12 10 0.049 1 0
63 52 0.389 1 3
15 52 0.082 1 4
63 100 0.216 1 2
66 40 0.213 1 4
56 40 0.301 1 0
77 5 0.389 1 4
71 22 0.324 1 0
67 40 0.229 1 0
176 100 0.583 1 3
84 30 0.337 1 0
18 15 0.060 1 0
31 30 0.205 1 3
57 100 0.308 1 0
44 30 0.267 1 4
37 10 0.128 1 0
175 52 0.875 1 0
16 100 0.060 1 0
142 30 0.430 1 3
158 100 0.775 1 4
29 10 0.136 1 0
66 40 0.266 1 4
43 70 0.190 1 0
32 22 0.137 1 4
33 100 0.172 1 4
180 30 0.528 1 3
275 30 1.440 1 4
297 40 1.049 1 3
192 22 0.784 1 0
34 10 0.152 1 4
173 30 0.631 1 4
79 10 0.300 1 0
19 100 0.119 1 3
16 52 0.080 1 3
34 52 0.103 1 2
33 70 0.223 1 3
20 5 0.097 1 2
19 5 0.096 1 4
65 30 0.422 1 0
54 30 0.233 1 0
79 40 0.342 1 0
71 30 0.346 1 4
28 10 0.165 1 3
66 15 0.283 1 2
11 15 0.038 1 4
39 30 0.146 1 2
14 100 0.045 1 4
12 30 0.045 1 0
44 52 0.159 1 0
10 40 0.032 1 3
12 100 0.037 1 4
18 22 0.059 1 3
25 52 0.115 1 2
48 100 0.174 1 0
28 5 0.093 1 0
68 22 0.274 1 3
115 40 0.397 1 2
62 70 0.232 1 3
15 70 0.047 1 2
13 100 0.055 1 0
11 40 0.041 1 4
302 100 1.678 1 4
122 15 0.369 1 4
11 40 0.042 1 4
196 70 0.589 1 0
154 30 0.842 1 0
157 22 0.625 1 0
45 5 0.234 1 4
13 5 0.042 1 0
56 22 0.178 1 3
185 100 0.873 1 4
38 5 0.159 1 2
24 40 0.133 1 4
53 5 0.205 1 0
19 15 0.103 1 4
57 70 0.166 1 2
31 15 0.091 1 2
25 52 0.105 1 3
126 70 0.389 1 2
36 70 0.106 1 4
17 30 0.076 1 4
200 5 0.660 1 2
107 52 0.629 1 0
19 52 0.067 1 0
40 10 0.261 1 2
16 70 0.048 1 4
26 100 0.094 1 3
116 70 0.758 1 4
291 70 0.960 1 4
79 40 0.252 1 4
23 100 0.081 1 2
128 22 0.373 1 4
65 70 0.325 1 2
184 22 1.102 1 0
28 5 0.087 1 0
178 15 0.544 1 0
19 10 0.063 1 2
53 30 0.342 1 3
88 10 0.481 1 0
123 10 0.488 1 3
37 22 0.141 1 0
18 30 0.110 1 4
73 40 0.219 1 3
13 10 0.081 1 3
57 40 0.282 1 2
124 70 0.388 1 2
65 70 0.192 1 0
10 15 0.031 1 0
19 30 0.108 1 2
269 15 0.921 1 0
15 70 0.056 1 0
314 70 1.805 1 4
24 10 0.136 1 3
73 5 0.429 1 4
44 52 0.129 1 3
69 15 0.359 1 3
139 70 0.474 1 4
11 5 0.066 1 3
20 15 0.119 1 2
41 100 0.130 1 3
37 22 0.192 1 0
124 22 0.685 1 3
186 5 0.823 1 0
13 15 0.043 1 2
60 5 0.271 1 2
13 70 0.070 1 3
31 5 0.165 1 0
68 15 0.228 1 2
58 30 0.293 1 0
29 22 0.128 1 2
83 52 0.399 1 2
59 52 0.341 1 2
22 5 0.088 1 0
189 10 1.204 1 4
16 52 0.067 1 3
23 5 0.142 1 0
17 22 0.064 1 4
35 40 0.155 1 3
142 22 0.481 1 0
19 70 0.071 1 0
303 5 1.478 1 0
252 100 0.775 1 2
76 15 0.413 1 0
12 5 0.059 1 0
52 15 0.183 1 4
52 40 0.153 1 0
75 10 0.385 1 0
10 22 0.044 1 0
289 15 1.099 1 0
44 40 0.149 1 3
17 10 0.050 1 0
10 30 0.032 1 3
54 10 0.167 1 3
155 100 0.745 1 3
33 70 0.103 1 4
39 40 0.165 1 4
26 10 0.146 1 3
13 52 0.051 1 3
45 10 0.153 1 0
84 5 0.545 1 4
60 5 0.331 1 0
57 100 0.215 1 2
36 52 0.145 1 2
25 15 0.075 1 0
14 40 0.053 1 2
54 15 0.236 1 4
18 30 0.066 1 2
11 22 0.056 1 0
38 5 0.196 1 0
16 52 0.089 1 0
67 15 0.216 1 0
51 70 0.323 1 0
142 100 0.845 2 0
43 5 0.277 2 3
200 70 0.617 2 0
65 70 0.227 2 0
31 52 0.109 2 0
29 100 0.112 2 4
57 52 0.380 2 3
32 40 0.190 2 4
34 22 0.118 2 3
18 30 0.106 2 3
34 5 0.188 2 3
26 100 0.158 2 0
29 10 0.177 2 0
24 70 0.108 2 3
39 22 0.192 2 1
21 5 0.074 2 0
24 70 0.111 2 0
14 70 0.056 2 1
120 5 0.789 2 0
232 70 0.725 2 4
154 70 0.487 2 0
16 40 0.052 2 1
86 15 0.355 2 1
17 22 0.075 2 0
166 10 0.636 2 0
12 15 0.039 2 3
13 40 0.082 2 0
22 30 0.068 2 4
27 15 0.109 2 1
46 15 0.147 2 4
99 22 0.385 2 3
58 100 0.246 2 1
22 15 0.138 2 0
68 70 0.273 2 1
184 10 0.713 2 1
16 22 0.048 2 0
156 15 0.511 2 0
13 5 0.066 2 1
75 10 0.332 2 4
49 52 0.144 2 3
20 22 0.092 2 0
11 40 0.033 2 3
25 70 0.079 2 0
78 15 0.371 2 4
61 15 0.227 2 4
176 40 0.826 2 0
10 22 0.041 2 0
46 40 0.240 2 3
28 52 0.113 2 0
29 40 0.103 2 1
31 5 0.144 2 0
49 52 0.155 2 1
30 52 0.119 2 1
226 30 1.430 2 1
13 5 0.073 2 0
72 70 0.279 2 0
17 100 0.067 2 1
20 5 0.078 2 1
57 52 0.235 2 1
174 70 0.760 2 3
91 10 0.357 2 4
12 15 0.038 2 4
34 22 0.112 2 4
195 5 0.646 2 3
155 30 0.518 2 0
19 15 0.071 2 3
18 30 0.059 2 0
160 40 0.851 2 0
335 40 1.565 2 0
302 70 1.841 2 0
18 40 0.096 2 0
204 52 0.836 2 1
28 15 0.123 2 4
87 5 0.335 2 0
19 100 0.115 2 4
10 70 0.039 2 0
47 22 0.270 2 3
70 30 0.317 2 0
69 15 0.383 2 0
164 10 0.517 2 0
67 52 0.351 2 1
308 22 1.474 2 3
66 100 0.337 2 4
68 15 0.237 2 0
157 5 0.849 2 0
68 22 0.213 2 0
33 40 0.145 2 1
72 10 0.285 2 0
175 22 0.670 2 0
64 40 0.221 2 0
21 52 0.076 2 0
115 100 0.385 2 0
16 15 0.075 2 3
158 52 0.653 2 1
188 70 0.595 2 0
57 70 0.254 2 4
51 22 0.252 2 1
137 22 0.455 2 4
47 5 0.236 2 0
133 100 0.475 2 0
19 70 0.073 2 1
195 5 1.242 2 1
12 22 0.041 2 1
243 40 0.897 2 0
38 30 0.177 2 1
128 22 0.525 2 4
44 30 0.155 2 3
35 52 0.145 2 0
36 40 0.143 2 4
11 10 0.049 2 4
73 52 0.228 2 1
72 30 0.304 2 1
16 5 0.065 2 0
12 10 0.057 2 0
174 40 1.048 2 3
73 22 0.480 2 3
55 22 0.342 2 0
138 10 0.430 2 0
96 30 0.328 2 0
10 15 0.039 2 4
27 100 0.088 2 1
64 40 0.236 2 0
255 100 1.321 2 0
23 22 0.081 2 0
41 70 0.240 2 0
11 30 0.053 2 1
55 52 0.340 2 0
137 5 0.482 2 4
32 100 0.198 2 0
45 100 0.251 2 4
16 22 0.093 2 0
18 22 0.085 2 0
20 5 0.060 2 3
66 15 0.420 2 0
25 70 0.083 2 1
22 5 0.066 2 3
18 10 0.087 2 3
17 30 0.083 2 4
43 100 0.211 2 4
58 30 0.266 2 0
30 40 0.128 2 1
140 52 0.749 2 0
54 100 0.196 2 1
124 5 0.559 2 0
68 22 0.351 2 4
57 10 0.341 2 1
35 40 0.121 2 3
247 15 1.056 2 0
19 100 0.063 2 0
51 40 0.241 2 3
13 70 0.059 2 0
19 10 0.120 2 3
28 40 0.127 2 0
17 5 0.092 2 1
64 30 0.264 2 0
61 40 0.265 2 4
21 52 0.063 2 4
30 40 0.189 2 4
49 52 0.301 2 3
10 22 0.053 2 3
156 22 0.508 2 0
160 10 0.762 2 1
33 10 0.180 2 0
228 100 1.070 2 0
18 5 0.066 2 1
12 5 0.062 2 3
120 100 0.357 2 3
14 10 0.074 2 0
16 70 0.069 2 0
15 100 0.091 2 0
143 5 0.418 2 1
17 15 0.064 2 0
36 100 0.136 2 0
27 100 0.123 2 0
48 22 0.296 2 3
91 22 0.282 2 4
71 40 0.318 2 0
54 15 0.365 2 4
67 15 0.302 2 0
17 15 0.056 2 0
70 5 0.395 2 0
64 70 0.225 2 1
337 52 1.109 2 0
19 30 0.075 2 4
93 70 0.445 2 0
188 52 0.895 2 4
12 10 0.060 2 0
17 10 0.076 2 1
26 5 0.087 2 1
181 100 0.707 2 1
35 10 0.104 2 0
13 10 0.049 2 0
182 40 1.090 2 0
196 5 0.589 2 0
25 52 0.137 2 3
19 10 0.128 2 0
25 10 0.127 2 0
15 15 0.063 2 0
36 22 0.226 2 0
74 22 0.231 2 3
55 22 0.162 2 4
48 100 0.161 2 0
23 5 0.127 2 0
122 40 0.361 2 0
17 40 0.094 2 0
16 30 0.057 2 1
334 22 1.084 2 0
60 22 0.198 2 3
85 100 0.270 2 0
70 40 0.361 2 1
83 100 0.271 2 3
37 15 0.138 2 0
53 52 0.199 2 1
59 15 0.322 2 0
42 5 0.208 2 1
39 30 0.125 2 1
42 70 0.193 2 3
175 100 0.723 2 4
45 5 0.140 2 0
192 40 0.691 2 0
20 40 0.065 2 0
111 100 0.498 2 0
13 22 0.060 2 0
149 40 0.587 2 1
42 30 0.162 2 4
75 30 0.291 2 0
21 10 0.088 2 0
170 30 0.559 2 0
35 22 0.109 2 4
19 22 0.104 2 0
201 5 1.211 2 4
23 10 0.096 2 4
24 30 0.160 2 0
74 100 0.228 2 3
11 70 0.037 2 0
69 15 0.284 2 1
54 52 0.232 2 4
15 30 0.076 2 3
220 5 1.325 2 3
18 52 0.066 2 4
26 10 0.093 2 4
13 22 0.058 2 4
65 52 0.291 2 3
153 10 0.668 2 0
59 40 0.316 2 0
26 100 0.085 2 0
10 52 0.046 2 0
114 70 0.338 2 3
103 70 0.332 2 1
16 22 0.056 2 3
10 22 0.030 2 4
29 40 0.089 2 0
40 10 0.209 2 4
28 22 0.086 2 0
39 40 0.188 2 3
19 15 0.102 2 1
12 22 0.077 2 0
114 52 0.567 2 3
13 52 0.073 2 0
147 30 0.544 2 3
28 15 0.096 2 3
10 10 0.044 2 1
195 15 0.961 2 3
41 100 0.146 2 0
142 30 0.538 2 0
13 10 0.054 2 4
10 22 0.059 2 3
179 15 0.646 2 3
70 52 0.264 2 0
52 30 0.184 2 1
234 5 0.682 2 0
35 70 0.118 2 4
30 70 0.087 2 3
28 30 0.088 2 4
162 30 0.494 2 0
38 10 0.164 2 0
12 5 0.065 2 4
153 22 0.994 2 0
148 30 0.450 2 0
212 100 1.005 2 1
30 100 0.166 2 0
17 22 0.109 2 1
51 70 0.195 2 4
41 52 0.181 2 0
99 10 0.647 2 1
34 10 0.122 2 4
32 70 0.175 2 4
10 30 0.049 2 3
204 5 1.360 2 0
15 5 0.080 2 3
32 70 0.208 2 0
10 100 0.047 2 0
55 52 0.168 2 1
30 10 0.167 2 0
167 30 0.736 2 3
15 40 0.072 2 0
31 22 0.141 2 0
79 5 0.231 2 0
177 52 1.035 2 1
128 40 0.749 2 4
42 30 0.226 2 4
16 15 0.054 2 0
64 15 0.190 2 4
71 52 0.263 2 0
124 10 0.370 2 4
63 15 0.337 2 0
31 70 0.104 2 0
135 52 0.469 2 0
27 30 0.108 2 0
12 22 0.076 2 0
14 30 0.047 2 4
135 30 0.407 2 0
26 70 0.115 2 0
198 52 1.131 2 0
174 100 0.600 2 4
26 100 0.155 2 1
270 40 1.149 2 3
82 52 0.339 2 0
39 100 0.212 2 4
37 15 0.137 2 0
145 70 0.432 2 4
26 5 0.118 2 4
18 22 0.080 2 0
77 70 0.475 2 1
10 70 0.044 2 3
292 22 0.896 2 4
33 15 0.103 2 0
35 52 0.108 2 0
16 10 0.068 2 1
39 70 0.144 2 3
280 52 1.718 2 3
18 30 0.068 2 3
38 40 0.215 2 4
37 22 0.125 2 0
118 15 0.766 2 4
81 22 0.339 2 4
34 70 0.133 2 0
109 52 0.527 2 4
109 30 0.441 2 1
68 30 0.304 2 1
19 30 0.077 2 1
186 10 0.969 2 0
175 52 0.510 2 0
124 100 0.756 2 4
14 40 0.060 2 1
22 52 0.066 2 0
34 5 0.110 2 0
58 5 0.335 2 3
17 10 0.059 2 1
130 52 0.544 2 0
75 30 0.349 2 1
16 100 0.096 2 4
75 10 0.325 2 1
90 100 0.330 2 0
128 100 0.559 2 3
11 15 0.036 2 4
43 52 0.178 2 0
325 22 1.098 2 0
60 30 0.186 2 4
18 10 0.083 2 4
170 30 0.511 2 4
58 5 0.203 2 1
130 70 0.747 2 1
128 30 0.373 2 0
74 100 0.277 2 3
51 15 0.150 2 0
16 40 0.056 2 1
12 10 0.063 2 0
26 100 0.091 2 0
169 5 0.504 2 3
11 52 0.037 2 4
336 5 1.424 2 4
121 15 0.634 2 4
69 100 0.319 2 4
189 40 0.583 2 0
41 52 0.141 2 1
23 10 0.075 2 1
38 30 0.169 2 0
70 22 0.370 2 0
79 22 0.240 2 0
16 30 0.051 2 0
10 22 0.032 2 0
37 10 0.192 2 1
36 52 0.129 2 0
99 52 0.334 2 0
65 70 0.305 2 1
240 5 1.519 2 3
16 30 0.053 2 0
13 10 0.077 2 1
29 5 0.095 2 0
147 100 0.581 2 0
304 10 1.226 2 3
33 40 0.194 2 4
140 22 0.455 2 4
168 52 0.654 2 1
19 5 0.058 2 1
17 5 0.054 2 0
87 15 0.319 2 0
58 52 0.343 2 4
63 100 0.341 2 0
13 22 0.046 2 0
11 22 0.068 2 3
13 15 0.060 2 0
279 10 1.011 2 0
335 70 1.077 2 0
144 5 0.852 2 0
93 40 0.352 2 0
28 70 0.185 2 0
62 15 0.305 2 4
12 5 0.047 2 0
22 52 0.075 2 3
34 70 0.120 2 0
187 10 0.547 2 3
161 70 0.565 2 0
43 5 0.246 2 0
13 15 0.044 2 3
33 40 0.120 2 0
77 40 0.456 2 0
19 52 0.111 2 0
38 30 0.126 2 0
82 52 0.373 2 0
99 100 0.647 2 0
75 70 0.379 2 4
28 40 0.140 2 4
11 15 0.035 2 1
17 52 0.090 2 1
155 30 0.589 2 3
20 52 0.065 2 1
93 5 0.441 2 0
139 52 0.728 2 0
29 40 0.118 2 0
143 70 0.622 2 0
70 40 0.310 2 4
19 5 0.081 2 1
65 5 0.285 2 1
207 70 1.335 2 3
157 10 0.701 2 1
70 52 0.311 2 1
61 52 0.207 2 1
88 15 0.319 2 3
10 22 0.036 2 3
36 5 0.194 2 1
228 15 1.018 2 3
61 52 0.307 2 4
42 100 0.175 2 0
25 100 0.109 2 0
194 5 0.980 2 0
49 5 0.278 2 0
28 30 0.125 2 0
59 70 0.195 2 4
209 70 1.077 2 0
72 22 0.400 2 3
20 5 0.087 2 0
94 52 0.324 2 4
59 10 0.245 2 1
29 40 0.140 2 0
128 70 0.795 2 0
11 15 0.045 2 0
47 40 0.239 2 0
17 52 0.052 2 3
26 40 0.096 2 0
105 15 0.320 2 1
31 100 0.095 2 0
57 52 0.195 2 1
62 70 0.205 2 0
89 52 0.556 2 3
25 70 0.098 2 3
37 30 0.108 2 3
11 100 0.040 2 3
32 22 0.099 2 0
36 10 0.155 2 0
51 15 0.173 2 4
51 10 0.251 2 4
30 22 0.109 2 0
49 70 0.178 2 1
28 52 0.095 2 0
12 52 0.036 2 1
197 15 1.271 2 1
113 30 0.543 2 1
110 40 0.375 2 0
35 15 0.235 2 4
102 52 0.528 2 3
32 10 0.122 2 0
73 22 0.459 2 0
16 70 0.059 2 0
12 22 0.037 2 0
68 52 0.313 2 3
34 40 0.149 2 1
66 40 0.402 2 0
125 70 0.651 2 3
149 10 0.645 2 1
46 100 0.222 2 4
32 10 0.162 2 0
37 5 0.202 2 0
14 5 0.051 2 3
10 40 0.032 2 0
25 100 0.082 2 0
41 40 0.202 2 4
28 30 0.120 2 3
59 52 0.188 2 3
103 40 0.620 2 3
14 70 0.053 2 3
99 40 0.444 2 3
13 52 0.047 2 0
53 100 0.351 2 0
93 5 0.557 2 1
15 70 0.065 2 0
23 70 0.120 2 3
59 100 0.324 2 4
284 100 1.399 2 4
12 40 0.040 2 3
25 5 0.109 2 4
284 30 0.843 2 1
14 100 0.062 2 4
17 15 0.110 2 1
13 15 0.050 2 0
154 30 0.477 2 0
33 70 0.119 2 1
35 30 0.136 2 0
13 40 0.052 2 0
12 30 0.047 2 0
51 100 0.163 2 3
27 5 0.136 2 0
13 100 0.048 2 3
158 5 0.903 2 0
14 15 0.072 2 0
61 10 0.276 2 3
337 52 1.693 2 3
10 70 0.039 2 1
15 52 0.056 2 3
52 10 0.170 2 1
17 52 0.085 2 0
36 15 0.184 2 1
135 30 0.860 2 1
275 22 0.965 2 3
203 5 1.318 2 0
15 100 0.047 2 3
56 40 0.181 2 0
13 30 0.044 2 3
14 100 0.055 2 1
26 22 0.090 2 3
45 30 0.194 2 0
52 100 0.310 2 1
19 10 0.058 2 0
26 22 0.104 2 0
43 10 0.150 2 4
118 5 0.498 2 0
54 100 0.163 2 0
24 15 0.116 2 1
150 15 0.540 2 1
16 15 0.074 2 4
21 22 0.082 2 0
36 30 0.176 2 4
65 70 0.284 2 4
42 40 0.155 2 1
91 52 0.313 2 0
14 52 0.070 2 1
14 15 0.068 2 0
78 5 0.406 2 0
130 40 0.428 2 0
21 30 0.126 2 0
106 15 0.567 2 0
79 22 0.267 2 3
220 70 0.789 2 4
14 100 0.059 2 4
104 10 0.533 2 0
301 5 0.993 2 0
143 15 0.584 2 1
27 5 0.157 2 4
12 30 0.041 2 3
14 70 0.047 2 0
58 100 0.174 2 0
29 10 0.127 2 3
21 40 0.079 2 4
15 52 0.049 2 4
46 22 0.200 2 4
179 40 1.133 2 3
254 10 1.067 2 4
108 15 0.352 2 0
20 40 0.106 2 0
181 10 0.635 2 0
17 40 0.071 2 0
54 10 0.229 2 0
128 70 0.425 2 4
82 15 0.439 2 0
325 52 1.316 2 1
160 30 0.502 2 1
114 10 0.523 2 0
32 100 0.135 2 1
26 40 0.076 2 0
193 15 0.769 2 1
36 30 0.144 2 3
32 10 0.107 2 0
210 30 1.005 2 4
14 30 0.058 2 0
29 30 0.191 2 1
59 30 0.183 2 3
17 22 0.075 2 3
124 100 0.451 2 0
20 70 0.087 2 0
192 30 1.223 2 0
41 40 0.141 2 3
108 15 0.505 2 1
24 22 0.086 2 0
35 30 0.180 2 0
16 15 0.081 2 1
18 40 0.054 2 1
19 40 0.066 2 0
11 15 0.045 2 1
33 30 0.190 2 1
156 10 0.821 2 3
28 15 0.096 2 1
43 40 0.171 2 0
83 5 0.456 2 1
27 30 0.092 2 0
58 100 0.190 2 3
26 52 0.125 2 1
33 70 0.217 2 4
31 52 0.121 2 4
39 52 0.141 2 3
18 52 0.079 2 0
81 70 0.529 2 0
12 52 0.053 2 1
19 10 0.117 2 1
21 5 0.113 2 0
61 100 0.281 2 0
207 52 0.663 2 0
23 30 0.146 2 3
23 30 0.082 2 0
126 70 0.773 2 0
19 40 0.112 2 1
96 30 0.475 2 3
19 52 0.065 2 1
30 100 0.093 2 1
25 70 0.146 2 4
17 40 0.056 2 0
92 100 0.551 2 0
44 70 0.272 2 4
197 40 0.633 2 0
28 22 0.177 2 1
50 70 0.309 2 0
30 5 0.134 2 0
24 10 0.081 2 0
12 40 0.048 2 4
26 15 0.097 2 1
325 22 1.204 2 0
35 5 0.108 2 0
36 70 0.237 2 0
111 10 0.385 2 0
33 10 0.105 2 3
75 70 0.262 2 1
97 10 0.431 2 3
12 30 0.040 2 0
11 5 0.056 2 4
15 100 0.046 2 3
193 40 0.757 2 3
78 5 0.264 2 1
62 30 0.320 2 3
53 5 0.186 2 0
13 52 0.051 2 3
115 100 0.390 2 4
321 52 1.305 2 3
17 100 0.108 2 4
70 15 0.376 2 1
22 40 0.091 2 4
27 10 0.085 2 0
80 10 0.274 2 3
21 52 0.086 2 0
46 52 0.191 2 0
38 100 0.239 2 1
43 40 0.230 2 1
50 10 0.154 2 0
124 100 0.412 2 0
40 52 0.149 2 4
55 100 0.307 2 1
234 15 1.164 2 1
61 52 0.241 2 1
12 5 0.036 2 0
20 40 0.072 2 4
45 15 0.226 2 0
166 52 0.922 2 1
195 70 0.907 2 0
16 22 0.086 2 3
31 10 0.104 2 4
24 40 0.073 2 0
13 52 0.081 2 3
42 15 0.249 2 3
25 40 0.137 2 3
92 22 0.500 2 0
30 15 0.091 2 0
71 70 0.401 2 3
11 15 0.052 2 0
16 10 0.060 2 1
23 10 0.074 2 0
30 5 0.090 2 0
71 100 0.232 2 0
22 22 0.068 2 0
151 100 0.442 2 4
27 30 0.141 2 0
74 70 0.277 2 1
35 40 0.236 2 3
121 15 0.422 2 1
17 40 0.054 2 0
19 40 0.074 2 3
98 70 0.339 2 0
16 10 0.085 2 0
11 52 0.033 2 1
310 70 1.188 2 3
41 40 0.176 2 0
40 70 0.248 2 0
10 15 0.055 2 0
66 5 0.363 2 4
49 70 0.162 2 0
29 10 0.168 2 0
53 52 0.243 2 4
247 100 0.834 2 3
13 5 0.045 2 0
105 52 0.505 2 1
56 5 0.311 2 4
12 70 0.044 2 0
11 100 0.036 2 1
34 15 0.108 2 0
14 30 0.059 2 4
19 52 0.096 2 0
14 52 0.061 2 1
18 15 0.056 2 1
51 52 0.338 2 4
36 70 0.124 2 0
12 15 0.066 2 0
36 22 0.213 2 3
40 70 0.188 2 0
14 5 0.068 2 1
291 22 0.884 2 0
164 5 1.031 2 0
15 100 0.058 2 1
112 22 0.396 2 4
16 100 0.090 2 4
20 10 0.127 2 0
12 30 0.041 2 1
15 40 0.061 2 0
180 5 0.674 2 0
36 10 0.176 2 4
18 22 0.060 2 0
29 22 0.103 2 0
68 15 0.243 2 0
11 52 0.055 2 0
14 15 0.089 2 3
23 100 0.152 2 0
17 70 0.096 2 4
146 52 0.737 2 3
45 100 0.246 2 0
133 5 0.399 2 4
79 22 0.418 2 3
35 5 0.117 2 4
167 40 0.803 2 1
125 52 0.812 2 4
13 100 0.054 2 0
36 70 0.114 2 3
85 100 0.436 2 1
44 100 0.226 2 4
211 30 0.657 2 3
35 70 0.222 2 1
107 22 0.320 2 3
19 40 0.062 2 4
22 100 0.067 2 1
13 70 0.039 2 4
15 5 0.051 2 4
30 30 0.131 2 4
167 40 0.594 2 0
30 30 0.090 2 0
94 10 0.407 2 4
22 22 0.090 2 3
15 5 0.080 2 3
88 100 0.320 2 4
50 15 0.196 2 0
69 10 0.356 2 0
70 15 0.308 2 1
42 52 0.165 2 0
16 100 0.058 2 3
27 70 0.162 2 0
82 70 0.360 2 3
43 30 0.244 2 3
10 15 0.040 2 4
74 10 0.306 2 4
14 40 0.076 2 3
29 52 0.105 2 0
67 52 0.205 2 1
59 5 0.234 2 0
70 5 0.223 2 3
21 10 0.065 2 3
156 15 0.804 2 3
17 40 0.108 2 3
165 100 0.864 2 4
63 15 0.228 2 4
45 40 0.260 2 3
55 5 0.163 2 1
67 30 0.215 2 0
15 15 0.079 2 0
29 30 0.151 2 1
135 40 0.619 2 1
98 30 0.344 2 0
46 10 0.197 2 1
126 100 0.558 2 4
176 40 0.710 2 0
116 70 0.630 2 0
40 22 0.169 2 1
11 10 0.037 2 3
17 5 0.064 2 1
60 70 0.262 2 0
30 30 0.144 2 4
37 40 0.223 2 3
23 30 0.114 2 1
22 10 0.098 2 3
192 70 0.691 2 1
41 22 0.252 2 0
37 15 0.193 2 0
179 40 0.635 2 0
120 5 0.351 2 1
10 40 0.033 2 0
11 70 0.043 2 1
52 40 0.233 2 0
118 100 0.502 2 0
17 100 0.107 2 1
195 10 1.226 2 3
11 100 0.037 2 0
150 10 0.595 2 0
170 40 0.749 2 0
37 100 0.183 2 4
48 100 0.210 2 4
271 52 1.153 2 0
17 70 0.089 2 4
123 10 0.764 2 1
102 22 0.604 2 4
12 5 0.048 2 0
235 40 1.374 2 0
26 100 0.082 2 0
68 22 0.300 2 4
39 40 0.166 2 1
39 70 0.174 2 0
10 70 0.059 2 3
52 5 0.231 2 4
275 5 1.495 2 4
54 30 0.318 2 1
97 52 0.343 2 3
13 10 0.078 2 0
167 22 0.660 2 0
113 15 0.387 2 0
13 10 0.071 2 3
14 40 0.062 2 0
14 70 0.071 2 4
122 70 0.430 2 0
28 15 0.094 2 1
12 40 0.038 2 0
12 5 0.061 2 3
54 15 0.167 2 0
102 22 0.343 2 0
32 22 0.152 2 0
17 100 0.073 2 3
18 52 0.092 2 0
27 52 0.095 2 3
126 40 0.692 2 3
54 5 0.303 2 4
20 52 0.080 2 4
14 30 0.044 2 0
30 100 0.102 2 0
153 100 0.455 2 0
33 22 0.139 2 3
259 10 1.560 2 4
168 5 0.602 2 1
32 100 0.116 2 4
28 15 0.095 2 0
19 30 0.057 2 0
123 100 0.382 2 3
16 52 0.062 2 0
31 52 0.099 2 4
68 40 0.198 2 4
43 22 0.267 2 4
12 100 0.042 2 3
228 40 1.481 2 3
156 52 0.754 2 1
81 22 0.547 2 0
23 40 0.124 2 0
121 30 0.526 2 0
187 70 0.776 2 1
24 70 0.127 2 3
46 70 0.253 2 4
197 5 0.648 2 0
17 30 0.066 2 1
12 52 0.064 2 3
96 10 0.354 2 1
295 30 1.329 2 4
39 15 0.119 2 0
312 100 2.026 2 4
18 40 0.081 2 1
32 40 0.132 2 0
70 5 0.260 2 3
37 22 0.171 2 3
19 15 0.060 2 3
167 30 0.791 2 3
43 52 0.244 2 4
37 10 0.117 2 4
32 15 0.172 2 4
12 22 0.038 2 1
151 70 0.634 2 3
14 100 0.042 2 0
123 22 0.521 2 0
10 5 0.035 2 3
29 100 0.123 2 3
67 30 0.206 2 1
43 70 0.283 2 1
231 40 0.822 2 1
27 70 0.079 2 0
45 52 0.160 2 0
24 30 0.160 2 0
336 100 1.131 2 0
36 40 0.171 2 4
70 10 0.470 2 4
16 100 0.054 2 1
123 10 0.368 2 3
64 70 0.268 2 1
17 10 0.052 2 1
123 15 0.384 2 0
61 52 0.261 2 4
65 5 0.394 2 0
16 30 0.070 2 4
86 22 0.352 2 0
51 100 0.287 2 0
12 22 0.077 2 3
31 22 0.130 2 3
41 5 0.177 2 3
16 22 0.057 2 0
189 40 0.778 2 3
34 30 0.153 2 0
69 30 0.265 2 1
185 52 0.837 2 0
15 52 0.066 2 3
193 22 1.135 2 0
188 30 0.610 2 4
35 100 0.184 2 0
78 52 0.402 2 4
75 5 0.436 2 4
93 52 0.612 2 1
129 70 0.481 2 4
70 100 0.240 2 4
14 30 0.047 2 1
38 100 0.222 2 1
57 10 0.189 2 0
130 15 0.419 2 3
70 52 0.407 2 0
145 30 0.531 2 0
35 100 0.160 2 3
45 100 0.213 2 0
17 40 0.080 2 4
27 40 0.141 2 4
61 15 0.254 2 3
13 10 0.057 2 0
20 100 0.080 2 4
52 40 0.190 2 4
96 22 0.378 2 3
18 22 0.101 2 3
35 30 0.183 2 0
67 10 0.253 2 1
14 52 0.045 2 4
33 40 0.135 2 0
194 52 1.026 2 1
16 22 0.083 2 3
331 15 0.968 2 0
51 100 0.149 2 0
16 52 0.065 2 4
58 40 0.189 2 0
39 40 0.126 2 1
20 100 0.127 2 4
76 10 0.357 2 3
200 100 0.778 2 0
19 10 0.079 2 0
13 10 0.074 2 3
165 70 0.760 2 3
54 22 0.161 2 0
23 15 0.109 2 1
17 30 0.096 2 1
15 22 0.047 2 1
186 70 0.544 2 0
50 30 0.171 2 3
55 40 0.232 2 4
28 40 0.103 2 3
25 70 0.101 2 0
316 10 1.654 2 4
15 15 0.077 2 3
23 30 0.069 2 3
24 10 0.113 2 1
13 30 0.071 2 3
34 100 0.189 2 1
23 15 0.120 2 1
15 10 0.082 2 0
34 5 0.228 2 3
18 5 0.121 2 3
78 30 0.426 2 1
24 52 0.085 2 1
16 52 0.067 2 3
29 5 0.094 2 1
11 5 0.056 2 0
129 100 0.623 2 4
50 70 0.169 2 0
324 10 1.213 2 0
14 15 0.050 2 0
214 100 0.877 2 0
132 30 0.388 2 1
57 5 0.204 2 0
17 5 0.053 2 0
15 30 0.064 2 3
13 30 0.038 2 4
10 15 0.034 2 0
15 100 0.079 2 4
54 52 0.211 2 3
70 22 0.354 2 3
23 22 0.095 2 1
15 70 0.048 2 3
16 70 0.070 2 0
17 70 0.068 2 4
169 5 0.929 2 1
11 30 0.036 2 0
224 10 1.244 2 0
27 100 0.173 2 0
154 10 0.510 2 3
15 100 0.099 2 0
12 22 0.079 2 0
15 52 0.070 2 4
235 70 0.768 2 4
24 52 0.087 2 3
16 15 0.054 2 0
153 5 0.562 2 1
168 70 0.569 2 0
63 70 0.384 2 0
40 30 0.144 2 0
131 40 0.868 2 1
13 22 0.038 2 1
43 10 0.144 2 3
74 100 0.359 2 0
87 15 0.361 2 0
103 22 0.422 2 4
10 70 0.032 2 3
11 100 0.033 2 0
42 10 0.233 2 0
116 22 0.455 2 0
126 100 0.724 2 1
27 70 0.109 2 3
12 30 0.062 2 0
18 100 0.070 2 1
81 100 0.246 2 1
51 70 0.270 2 3
311 70 0.954 2 1
120 22 0.411 2 0
79 10 0.248 2 4
273 10 1.235 2 1
198 10 0.651 2 1
16 22 0.073 2 3
277 70 0.952 2 0
11 40 0.060 2 0
132 22 0.714 2 3
168 22 0.960 2 0
14 70 0.043 2 1
147 100 0.913 2 0
67 70 0.216 2 0
22 15 0.089 2 4
12 100 0.056 2 0
27 5 0.148 2 1
39 100 0.129 2 1
185 30 1.209 2 0
76 52 0.439 2 1
17 10 0.056 2 0
59 70 0.347 2 4
18 100 0.060 2 1
31 15 0.154 2 3
38 100 0.190 2 3
228 40 0.870 2 3
46 15 0.232 2 0
149 100 0.473 2 0
68 70 0.275 2 0
247 5 1.365 2 3
86 100 0.374 2 3
14 30 0.043 2 3
10 40 0.030 2 4
79 30 0.256 2 4
158 70 0.498 2 3
16 30 0.052 2 1
38 52 0.116 2 0
60 100 0.321 2 0
19 5 0.063 2 0
12 70 0.048 2 0
89 52 0.503 2 3
115 22 0.390 2 4
53 15 0.349 2 3
50 30 0.202 2 0
189 40 1.022 2 0
29 70 0.093 2 3
50 22 0.211 2 3
104 15 0.510 2 0
33 15 0.105 2 3
33 10 0.107 2 0
219 40 0.820 2 3
19 100 0.069 2 0
27 10 0.106 2 4
140 52 0.534 2 4
238 10 0.875 2 0
137 40 0.737 2 0
174 70 0.773 2 0
10 5 0.048 2 4
44 22 0.259 2 4
75 52 0.359 2 0
18 40 0.087 2 1
55 10 0.322 2 4
63 22 0.207 2 0
92 15 0.335 2 1
17 15 0.061 2 0
33 52 0.166 2 1
74 100 0.465 2 0
22 30 0.097 2 0
277 22 0.982 2 0
53 10 0.261 3 0
253 30 1.664 3 0
19 5 0.076 3 4
73 5 0.242 3 0
13 5 0.043 3 0
138 30 0.435 3 2
318 40 1.828 3 0
105 100 0.327 3 4
308 40 0.984 3 4
23 10 0.082 3 2
113 40 0.339 3 1
82 70 0.376 3 2
35 100 0.162 3 4
32 15 0.110 3 1
22 22 0.083 3 1
48 22 0.142 3 2
10 30 0.030 3 0
25 5 0.103 3 0
137 30 0.753 3 0
12 15 0.043 3 0
46 15 0.198 3 4
170 52 0.821 3 4
12 100 0.039 3 0
332 70 1.307 3 1
27 5 0.171 3 4
103 40 0.404 3 0
17 70 0.054 3 1
25 22 0.095 3 1
229 100 1.168 3 0
90 15 0.292 3 0
123 10 0.411 3 1
36 22 0.105 3 0
35 10 0.110 3 4
13 52 0.041 3 0
74 22 0.224 3 0
168 70 0.535 3 4
20 40 0.065 3 2
66 30 0.299 3 0
84 10 0.339 3 1
132 40 0.430 3 0
137 5 0.878 3 0
14 40 0.050 3 2
39 30 0.149 3 4
30 5 0.090 3 0
13 40 0.042 3 2
10 5 0.056 3 2
61 52 0.246 3 1
31 100 0.123 3 0
160 40 0.744 3 2
68 52 0.202 3 1
36 5 0.153 3 2
84 22 0.454 3 0
15 22 0.066 3 4
38 22 0.218 3 2
25 70 0.138 3 2
17 5 0.051 3 2
42 30 0.231 3 4
18 70 0.060 3 0
16 15 0.058 3 1
39 22 0.120 3 2
13 15 0.055 3 4
16 40 0.103 3 2
26 10 0.083 3 2
27 52 0.110 3 1
197 52 0.828 3 2
328 15 1.885 3 0
28 100 0.090 3 0
77 30 0.481 3 4
34 22 0.219 3 1
32 40 0.106 3 4
143 30 0.719 3 0
13 30 0.068 3 2
29 30 0.110 3 1
211 15 0.851 3 0
39 5 0.238 3 4
135 30 0.614 3 2
117 10 0.665 3 4
17 10 0.074 3 0
32 10 0.094 3 1
15 52 0.090 3 1
32 30 0.125 3 4
90 10 0.324 3 0
97 5 0.503 3 2
29 10 0.122 3 4
171 70 0.590 3 4
55 70 0.203 3 0
170 40 0.833 3 1
217 40 0.935 3 4
234 22 0.705 3 0
73 5 0.240 3 0
176 15 1.166 3 0
27 70 0.136 3 4
10 40 0.030 3 0
16 5 0.047 3 0
97 40 0.320 3 0
269 15 1.352 3 2
35 10 0.131 3 2
82 100 0.277 3 2
28 30 0.082 3 1
185 5 0.589 3 1
75 52 0.385 3 1
123 30 0.417 3 1
37 10 0.125 3 4
22 15 0.096 3 2
33 22 0.221 3 0
70 15 0.235 3 2
276 70 0.839 3 2
38 70 0.163 3 2
35 5 0.213 3 0
164 52 1.012 3 1
13 70 0.088 3 2
15 5 0.050 3 2
296 5 1.626 3 1
19 22 0.104 3 0
14 22 0.046 3 4
13 22 0.045 3 0
36 30 0.177 3 0
260 30 0.812 3 1
148 30 0.460 3 4
36 52 0.178 3 4
228 100 0.811 3 0
119 100 0.504 3 0
77 5 0.257 3 0
113 5 0.378 3 0
260 15 1.677 3 2
70 30 0.261 3 2
126 10 0.783 3 0
24 40 0.078 3 2
21 70 0.084 3 4
68 10 0.312 3 0
140 40 0.683 3 4
15 70 0.059 3 0
90 100 0.367 3 1
85 30 0.491 3 2
29 15 0.149 3 0
46 100 0.203 3 0
24 5 0.094 3 0
45 100 0.153 3 1
135 40 0.813 3 2
214 52 1.019 3 0
164 22 0.526 3 0
10 10 0.034 3 0
115 52 0.341 3 0
100 100 0.292 3 4
166 52 0.719 3 2
118 30 0.348 3 2
13 30 0.038 3 0
55 30 0.239 3 0
73 15 0.480 3 4
48 52 0.249 3 1
12 70 0.059 3 4
29 40 0.124 3 2
14 5 0.074 3 0
50 5 0.301 3 4
181 5 0.661 3 2
84 30 0.480 3 0
122 52 0.494 3 2
18 40 0.075 3 0
78 10 0.255 3 4
16 22 0.098 3 0
11 100 0.061 3 0
45 5 0.292 3 0
193 15 0.619 3 0
39 10 0.135 3 4
116 10 0.439 3 2
14 30 0.083 3 1
33 30 0.106 3 1
169 10 0.679 3 2
46 5 0.147 3 1
134 100 0.561 3 2
28 22 0.127 3 0
188 22 0.629 3 0
49 15 0.272 3 2
11 100 0.058 3 2
15 22 0.054 3 4
155 100 0.981 3 0
10 10 0.040 3 1
29 15 0.176 3 1
75 40 0.253 3 0
63 30 0.426 3 0
11 15 0.042 3 2
65 22 0.289 3 1
33 52 0.099 3 1
173 30 0.562 3 4
118 40 0.659 3 1
41 70 0.130 3 1
29 52 0.099 3 0
41 52 0.168 3 0
134 40 0.698 3 4
34 22 0.212 3 1
211 100 0.701 3 4
20 15 0.079 3 1
33 15 0.121 3 0
14 5 0.064 3 2
15 5 0.046 3 0
38 70 0.186 3 2
166 100 0.949 3 4
15 30 0.079 3 2
239 10 0.905 3 0
181 52 1.191 3 0
16 10 0.101 3 2
156 22 0.642 3 2
52 52 0.220 3 0
40 5 0.267 3 4
36 30 0.188 3 2
29 22 0.091 3 0
13 30 0.055 3 0
16 100 0.053 3 0
172 30 0.595 3 1
139 22 0.408 3 1
16 40 0.052 3 2
27 30 0.099 3 4
10 10 0.034 3 4
38 40 0.151 3 4
79 40 0.302 3 2
182 52 0.973 3 1
37 15 0.135 3 1
40 22 0.153 3 4
18 5 0.113 3 0
16 100 0.058 3 4
35 15 0.235 3 2
72 40 0.221 3 0
179 70 0.821 3 4
27 70 0.079 3 1
82 40 0.404 3 0
74 22 0.216 3 2
62 15 0.308 3 4
241 15 0.843 3 0
24 22 0.071 3 2
47 30 0.203 3 1
16 15 0.090 3 0
54 52 0.235 3 4
12 30 0.052 3 0
140 22 0.574 3 1
130 70 0.491 3 0
37 22 0.153 3 1
101 40 0.459 3 1
89 70 0.307 3 1
24 100 0.098 3 0
44 40 0.282 3 4
26 52 0.082 3 1
32 70 0.158 3 0
11 52 0.039 3 0
53 40 0.335 3 4
19 40 0.111 3 0
20 15 0.092 3 4
67 5 0.293 3 2
69 70 0.347 3 0
199 100 0.917 3 4
110 52 0.710 3 1
13 70 0.084 3 0
44 10 0.191 3 0
16 22 0.061 3 0
273 15 1.407 3 4
41 10 0.134 3 1
145 30 0.482 3 4
94 52 0.400 3 0
73 40 0.376 3 4
150 70 0.612 3 1
15 52 0.060 3 0
23 10 0.116 3 1
180 5 0.533 3 1
25 10 0.080 3 1
15 30 0.044 3 0
35 70 0.119 3 0
17 5 0.070 3 0
158 10 0.583 3 4
20 100 0.111 3 1
287 70 1.913 3 1
34 22 0.169 3 1
166 30 0.787 3 1
25 100 0.092 3 4
20 30 0.098 3 4
59 10 0.183 3 2
20 52 0.060 3 0
102 70 0.523 3 0
127 52 0.500 3 2
60 10 0.175 3 0
21 70 0.112 3 1
91 40 0.358 3 4
147 30 0.488 3 1
52 52 0.185 3 0
103 100 0.481 3 0
10 5 0.059 3 0
16 40 0.048 3 0
70 40 0.230 3 2
35 10 0.125 3 1
18 30 0.080 3 4
38 30 0.174 3 0
46 30 0.160 3 1
136 22 0.627 3 2
37 100 0.227 3 2
55 15 0.188 3 0
19 40 0.097 3 4
141 10 0.511 3 4
58 15 0.169 3 2
35 22 0.150 3 1
61 70 0.192 3 0
52 15 0.331 3 0
193 70 0.588 3 0
63 10 0.346 3 4
122 22 0.578 3 1
131 70 0.784 3 1
11 100 0.035 3 0
64 40 0.337 3 0
110 5 0.390 3 1
319 52 1.628 3 0
23 52 0.142 3 0
45 30 0.138 3 0
19 30 0.110 3 0
17 30 0.069 3 4
65 10 0.192 3 1
86 52 0.267 3 2
48 5 0.144 3 0
72 52 0.249 3 2
139 30 0.755 3 2
190 10 0.955 3 4
114 22 0.576 3 1
13 22 0.084 3 0
46 22 0.229 3 2
55 52 0.304 3 1
27 5 0.083 3 4
66 52 0.311 3 1
72 10 0.242 3 1
18 52 0.083 3 1
37 70 0.204 3 4
126 15 0.594 3 0
19 40 0.094 3 0
46 40 0.291 3 2
13 30 0.086 3 2
27 52 0.140 3 0
18 52 0.102 3 4
144 52 0.738 3 1
30 30 0.098 3 4
64 10 0.198 3 2
18 22 0.088 3 1
37 22 0.114 3 2
18 52 0.062 3 2
12 30 0.036 3 4
20 52 0.071 3 0
255 22 1.288 3 1
114 40 0.362 3 4
12 5 0.060 3 4
59 15 0.252 3 0
55 15 0.257 3 0
27 10 0.127 3 0
28 22 0.113 3 0
323 52 0.944 3 0
245 52 0.718 3 0
46 10 0.176 3 1
25 52 0.084 3 0
332 10 1.589 3 2
15 30 0.051 3 1
33 70 0.140 3 2
159 100 0.746 3 2
35 70 0.198 3 1
19 15 0.058 3 2
16 22 0.097 3 0
66 100 0.351 3 4
46 52 0.157 3 0
12 40 0.073 3 0
56 70 0.236 3 0
31 30 0.092 3 4
153 100 0.729 3 0
155 30 0.475 3 0
16 30 0.061 3 0
43 52 0.134 3 2
49 5 0.230 3 0
57 40 0.175 3 0
12 52 0.043 3 0
149 15 0.734 3 2
79 10 0.264 3 2
175 10 1.006 3 0
33 5 0.182 3 1
42 40 0.135 3 1
17 52 0.104 3 1
15 70 0.091 3 0
49 30 0.269 3 4
16 100 0.091 3 1
188 15 0.635 3 2
29 40 0.150 3 0
76 100 0.406 3 4
61 40 0.374 3 2
22 5 0.105 3 2
316 52 1.637 3 4
49 100 0.186 3 0
191 10 0.755 3 0
112 5 0.370 3 2
59 30 0.188 3 0
18 100 0.065 3 0
66 10 0.384 3 0
191 52 0.581 3 2
97 5 0.288 3 0
37 100 0.109 3 2
11 100 0.035 3 4
19 22 0.093 3 1
38 10 0.114 3 4
104 52 0.460 3 2
79 5 0.309 3 1
65 10 0.294 3 2
39 70 0.148 3 0
20 30 0.111 3 4
17 100 0.069 3 2
15 70 0.080 3 1
50 15 0.270 3 2
165 70 0.688 3 2
12 22 0.036 3 0
173 100 0.509 3 0
76 40 0.369 3 1
269 10 1.251 3 4
10 15 0.030 3 1
17 5 0.092 3 0
135 22 0.746 3 2
124 22 0.838 3 4
37 22 0.131 3 0
22 22 0.088 3 0
19 10 0.064 3 1
80 40 0.364 3 0
14 30 0.043 3 0
74 5 0.267 3 0
38 5 0.137 3 0
46 10 0.261 3 1
60 40 0.225 3 1
57 10 0.224 3 0
160 22 0.625 3 1
301 100 1.095 3 0
67 70 0.236 3 4
162 40 1.087 3 2
63 40 0.281 3 2
38 5 0.188 3 0
79 70 0.248 3 4
32 52 0.152 3 2
26 40 0.091 3 4
22 70 0.103 3 1
254 52 1.176 3 4
191 52 0.718 3 0
56 52 0.241 3 1
19 100 0.072 3 0
17 15 0.053 3 2
46 40 0.153 3 2
76 100 0.260 3 1
104 5 0.493 3 4
64 15 0.283 3 0
20 52 0.060 3 4
175 52 0.540 3 0
55 10 0.248 3 1
35 40 0.156 3 0
11 10 0.046 3 2
10 10 0.040 3 4
10 70 0.045 3 2
33 5 0.216 3 0
158 40 0.562 3 0
40 100 0.167 3 0
81 22 0.399 3 0
58 5 0.337 3 0
278 70 1.094 3 2
31 40 0.148 3 0
241 40 0.960 3 4
18 15 0.066 3 0
35 40 0.163 3 4
11 70 0.074 3 0
145 10 0.509 3 0
292 100 1.561 3 1
14 52 0.056 3 0
19 52 0.104 3 2
48 40 0.186 3 0
187 52 0.908 3 0
36 70 0.164 3 2
330 40 1.119 3 2
49 40 0.198 3 2
245 40 1.195 3 2
42 22 0.174 3 0
34 30 0.160 3 1
29 30 0.146 3 0
179 22 0.534 3 4
10 10 0.041 3 0
22 10 0.066 3 4
338 100 1.489 3 1
166 15 0.514 3 2
39 10 0.126 3 4
125 52 0.622 3 0
71 70 0.401 3 1
96 5 0.427 3 1
54 10 0.325 3 0
88 40 0.280 3 1
49 70 0.205 3 1
27 40 0.123 3 2
107 22 0.522 3 1
15 5 0.087 3 1
13 22 0.042 3 1
13 40 0.065 3 0
34 22 0.207 3 1
44 22 0.217 3 0
38 52 0.124 3 4
63 10 0.348 3 1
42 100 0.148 3 2
10 15 0.037 3 4
11 100 0.038 3 2
205 70 0.625 3 0
24 30 0.073 3 4
16 40 0.090 3 0
304 100 0.959 3 0
18 100 0.075 3 0
44 30 0.180 3 0
48 40 0.294 3 0
125 30 0.445 3 0
150 22 0.704 3 1
67 40 0.196 3 4
12 52 0.075 3 2
49 10 0.253 3 0
145 40 0.714 3 4
13 52 0.056 3 0
14 10 0.079 3 4
94 15 0.337 3 1
125 52 0.410 3 0
156 30 0.681 3 1
140 30 0.791 3 0
55 40 0.217 3 4
19 100 0.056 3 2
38 10 0.167 3 2
237 10 0.775 3 2
13 52 0.070 3 1
151 10 0.956 3 0
66 40 0.333 3 0
67 30 0.210 3 1
32 52 0.128 3 1
129 52 0.423 3 1
10 40 0.042 3 4
160 70 0.672 3 0
174 100 0.825 3 1
118 22 0.645 3 1
23 70 0.087 3 4
55 10 0.237 3 1
32 30 0.130 3 0
12 5 0.061 3 2
177 40 0.663 3 0
14 10 0.047 3 2
56 5 0.378 3 0
195 10 0.783 3 1
172 22 0.632 3 1
32 10 0.158 3 1
13 10 0.044 3 0
260 70 1.140 3 1
39 5 0.143 3 4
14 5 0.069 3 2
85 30 0.370 3 4
80 70 0.309 3 1
114 5 0.518 3 2
143 10 0.917 3 4
206 100 1.191 3 0
10 15 0.039 3 2
38 70 0.168 3 0
14 30 0.071 3 0
24 52 0.148 3 0
92 22 0.404 3 2
33 40 0.191 3 4
15 70 0.076 3 2
56 52 0.284 3 2
79 5 0.270 3 2
99 10 0.547 3 0
54 40 0.163 3 0
15 5 0.085 3 0
250 100 0.951 3 1
234 40 1.164 3 4
15 10 0.051 3 2
11 30 0.036 3 2
47 70 0.190 3 1
46 52 0.189 3 4
14 40 0.094 3 0
112 40 0.350 3 4
28 100 0.141 3 1
22 52 0.089 3 1
11 15 0.050 3 0
260 22 0.900 3 0
21 15 0.067 3 1
30 10 0.200 3 4
34 30 0.138 3 2
11 100 0.033 3 2
41 100 0.184 3 2
15 5 0.046 3 0
61 22 0.188 3 1
25 22 0.094 3 0
78 100 0.347 3 4
55 15 0.243 3 2
19 10 0.057 3 2
140 15 0.809 3 4
75 30 0.227 3 0
115 100 0.447 3 0
123 30 0.539 3 0
39 100 0.127 3 0
70 40 0.270 3 0
28 10 0.084 3 4
56 70 0.299 3 0
70 22 0.250 3 0
49 40 0.257 3 2
143 10 0.831 3 2
23 10 0.147 3 4
70 10 0.320 3 4
15 100 0.059 3 0
68 52 0.227 3 0
53 52 0.189 3 4
189 10 0.583 3 0
47 30 0.167 3 4
18 22 0.083 3 0
34 52 0.224 3 0
161 30 1.066 3 4
56 40 0.313 3 2
19 70 0.120 3 1
14 10 0.080 3 0
32 52 0.145 3 0
76 40 0.274 3 2
70 52 0.235 3 1
13 100 0.074 3 0
67 5 0.383 3 1
13 15 0.050 3 4
43 40 0.195 3 2
144 100 0.960 3 0
26 52 0.125 3 1
28 10 0.152 3 0
123 22 0.479 3 1
71 100 0.207 3 1
229 10 1.085 3 2
109 40 0.375 3 2
20 52 0.123 3 1
19 100 0.085 3 0
182 30 0.632 3 0
57 5 0.269 3 1
169 30 0.876 3 2
154 10 0.474 3 4
261 70 1.312 3 1
168 70 0.540 3 2
10 70 0.066 3 2
24 52 0.075 3 0
123 40 0.367 3 1
16 10 0.084 3 0
19 10 0.066 3 2
42 10 0.189 3 1
17 22 0.070 3 0
218 5 1.434 3 4
188 52 0.800 3 0
16 52 0.089 3 0
68 70 0.289 3 2
36 30 0.224 3 0
118 5 0.587 3 1
33 52 0.220 3 4
13 22 0.063 3 2
10 30 0.066 3 0
13 100 0.043 3 1
12 15 0.062 3 1
33 52 0.126 3 0
39 22 0.127 3 2
36 30 0.127 3 0
121 52 0.576 3 0
137 22 0.495 3 1
56 70 0.179 3 2
73 70 0.289 3 2
35 100 0.116 3 4
14 70 0.043 3 0
49 52 0.213 3 0
241 70 1.346 3 1
13 100 0.057 3 0
12 22 0.053 3 4
62 70 0.186 3 2
56 15 0.286 3 4
20 10 0.065 3 0
285 10 1.105 3 2
16 70 0.058 3 0
77 70 0.362 3 2
20 52 0.063 3 0
52 52 0.164 3 0
114 30 0.333 3 4
48 40 0.155 3 4
39 15 0.193 3 4
22 10 0.078 3 0
327 52 1.453 3 1
42 70 0.163 3 1
71 70 0.232 3 1
12 100 0.035 3 1
96 5 0.310 3 0
135 100 0.414 3 0
13 10 0.044 3 0
53 70 0.168 3 4
52 10 0.181 3 4
68 10 0.279 3 0
24 15 0.085 3 0
30 5 0.167 3 0
60 70 0.176 3 0
27 70 0.089 3 1
72 5 0.477 3 2
19 30 0.064 3 0
54 100 0.193 3 4
92 40 0.391 3 1
11 5 0.054 3 0
70 10 0.461 3 0
78 5 0.358 3 4
122 10 0.595 3 4
43 15 0.216 3 0
11 70 0.041 3 2
71 30 0.277 3 0
17 10 0.088 3 2
38 70 0.184 3 0
14 30 0.067 3 2
16 30 0.085 3 2
11 5 0.039 3 0
47 70 0.198 3 0
33 15 0.110 3 0
24 15 0.106 3 4
53 100 0.207 3 2
36 30 0.218 3 4
18 30 0.078 3 1
10 52 0.029 3 2
74 22 0.370 3 4
105 100 0.329 3 1
15 22 0.074 3 0
118 100 0.463 3 1
31 22 0.196 3 0
26 5 0.101 3 0
257 15 1.305 3 1
61 40 0.407 3 0
61 22 0.275 3 2
51 10 0.178 3 1
34 52 0.114 3 4
60 10 0.333 3 2
82 70 0.368 3 0
182 15 0.634 3 4
15 15 0.062 3 0
240 70 0.816 3 4
223 40 0.690 3 2
21 40 0.075 3 1
16 100 0.066 3 0
46 40 0.172 3 4
32 52 0.158 3 1
137 10 0.873 3 0
11 10 0.040 3 0
294 40 0.967 3 0
79 5 0.253 3 2
56 52 0.164 3 2
25 100 0.122 3 4
62 22 0.211 3 4
18 5 0.064 3 1
147 70 0.613 3 1
193 70 0.846 3 0
199 10 1.178 3 4
16 30 0.067 3 2
10 10 0.037 3 4
13 70 0.054 3 0
43 40 0.164 3 1
177 100 0.521 3 2
69 15 0.222 3 0
29 5 0.114 3 4
174 40 1.018 3 0
30 52 0.098 3 2
58 40 0.205 3 0
49 40 0.145 3 0
72 30 0.424 3 1
22 100 0.065 3 0
14 10 0.045 3 0
29 70 0.106 3 0
181 30 0.819 3 0
18 10 0.105 3 4
17 30 0.064 3 1
28 30 0.090 3 0
28 40 0.140 3 0
286 22 1.182 3 1
48 30 0.314 3 0
54 5 0.217 3 2
29 70 0.085 3 4
70 40 0.260 3 4
84 70 0.249 3 2
57 15 0.365 3 4
31 10 0.196 3 4
18 15 0.122 3 4
84 40 0.372 3 0
190 5 0.731 3 1
97 40 0.346 3 0
23 100 0.095 3 4
337 22 1.158 3 1
74 22 0.239 3 0
14 100 0.065 3 0
150 10 0.877 3 4
68 10 0.428 3 2
11 15 0.061 3 1
13 70 0.047 3 0
198 15 1.286 3 0
69 22 0.207 3 0
56 40 0.378 3 0
15 70 0.048 3 0
53 40 0.238 3 1
41 40 0.124 3 2
12 10 0.049 3 4
14 5 0.043 3 2
90 10 0.361 3 1
18 30 0.107 3 0
70 40 0.255 3 1
135 22 0.570 3 1
66 5 0.363 3 4
141 40 0.461 3 0
19 10 0.088 3 4
28 15 0.160 3 1
28 5 0.164 3 0
72 15 0.233 3 0
31 10 0.098 3 1
13 22 0.053 3 1
15 22 0.045 3 0
61 15 0.321 3 4
63 70 0.261 3 4
245 15 0.806 3 4
19 100 0.078 3 4
15 40 0.061 3 1
44 30 0.200 3 1
161 70 0.533 3 1
245 5 1.225 3 4
32 100 0.178 3 0
37 70 0.184 3 2
17 30 0.098 3 4
125 30 0.463 3 4
48 15 0.200 3 1
129 15 0.481 3 1
160 10 0.513 3 0
47 100 0.202 3 1
16 52 0.084 3 0
48 10 0.245 3 2
76 10 0.466 3 2
14 40 0.047 3 0
32 5 0.107 3 0
77 10 0.256 3 4
94 30 0.351 3 2
18 10 0.066 3 0
65 40 0.344 3 1
22 5 0.075 3 2
42 70 0.131 3 1
54 40 0.312 3 0
77 15 0.342 3 0
25 5 0.089 3 0
224 100 1.109 3 0
90 10 0.364 3 1
72 70 0.416 3 0
159 100 0.468 3 0
14 70 0.051 3 0
16 70 0.073 3 0
68 30 0.293 3 4
195 100 0.635 3 0
19 10 0.058 3 2
66 100 0.283 3 2
43 10 0.231 3 1
10 40 0.037 3 2
165 22 0.607 3 0
13 5 0.067 3 2
18 52 0.077 3 4
58 15 0.272 3 2
34 30 0.163 3 0
107 100 0.399 3 1
88 22 0.427 3 0
16 30 0.064 3 1
20 22 0.112 3 4
79 30 0.289 3 0
28 52 0.084 3 0
48 40 0.156 3 0
133 22 0.552 3 0
36 100 0.181 3 0
178 30 1.119 3 0
11 15 0.035 3 4
120 52 0.460 3 2
230 100 0.824 3 0
30 10 0.126 3 1
39 5 0.168 3 1
50 22 0.287 3 0
259 15 0.812 3 0
193 100 1.072 3 0
26 40 0.118 3 4
70 52 0.387 3 2
63 5 0.234 3 4
42 70 0.200 3 0
224 40 1.383 3 0
42 52 0.179 3 0
79 10 0.454 3 1
106 22 0.341 3 0
21 5 0.063 3 4
66 5 0.301 3 0
252 15 1.703 3 2
10 40 0.033 3 1
34 30 0.102 3 0
66 70 0.236 3 0
165 22 0.982 3 0
76 5 0.420 3 1
178 70 1.203 3 4
72 15 0.387 3 2
27 70 0.085 3 2
23 30 0.082 3 0
29 52 0.095 3 0
49 30 0.191 3 2
81 22 0.252 3 1
223 52 0.854 3 0
67 10 0.205 3 2
23 100 0.073 3 0
320 10 0.961 3 4
24 30 0.145 3 0
67 22 0.368 3 0
74 15 0.347 3 0
70 70 0.315 3 1
45 30 0.256 3 4
38 100 0.137 3 0
278 22 1.748 3 2
69 52 0.332 3 4
55 22 0.232 3 0
35 40 0.150 3 4
15 22 0.045 3 4
12 70 0.049 3 4
241 100 0.938 3 2
138 40 0.457 3 4
117 30 0.384 3 2
13 5 0.058 3 1
50 5 0.242 3 0
104 10 0.542 3 2
16 30 0.067 3 0
66 30 0.286 3 0
63 22 0.269 3 1
38 40 0.174 3 0
213 30 0.763 3 0
138 40 0.486 3 4
104 10 0.654 3 4
173 15 0.698 3 0
192 52 0.777 3 0
23 10 0.071 3 1
117 70 0.483 3 0
39 30 0.187 3 2
60 40 0.201 3 0
79 52 0.395 3 1
156 15 0.729 3 0
51 15 0.237 3 4
195 5 0.709 3 2
21 15 0.094 3 0
37 52 0.156 3 0
123 30 0.809 3 1
17 52 0.051 3 4
25 15 0.090 3 0
117 70 0.594 3 4
24 100 0.118 3 0
10 70 0.041 3 2
124 70 0.412 3 0
54 70 0.333 3 1
40 22 0.209 3 4
288 10 0.840 3 2
51 22 0.259 3 0
70 30 0.405 3 0
17 15 0.064 3 0
157 10 0.651 3 0
15 22 0.053 3 4
25 5 0.074 3 0
40 100 0.137 3 4
214 10 1.163 3 2
47 52 0.226 3 0
13 5 0.078 3 2
15 15 0.048 3 0
115 52 0.434 3 0
134 30 0.454 3 1
307 100 1.176 3 4
54 30 0.170 3 0
226 40 0.659 3 0
46 15 0.208 3 4
21 15 0.077 3 4
196 15 0.790 3 1
21 30 0.083 3 2
14 70 0.076 3 4
20 52 0.088 3 4
151 100 0.521 3 2
145 40 0.744 3 4
26 22 0.091 3 0
50 100 0.311 3 1
35 22 0.149 3 4
16 5 0.083 3 0
19 40 0.110 3 0
12 22 0.038 3 0
164 40 1.012 3 0
32 40 0.096 3 0
18 70 0.065 3 4
64 22 0.195 3 0
69 40 0.243 3 4
195 100 0.890 3 0
17 52 0.076 3 0
69 5 0.232 3 4
23 40 0.106 3 0
15 30 0.053 3 0
34 52 0.152 3 0
49 70 0.322 3 4
27 15 0.096 3 2
264 22 1.692 3 0
56 15 0.168 3 2
27 10 0.129 3 4
33 10 0.191 3 0
38 40 0.153 3 0
334 10 1.256 3 2
84 70 0.420 3 4
134 100 0.749 3 0
11 10 0.038 3 0
13 10 0.039 3 0
170 5 0.584 3 0
22 70 0.097 3 0
77 100 0.262 3 0
52 100 0.204 3 2
47 70 0.208 3 1
228 100 0.841 3 4
97 22 0.377 3 2
18 40 0.071 3 4
84 70 0.265 3 2
320 70 1.003 3 0
71 22 0.254 3 0
53 70 0.222 3 0
123 22 0.441 3 0
58 22 0.289 3 4
283 52 1.184 3 0
64 52 0.212 3 0
34 30 0.150 3 0
43 10 0.183 3 4
148 22 0.619 3 0
13 100 0.044 3 1
188 100 0.945 3 2
38 52 0.241 3 0
144 70 0.941 3 0
76 15 0.386 3 0
10 52 0.037 3 0
53 52 0.160 3 4
87 22 0.588 3 1
258 30 0.822 3 4
17 22 0.088 3 0
21 22 0.106 3 0
68 22 0.405 3 0
27 70 0.097 3 4
37 30 0.117 3 2
290 22 1.250 3 0
12 10 0.063 3 4
111 70 0.444 3 0
35 70 0.197 3 4
30 52 0.099 3 0
202 15 0.618 3 0
19 30 0.100 3 0
132 100 0.405 3 0
12 40 0.037 3 2
224 22 0.720 3 0
19 70 0.118 3 2
18 5 0.066 3 4
261 100 0.913 3 0
10 30 0.042 3 4
180 52 0.766 3 0
128 15 0.740 4 0
32 100 0.105 4 0
12 70 0.054 4 3
47 5 0.205 4 2
18 40 0.063 4 0
37 30 0.143 4 2
17 70 0.096 4 0
110 70 0.335 4 3
71 52 0.413 4 0
22 70 0.068 4 0
64 30 0.214 4 0
166 10 0.675 4 1
14 10 0.060 4 1
20 30 0.082 4 0
11 15 0.039 4 0
158 10 0.547 4 3
71 40 0.211 4 1
13 22 0.042 4 0
43 5 0.160 4 2
72 52 0.471 4 3
245 15 0.860 4 0
45 10 0.201 4 2
150 5 0.551 4 1
13 22 0.064 4 1
79 52 0.282 4 1
63 30 0.212 4 2
13 30 0.078 4 1
68 40 0.447 4 2
38 15 0.188 4 2
48 70 0.161 4 1
103 40 0.620 4 0
320 10 1.778 4 2
114 52 0.675 4 2
16 40 0.086 4 2
36 30 0.107 4 0
179 52 0.579 4 0
58 100 0.253 4 0
128 52 0.561 4 0
214 5 0.991 4 2
180 10 0.584 4 0
77 22 0.490 4 0
19 70 0.065 4 1
159 40 0.791 4 1
37 52 0.130 4 0
322 70 1.940 4 0
142 15 0.664 4 3
36 10 0.155 4 0
56 10 0.194 4 0
192 70 0.814 4 3
21 52 0.084 4 0
57 52 0.356 4 1
13 70 0.043 4 0
24 52 0.136 4 0
135 15 0.646 4 1
34 22 0.195 4 0
18 52 0.098 4 0
10 30 0.031 4 3
76 100 0.330 4 3
185 52 0.717 4 3
45 40 0.266 4 0
82 70 0.248 4 2
248 15 1.476 4 2
140 30 0.419 4 2
28 40 0.168 4 1
27 5 0.114 4 0
70 30 0.223 4 0
37 22 0.111 4 1
10 5 0.029 4 3
33 30 0.102 4 0
56 100 0.252 4 0
33 22 0.178 4 2
74 100 0.250 4 2
137 100 0.797 4 3
16 22 0.059 4 1
16 30 0.062 4 3
16 40 0.065 4 0
64 22 0.255 4 3
67 100 0.232 4 0
19 5 0.128 4 0
121 40 0.357 4 3
181 22 0.539 4 1
15 100 0.054 4 2
75 5 0.261 4 0
40 5 0.122 4 1
22 40 0.069 4 1
17 30 0.106 4 3
13 15 0.051 4 3
186 30 0.542 4 2
92 100 0.295 4 0
198 70 0.662 4 0
19 22 0.086 4 1
82 40 0.394 4 2
273 52 1.030 4 0
32 30 0.132 4 0
33 70 0.189 4 0
80 5 0.457 4 3
68 5 0.234 4 1
68 40 0.305 4 0
10 40 0.059 4 3
12 22 0.064 4 0
14 15 0.060 4 1
55 22 0.175 4 0
53 40 0.261 4 3
157 10 0.541 4 0
11 22 0.039 4 2
95 30 0.281 4 1
58 100 0.233 4 0
113 10 0.415 4 3
23 15 0.144 4 1
39 40 0.213 4 0
61 52 0.236 4 0
75 5 0.350 4 0
29 40 0.126 4 0
35 52 0.184 4 2
11 40 0.063 4 1
150 52 0.515 4 0
152 40 0.704 4 1
16 30 0.069 4 1
82 70 0.429 4 1
39 15 0.129 4 3
131 70 0.829 4 2
15 30 0.048 4 3
213 15 0.664 4 2
134 15 0.420 4 0
13 70 0.055 4 2
78 70 0.248 4 0
13 52 0.041 4 0
46 40 0.236 4 3
14 30 0.067 4 0
46 15 0.137 4 3
36 70 0.113 4 2
63 22 0.317 4 1
37 100 0.120 4 0
32 22 0.123 4 2
42 70 0.187 4 3
135 15 0.854 4 1
99 52 0.402 4 2
87 5 0.534 4 2
19 15 0.066 4 2
295 15 1.229 4 0
146 70 0.839 4 3
39 100 0.188 4 3
162 10 0.516 4 1
68 100 0.211 4 1
41 5 0.120 4 2
11 15 0.060 4 2
27 30 0.084 4 3
102 10 0.583 4 3
77 52 0.276 4 1
24 10 0.097 4 1
104 52 0.335 4 0
36 100 0.156 4 1
198 30 0.756 4 0
24 52 0.088 4 0
122 5 0.587 4 3
17 30 0.085 4 1
36 5 0.242 4 2
298 15 1.910 4 0
12 10 0.057 4 0
19 30 0.066 4 0
38 5 0.165 4 0
56 30 0.293 4 3
263 30 1.148 4 1
13 40 0.045 4 2
183 30 0.638 4 0
251 40 0.740 4 0
18 70 0.076 4 3
12 15 0.048 4 0
115 52 0.587 4 1
68 10 0.214 4 1
11 15 0.053 4 3
59 10 0.212 4 2
53 70 0.230 4 1
57 22 0.377 4 2
17 30 0.058 4 1
175 100 0.608 4 2
20 5 0.127 4 1
14 22 0.081 4 2
37 22 0.133 4 0
44 5 0.136 4 0
105 10 0.311 4 0
33 70 0.139 4 0
18 30 0.119 4 1
12 15 0.046 4 0
53 100 0.202 4 0
114 40 0.722 4 1
127 22 0.794 4 2
22 70 0.070 4 1
213 15 0.938 4 3
77 70 0.308 4 2
19 40 0.064 4 0
15 52 0.074 4 3
287 30 1.750 4 1
75 30 0.339 4 3
275 40 1.190 4 2
133 30 0.442 4 0
37 30 0.117 4 0
17 5 0.100 4 0
52 10 0.153 4 1
51 40 0.329 4 3
23 40 0.090 4 1
76 70 0.222 4 0
33 15 0.133 4 0
32 70 0.106 4 3
227 30 1.376 4 1
192 5 0.797 4 1
165 40 0.512 4 3
41 52 0.184 4 3
34 40 0.118 4 2
11 40 0.033 4 0
199 15 0.682 4 1
61 22 0.222 4 3
49 70 0.200 4 3
110 100 0.394 4 1
16 40 0.051 4 0
11 40 0.052 4 0
72 15 0.304 4 1
39 15 0.155 4 2
16 5 0.091 4 1
13 52 0.074 4 0
105 22 0.695 4 1
221 100 0.729 4 1
131 100 0.416 4 0
153 15 0.757 4 3
179 52 0.725 4 1
60 10 0.243 4 2
46 30 0.307 4 3
66 15 0.193 4 1
26 10 0.133 4 0
81 10 0.424 4 3
156 52 0.607 4 3
15 15 0.044 4 0
64 22 0.340 4 0
195 30 0.707 4 0
56 70 0.265 4 0
112 5 0.424 4 3
19 15 0.109 4 0
158 5 1.068 4 0
57 22 0.350 4 0
19 5 0.115 4 0
35 40 0.160 4 2
53 10 0.159 4 3
20 52 0.062 4 3
13 100 0.048 4 3
99 10 0.357 4 3
189 70 0.711 4 2
63 100 0.215 4 2
61 70 0.396 4 0
15 5 0.055 4 0
11 52 0.043 4 3
268 40 1.549 4 0
11 5 0.060 4 2
26 40 0.139 4 2
18 22 0.105 4 3
56 52 0.232 4 3
38 10 0.242 4 0
88 40 0.396 4 0
124 10 0.689 4 1
227 100 1.312 4 0
47 100 0.221 4 2
18 22 0.054 4 0
22 100 0.127 4 0
316 70 1.736 4 3
313 15 1.442 4 0
48 15 0.220 4 1
56 10 0.187 4 3
63 5 0.412 4 2
17 5 0.102 4 0
34 5 0.110 4 0
53 52 0.198 4 3
68 22 0.247 4 0
241 40 0.746 4 1
252 70 0.800 4 0
10 15 0.063 4 3
26 70 0.079 4 1
12 15 0.070 4 3
170 40 0.810 4 2
27 30 0.091 4 2
230 10 0.875 4 2
31 30 0.114 4 3
16 100 0.054 4 1
257 5 0.905 4 3
36 5 0.213 4 2
146 10 0.483 4 0
134 30 0.513 4 0
29 30 0.141 4 1
181 40 0.742 4 0
198 10 0.669 4 3
11 40 0.051 4 2
61 30 0.231 4 0
239 40 0.964 4 2
31 40 0.137 4 0
65 10 0.227 4 0
13 30 0.045 4 2
55 70 0.348 4 2
16 15 0.055 4 0
75 70 0.255 4 3
113 52 0.435 4 2
73 100 0.231 4 1
165 40 0.938 4 0
24 15 0.110 4 2
32 5 0.113 4 2
37 15 0.148 4 1
35 10 0.181 4 0
34 30 0.183 4 1
27 40 0.152 4 2
17 52 0.059 4 3
70 100 0.288 4 0
42 22 0.125 4 1
12 5 0.066 4 2
36 5 0.111 4 3
20 70 0.106 4 1
189 22 0.892 4 1
40 22 0.175 4 0
28 40 0.085 4 0
39 100 0.119 4 1
16 52 0.088 4 0
57 22 0.246 4 3
16 10 0.107 4 0
39 100 0.163 4 3
17 10 0.056 4 0
236 100 0.868 4 3
10 100 0.042 4 0
61 15 0.207 4 0
15 70 0.097 4 0
23 15 0.107 4 1
183 40 0.644 4 1
140 40 0.704 4 2
59 100 0.208 4 3
13 22 0.049 4 0
32 100 0.143 4 3
37 52 0.172 4 0
13 40 0.043 4 0
42 30 0.156 4 2
230 10 0.804 4 3
37 52 0.113 4 2
137 10 0.408 4 3
19 52 0.069 4 1
62 30 0.217 4 0
29 5 0.165 4 0
62 10 0.257 4 1
16 5 0.052 4 1
21 70 0.066 4 1
26 22 0.116 4 0
22 100 0.141 4 1
130 15 0.514 4 0
140 10 0.642 4 0
79 52 0.294 4 0
163 52 0.776 4 2
128 70 0.504 4 1
63 52 0.364 4 3
53 52 0.353 4 0
77 100 0.291 4 0
101 10 0.341 4 3
19 30 0.057 4 2
89 30 0.374 4 1
186 52 1.039 4 3
79 30 0.312 4 0
61 15 0.181 4 0
36 70 0.160 4 1
118 10 0.738 4 2
15 40 0.056 4 0
61 40 0.184 4 0
231 70 1.435 4 0
18 22 0.077 4 1
30 100 0.103 4 2
12 100 0.037 4 2
90 5 0.549 4 3
95 30 0.482 4 2
306 10 2.026 4 0
43 52 0.232 4 0
28 22 0.117 4 0
16 22 0.049 4 1
19 100 0.083 4 1
12 40 0.036 4 0
95 40 0.444 4 0
16 22 0.099 4 2
35 30 0.155 4 0
309 52 1.379 4 0
300 5 1.562 4 0
62 10 0.403 4 3
16 10 0.072 4 2
27 22 0.087 4 1
185 100 0.549 4 1
49 5 0.156 4 0
48 40 0.224 4 1
196 52 1.054 4 0
174 52 1.024 4 0
65 22 0.319 4 2
10 70 0.058 4 2
20 22 0.084 4 1
225 10 0.875 4 2
308 100 0.948 4 1
16 100 0.094 4 0
190 10 0.554 4 1
27 52 0.140 4 3
133 22 0.390 4 3
198 40 0.853 4 1
92 15 0.380 4 1
70 70 0.233 4 3
17 15 0.053 4 3
19 22 0.089 4 0
34 100 0.161 4 1
11 52 0.038 4 2
113 40 0.348 4 0
10 100 0.059 4 2
249 52 0.796 4 0
216 15 0.780 4 2
52 10 0.190 4 0
19 30 0.064 4 0
43 40 0.178 4 3
40 22 0.152 4 0
32 52 0.181 4 0
69 10 0.454 4 0
91 52 0.270 4 3
189 30 0.815 4 0
17 70 0.068 4 2
203 30 1.208 4 3
38 10 0.174 4 0
28 52 0.143 4 3
110 100 0.458 4 3
75 30 0.296 4 0
160 52 0.909 4 2
59 40 0.291 4 3
122 15 0.652 4 0
44 30 0.221 4 2
54 40 0.207 4 2
143 5 0.794 4 1
77 15 0.339 4 2
49 22 0.196 4 2
80 22 0.541 4 0
15 15 0.052 4 0
12 100 0.038 4 0
23 22 0.138 4 0
267 15 1.113 4 3
158 15 0.525 4 2
73 100 0.263 4 1
64 10 0.218 4 0
54 30 0.307 4 1
81 70 0.308 4 2
21 5 0.088 4 0
26 40 0.095 4 0
50 5 0.186 4 1
111 5 0.642 4 0
266 40 1.060 4 0
28 30 0.147 4 0
40 70 0.137 4 0
28 22 0.087 4 2
18 22 0.057 4 0
81 100 0.236 4 0
17 52 0.089 4 0
19 52 0.064 4 0
60 5 0.282 4 0
153 15 0.622 4 2
17 5 0.074 4 1
71 70 0.260 4 0
314 10 1.050 4 0
99 15 0.295 4 2
14 10 0.051 4 3
15 5 0.056 4 0
63 5 0.230 4 3
221 22 1.408 4 0
46 100 0.207 4 3
14 52 0.059 4 1
100 15 0.297 4 0
47 30 0.182 4 0
52 15 0.187 4 1
23 10 0.106 4 3
68 100 0.360 4 3
17 10 0.064 4 3
11 5 0.050 4 3
33 22 0.108 4 0
62 15 0.248 4 3
142 70 0.830 4 1
17 30 0.050 4 3
315 100 1.438 4 0
17 10 0.083 4 2
68 40 0.428 4 1
49 100 0.155 4 3
33 70 0.176 4 0
19 5 0.106 4 0
141 5 0.485 4 2
39 5 0.215 4 1
132 15 0.717 4 1
14 52 0.069 4 0
59 52 0.208 4 1
53 22 0.260 4 3
96 10 0.565 4 0
14 52 0.072 4 0
25 70 0.138 4 0
154 10 1.041 4 2
60 15 0.205 4 0
39 52 0.215 4 2
43 15 0.217 4 0
59 52 0.304 4 1
31 52 0.124 4 0
15 22 0.051 4 0
56 100 0.211 4 2
29 10 0.142 4 2
16 10 0.098 4 2
13 40 0.049 4 1
113 10 0.362 4 2
33 22 0.108 4 2
89 52 0.420 4 0
93 30 0.554 4 0
98 100 0.434 4 3
137 5 0.659 4 2
23 30 0.106 4 2
36 100 0.218 4 0
197 30 1.037 4 0
59 22 0.192 4 1
50 100 0.242 4 0
13 30 0.054 4 3
189 52 0.721 4 0
13 10 0.062 4 0
17 5 0.079 4 0
323 10 1.856 4 0
170 40 0.842 4 0
74 52 0.428 4 1
212 15 1.301 4 3
19 10 0.096 4 0
41 52 0.138 4 0
13 22 0.044 4 2
19 30 0.074 4 3
16 40 0.107 4 3
270 15 1.084 4 0
11 52 0.051 4 1
49 70 0.181 4 0
18 5 0.060 4 0
230 70 1.402 4 1
26 10 0.079 4 0
15 52 0.087 4 0
25 15 0.144 4 1
78 100 0.239 4 1
69 100 0.421 4 1
16 5 0.068 4 2
75 15 0.300 4 0
152 10 0.724 4 0
64 40 0.320 4 0
73 100 0.471 4 1
33 15 0.111 4 0
124 5 0.556 4 0
10 52 0.046 4 2
65 100 0.294 4 3
33 10 0.157 4 0
130 30 0.730 4 1
201 22 0.788 4 1
69 70 0.268 4 2
323 5 1.718 4 1
59 70 0.182 4 0
64 70 0.317 4 0
15 30 0.055 4 0
14 70 0.056 4 1
54 15 0.218 4 2
111 15 0.332 4 0
23 15 0.088 4 0
25 52 0.081 4 2
105 40 0.533 4 1
62 10 0.237 4 1
128 22 0.753 4 0
238 15 0.719 4 1
81 10 0.354 4 0
14 22 0.074 4 2
282 10 1.029 4 3
18 5 0.058 4 3
183 70 0.668 4 2
54 22 0.303 4 0
16 22 0.060 4 1
160 52 0.506 4 3
70 5 0.402 4 3
12 30 0.044 4 2
26 5 0.081 4 1
37 15 0.181 4 3
331 40 1.415 4 0
14 5 0.061 4 1
21 52 0.113 4 3
35 22 0.139 4 2
16 52 0.075 4 0
75 5 0.403 4 0
36 22 0.179 4 1
34 52 0.114 4 1
13 100 0.039 4 2
130 52 0.613 4 0
75 70 0.383 4 3
73 100 0.351 4 2
34 5 0.103 4 0
36 100 0.108 4 1
172 10 0.827 4 0
68 70 0.312 4 3
14 70 0.065 4 3
68 100 0.252 4 1
58 22 0.220 4 2
36 5 0.174 4 2
179 30 0.833 4 2
17 30 0.097 4 0
25 30 0.154 4 3
32 100 0.094 4 2
132 22 0.576 4 0
16 40 0.047 4 1
37 40 0.112 4 2
46 10 0.218 4 3
12 22 0.049 4 2
68 100 0.208 4 2
44 52 0.146 4 0
30 100 0.126 4 2
17 70 0.076 4 3
12 100 0.048 4 3
49 52 0.143 4 0
42 40 0.171 4 1
140 100 0.565 4 1
70 100 0.277 4 3
55 5 0.161 4 1
65 22 0.212 4 3
12 40 0.071 4 1
16 40 0.076 4 0
35 52 0.130 4 1
20 15 0.107 4 3
124 10 0.556 4 0
339 22 1.873 4 1
126 22 0.494 4 0
258 52 0.768 4 1
100 30 0.541 4 1
13 40 0.082 4 1
194 22 0.743 4 0
16 5 0.074 4 1
103 70 0.640 4 3
303 15 1.538 4 0
18 70 0.078 4 3
152 100 0.809 4 1
21 40 0.099 4 0
12 22 0.044 4 1
18 15 0.072 4 1
53 10 0.172 4 2
19 70 0.056 4 0
23 100 0.089 4 1
47 70 0.237 4 0
158 22 0.572 4 0
11 15 0.048 4 0
12 70 0.038 4 2
48 70 0.143 4 1
129 10 0.393 4 0
10 5 0.045 4 3
303 30 1.429 4 1
181 52 0.554 4 1
104 52 0.565 4 3
10 70 0.030 4 1
266 70 1.172 4 1
22 30 0.107 4 0
18 30 0.104 4 3
77 22 0.335 4 0
32 70 0.126 4 0
11 22 0.049 4 3
77 52 0.520 4 2
68 22 0.459 4 0
34 52 0.115 4 1
73 100 0.253 4 0
17 52 0.053 4 1
137 22 0.561 4 3
63 52 0.350 4 0
30 5 0.195 4 1
16 100 0.066 4 1
31 100 0.091 4 2
15 40 0.083 4 2
11 30 0.040 4 1
82 30 0.529 4 1
171 40 0.574 4 3
12 70 0.049 4 1
10 15 0.032 4 0
13 5 0.056 4 0
249 10 1.332 4 0
79 22 0.346 4 3
76 52 0.378 4 2
13 40 0.040 4 0
13 15 0.058 4 2
265 22 0.914 4 3
32 52 0.157 4 0
54 70 0.327 4 0
79 22 0.369 4 1
22 22 0.097 4 2
14 100 0.041 4 0
14 52 0.059 4 3
330 52 1.150 4 0
260 52 1.398 4 0
21 15 0.089 4 1
19 70 0.115 4 2
243 30 0.897 4 2
22 52 0.067 4 1
140 10 0.536 4 2
25 10 0.090 4 0
167 30 0.696 4 0
14 5 0.043 4 0
258 15 0.928 4 0
56 5 0.189 4 1
25 40 0.078 4 0
196 10 0.681 4 2
41 52 0.128 4 3
36 5 0.148 4 2
13 100 0.040 4 0
178 15 0.813 4 1
60 70 0.201 4 2
16 22 0.087 4 0
72 10 0.480 4 1
32 40 0.124 4 3
14 30 0.042 4 3
57 70 0.250 4 1
16 15 0.052 4 2
42 100 0.141 4 0
85 30 0.365 4 1
28 100 0.164 4 0
63 5 0.404 4 3
96 15 0.343 4 0
45 10 0.207 4 0
117 15 0.435 4 1
181 22 1.077 4 0
16 5 0.062 4 1
77 30 0.385 4 2
125 15 0.381 4 1
88 40 0.454 4 0
20 100 0.099 4 1
34 100 0.111 4 3
132 15 0.406 4 0
67 10 0.235 4 3
185 10 1.076 4 0
10 5 0.051 4 3
157 100 0.636 4 3
10 22 0.031 4 0
165 22 0.805 4 3
13 30 0.080 4 2
68 5 0.213 4 0
132 70 0.576 4 1
31 40 0.207 4 1
16 70 0.058 4 3
15 40 0.072 4 3
38 22 0.113 4 2
19 70 0.077 4 2
131 22 0.427 4 3
74 15 0.302 4 0
65 30 0.217 4 3
24 52 0.101 4 0
28 40 0.149 4 0
44 70 0.156 4 1
74 10 0.448 4 2
211 40 0.624 4 0
143 15 0.483 4 3
16 70 0.063 4 3
24 100 0.071 4 1
195 22 0.617 4 3
29 15 0.086 4 2
60 10 0.196 4 0
269 30 1.212 4 0
194 10 0.928 4 2
47 70 0.157 4 1
17 40 0.050 4 2
14 100 0.051 4 3
48 5 0.318 4 0
17 100 0.107 4 0
192 30 0.625 4 0
49 30 0.259 4 0
166 5 0.806 4 2
13 70 0.041 4 1
58 22 0.209 4 0
34 10 0.160 4 0
119 10 0.367 4 1
255 22 0.820 4 0
50 30 0.291 4 1
39 40 0.139 4 3
31 10 0.096 4 0
12 30 0.038 4 3
39 22 0.125 4 3
165 70 0.563 4 0
10 22 0.031 4 2
30 22 0.091 4 0
298 10 1.263 4 2
103 15 0.306 4 0
113 15 0.445 4 0
14 52 0.062 4 3
34 52 0.195 4 0
11 30 0.059 4 0
19 40 0.059 4 0
253 15 0.798 4 0
35 22 0.222 4 2
236 22 0.731 4 0
15 52 0.060 4 1
38 22 0.178 4 0
101 40 0.656 4 1
77 22 0.326 4 3
68 15 0.332 4 0
12 15 0.065 4 3
180 10 0.621 4 2
320 10 1.042 4 0
37 15 0.145 4 0
26 52 0.094 4 2
126 30 0.414 4 1
125 40 0.368 4 2
75 22 0.272 4 0
27 52 0.104 4 0
157 52 0.692 4 3
178 30 1.141 4 1
50 100 0.147 4 2
15 22 0.054 4 2
66 52 0.423 4 3
63 22 0.309 4 3
25 52 0.117 4 1
248 15 1.378 4 2
65 40 0.243 4 3
18 30 0.075 4 1
123 10 0.496 4 0
20 100 0.074 4 2
20 22 0.100 4 0
76 100 0.303 4 0
220 70 1.058 4 0
105 10 0.610 4 1
84 22 0.353 4 0
114 10 0.760 4 1
50 52 0.162 4 3
50 22 0.151 4 1
154 30 0.568 4 3
14 30 0.056 4 1
11 52 0.071 4 2
85 22 0.250 4 2
60 10 0.323 4 0
22 100 0.088 4 3
270 22 1.414 4 0
69 100 0.222 4 2
278 52 1.356 4 0
66 70 0.330 4 2
16 40 0.050 4 1
49 52 0.257 4 1
66 70 0.220 4 1
79 5 0.268 4 0
70 22 0.229 4 1
12 10 0.060 4 1
16 52 0.070 4 0
17 15 0.083 4 0
152 100 0.459 4 0
49 100 0.246 4 0
127 52 0.462 4 1
20 10 0.065 4 1
77 40 0.403 4 0
18 40 0.075 4 1
78 22 0.236 4 0
189 70 0.576 4 2
37 15 0.135 4 0
19 70 0.066 4 1
16 70 0.057 4 0
54 70 0.184 4 1
223 70 0.820 4 3
25 5 0.078 4 3
64 30 0.214 4 0
41 30 0.126 4 3
109 5 0.694 4 3
137 5 0.442 4 2
76 30 0.382 4 3
19 5 0.089 4 3
159 10 1.026 4 0
19 100 0.056 4 0
290 22 1.103 4 1
11 15 0.033 4 0
101 15 0.455 4 0
33 15 0.188 4 3
25 5 0.102 4 2
233 10 1.131 4 1
13 52 0.060 4 0
180 10 0.606 4 1
16 40 0.072 4 0
49 100 0.225 4 2
47 100 0.159 4 0
12 30 0.040 4 0
13 30 0.038 4 0
56 40 0.201 4 0
10 22 0.038 4 3
33 100 0.154 4 1
34 70 0.114 4 2
152 70 0.514 4 3
11 70 0.032 4 1
333 70 1.601 4 0
184 100 0.692 4 3
280 22 1.530 4 3
117 100 0.353 4 3
11 15 0.039 4 1
50 70 0.235 4 3
11 15 0.058 4 1
172 15 0.503 4 2
36 5 0.164 4 2
104 15 0.575 4 2
32 100 0.158 4 2
23 100 0.107 4 0
50 70 0.318 4 0
10 52 0.056 4 3
68 5 0.319 4 0
79 22 0.353 4 0
36 100 0.114 4 1
81 10 0.254 4 3
17 100 0.082 4 0
130 5 0.386 4 1
204 10 1.030 4 2
76 70 0.442 4 1
49 40 0.195 4 2
98 100 0.594 4 1
101 40 0.587 4 2
93 100 0.278 4 3
189 22 0.833 4 0
47 40 0.267 4 2
26 70 0.140 4 2
56 100 0.185 4 3
79 15 0.249 4 0
12 70 0.035 4 3
27 52 0.128 4 0
315 100 1.212 4 0
13 70 0.055 4 1
171 100 0.818 4 0
59 10 0.274 4 3
41 15 0.156 4 3
41 70 0.208 4 0
93 52 0.522 4 3
70 70 0.205 4 3
27 15 0.080 4 3
13 15 0.051 4 3
155 30 0.457 4 2
162 100 0.959 4 1
338 15 2.268 4 2
21 40 0.076 4 0
103 100 0.412 4 3
57 5 0.170 4 3
67 40 0.256 4 0
47 100 0.179 4 0
67 70 0.269 4 0
80 30 0.388 4 2
11 70 0.046 4 3
22 30 0.087 4 0
58 40 0.305 4 3
26 22 0.077 4 0
12 70 0.042 4 2
55 10 0.201 4 0
17 22 0.050 4 0
13 30 0.061 4 0
236 52 1.210 4 1
11 52 0.048 4 2
39 52 0.159 4 0
48 100 0.203 4 3
19 52 0.094 4 0
34 70 0.165 4 3
36 10 0.189 4 1
26 70 0.088 4 2
184 30 0.551 4 2
37 10 0.137 4 0
18 10 0.065 4 1
158 5 0.536 4 1
81 70 0.307 4 0
160 15 0.516 4 2
323 52 1.911 4 1
47 15 0.233 4 0
18 5 0.094 4 2
213 40 0.649 4 0
35 10 0.206 4 0
143 22 0.675 4 0
78 30 0.413 4 0
87 22 0.264 4 0
14 22 0.045 4 2
175 5 1.094 4 0
79 15 0.346 4 1
11 52 0.065 4 3
10 30 0.052 4 3
15 5 0.069 4 0
19 70 0.102 4 0
24 40 0.141 4 2
183 30 0.602 4 0
19 100 0.094 4 2
129 100 0.379 4 2
19 70 0.071 4 3
85 40 0.287 4 0
113 100 0.361 4 0
31 30 0.131 4 2
39 100 0.200 4 1
11 52 0.053 4 0
73 5 0.271 4 1
12 5 0.037 4 2
42 40 0.177 4 2
198 70 0.579 4 0
66 52 0.388 4 3
26 22 0.085 4 0
115 40 0.608 4 3
260 40 0.805 4 1
191 5 0.936 4 2
46 5 0.251 4 3
22 70 0.073 4 0
16 40 0.051 4 3
181 40 0.823 4 1
13 52 0.038 4 2
81 100 0.256 4 0
50 30 0.253 4 3
15 40 0.055 4 0
70 100 0.252 4 0
203 70 1.041 4 3
222 15 0.659 4 0
18 5 0.096 4 1
255 30 0.901 4 3
14 30 0.065 4 3
34 10 0.099 4 2
172 100 0.513 4 2
18 40 0.069 4 0
76 70 0.248 4 1
38 5 0.140 4 2
158 30 0.579 4 3
73 70 0.243 4 0
14 5 0.051 4 1
137 30 0.436 4 2
65 22 0.247 4 0
27 22 0.143 4 0
38 15 0.160 4 0
24 15 0.094 4 0
19 30 0.071 4 0
122 15 0.639 4 1
79 70 0.530 4 0
48 100 0.261 4 2
13 30 0.050 4 3
11 30 0.033 4 1
44 22 0.147 4 3
13 30 0.046 4 2
70 100 0.354 4 3
117 70 0.654 4 3
46 22 0.194 4 0
54 22 0.260 4 0
