59 100 0.225 0 3
25 5 0.152 0 3
64 70 0.427 0 1
16 15 0.069 0 3
18 30 0.053 0 1
11 70 0.055 0 3
10 22 0.061 0 2
78 22 0.285 0 2
31 10 0.106 0 1
22 22 0.084 0 1
38 100 0.148 0 3
22 5 0.106 0 3
182 22 0.831 0 3
70 15 0.424 0 3
28 5 0.133 0 3
11 30 0.048 0 1
188 10 0.686 0 3
10 40 0.056 0 2
51 100 0.166 0 2
15 70 0.055 0 3
64 40 0.416 0 3
57 10 0.222 0 3
232 10 0.951 0 2
31 40 0.125 0 1
69 100 0.224 0 2
15 5 0.057 0 3
15 10 0.060 0 2
43 5 0.172 0 3
194 100 0.847 0 3
20 22 0.100 0 1
18 40 0.098 0 3
62 15 0.257 0 3
44 100 0.232 0 1
84 52 0.361 0 2
118 22 0.482 0 1
33 15 0.163 0 1
33 70 0.201 0 1
68 100 0.252 0 2
32 5 0.098 0 3
73 10 0.320 0 2
27 15 0.113 0 3
186 5 1.192 0 2
155 100 0.856 0 3
34 52 0.103 0 1
14 70 0.046 0 2
77 10 0.467 0 1
10 10 0.048 0 2
13 52 0.039 0 1
18 70 0.067 0 1
163 22 0.528 0 3
75 30 0.441 0 2
94 70 0.522 0 2
124 70 0.432 0 1
62 70 0.395 0 3
34 100 0.103 0 1
18 52 0.074 0 2
33 22 0.169 0 1
111 10 0.478 0 2
86 100 0.415 0 3
83 15 0.250 0 2
25 52 0.088 0 1
16 10 0.070 0 1
14 30 0.042 0 1
166 52 0.692 0 3
96 100 0.387 0 1
35 100 0.161 0 2
326 5 1.811 0 3
76 30 0.251 0 2
16 22 0.053 0 1
136 22 0.895 0 3
73 40 0.365 0 2
148 15 0.846 0 2
194 70 0.588 0 2
14 5 0.041 0 3
11 22 0.039 0 1
58 70 0.205 0 3
47 22 0.139 0 1
18 100 0.088 0 2
22 5 0.109 0 3
165 100 0.922 0 1
12 10 0.043 0 3
38 5 0.182 0 3
52 22 0.246 0 3
326 5 0.991 0 3
10 52 0.040 0 1
42 40 0.155 0 2
210 10 1.391 0 3
35 52 0.171 0 1
11 10 0.048 0 1
11 5 0.069 0 3
84 5 0.477 0 1
11 40 0.039 0 1
22 40 0.080 0 1
145 22 0.895 0 3
17 22 0.055 0 3
295 52 1.117 0 1
26 15 0.118 0 3
66 22 0.216 0 2
34 40 0.114 0 1
52 22 0.169 0 1
198 52 0.731 0 1
15 40 0.060 0 2
72 5 0.235 0 3
81 52 0.301 0 2
326 5 1.105 0 2
72 5 0.290 0 1
10 100 0.037 0 1
13 52 0.040 0 3
45 5 0.223 0 2
17 40 0.071 0 1
65 40 0.385 0 3
24 70 0.100 0 3
74 22 0.239 0 3
71 5 0.270 0 2
34 15 0.100 0 2
68 52 0.266 0 1
270 10 0.915 0 3
138 70 0.582 0 2
124 100 0.608 0 3
46 15 0.150 0 3
187 30 1.169 0 1
19 10 0.081 0 1
19 70 0.058 0 1
135 70 0.396 0 3
38 30 0.128 0 2
226 52 0.722 0 1
38 10 0.213 0 2
11 52 0.037 0 1
315 70 2.086 0 2
31 22 0.187 0 1
131 5 0.771 0 2
22 40 0.117 0 3
24 52 0.074 0 3
52 10 0.225 0 2
15 40 0.057 0 1
37 10 0.162 0 2
61 52 0.212 0 3
78 100 0.233 0 1
14 10 0.052 0 2
239 40 1.026 0 1
57 10 0.175 0 3
21 22 0.080 0 1
318 5 1.257 0 3
18 100 0.059 0 1
186 70 0.912 0 2
36 52 0.114 0 1
21 70 0.094 0 2
32 70 0.098 0 3
17 100 0.052 0 2
23 40 0.099 0 2
119 10 0.394 0 2
53 22 0.356 0 3
46 15 0.140 0 1
14 5 0.065 0 3
10 70 0.029 0 3
47 70 0.212 0 1
123 70 0.637 0 2
17 70 0.074 0 3
18 22 0.063 0 2
165 22 0.625 0 2
45 22 0.152 0 1
47 40 0.239 0 3
30 52 0.142 0 2
20 5 0.063 0 1
14 40 0.049 0 1
11 5 0.032 0 2
50 22 0.228 0 1
70 10 0.241 0 1
11 40 0.047 0 2
16 30 0.055 0 2
54 22 0.205 0 3
125 5 0.456 0 1
14 10 0.056 0 1
154 5 0.917 0 1
29 10 0.089 0 3
63 30 0.212 0 1
14 52 0.053 0 2
33 52 0.190 0 3
22 70 0.122 0 1
11 22 0.035 0 2
20 40 0.103 0 2
268 22 0.905 0 2
11 52 0.046 0 3
132 52 0.414 0 3
12 15 0.056 0 3
135 15 0.734 0 1
72 52 0.258 0 1
172 40 1.089 0 3
59 15 0.333 0 1
32 15 0.158 0 2
27 22 0.097 0 3
29 15 0.094 0 1
67 70 0.335 0 3
212 10 0.642 0 2
159 40 0.924 0 1
41 30 0.122 0 3
12 40 0.050 0 1
15 52 0.061 0 2
218 70 1.346 0 3
20 70 0.095 0 3
83 5 0.301 0 1
182 22 0.781 0 3
16 40 0.050 0 3
21 30 0.100 0 1
79 5 0.374 0 2
13 10 0.083 0 2
52 5 0.257 0 2
38 30 0.130 0 2
186 100 0.587 0 1
45 5 0.251 0 3
65 40 0.406 0 2
64 22 0.196 0 1
307 5 1.505 0 1
27 100 0.150 0 2
17 15 0.106 0 2
12 15 0.036 0 1
112 22 0.566 0 1
18 22 0.061 0 1
160 15 0.762 0 3
151 10 0.451 0 2
70 40 0.385 0 3
57 22 0.166 0 2
39 15 0.181 0 1
70 100 0.261 0 1
39 10 0.201 0 3
75 30 0.273 0 3
90 22 0.495 0 2
12 5 0.064 0 3
75 70 0.347 0 3
70 70 0.323 0 1
15 22 0.064 0 1
34 70 0.115 0 2
14 100 0.041 0 1
54 52 0.283 0 2
168 15 0.661 0 3
13 100 0.041 0 3
34 70 0.118 0 3
66 30 0.196 0 3
19 100 0.106 0 1
185 100 0.703 0 2
236 30 0.983 0 2
59 100 0.178 0 2
47 100 0.208 0 1
14 40 0.041 0 1
125 10 0.387 0 2
11 10 0.046 0 1
23 70 0.096 0 1
16 15 0.053 0 3
154 70 0.650 0 3
18 22 0.079 0 1
64 30 0.268 0 3
12 5 0.041 0 2
15 52 0.047 0 2
28 52 0.147 0 2
104 100 0.703 0 3
52 70 0.207 0 2
32 30 0.106 0 1
156 30 0.538 0 3
104 52 0.327 0 2
17 100 0.093 0 3
79 52 0.329 0 2
115 100 0.564 0 2
14 70 0.078 0 2
10 10 0.062 0 3
45 70 0.146 0 1
61 15 0.288 0 1
22 30 0.120 0 3
71 70 0.266 0 3
26 30 0.076 0 3
268 15 0.788 0 3
64 22 0.213 0 2
12 52 0.075 0 2
30 40 0.098 0 1
18 15 0.069 0 3
61 10 0.271 0 3
291 30 0.964 0 1
33 70 0.202 0 1
44 22 0.145 0 3
19 30 0.057 0 1
10 10 0.045 0 2
37 100 0.124 0 2
288 70 0.960 0 3
132 70 0.393 0 1
303 40 1.674 0 3
42 10 0.158 0 2
13 100 0.083 0 2
117 10 0.692 0 2
170 5 0.829 0 3
26 5 0.138 0 3
27 5 0.079 0 1
284 22 1.797 0 3
145 70 0.721 0 3
69 30 0.373 0 3
133 30 0.487 0 3
14 15 0.082 0 1
19 52 0.093 0 1
91 100 0.279 0 1
281 52 0.862 0 2
15 30 0.090 0 2
36 5 0.137 0 2
39 30 0.244 0 3
82 40 0.297 0 1
52 70 0.186 0 1
69 40 0.238 0 3
74 5 0.460 0 3
23 100 0.115 0 2
76 100 0.273 0 3
133 5 0.433 0 3
54 10 0.257 0 3
289 100 0.917 0 2
159 5 0.535 0 2
177 40 1.120 0 1
63 52 0.205 0 3
30 10 0.123 0 1
78 5 0.361 0 3
34 52 0.180 0 1
249 22 0.735 0 3
79 100 0.389 0 3
29 70 0.104 0 2
38 15 0.247 0 2
38 100 0.115 0 2
68 22 0.304 0 1
53 5 0.165 0 1
142 22 0.534 0 2
25 15 0.137 0 2
19 10 0.062 0 2
77 52 0.412 0 2
52 70 0.203 0 2
15 22 0.048 0 1
31 30 0.196 0 3
179 22 0.581 0 1
37 22 0.124 0 3
64 5 0.398 0 2
246 100 1.640 0 2
117 52 0.432 0 3
136 15 0.694 0 2
16 30 0.050 0 1
16 5 0.097 0 1
20 22 0.093 0 1
31 10 0.208 0 2
173 40 0.961 0 1
64 10 0.350 0 1
38 52 0.250 0 3
70 22 0.241 0 2
190 40 1.022 0 2
41 22 0.186 0 2
10 15 0.057 0 3
46 22 0.144 0 2
185 40 1.108 0 3
35 30 0.105 0 1
27 100 0.107 0 2
58 5 0.186 0 1
177 40 1.060 0 3
14 10 0.073 0 1
19 15 0.127 0 1
17 5 0.052 0 2
29 30 0.125 0 1
19 70 0.106 0 1
37 15 0.121 0 2
133 10 0.594 0 2
61 30 0.365 0 3
17 22 0.089 0 1
41 5 0.165 0 3
109 5 0.509 0 2
167 70 0.560 0 1
147 40 0.607 0 1
75 30 0.347 0 2
33 22 0.196 0 2
38 40 0.124 0 1
64 22 0.282 0 1
12 22 0.056 0 1
131 52 0.565 0 2
236 40 1.223 0 1
236 15 0.722 0 2
163 70 0.522 0 2
53 22 0.178 0 3
230 15 0.728 0 3
18 40 0.054 0 3
58 70 0.260 0 3
20 22 0.068 0 1
50 10 0.194 0 3
37 5 0.174 0 3
325 70 1.186 0 2
106 5 0.311 0 3
44 100 0.234 0 1
61 70 0.262 0 1
157 52 0.704 0 1
167 40 0.490 0 3
250 30 0.794 0 2
62 10 0.238 0 1
63 100 0.352 0 2
13 70 0.041 0 3
92 10 0.617 0 2
29 22 0.149 0 2
128 10 0.487 0 2
10 30 0.034 0 1
29 15 0.129 0 3
290 100 1.278 0 2
259 70 1.210 0 1
163 15 0.762 0 1
214 22 0.856 0 1
45 40 0.151 0 1
16 22 0.059 0 1
33 30 0.165 0 2
16 30 0.059 0 3
18 15 0.054 0 1
111 10 0.689 0 3
327 40 1.009 0 3
15 15 0.066 0 1
78 52 0.291 0 2
66 10 0.342 0 1
16 10 0.048 0 2
266 52 1.478 0 2
174 22 0.527 0 3
50 52 0.181 0 2
46 10 0.228 0 2
51 30 0.193 0 1
70 15 0.376 0 1
60 10 0.185 0 1
20 15 0.062 0 2
28 10 0.125 0 2
18 100 0.060 0 3
68 52 0.212 0 3
171 70 0.566 0 2
50 100 0.166 0 2
171 70 0.609 0 2
203 10 0.781 0 3
17 15 0.108 0 2
19 22 0.112 0 3
46 100 0.303 0 1
183 15 0.704 0 1
91 70 0.603 0 1
64 52 0.276 0 2
10 30 0.037 0 2
78 15 0.269 0 2
192 15 0.623 0 1
136 22 0.708 0 1
43 22 0.243 0 3
92 10 0.287 0 1
113 52 0.388 0 1
45 5 0.155 0 2
78 100 0.329 0 1
66 10 0.359 0 1
171 5 0.945 0 2
264 40 1.630 0 1
116 52 0.403 0 1
229 15 0.672 0 1
13 5 0.083 0 3
47 40 0.150 0 3
189 70 0.733 0 3
59 10 0.371 0 3
224 10 0.868 0 3
72 70 0.330 0 1
38 22 0.126 0 2
130 10 0.798 0 2
59 15 0.226 0 2
76 15 0.406 0 1
161 5 0.649 0 3
35 52 0.189 0 1
139 15 0.505 0 2
193 70 1.184 0 1
16 70 0.066 0 3
60 70 0.207 0 3
336 30 1.105 0 3
214 5 0.877 0 3
145 10 0.711 0 1
92 100 0.354 0 1
121 15 0.376 0 2
11 10 0.038 0 2
111 70 0.402 0 1
26 30 0.104 0 3
13 22 0.043 0 1
17 40 0.056 0 3
63 70 0.246 0 2
55 15 0.172 0 2
17 52 0.086 0 3
10 30 0.049 0 3
55 52 0.235 0 1
79 52 0.299 0 1
10 70 0.051 0 1
38 30 0.195 0 2
61 15 0.370 0 3
15 30 0.093 0 2
66 100 0.232 0 3
16 30 0.061 0 2
61 52 0.207 0 2
105 30 0.455 0 3
65 100 0.328 0 1
143 40 0.526 0 2
18 52 0.072 0 2
34 100 0.129 0 1
279 22 1.197 0 2
61 40 0.370 0 2
29 40 0.124 0 1
15 70 0.046 0 3
27 10 0.153 0 3
31 52 0.123 0 1
24 5 0.082 0 1
157 10 0.858 0 1
37 15 0.130 0 1
39 22 0.120 0 3
77 52 0.510 0 1
17 100 0.069 0 2
114 70 0.573 0 1
16 52 0.054 0 3
71 5 0.303 0 1
148 15 0.627 0 3
54 70 0.164 0 2
157 30 0.498 0 1
130 10 0.381 0 2
41 22 0.168 0 1
26 22 0.083 0 3
34 100 0.160 0 1
16 100 0.084 0 3
14 70 0.069 0 1
64 5 0.269 0 2
126 70 0.397 0 3
61 100 0.196 0 1
11 40 0.046 0 3
198 5 0.664 0 2
81 22 0.354 0 3
119 22 0.444 0 3
54 15 0.175 0 1
66 52 0.277 0 3
295 22 1.832 0 3
197 30 1.166 0 3
19 10 0.086 0 2
12 100 0.043 0 1
10 52 0.041 0 3
141 22 0.860 0 3
39 5 0.205 0 1
59 52 0.247 0 2
14 22 0.093 0 1
257 5 1.412 0 2
15 70 0.079 0 3
170 52 0.614 0 3
55 40 0.227 0 1
120 100 0.369 0 3
39 10 0.204 0 3
25 5 0.110 0 2
31 30 0.113 0 1
126 22 0.374 0 3
54 100 0.300 0 3
78 52 0.411 0 3
23 70 0.155 0 1
229 40 0.987 0 1
45 52 0.187 0 1
19 22 0.084 0 2
61 70 0.370 0 3
238 15 0.715 0 2
79 22 0.488 0 2
129 15 0.571 0 1
13 40 0.053 0 2
88 40 0.259 0 1
104 52 0.310 0 3
11 5 0.034 0 3
14 5 0.046 0 2
153 70 0.524 0 2
27 15 0.128 0 3
173 30 0.848 0 1
30 100 0.179 0 2
21 70 0.068 0 2
76 10 0.285 0 2
26 52 0.161 0 3
290 30 0.963 0 2
56 100 0.308 0 2
160 10 1.019 0 1
260 10 0.825 0 3
28 22 0.144 0 3
171 40 0.550 0 3
74 10 0.238 0 3
46 22 0.243 0 3
18 40 0.108 0 2
66 30 0.400 0 1
336 22 1.556 0 3
63 22 0.217 0 1
13 70 0.039 0 2
15 52 0.067 0 2
76 70 0.514 0 1
79 30 0.298 0 3
229 100 0.753 0 2
117 30 0.568 0 3
32 40 0.167 0 1
63 5 0.358 0 3
256 10 0.886 0 3
12 30 0.071 0 2
17 52 0.072 0 1
38 5 0.162 0 3
71 10 0.285 0 3
179 100 0.576 0 2
12 15 0.054 0 3
23 40 0.147 0 1
36 15 0.106 0 2
14 30 0.044 0 1
32 52 0.120 0 1
47 40 0.218 0 2
129 10 0.382 0 1
67 30 0.207 0 3
39 30 0.154 0 1
43 52 0.137 0 2
109 10 0.321 0 3
27 70 0.108 0 1
51 10 0.199 0 3
323 100 1.665 0 2
14 10 0.063 0 3
14 70 0.057 0 2
187 100 0.596 0 1
88 5 0.368 0 1
116 22 0.472 0 2
17 22 0.056 0 1
114 100 0.430 0 1
158 22 0.552 0 3
32 52 0.148 0 2
37 70 0.134 0 1
39 52 0.196 0 2
12 5 0.037 0 3
15 100 0.046 0 2
26 30 0.117 0 3
11 10 0.038 0 3
36 52 0.183 0 1
38 40 0.146 0 3
294 22 1.077 0 2
18 52 0.055 0 2
228 100 0.867 0 3
29 15 0.104 0 1
47 52 0.151 0 2
15 40 0.068 0 2
66 30 0.216 0 3
20 40 0.061 0 1
13 30 0.063 0 2
149 22 0.738 0 2
156 22 1.006 0 1
68 22 0.374 0 3
73 22 0.257 0 3
164 5 0.745 0 3
80 40 0.268 0 3
317 30 1.502 0 3
27 70 0.094 0 2
177 10 1.188 0 1
28 22 0.181 0 2
69 70 0.369 0 1
73 70 0.220 0 3
35 15 0.178 0 2
72 15 0.319 0 2
10 10 0.030 0 1
80 15 0.362 0 3
16 10 0.088 0 3
12 70 0.067 0 1
29 40 0.121 0 3
78 70 0.487 0 1
11 40 0.059 0 3
14 30 0.047 0 2
54 5 0.338 0 2
11 5 0.041 0 2
71 22 0.301 0 3
26 100 0.158 0 1
49 22 0.278 0 2
26 22 0.120 0 2
87 40 0.382 0 1
12 22 0.049 0 3
32 15 0.116 0 1
20 15 0.061 0 1
28 30 0.109 0 1
19 52 0.070 0 2
42 40 0.218 0 3
34 100 0.118 0 3
29 30 0.121 0 1
99 5 0.369 0 2
100 52 0.429 0 1
16 22 0.050 0 1
34 10 0.108 0 2
75 5 0.245 0 3
10 15 0.055 0 2
38 15 0.222 0 2
40 70 0.151 0 3
17 70 0.093 0 2
42 40 0.269 0 3
176 5 0.713 0 2
78 30 0.438 0 3
186 40 0.612 0 2
108 100 0.584 0 2
10 15 0.032 0 1
14 22 0.090 0 3
70 70 0.210 0 3
329 5 1.115 0 1
55 52 0.219 0 3
150 40 0.661 0 2
13 10 0.041 0 3
105 52 0.505 0 3
29 52 0.147 0 1
10 10 0.063 0 2
39 70 0.140 0 2
126 30 0.368 0 2
324 40 1.055 0 2
10 30 0.041 0 2
98 70 0.362 0 2
337 30 1.286 0 2
44 30 0.163 0 2
32 22 0.123 0 1
15 70 0.058 0 3
181 22 0.704 0 3
25 15 0.095 0 3
32 100 0.151 0 3
116 15 0.389 0 3
70 30 0.252 0 1
27 15 0.131 0 2
52 15 0.347 0 2
60 52 0.305 0 2
121 30 0.392 0 2
16 100 0.093 0 1
166 52 0.496 0 1
17 10 0.061 0 1
47 15 0.163 0 1
170 40 0.739 0 1
21 10 0.088 0 3
12 40 0.046 0 2
16 15 0.090 0 1
35 30 0.191 0 3
54 5 0.284 0 3
51 15 0.239 0 3
40 15 0.134 0 3
220 22 0.728 0 2
44 70 0.186 0 2
16 10 0.047 0 3
98 52 0.576 0 2
12 40 0.079 0 1
68 10 0.415 0 2
21 40 0.099 0 1
11 5 0.050 0 2
135 52 0.519 0 1
61 5 0.210 0 1
128 70 0.408 0 3
16 22 0.059 0 3
17 10 0.059 0 3
96 30 0.485 0 3
149 30 0.616 0 3
215 5 0.881 0 1
48 5 0.162 0 2
249 15 0.732 0 2
17 52 0.062 0 2
99 30 0.448 0 3
12 52 0.046 0 2
115 70 0.622 0 2
336 30 1.047 0 3
234 22 1.330 0 1
33 52 0.153 0 1
52 5 0.172 0 1
21 10 0.082 0 2
269 70 0.815 0 2
43 5 0.254 0 3
41 5 0.127 0 2
49 30 0.220 0 1
38 10 0.122 0 3
332 70 2.142 0 2
56 22 0.206 0 3
14 70 0.045 0 2
55 100 0.201 0 2
78 70 0.252 0 2
14 30 0.043 0 2
13 22 0.060 0 1
126 52 0.481 0 3
17 52 0.054 0 1
13 70 0.057 0 1
110 52 0.345 0 2
19 22 0.117 0 2
74 100 0.465 0 2
77 40 0.308 0 2
184 5 0.995 0 3
116 70 0.604 0 1
31 52 0.099 0 1
31 40 0.156 0 3
13 30 0.041 0 3
68 52 0.202 0 3
14 10 0.084 0 1
63 15 0.288 0 3
13 22 0.057 0 2
114 10 0.511 0 3
172 100 0.935 0 3
60 5 0.275 0 1
18 52 0.054 0 1
18 22 0.107 0 2
26 100 0.086 0 1
38 52 0.178 0 1
212 52 1.098 0 2
36 52 0.115 0 1
59 10 0.383 0 1
250 100 0.729 0 3
25 100 0.097 0 1
15 22 0.078 0 1
79 15 0.262 0 1
12 40 0.039 0 1
17 70 0.092 0 1
28 5 0.124 0 3
16 30 0.108 0 1
15 100 0.052 0 3
23 15 0.106 0 1
57 30 0.211 0 1
12 10 0.056 0 1
33 52 0.149 0 2
16 100 0.092 0 2
22 22 0.066 0 3
32 22 0.155 0 3
57 22 0.337 0 2
10 52 0.051 0 2
12 15 0.037 0 2
123 15 0.430 0 3
14 70 0.091 0 2
14 100 0.052 0 3
11 30 0.074 0 1
47 22 0.193 0 3
116 22 0.416 0 1
14 15 0.045 0 3
279 10 1.661 0 3
15 15 0.051 0 3
67 10 0.394 0 1
181 70 0.588 0 1
60 52 0.232 0 3
44 70 0.140 0 2
268 52 1.441 0 2
167 100 0.879 0 3
35 10 0.121 0 1
11 22 0.053 0 3
199 10 0.777 0 3
220 15 1.152 0 1
280 15 1.497 0 3
35 5 0.191 0 1
26 30 0.084 0 1
39 100 0.141 0 2
18 15 0.115 0 1
191 70 0.786 0 1
77 52 0.310 0 1
15 100 0.058 0 2
72 15 0.246 0 1
80 22 0.365 0 3
38 40 0.199 0 2
16 5 0.055 0 1
218 30 1.178 0 2
119 15 0.580 0 3
129 40 0.811 0 1
158 5 0.705 0 1
51 10 0.164 0 3
14 70 0.056 0 1
148 100 0.521 0 2
119 40 0.430 0 3
51 70 0.151 0 2
142 5 0.415 0 2
53 10 0.255 0 1
11 40 0.061 0 2
11 5 0.038 0 3
31 22 0.126 0 2
60 10 0.390 0 2
37 15 0.220 0 2
49 22 0.318 0 2
33 52 0.120 0 3
20 100 0.060 0 1
121 40 0.356 0 1
32 40 0.098 0 2
150 100 0.685 0 1
14 22 0.051 0 2
117 5 0.582 0 2
18 70 0.062 0 3
57 22 0.175 0 1
77 30 0.245 0 1
10 70 0.051 0 3
20 5 0.092 0 1
34 30 0.132 0 2
13 70 0.069 0 1
170 52 1.000 0 3
13 22 0.051 0 1
71 15 0.284 0 3
57 30 0.300 0 3
68 40 0.271 0 3
19 22 0.118 0 2
36 10 0.117 0 2
18 40 0.072 0 1
136 52 0.638 0 2
26 10 0.166 0 2
76 5 0.310 0 3
44 100 0.286 0 2
29 5 0.158 0 1
25 100 0.073 0 3
34 10 0.107 0 1
120 10 0.351 0 1
188 40 0.689 0 1
75 5 0.248 0 2
209 100 0.954 0 3
36 10 0.148 0 2
19 5 0.082 0 2
14 10 0.060 0 2
10 15 0.039 0 1
117 30 0.416 0 1
76 100 0.241 0 1
14 15 0.049 0 3
16 70 0.081 0 1
11 100 0.043 0 1
17 10 0.082 0 3
52 5 0.177 0 1
253 15 1.643 0 2
101 30 0.323 0 3
39 5 0.136 0 2
38 15 0.138 0 1
19 52 0.095 0 3
15 70 0.072 0 3
146 70 0.811 0 3
17 30 0.069 0 1
149 5 0.920 0 3
11 5 0.034 0 2
237 15 0.884 0 2
75 10 0.357 0 2
12 40 0.072 0 2
45 52 0.149 0 3
78 15 0.441 0 2
74 30 0.236 0 3
50 22 0.155 0 1
44 70 0.157 0 3
14 10 0.049 0 2
45 70 0.191 0 2
15 30 0.052 0 3
12 40 0.062 0 3
151 22 0.821 0 3
16 15 0.051 0 3
18 52 0.068 0 3
43 30 0.128 0 2
217 15 0.696 0 1
22 30 0.089 0 3
280 70 1.081 0 1
16 5 0.061 0 3
187 15 0.621 0 1
13 52 0.043 0 3
138 52 0.476 0 3
15 10 0.052 0 3
24 10 0.104 0 1
26 100 0.147 0 3
178 5 1.072 0 3
15 70 0.055 0 1
30 70 0.087 0 2
11 30 0.037 0 3
65 52 0.208 0 1
230 40 1.139 0 2
168 30 0.767 0 1
25 70 0.169 0 1
31 10 0.103 0 1
27 30 0.110 0 3
133 40 0.787 0 3
10 52 0.035 0 2
110 10 0.414 0 3
15 15 0.047 0 2
14 10 0.051 0 2
318 30 1.963 0 2
30 15 0.181 0 2
165 40 0.539 0 3
164 40 0.800 0 3
16 10 0.095 0 2
91 10 0.595 0 1
15 70 0.056 0 3
261 40 1.061 0 2
318 15 1.287 0 2
144 100 0.610 0 3
159 5 0.694 0 3
197 22 0.691 0 2
273 52 1.000 0 2
26 30 0.125 0 2
17 15 0.070 0 1
120 5 0.492 0 1
266 100 0.896 0 1
147 15 0.662 0 2
24 52 0.072 0 1
169 40 0.593 0 1
144 22 0.595 0 2
35 15 0.144 0 3
56 100 0.169 0 2
141 70 0.621 0 2
119 5 0.364 0 3
280 15 1.000 0 1
66 22 0.353 0 1
120 22 0.451 0 1
82 40 0.253 0 1
39 40 0.165 0 2
19 10 0.068 0 3
133 52 0.424 0 1
79 10 0.516 0 3
13 52 0.038 0 1
16 40 0.069 0 1
18 15 0.092 0 3
28 30 0.135 0 3
22 40 0.085 0 1
293 40 0.930 0 3
27 40 0.115 0 1
63 22 0.205 0 1
141 22 0.746 0 1
13 52 0.083 0 2
30 70 0.099 0 3
262 15 1.207 0 1
27 52 0.086 0 1
183 52 0.691 0 3
134 30 0.596 0 3
128 22 0.674 0 1
66 15 0.229 0 1
30 70 0.200 0 1
46 30 0.275 0 2
29 15 0.101 0 2
58 40 0.294 0 1
75 52 0.385 0 1
75 70 0.232 0 3
141 70 0.513 0 3
212 5 0.765 0 2
10 5 0.038 0 1
80 40 0.468 0 1
39 70 0.245 0 2
61 40 0.323 0 1
148 100 0.632 0 2
14 40 0.084 0 2
18 100 0.093 0 3
13 15 0.071 0 3
55 30 0.208 0 2
12 52 0.057 0 1
35 22 0.194 0 3
56 52 0.258 0 2
11 100 0.071 0 1
12 30 0.049 0 2
265 70 0.898 0 3
12 10 0.057 0 2
18 30 0.100 0 1
34 30 0.227 0 2
259 52 0.825 0 3
16 22 0.099 0 1
28 15 0.107 0 1
194 40 0.729 0 3
17 5 0.057 0 3
91 40 0.287 0 3
139 5 0.848 0 3
39 15 0.122 0 1
334 100 1.653 0 2
57 40 0.197 1 2
59 15 0.294 1 0
45 15 0.161 1 2
97 30 0.495 1 2
14 70 0.058 1 2
19 10 0.060 1 0
37 5 0.116 1 0
147 40 0.462 1 0
53 40 0.238 1 3
73 22 0.453 1 0
19 30 0.106 1 2
29 5 0.104 1 0
25 100 0.098 1 2
62 22 0.251 1 0
185 100 0.585 1 2
15 100 0.045 1 0
15 30 0.080 1 0
41 10 0.123 1 0
24 70 0.109 1 3
63 5 0.272 1 0
49 70 0.249 1 0
199 15 0.743 1 0
10 52 0.047 1 0
189 15 0.979 1 2
39 52 0.179 1 0
63 22 0.210 1 0
78 100 0.338 1 0
187 10 1.169 1 0
174 22 0.644 1 0
63 5 0.399 1 0
34 15 0.166 1 3
11 22 0.056 1 0
93 5 0.433 1 2
67 30 0.441 1 0
35 70 0.208 1 3
26 10 0.080 1 2
74 100 0.278 1 3
23 10 0.093 1 0
124 22 0.479 1 0
42 40 0.258 1 0
17 52 0.070 1 2
17 22 0.099 1 2
19 5 0.076 1 2
16 5 0.106 1 3
74 10 0.284 1 3
101 10 0.316 1 2
167 40 0.660 1 2
16 22 0.076 1 0
15 30 0.091 1 3
304 70 1.206 1 0
55 100 0.215 1 2
12 5 0.035 1 3
13 22 0.082 1 0
198 15 1.065 1 3
54 70 0.175 1 0
13 100 0.046 1 3
82 100 0.408 1 0
89 70 0.276 1 0
13 22 0.048 1 0
124 15 0.626 1 0
291 15 1.540 1 0
12 5 0.046 1 0
296 22 1.558 1 3
90 30 0.299 1 0
96 5 0.459 1 0
59 30 0.376 1 0
14 10 0.073 1 3
81 10 0.296 1 0
28 22 0.082 1 2
19 40 0.080 1 3
14 52 0.073 1 3
150 5 0.630 1 2
75 30 0.478 1 0
49 22 0.278 1 0
187 40 1.184 1 0
191 22 0.970 1 3
34 22 0.175 1 0
10 40 0.042 1 0
25 10 0.075 1 3
120 30 0.686 1 0
18 30 0.079 1 0
117 15 0.562 1 0
11 5 0.042 1 0
33 15 0.115 1 0
19 15 0.077 1 3
160 5 0.523 1 0
62 100 0.363 1 3
32 52 0.113 1 2
28 52 0.132 1 0
10 15 0.050 1 3
75 30 0.300 1 3
10 5 0.030 1 3
63 52 0.356 1 3
56 10 0.320 1 0
35 100 0.126 1 0
94 22 0.326 1 3
14 100 0.081 1 2
53 22 0.315 1 0
60 30 0.190 1 3
104 10 0.703 1 3
56 30 0.227 1 0
28 70 0.082 1 3
139 70 0.632 1 3
192 52 0.995 1 0
164 15 0.710 1 3
39 10 0.154 1 0
17 40 0.067 1 0
168 5 1.000 1 3
80 10 0.516 1 0
16 10 0.085 1 0
176 22 0.545 1 0
101 15 0.518 1 3
57 5 0.214 1 0
27 15 0.120 1 2
11 10 0.043 1 3
169 52 0.748 1 0
17 22 0.067 1 0
193 100 0.745 1 0
13 15 0.061 1 0
10 5 0.067 1 3
282 52 1.175 1 0
11 5 0.048 1 0
15 70 0.098 1 0
23 15 0.081 1 0
263 5 0.892 1 2
44 100 0.129 1 0
21 100 0.087 1 3
27 70 0.148 1 3
30 30 0.185 1 3
21 15 0.142 1 2
31 40 0.205 1 0
11 100 0.055 1 0
76 10 0.229 1 3
200 52 0.649 1 3
39 30 0.123 1 0
11 15 0.061 1 0
179 100 1.119 1 2
21 15 0.095 1 2
63 10 0.299 1 0
143 40 0.803 1 0
111 70 0.500 1 2
31 5 0.155 1 0
10 15 0.049 1 0
291 30 1.032 1 0
41 10 0.199 1 2
21 10 0.083 1 0
34 52 0.181 1 3
67 5 0.202 1 0
29 40 0.100 1 0
90 10 0.360 1 0
15 52 0.059 1 3
310 5 1.527 1 0
16 15 0.084 1 0
74 15 0.368 1 0
120 5 0.451 1 2
145 70 0.602 1 2
43 40 0.250 1 0
10 100 0.061 1 2
31 5 0.151 1 3
22 5 0.097 1 3
79 10 0.234 1 0
17 15 0.090 1 3
161 40 0.474 1 2
87 100 0.576 1 0
16 5 0.049 1 0
59 70 0.269 1 3
205 52 0.614 1 2
206 10 1.164 1 0
320 40 1.829 1 3
20 30 0.070 1 0
13 10 0.052 1 0
82 15 0.262 1 3
25 15 0.144 1 0
17 70 0.077 1 2
153 70 0.640 1 3
38 52 0.205 1 0
191 15 0.905 1 0
87 70 0.259 1 0
16 5 0.066 1 0
75 100 0.231 1 0
77 100 0.276 1 0
196 30 0.947 1 0
112 15 0.477 1 0
18 30 0.058 1 3
39 52 0.151 1 2
34 5 0.130 1 3
74 52 0.372 1 0
116 5 0.393 1 3
77 22 0.317 1 0
19 5 0.088 1 0
38 40 0.120 1 0
133 5 0.391 1 0
22 22 0.133 1 0
148 52 0.498 1 0
47 52 0.290 1 0
35 52 0.137 1 2
15 70 0.072 1 0
126 70 0.429 1 0
38 40 0.127 1 3
85 52 0.452 1 2
36 30 0.237 1 0
56 52 0.238 1 2
73 70 0.290 1 0
14 30 0.047 1 2
21 15 0.066 1 0
13 100 0.067 1 0
34 30 0.212 1 3
15 5 0.069 1 2
13 100 0.048 1 0
91 10 0.269 1 0
42 30 0.132 1 0
33 100 0.118 1 0
60 10 0.323 1 2
181 100 0.858 1 3
16 52 0.105 1 2
43 70 0.259 1 3
21 10 0.100 1 3
327 15 2.044 1 0
10 52 0.042 1 2
153 52 0.464 1 0
18 52 0.095 1 2
33 30 0.125 1 2
43 100 0.166 1 3
24 100 0.087 1 2
28 40 0.087 1 0
57 52 0.354 1 2
89 70 0.403 1 3
66 70 0.317 1 0
267 10 1.055 1 2
43 30 0.277 1 2
83 100 0.254 1 2
15 100 0.049 1 2
281 40 1.713 1 0
148 100 0.836 1 0
77 22 0.313 1 0
94 52 0.347 1 2
112 5 0.511 1 0
16 30 0.088 1 0
137 40 0.656 1 2
52 100 0.193 1 3
24 22 0.084 1 0
85 10 0.250 1 0
131 5 0.642 1 0
35 22 0.131 1 2
75 30 0.260 1 2
36 100 0.240 1 2
24 15 0.090 1 0
16 10 0.106 1 0
42 70 0.250 1 0
168 52 0.866 1 0
13 22 0.086 1 0
33 15 0.201 1 2
220 52 0.928 1 3
106 100 0.381 1 2
16 52 0.049 1 2
29 30 0.145 1 2
45 22 0.178 1 2
13 22 0.047 1 2
79 30 0.376 1 0
36 10 0.120 1 3
37 70 0.139 1 2
16 100 0.104 1 2
282 30 1.868 1 3
26 30 0.130 1 0
90 52 0.278 1 3
18 22 0.057 1 2
198 100 1.059 1 2
31 10 0.093 1 0
15 52 0.095 1 0
76 52 0.245 1 0
29 70 0.088 1 0
14 40 0.085 1 0
187 100 0.548 1 0
15 52 0.075 1 3
20 40 0.078 1 2
16 22 0.096 1 0
130 30 0.395 1 0
62 10 0.411 1 0
172 22 0.691 1 3
21 15 0.075 1 0
12 10 0.045 1 0
12 52 0.039 1 2
117 40 0.448 1 0
59 5 0.242 1 0
13 70 0.055 1 2
14 10 0.041 1 0
47 40 0.190 1 3
42 15 0.183 1 2
237 10 0.697 1 3
34 100 0.120 1 0
26 52 0.171 1 2
65 40 0.205 1 0
56 10 0.289 1 0
152 100 0.563 1 3
82 10 0.304 1 0
18 5 0.105 1 0
18 100 0.076 1 0
189 100 0.561 1 2
33 30 0.167 1 3
82 52 0.503 1 0
15 100 0.049 1 0
24 100 0.157 1 0
39 10 0.127 1 3
13 30 0.053 1 0
265 30 0.930 1 0
37 52 0.129 1 0
72 100 0.304 1 0
207 15 0.852 1 0
78 15 0.295 1 2
61 30 0.178 1 0
30 70 0.091 1 2
77 30 0.260 1 0
49 22 0.159 1 2
58 100 0.204 1 2
38 52 0.112 1 0
264 40 0.913 1 0
32 30 0.145 1 0
22 52 0.067 1 0
14 100 0.080 1 3
28 52 0.092 1 2
15 52 0.051 1 0
86 22 0.256 1 3
75 100 0.254 1 0
35 10 0.146 1 0
50 100 0.156 1 0
199 100 0.670 1 0
245 5 1.172 1 0
111 70 0.394 1 3
73 22 0.312 1 2
39 70 0.165 1 3
10 100 0.037 1 0
23 100 0.084 1 0
10 15 0.030 1 2
11 10 0.059 1 2
26 100 0.107 1 3
17 70 0.056 1 3
16 40 0.055 1 2
46 22 0.146 1 3
14 40 0.089 1 3
18 10 0.055 1 0
75 10 0.277 1 0
217 15 1.199 1 3
16 40 0.054 1 0
64 70 0.230 1 3
64 10 0.276 1 2
14 52 0.077 1 0
13 40 0.086 1 0
16 10 0.050 1 2
21 70 0.087 1 2
10 52 0.039 1 0
19 30 0.081 1 0
23 40 0.083 1 3
18 70 0.053 1 0
13 52 0.058 1 0
40 100 0.148 1 0
109 30 0.657 1 3
306 10 1.209 1 0
94 70 0.295 1 2
211 52 0.759 1 0
29 52 0.092 1 3
194 100 0.708 1 0
18 5 0.061 1 0
57 15 0.197 1 0
16 100 0.049 1 3
38 30 0.143 1 0
287 30 0.842 1 3
16 100 0.057 1 3
39 100 0.137 1 3
21 52 0.069 1 0
19 100 0.061 1 2
260 100 1.262 1 3
21 22 0.068 1 0
57 22 0.310 1 0
166 15 1.099 1 0
39 40 0.121 1 2
63 52 0.226 1 0
26 22 0.112 1 2
31 5 0.157 1 2
118 52 0.752 1 3
10 22 0.038 1 3
11 30 0.041 1 2
59 52 0.355 1 2
104 52 0.601 1 2
77 52 0.250 1 0
76 40 0.299 1 0
285 40 1.096 1 2
177 52 1.157 1 0
18 10 0.053 1 2
22 30 0.103 1 0
76 52 0.321 1 0
11 5 0.060 1 2
16 100 0.086 1 3
14 15 0.043 1 0
79 15 0.467 1 0
47 40 0.273 1 2
36 30 0.111 1 0
201 15 0.758 1 0
12 10 0.035 1 2
15 52 0.047 1 3
75 22 0.270 1 3
173 22 0.689 1 0
125 5 0.463 1 0
25 52 0.087 1 3
187 40 0.763 1 2
150 40 0.573 1 2
27 40 0.113 1 3
287 5 1.354 1 0
67 30 0.444 1 0
29 5 0.169 1 3
14 30 0.055 1 0
163 70 0.807 1 0
294 5 0.961 1 0
173 70 0.592 1 2
22 22 0.070 1 0
145 10 0.426 1 0
118 70 0.541 1 0
38 100 0.183 1 3
10 40 0.046 1 3
106 10 0.561 1 2
27 15 0.111 1 2
10 70 0.038 1 3
77 100 0.293 1 3
196 52 0.622 1 0
13 52 0.041 1 0
193 22 1.116 1 0
172 30 0.503 1 0
68 15 0.254 1 0
26 22 0.098 1 2
25 70 0.074 1 0
40 52 0.124 1 3
63 22 0.321 1 3
26 5 0.156 1 2
40 15 0.137 1 0
14 10 0.084 1 2
124 40 0.775 1 2
152 22 0.452 1 3
21 15 0.062 1 3
104 10 0.315 1 0
10 5 0.032 1 0
271 70 0.809 1 2
15 22 0.059 1 0
175 70 1.012 1 3
59 52 0.373 1 0
153 22 0.565 1 3
56 40 0.298 1 0
188 100 0.653 1 0
100 15 0.309 1 2
13 40 0.046 1 3
140 22 0.442 1 3
10 30 0.064 1 0
88 100 0.318 1 3
18 52 0.118 1 2
332 52 1.824 1 0
79 15 0.364 1 3
138 22 0.836 1 0
29 30 0.088 1 2
19 22 0.059 1 0
61 70 0.333 1 3
118 15 0.590 1 0
31 100 0.090 1 2
17 22 0.051 1 0
12 40 0.062 1 2
19 40 0.057 1 0
21 100 0.062 1 0
12 22 0.069 1 3
76 40 0.328 1 0
104 10 0.605 1 3
61 10 0.310 1 0
147 52 0.742 1 3
63 100 0.216 1 3
112 5 0.563 1 0
238 40 1.102 1 3
63 5 0.244 1 3
56 5 0.178 1 3
122 52 0.521 1 0
16 15 0.052 1 0
39 70 0.222 1 3
150 40 0.685 1 3
202 22 0.704 1 0
19 40 0.081 1 0
19 70 0.065 1 0
174 30 0.563 1 2
15 100 0.071 1 0
34 70 0.101 1 0
24 30 0.161 1 3
20 100 0.070 1 3
67 40 0.231 1 0
77 40 0.271 1 0
19 30 0.096 1 0
44 30 0.200 1 2
13 100 0.067 1 2
156 22 0.508 1 0
11 10 0.061 1 2
17 15 0.063 1 2
111 5 0.491 1 0
103 52 0.495 1 0
84 10 0.294 1 2
233 30 0.963 1 2
15 40 0.070 1 0
39 10 0.144 1 3
140 22 0.848 1 0
74 22 0.457 1 2
70 15 0.363 1 0
139 52 0.438 1 3
153 5 0.522 1 0
273 15 1.645 1 2
144 70 0.608 1 0
284 10 1.732 1 0
117 5 0.619 1 2
16 5 0.082 1 3
122 15 0.508 1 0
68 10 0.420 1 0
19 52 0.059 1 0
55 5 0.198 1 0
26 15 0.084 1 2
193 22 1.032 1 2
16 10 0.095 1 0
17 5 0.105 1 3
12 22 0.043 1 0
14 15 0.086 1 0
12 15 0.047 1 2
45 100 0.232 1 0
14 52 0.046 1 0
10 70 0.048 1 0
149 22 0.601 1 3
138 10 0.451 1 2
106 52 0.311 1 0
89 40 0.422 1 2
204 10 0.726 1 0
16 100 0.064 1 0
145 15 0.599 1 2
21 10 0.066 1 0
19 30 0.122 1 3
129 5 0.443 1 3
122 30 0.649 1 0
154 5 0.614 1 3
17 15 0.070 1 2
65 70 0.227 1 0
29 30 0.132 1 2
60 52 0.321 1 2
62 40 0.332 1 2
116 22 0.483 1 0
124 5 0.639 1 0
33 30 0.130 1 0
17 10 0.082 1 3
11 10 0.060 1 0
78 70 0.384 1 0
38 52 0.125 1 3
16 30 0.095 1 0
85 30 0.281 1 3
27 100 0.165 1 3
105 5 0.337 1 0
18 22 0.059 1 3
22 5 0.107 1 3
30 52 0.132 1 0
122 5 0.547 1 0
101 30 0.341 1 2
15 100 0.095 1 0
160 100 0.519 1 3
25 15 0.104 1 3
27 30 0.092 1 0
19 100 0.065 1 0
57 100 0.173 1 0
65 100 0.305 1 3
39 100 0.218 1 0
55 15 0.202 1 3
126 5 0.383 1 0
13 52 0.049 1 2
178 15 0.582 1 0
324 52 1.117 1 0
201 30 0.600 1 0
24 10 0.138 1 3
30 30 0.139 1 0
194 22 0.630 1 2
62 15 0.240 1 0
65 40 0.214 1 3
72 52 0.353 1 3
39 22 0.262 1 0
13 100 0.086 1 2
185 10 0.623 1 3
29 15 0.092 1 3
20 10 0.067 1 0
30 15 0.136 1 0
65 10 0.218 1 2
156 100 0.494 1 2
116 22 0.655 1 0
60 70 0.335 1 2
78 10 0.295 1 0
15 22 0.045 1 0
18 22 0.055 1 3
117 70 0.361 1 3
94 15 0.275 1 0
196 100 0.912 1 0
50 100 0.197 1 0
49 100 0.181 1 0
26 100 0.133 1 0
64 30 0.214 1 0
123 15 0.417 1 0
98 70 0.485 1 3
114 100 0.356 1 0
51 40 0.249 1 0
61 30 0.241 1 0
10 15 0.052 1 0
163 30 1.019 1 0
169 30 0.645 1 2
41 10 0.120 1 2
31 22 0.110 1 0
101 22 0.656 1 0
41 52 0.250 1 2
170 70 0.639 1 0
16 5 0.087 1 0
18 15 0.085 1 2
12 30 0.057 1 3
55 5 0.210 1 2
141 40 0.467 1 0
25 70 0.108 1 3
118 22 0.447 1 2
25 30 0.102 1 0
223 22 0.835 1 3
53 15 0.269 1 2
60 70 0.245 1 3
199 30 0.926 1 0
182 40 0.695 1 3
75 22 0.278 1 0
321 30 1.332 1 2
129 10 0.399 1 2
69 22 0.239 1 0
78 52 0.241 1 3
12 15 0.072 1 0
84 52 0.292 1 0
32 70 0.205 1 3
22 70 0.086 1 3
28 10 0.108 1 0
20 40 0.104 1 2
39 22 0.204 1 0
13 52 0.041 1 2
78 22 0.235 1 3
10 52 0.030 1 0
31 22 0.168 1 0
143 15 0.441 1 3
196 15 0.834 1 2
175 100 0.641 1 0
249 100 0.841 1 0
18 100 0.078 1 0
22 70 0.070 1 0
185 15 0.833 1 2
39 70 0.234 1 0
305 52 1.380 1 2
89 52 0.578 1 0
115 15 0.467 1 0
16 40 0.049 1 0
33 10 0.110 1 2
277 30 0.860 1 0
23 52 0.086 1 0
226 10 0.816 1 3
29 10 0.167 1 3
66 100 0.215 1 0
176 30 0.941 1 2
73 40 0.227 1 2
11 30 0.035 1 3
25 5 0.098 1 0
26 5 0.097 1 0
197 15 0.704 1 3
40 70 0.132 1 0
75 10 0.262 1 2
12 5 0.042 1 2
69 100 0.385 1 2
17 100 0.053 1 0
114 52 0.579 1 0
36 30 0.128 1 2
54 30 0.168 1 0
107 5 0.588 1 0
67 52 0.333 1 0
132 100 0.423 1 3
321 22 1.536 1 0
14 52 0.079 1 0
51 22 0.202 1 0
50 22 0.175 1 2
33 52 0.194 1 2
33 22 0.098 1 0
39 52 0.127 1 0
62 5 0.230 1 2
256 40 0.931 1 2
18 40 0.079 1 0
306 100 1.663 1 3
105 15 0.335 1 2
90 30 0.489 1 0
34 52 0.185 1 0
68 5 0.225 1 0
18 30 0.108 1 3
40 30 0.190 1 3
78 15 0.400 1 2
38 30 0.159 1 3
118 22 0.490 1 0
168 100 0.511 1 0
37 15 0.224 1 3
111 30 0.594 1 0
20 40 0.110 1 2
72 10 0.305 1 3
130 30 0.522 1 3
65 52 0.266 1 0
287 70 1.472 1 0
41 30 0.179 1 2
73 5 0.307 1 2
17 70 0.053 1 2
10 30 0.053 1 3
69 100 0.411 1 3
72 52 0.365 1 3
17 52 0.063 1 0
11 10 0.037 1 2
36 100 0.140 1 2
48 10 0.178 1 0
40 40 0.220 1 0
14 30 0.047 1 3
178 52 0.791 1 0
26 40 0.081 1 0
34 10 0.165 1 0
12 52 0.065 1 0
45 70 0.159 1 2
67 30 0.404 1 0
73 40 0.293 1 2
16 100 0.070 1 0
71 10 0.248 1 3
24 40 0.106 1 3
75 30 0.322 1 0
18 100 0.087 1 3
45 40 0.238 1 0
22 22 0.095 1 0
10 22 0.061 1 0
154 40 1.020 1 2
113 40 0.528 1 3
209 40 1.274 1 3
73 70 0.230 1 0
163 52 0.649 1 0
79 70 0.356 1 0
36 70 0.140 1 3
16 5 0.082 1 0
244 30 1.479 1 0
59 30 0.220 1 2
20 22 0.081 1 3
280 15 0.819 1 3
267 52 1.483 1 0
13 15 0.059 1 2
101 10 0.332 1 2
15 15 0.058 1 2
69 30 0.290 1 0
34 70 0.121 1 0
28 30 0.106 1 3
13 52 0.046 1 0
196 30 1.217 1 3
171 5 0.690 1 2
35 15 0.139 1 0
70 52 0.294 1 0
121 30 0.361 1 0
279 40 1.525 1 0
73 30 0.408 1 0
161 22 0.617 1 2
16 15 0.050 1 0
160 22 0.546 1 0
268 15 0.859 1 2
131 10 0.697 1 2
99 40 0.409 1 0
55 5 0.224 1 3
51 5 0.175 1 0
44 22 0.280 1 0
36 15 0.121 1 3
19 22 0.090 1 0
53 22 0.282 1 2
23 22 0.120 1 3
176 100 0.889 1 0
19 52 0.112 1 2
145 22 0.547 1 2
42 10 0.219 1 0
127 15 0.605 1 0
77 52 0.291 1 0
16 52 0.061 1 0
311 100 1.932 1 2
185 52 1.142 1 0
70 15 0.429 1 0
122 10 0.542 1 2
55 40 0.169 1 3
17 15 0.056 1 3
36 70 0.144 1 0
166 70 0.651 1 3
199 40 0.905 1 0
56 70 0.286 1 0
323 15 1.302 1 2
11 100 0.043 1 0
60 5 0.212 1 3
13 40 0.071 1 0
34 15 0.138 1 2
18 5 0.072 1 2
23 22 0.070 1 3
75 10 0.274 1 0
61 52 0.203 1 3
37 10 0.161 1 0
23 40 0.142 1 0
186 10 0.579 1 3
277 22 0.942 1 2
31 5 0.148 1 2
14 40 0.086 1 0
315 40 1.599 1 2
19 100 0.066 1 0
62 22 0.214 1 0
22 52 0.068 1 0
83 52 0.342 1 0
154 15 0.592 1 0
40 70 0.241 1 0
103 10 0.312 1 0
280 100 0.900 1 2
19 100 0.062 1 3
49 70 0.162 1 0
31 10 0.100 1 3
11 100 0.054 1 0
12 100 0.055 1 3
19 22 0.068 1 0
177 5 0.734 1 3
65 70 0.202 1 0
152 100 0.559 1 3
26 15 0.149 1 0
194 100 0.819 1 0
66 15 0.225 1 2
270 40 1.154 1 0
65 40 0.319 1 3
10 22 0.068 1 0
171 10 0.520 1 3
14 70 0.044 1 0
18 100 0.054 1 0
54 22 0.231 1 0
28 40 0.095 1 0
12 100 0.036 1 3
46 52 0.311 1 0
93 70 0.281 1 2
152 100 0.813 1 0
31 70 0.091 1 0
16 100 0.098 1 0
18 30 0.073 1 0
19 30 0.070 1 0
19 70 0.066 1 0
194 15 0.671 1 0
56 30 0.346 1 3
14 15 0.068 1 2
10 52 0.043 1 3
96 5 0.447 1 0
19 52 0.060 1 0
12 52 0.056 1 3
169 10 0.779 1 2
167 30 0.693 1 0
193 15 0.828 1 3
30 100 0.132 1 2
13 30 0.066 1 2
57 40 0.320 1 0
245 15 1.089 1 0
19 100 0.065 1 0
74 40 0.311 1 0
163 10 0.964 1 2
37 70 0.135 1 2
15 22 0.066 1 0
11 10 0.036 1 0
26 30 0.153 1 0
225 70 0.717 1 3
121 22 0.543 1 2
38 70 0.173 1 2
132 22 0.416 1 3
16 15 0.073 1 0
68 52 0.223 1 3
47 15 0.214 1 2
12 5 0.077 1 0
26 30 0.126 1 0
112 30 0.452 1 0
81 22 0.274 1 3
36 22 0.224 1 0
331 40 1.064 1 0
55 70 0.194 1 2
167 40 0.532 1 0
37 30 0.201 1 0
31 22 0.123 1 0
187 22 0.959 1 0
75 5 0.294 1 0
85 15 0.357 1 0
49 22 0.241 1 2
19 40 0.121 1 3
339 5 1.340 1 2
13 52 0.041 1 3
13 52 0.073 1 0
187 5 0.940 1 0
101 10 0.301 1 3
18 100 0.122 1 2
17 15 0.056 1 2
18 52 0.070 1 3
11 70 0.042 1 0
181 100 0.808 1 0
54 52 0.225 1 0
77 30 0.367 1 2
27 15 0.079 1 0
226 70 1.270 1 3
50 100 0.158 1 0
14 100 0.063 1 0
69 52 0.296 1 0
24 40 0.100 1 3
59 10 0.191 1 0
253 70 1.265 1 3
73 22 0.233 1 0
59 22 0.235 1 3
74 22 0.346 1 2
19 5 0.065 1 0
127 10 0.676 1 3
67 5 0.215 1 3
17 100 0.071 1 0
57 5 0.308 1 3
17 30 0.052 1 3
49 100 0.143 1 3
33 100 0.129 1 0
75 52 0.424 1 0
69 10 0.454 1 0
13 70 0.056 1 3
32 22 0.119 1 0
18 100 0.084 1 0
29 5 0.134 1 0
60 5 0.226 1 3
100 5 0.435 1 2
20 5 0.068 1 3
30 52 0.106 1 0
186 5 0.823 1 0
18 70 0.080 1 2
22 22 0.130 1 3
150 5 0.620 1 3
161 70 0.801 1 2
14 30 0.057 1 0
17 100 0.076 1 0
177 15 0.686 1 0
96 52 0.318 1 3
70 15 0.256 1 3
91 15 0.467 1 0
179 5 0.882 1 2
14 30 0.059 1 2
18 22 0.106 1 3
70 10 0.228 1 2
176 22 0.838 1 2
33 100 0.106 1 0
22 5 0.089 1 0
102 40 0.507 1 0
107 30 0.652 1 0
102 100 0.462 1 3
157 30 0.536 1 2
23 100 0.128 1 0
11 100 0.067 1 3
11 5 0.046 1 2
11 22 0.037 1 3
96 10 0.421 1 2
73 40 0.239 1 3
107 22 0.352 1 0
171 5 0.626 1 2
105 70 0.323 1 2
29 40 0.098 1 0
78 40 0.277 1 2
100 30 0.510 1 3
54 30 0.267 1 0
47 15 0.157 1 3
26 40 0.176 1 0
189 100 0.680 1 0
18 15 0.096 1 0
21 30 0.081 1 2
87 22 0.265 1 3
38 30 0.247 1 2
14 70 0.092 1 0
60 30 0.364 1 0
35 22 0.109 1 0
27 100 0.124 1 0
11 10 0.049 1 0
185 15 0.811 1 2
23 70 0.089 1 2
45 100 0.214 1 0
86 15 0.483 1 0
75 5 0.330 1 0
319 22 1.653 1 3
197 10 1.042 1 2
17 40 0.061 1 0
23 100 0.124 1 3
146 100 0.487 1 0
52 30 0.206 1 2
150 100 0.725 1 3
79 22 0.274 1 3
88 40 0.260 1 2
124 15 0.377 1 3
28 40 0.104 1 3
17 100 0.062 1 3
57 40 0.171 1 2
51 70 0.171 1 2
117 15 0.371 1 2
10 100 0.037 1 0
40 70 0.179 1 2
33 52 0.202 1 0
146 70 0.793 1 2
72 52 0.350 1 3
81 10 0.345 1 3
191 22 0.723 1 0
19 52 0.064 1 0
156 5 0.602 1 2
125 52 0.749 1 2
79 30 0.530 1 3
137 22 0.907 1 3
62 40 0.259 1 3
37 40 0.111 1 0
47 5 0.174 1 2
47 22 0.164 1 0
32 40 0.102 1 0
188 52 0.774 1 3
157 52 0.741 1 2
187 22 0.583 1 0
69 5 0.241 1 2
36 15 0.114 1 0
171 22 0.520 1 3
108 40 0.464 1 0
13 30 0.043 1 0
12 52 0.047 1 0
35 52 0.137 1 2
30 15 0.120 1 0
32 40 0.141 1 0
323 40 1.448 1 3
81 70 0.370 1 0
67 52 0.335 1 0
19 15 0.111 1 0
25 5 0.088 1 3
72 40 0.214 1 0
134 10 0.396 1 0
184 15 0.958 1 0
18 15 0.057 1 2
52 30 0.313 1 3
156 15 0.513 1 2
269 30 1.275 1 2
136 70 0.411 2 3
26 5 0.090 2 3
17 5 0.078 2 0
149 15 0.727 2 0
70 100 0.473 2 1
237 30 0.755 2 0
39 5 0.114 2 0
118 40 0.781 2 0
52 40 0.157 2 0
67 100 0.206 2 3
14 40 0.077 2 1
15 52 0.058 2 0
214 40 0.829 2 0
166 15 0.631 2 0
19 15 0.061 2 1
144 100 0.676 2 3
56 100 0.344 2 1
34 40 0.145 2 0
216 15 1.113 2 1
37 40 0.149 2 0
75 22 0.257 2 0
61 15 0.231 2 0
19 5 0.068 2 3
74 5 0.275 2 0
13 100 0.039 2 3
68 30 0.223 2 1
57 5 0.232 2 1
31 5 0.105 2 1
20 100 0.103 2 1
189 10 1.204 2 0
18 40 0.060 2 0
17 52 0.050 2 0
61 100 0.195 2 0
20 40 0.104 2 1
14 10 0.060 2 0
45 52 0.135 2 1
25 10 0.100 2 0
206 70 1.256 2 0
155 15 0.508 2 0
69 30 0.421 2 1
67 30 0.305 2 0
131 15 0.489 2 0
170 100 0.934 2 3
13 10 0.044 2 3
187 40 0.839 2 1
188 22 0.597 2 0
12 10 0.046 2 0
32 15 0.137 2 3
238 5 0.996 2 0
163 70 0.657 2 0
71 22 0.444 2 1
49 30 0.220 2 0
170 70 0.531 2 0
19 22 0.064 2 3
82 22 0.269 2 0
100 40 0.513 2 0
180 10 0.590 2 1
49 100 0.290 2 0
41 15 0.180 2 0
20 100 0.061 2 0
212 70 0.749 2 0
154 52 0.629 2 3
32 10 0.169 2 0
22 15 0.081 2 3
19 52 0.058 2 0
124 52 0.443 2 0
115 22 0.719 2 0
12 22 0.056 2 3
102 70 0.604 2 3
12 15 0.055 2 3
25 22 0.103 2 3
31 70 0.115 2 1
207 30 0.645 2 0
63 70 0.352 2 0
185 15 1.186 2 0
49 15 0.246 2 1
38 22 0.202 2 0
40 70 0.247 2 0
72 100 0.351 2 0
84 100 0.394 2 0
45 30 0.217 2 0
289 30 1.180 2 1
117 15 0.373 2 3
13 10 0.048 2 3
66 52 0.426 2 0
16 52 0.047 2 0
16 70 0.050 2 1
20 15 0.068 2 3
122 52 0.705 2 3
34 52 0.106 2 0
14 70 0.054 2 1
307 70 1.744 2 0
288 10 1.846 2 0
63 5 0.276 2 3
102 70 0.348 2 3
234 5 1.109 2 3
27 52 0.084 2 0
186 5 0.721 2 1
20 70 0.065 2 1
49 22 0.228 2 0
17 15 0.063 2 0
12 52 0.038 2 1
39 22 0.214 2 3
13 52 0.064 2 0
20 10 0.060 2 3
10 100 0.029 2 3
18 15 0.089 2 0
67 22 0.312 2 0
87 52 0.395 2 0
10 40 0.031 2 0
72 40 0.221 2 0
24 100 0.095 2 1
16 52 0.059 2 0
63 15 0.197 2 0
74 22 0.269 2 0
25 10 0.078 2 1
15 15 0.044 2 0
18 5 0.090 2 3
162 30 0.529 2 1
234 30 1.114 2 1
60 22 0.368 2 3
11 5 0.033 2 3
111 40 0.430 2 0
72 30 0.280 2 1
78 15 0.318 2 3
19 10 0.057 2 1
336 15 1.302 2 3
53 5 0.236 2 0
17 22 0.054 2 0
13 15 0.047 2 3
107 70 0.312 2 0
23 22 0.069 2 0
15 15 0.058 2 3
61 52 0.311 2 1
17 5 0.056 2 0
58 22 0.215 2 0
242 22 0.880 2 1
107 30 0.363 2 1
65 100 0.248 2 0
21 40 0.069 2 3
47 100 0.303 2 0
24 30 0.155 2 1
75 100 0.311 2 1
284 10 1.303 2 0
31 5 0.193 2 3
174 22 0.734 2 0
63 10 0.293 2 0
18 15 0.101 2 0
13 52 0.041 2 1
11 100 0.045 2 0
35 10 0.113 2 1
37 10 0.203 2 1
48 5 0.160 2 0
23 30 0.102 2 1
110 10 0.425 2 0
200 52 0.667 2 1
35 100 0.105 2 0
38 52 0.244 2 3
128 52 0.848 2 0
18 100 0.083 2 1
39 5 0.234 2 0
158 22 0.615 2 0
182 70 0.581 2 1
117 40 0.552 2 0
31 70 0.144 2 0
23 70 0.097 2 0
60 22 0.197 2 0
37 100 0.220 2 0
136 40 0.453 2 1
11 10 0.039 2 0
53 100 0.189 2 1
28 52 0.086 2 0
47 30 0.168 2 0
11 30 0.048 2 0
255 30 1.067 2 0
323 5 1.073 2 0
86 100 0.256 2 1
58 40 0.207 2 3
69 30 0.203 2 1
133 10 0.751 2 3
57 10 0.169 2 3
16 10 0.056 2 0
25 40 0.164 2 1
11 10 0.035 2 3
13 52 0.050 2 1
18 52 0.064 2 1
62 22 0.286 2 1
71 15 0.275 2 0
48 15 0.178 2 1
12 22 0.038 2 0
12 30 0.036 2 0
14 40 0.045 2 1
88 70 0.373 2 1
65 40 0.387 2 1
17 70 0.050 2 0
36 30 0.129 2 3
15 5 0.044 2 1
37 52 0.128 2 3
92 52 0.329 2 0
47 5 0.149 2 0
16 5 0.082 2 0
40 100 0.230 2 1
13 5 0.072 2 0
80 100 0.494 2 0
184 70 0.551 2 3
24 52 0.077 2 0
74 15 0.416 2 0
17 15 0.089 2 3
34 70 0.103 2 0
35 70 0.113 2 0
169 10 0.828 2 3
130 30 0.481 2 1
139 5 0.760 2 0
51 5 0.216 2 1
13 22 0.087 2 3
73 100 0.223 2 0
13 52 0.046 2 0
75 52 0.306 2 0
66 30 0.255 2 1
138 22 0.481 2 0
136 40 0.544 2 3
73 5 0.468 2 0
27 52 0.115 2 1
25 15 0.089 2 3
141 70 0.569 2 0
72 100 0.246 2 1
30 40 0.132 2 0
58 22 0.215 2 1
17 70 0.055 2 1
21 22 0.093 2 0
29 10 0.087 2 1
99 5 0.524 2 0
310 100 0.906 2 1
234 70 0.694 2 3
12 30 0.060 2 0
267 70 0.850 2 3
51 5 0.195 2 0
25 10 0.122 2 3
10 10 0.061 2 0
13 100 0.042 2 0
29 70 0.085 2 1
59 40 0.314 2 3
277 22 1.371 2 3
14 40 0.050 2 0
56 70 0.179 2 0
73 40 0.271 2 0
45 22 0.204 2 3
59 22 0.223 2 0
260 30 1.757 2 1
82 40 0.456 2 1
46 100 0.225 2 0
222 52 0.917 2 0
279 10 1.641 2 1
216 40 1.054 2 0
26 10 0.114 2 1
10 70 0.036 2 0
43 52 0.254 2 0
19 40 0.066 2 1
230 52 1.168 2 1
78 5 0.264 2 0
21 40 0.082 2 3
19 70 0.098 2 0
18 5 0.077 2 3
63 30 0.330 2 0
15 5 0.060 2 1
41 5 0.130 2 0
18 15 0.053 2 1
154 52 0.597 2 3
64 70 0.328 2 0
173 22 0.692 2 1
27 40 0.090 2 1
21 15 0.066 2 0
105 5 0.365 2 3
17 100 0.082 2 3
134 100 0.421 2 3
41 100 0.137 2 0
15 15 0.049 2 3
70 5 0.378 2 0
320 5 1.107 2 1
132 70 0.781 2 0
11 10 0.042 2 0
139 40 0.415 2 0
57 70 0.190 2 0
49 40 0.302 2 1
19 10 0.074 2 3
16 22 0.064 2 0
14 15 0.046 2 3
11 40 0.042 2 0
12 22 0.051 2 1
19 40 0.072 2 1
25 22 0.075 2 0
120 5 0.652 2 1
22 30 0.087 2 0
29 70 0.146 2 0
38 40 0.140 2 0
80 100 0.398 2 0
207 30 0.666 2 1
44 22 0.262 2 0
113 5 0.426 2 0
16 5 0.056 2 0
53 100 0.202 2 3
69 30 0.308 2 1
138 22 0.896 2 1
168 22 0.737 2 1
168 15 0.585 2 3
35 22 0.140 2 0
17 5 0.050 2 3
18 10 0.053 2 1
36 40 0.214 2 0
67 22 0.261 2 0
19 10 0.106 2 3
36 30 0.125 2 1
13 40 0.070 2 1
10 100 0.032 2 0
19 52 0.070 2 0
16 22 0.055 2 1
144 52 0.615 2 3
79 15 0.449 2 1
23 30 0.074 2 0
53 10 0.264 2 1
13 22 0.079 2 1
68 100 0.201 2 0
97 40 0.351 2 0
144 100 0.941 2 0
55 70 0.202 2 0
13 70 0.055 2 0
23 40 0.124 2 0
228 5 1.462 2 1
69 10 0.466 2 0
62 100 0.187 2 0
70 40 0.464 2 0
22 100 0.079 2 3
11 10 0.055 2 0
40 100 0.156 2 1
137 10 0.695 2 1
15 30 0.099 2 3
112 10 0.546 2 0
23 10 0.073 2 0
94 22 0.429 2 0
19 52 0.070 2 3
111 70 0.531 2 1
190 52 0.751 2 1
60 30 0.264 2 0
19 30 0.083 2 0
37 70 0.222 2 3
14 100 0.075 2 3
42 30 0.201 2 3
89 10 0.306 2 0
36 5 0.191 2 0
79 22 0.251 2 0
164 22 0.543 2 3
111 52 0.427 2 0
244 15 0.753 2 1
29 40 0.129 2 1
85 100 0.545 2 3
14 30 0.058 2 0
17 70 0.056 2 0
67 22 0.293 2 0
25 70 0.139 2 3
26 10 0.082 2 0
38 5 0.128 2 3
24 30 0.084 2 3
75 15 0.227 2 0
17 10 0.112 2 0
195 100 0.691 2 0
235 15 1.158 2 3
34 5 0.105 2 0
96 30 0.309 2 1
17 5 0.089 2 1
106 40 0.339 2 0
15 100 0.045 2 0
86 5 0.360 2 0
74 40 0.484 2 0
41 40 0.229 2 0
40 40 0.190 2 0
138 15 0.491 2 1
16 30 0.065 2 1
40 40 0.248 2 1
102 22 0.308 2 1
121 40 0.513 2 1
41 15 0.177 2 1
19 52 0.072 2 0
61 5 0.279 2 0
65 52 0.228 2 0
303 22 1.082 2 3
39 52 0.163 2 1
49 52 0.145 2 0
107 52 0.467 2 0
14 40 0.046 2 3
19 70 0.072 2 1
42 15 0.183 2 0
62 52 0.378 2 0
74 100 0.261 2 3
29 52 0.147 2 3
11 100 0.039 2 0
15 100 0.096 2 0
24 22 0.092 2 1
15 40 0.045 2 0
13 22 0.046 2 0
40 40 0.128 2 0
219 5 1.311 2 3
35 40 0.205 2 1
75 40 0.309 2 1
12 70 0.043 2 3
58 22 0.367 2 3
26 70 0.155 2 0
39 100 0.179 2 0
153 30 0.487 2 3
14 10 0.059 2 3
194 15 1.220 2 0
12 100 0.048 2 0
57 22 0.196 2 1
55 15 0.170 2 3
16 70 0.050 2 0
73 15 0.340 2 0
116 10 0.627 2 3
71 70 0.243 2 1
39 100 0.165 2 3
57 40 0.214 2 3
60 30 0.194 2 3
11 5 0.069 2 3
14 10 0.080 2 1
38 52 0.134 2 0
11 70 0.051 2 1
60 70 0.181 2 3
317 70 1.183 2 0
55 22 0.367 2 0
28 22 0.113 2 3
27 10 0.140 2 1
15 52 0.058 2 3
29 70 0.122 2 1
14 70 0.072 2 0
230 52 0.752 2 0
30 15 0.091 2 0
155 30 0.610 2 0
14 70 0.045 2 3
190 10 0.852 2 0
63 10 0.199 2 0
54 100 0.185 2 3
32 30 0.211 2 1
150 5 0.521 2 0
52 70 0.244 2 0
35 30 0.142 2 0
42 52 0.239 2 0
123 52 0.542 2 3
151 15 0.858 2 1
11 30 0.035 2 3
12 40 0.038 2 1
93 5 0.408 2 0
67 30 0.244 2 0
40 5 0.205 2 0
149 10 0.937 2 0
257 10 0.945 2 0
17 100 0.111 2 3
108 52 0.581 2 0
41 40 0.243 2 3
36 22 0.164 2 3
92 52 0.275 2 0
72 30 0.474 2 3
322 15 2.118 2 0
30 30 0.175 2 0
59 30 0.257 2 0
52 5 0.194 2 0
22 10 0.082 2 0
45 52 0.184 2 1
28 22 0.099 2 0
19 40 0.117 2 3
60 52 0.202 2 0
27 40 0.092 2 1
195 52 0.816 2 0
32 52 0.148 2 1
138 100 0.914 2 0
29 52 0.098 2 0
22 22 0.122 2 0
81 10 0.413 2 1
35 30 0.122 2 0
123 5 0.378 2 0
76 15 0.299 2 3
163 10 0.758 2 1
197 10 0.883 2 0
95 30 0.383 2 0
11 22 0.048 2 3
326 10 1.087 2 0
33 40 0.151 2 0
104 70 0.642 2 0
23 52 0.095 2 0
314 5 1.083 2 1
54 5 0.333 2 1
154 30 0.815 2 0
15 100 0.047 2 3
95 22 0.572 2 0
14 10 0.079 2 1
16 5 0.062 2 0
73 100 0.386 2 0
73 70 0.269 2 0
11 100 0.040 2 0
19 40 0.056 2 0
134 70 0.822 2 3
251 15 1.651 2 0
125 40 0.718 2 1
185 10 0.728 2 0
15 15 0.052 2 0
10 5 0.029 2 1
29 30 0.139 2 0
11 5 0.073 2 0
131 40 0.473 2 3
76 40 0.487 2 3
162 70 0.502 2 0
19 40 0.065 2 0
28 10 0.181 2 1
53 5 0.169 2 0
11 30 0.063 2 1
19 70 0.100 2 0
21 52 0.077 2 0
58 100 0.175 2 1
12 15 0.046 2 3
155 10 1.013 2 0
142 52 0.486 2 3
77 10 0.227 2 3
10 70 0.033 2 1
37 30 0.147 2 0
195 15 1.077 2 3
49 100 0.232 2 1
29 10 0.124 2 3
64 30 0.294 2 1
195 10 0.765 2 3
39 5 0.136 2 0
38 100 0.118 2 3
66 15 0.193 2 0
195 100 0.602 2 0
77 40 0.228 2 1
87 40 0.483 2 0
174 52 0.559 2 1
62 40 0.325 2 1
21 70 0.070 2 0
11 70 0.039 2 1
24 30 0.071 2 0
131 15 0.655 2 1
136 70 0.901 2 1
149 30 0.603 2 0
12 52 0.054 2 3
53 5 0.187 2 0
195 5 0.663 2 3
43 10 0.137 2 1
120 22 0.526 2 3
39 5 0.241 2 1
12 40 0.076 2 3
48 22 0.190 2 1
71 10 0.428 2 0
30 30 0.146 2 3
13 30 0.074 2 3
183 5 0.598 2 0
191 22 1.011 2 1
19 10 0.071 2 0
40 30 0.156 2 1
17 70 0.078 2 0
40 70 0.182 2 0
14 30 0.053 2 3
81 22 0.523 2 0
64 70 0.234 2 1
13 5 0.082 2 0
42 40 0.175 2 3
17 40 0.094 2 1
20 30 0.072 2 3
62 30 0.248 2 1
52 40 0.224 2 0
325 22 2.057 2 3
122 5 0.400 2 1
22 22 0.097 2 0
147 10 0.700 2 0
166 10 0.646 2 3
64 100 0.244 2 0
53 10 0.224 2 1
19 70 0.083 2 3
192 100 0.568 2 0
218 100 1.363 2 0
44 15 0.146 2 1
76 10 0.442 2 0
19 15 0.065 2 0
44 10 0.244 2 3
96 40 0.536 2 0
40 22 0.133 2 3
302 10 1.367 2 0
19 52 0.087 2 3
61 5 0.268 2 0
160 15 0.714 2 1
34 52 0.205 2 0
47 22 0.153 2 1
37 10 0.113 2 1
237 52 0.736 2 0
204 5 1.275 2 0
14 22 0.065 2 0
302 40 1.010 2 1
147 5 0.441 2 3
156 30 1.006 2 0
15 10 0.058 2 0
105 52 0.682 2 1
28 30 0.144 2 1
170 5 0.504 2 1
317 70 1.910 2 3
69 15 0.264 2 0
53 15 0.329 2 1
150 5 0.440 2 3
11 30 0.042 2 3
178 5 0.802 2 1
180 5 0.571 2 1
76 22 0.338 2 3
10 52 0.046 2 1
11 15 0.056 2 0
26 15 0.093 2 3
277 5 1.199 2 0
51 40 0.163 2 3
18 30 0.057 2 0
22 40 0.110 2 0
193 15 0.645 2 0
25 30 0.138 2 0
175 22 0.513 2 1
247 10 1.594 2 0
20 15 0.072 2 0
197 10 0.597 2 0
101 5 0.332 2 0
12 5 0.067 2 1
10 15 0.032 2 0
19 10 0.090 2 0
33 30 0.114 2 0
74 10 0.267 2 0
89 100 0.377 2 3
45 70 0.134 2 3
60 5 0.198 2 0
139 5 0.459 2 0
175 15 1.151 2 0
45 30 0.288 2 0
37 5 0.180 2 1
54 40 0.260 2 3
61 5 0.251 2 1
85 30 0.323 2 0
10 22 0.047 2 0
65 70 0.378 2 1
279 70 1.335 2 0
147 10 0.799 2 3
331 10 1.525 2 0
21 70 0.072 2 0
12 52 0.047 2 1
20 52 0.060 2 0
51 100 0.169 2 3
18 70 0.059 2 0
15 30 0.046 2 1
32 5 0.123 2 3
17 22 0.065 2 3
43 70 0.279 2 0
20 30 0.093 2 3
51 15 0.163 2 0
134 52 0.439 2 0
279 70 1.550 2 1
14 5 0.045 2 0
67 10 0.409 2 0
94 52 0.328 2 0
61 15 0.222 2 3
155 10 0.480 2 1
43 52 0.170 2 3
176 40 0.863 2 1
21 100 0.072 2 0
17 15 0.051 2 0
99 52 0.556 2 0
12 5 0.050 2 1
33 22 0.202 2 1
19 5 0.062 2 3
43 52 0.151 2 1
11 15 0.041 2 1
174 30 0.652 2 0
55 22 0.252 2 0
93 5 0.628 2 0
195 15 0.679 2 3
35 70 0.135 2 0
68 5 0.296 2 1
21 40 0.087 2 0
291 30 1.198 2 3
63 10 0.284 2 0
63 22 0.364 2 3
66 52 0.440 2 3
25 22 0.106 2 3
13 70 0.069 2 3
78 40 0.248 2 3
70 100 0.233 2 1
11 70 0.032 2 1
29 100 0.153 2 3
71 30 0.208 2 0
86 5 0.301 2 3
32 22 0.111 2 0
79 22 0.262 2 0
254 100 1.558 2 1
265 5 1.721 2 1
14 10 0.062 2 1
217 5 0.904 2 0
16 15 0.096 2 0
39 30 0.209 2 3
149 100 0.980 2 0
45 5 0.298 2 0
18 10 0.093 2 0
46 40 0.180 2 3
108 10 0.403 2 1
38 10 0.228 2 0
300 70 1.261 2 0
36 100 0.194 2 3
68 52 0.217 2 0
77 52 0.248 2 0
89 100 0.382 2 0
92 52 0.404 2 0
39 15 0.227 2 3
210 15 0.778 2 0
32 70 0.199 2 1
160 40 0.751 2 0
15 30 0.049 2 0
13 15 0.050 2 3
120 52 0.469 2 0
15 5 0.053 2 1
18 5 0.109 2 0
23 10 0.070 2 3
308 10 1.278 2 0
20 52 0.085 2 1
13 22 0.055 2 3
148 30 0.536 2 3
155 70 0.589 2 0
17 30 0.065 2 0
28 22 0.116 2 3
17 70 0.064 2 1
189 5 0.561 2 3
49 15 0.174 2 1
115 10 0.540 2 0
153 15 0.495 2 1
26 100 0.104 2 1
78 15 0.333 2 0
17 30 0.054 2 0
28 70 0.106 2 0
75 22 0.315 2 3
31 15 0.116 2 0
141 30 0.481 2 0
290 100 0.906 2 3
304 100 1.231 2 0
18 22 0.065 2 0
206 52 1.151 2 0
19 10 0.064 2 0
36 15 0.109 2 0
19 52 0.110 2 0
204 40 0.932 2 1
31 40 0.151 2 0
36 52 0.138 2 0
75 100 0.444 2 0
333 30 1.959 2 1
16 5 0.057 2 0
247 52 1.016 2 0
20 10 0.068 2 0
19 10 0.082 2 0
190 52 0.640 2 3
163 15 0.671 2 1
53 52 0.251 2 3
105 10 0.443 2 3
198 15 0.925 2 0
120 10 0.351 2 1
64 100 0.346 2 1
15 30 0.056 2 1
12 10 0.040 2 1
70 40 0.391 2 1
177 15 0.708 2 0
177 40 0.731 2 3
48 70 0.312 2 0
173 30 0.678 2 0
74 40 0.493 2 0
102 40 0.352 2 1
81 22 0.429 2 1
12 100 0.040 2 0
31 15 0.191 2 0
191 10 0.880 2 1
27 52 0.155 2 0
73 52 0.487 2 3
14 10 0.042 2 1
16 40 0.079 2 0
65 15 0.297 2 3
262 100 0.942 2 3
65 70 0.197 2 0
16 5 0.052 2 1
92 100 0.284 2 0
11 10 0.057 2 1
45 52 0.232 2 3
237 15 1.162 2 0
28 5 0.115 2 3
19 70 0.103 2 0
44 15 0.251 2 1
29 40 0.191 2 0
12 30 0.046 2 1
143 52 0.540 2 0
25 100 0.089 2 0
81 52 0.300 2 0
11 22 0.042 2 3
73 5 0.330 2 0
106 70 0.555 2 1
14 30 0.084 2 0
66 52 0.221 2 1
143 5 0.488 2 1
151 30 0.594 2 0
18 30 0.108 2 1
33 100 0.152 2 0
45 70 0.193 2 0
10 40 0.066 2 1
64 15 0.366 2 0
13 5 0.063 2 0
76 15 0.262 2 1
15 30 0.055 2 1
15 70 0.074 2 0
110 30 0.455 2 1
33 15 0.221 2 1
11 30 0.061 2 0
17 52 0.073 2 0
51 70 0.298 2 0
196 10 0.576 2 0
34 30 0.103 2 1
59 5 0.393 2 0
12 22 0.037 2 0
38 10 0.146 2 0
157 10 0.474 2 3
18 30 0.065 2 1
34 30 0.174 2 1
35 40 0.172 2 0
17 100 0.074 2 3
17 30 0.050 2 0
176 40 0.721 2 0
151 15 0.559 2 3
61 15 0.220 2 0
13 100 0.051 2 1
14 40 0.077 2 1
11 52 0.066 2 0
33 10 0.149 2 0
129 52 0.510 2 3
133 70 0.735 2 0
25 30 0.075 2 3
36 30 0.113 2 1
22 30 0.133 2 3
20 70 0.092 2 3
11 40 0.034 2 1
59 15 0.173 2 0
18 22 0.060 2 0
61 10 0.237 2 0
278 70 0.837 2 3
12 5 0.067 2 1
17 100 0.079 2 0
17 22 0.058 2 0
20 100 0.060 2 1
60 15 0.314 2 1
15 30 0.055 2 0
15 22 0.056 2 0
91 5 0.325 2 1
51 30 0.161 2 1
47 52 0.200 2 0
66 15 0.377 2 3
120 40 0.800 2 0
11 52 0.063 2 0
13 30 0.042 2 3
52 15 0.255 2 0
10 5 0.058 2 0
335 70 1.074 2 0
56 22 0.172 2 1
74 40 0.239 2 0
307 15 1.037 2 0
14 100 0.046 2 0
34 52 0.218 2 0
52 22 0.260 2 0
14 100 0.052 2 1
157 10 0.621 2 0
49 22 0.288 2 1
52 100 0.155 2 0
17 70 0.055 2 1
119 40 0.531 2 1
49 10 0.166 2 0
168 15 0.632 2 3
56 22 0.168 2 3
13 30 0.048 2 0
95 52 0.420 2 0
32 10 0.158 2 0
98 22 0.395 2 0
10 40 0.055 2 3
92 52 0.357 2 3
56 100 0.214 2 0
10 15 0.064 2 1
29 10 0.085 2 0
174 52 0.777 2 3
29 52 0.162 2 0
40 10 0.140 2 1
44 22 0.191 2 0
28 30 0.109 2 0
16 30 0.048 2 0
152 22 0.468 2 0
62 15 0.201 2 0
35 100 0.106 2 0
35 22 0.127 2 3
50 52 0.269 2 3
67 22 0.202 2 0
60 15 0.234 2 0
33 15 0.219 2 0
164 100 0.502 2 0
136 40 0.408 2 0
14 22 0.046 2 1
12 70 0.036 2 1
286 10 0.914 2 0
14 22 0.042 2 0
108 22 0.562 2 0
119 5 0.688 2 0
67 22 0.235 2 1
19 15 0.084 2 0
49 52 0.188 2 0
79 22 0.249 2 0
64 22 0.221 2 0
85 10 0.359 2 0
25 40 0.147 2 3
14 100 0.056 2 0
20 30 0.068 2 1
79 52 0.393 2 3
329 52 1.530 2 0
111 5 0.405 2 0
125 10 0.365 2 0
23 15 0.092 2 0
192 5 1.193 2 0
72 5 0.300 2 3
12 5 0.076 2 0
80 22 0.235 2 0
78 52 0.292 2 3
25 70 0.155 2 0
64 100 0.358 2 0
212 10 1.178 2 0
127 22 0.377 2 0
83 5 0.411 2 0
29 70 0.127 2 0
15 10 0.080 2 0
19 15 0.099 2 3
114 15 0.393 2 1
45 10 0.160 2 1
32 22 0.134 2 1
60 15 0.236 2 0
101 70 0.346 2 3
30 52 0.139 2 1
85 22 0.274 2 0
11 40 0.036 2 0
19 70 0.099 2 3
15 30 0.074 2 0
11 40 0.033 2 0
57 100 0.208 2 3
129 22 0.474 2 0
39 70 0.119 2 3
64 70 0.221 2 1
177 52 0.697 2 1
132 40 0.635 2 1
181 100 0.575 2 3
75 40 0.230 2 0
15 30 0.088 2 0
100 40 0.641 2 0
41 10 0.152 2 0
13 5 0.073 2 1
64 52 0.239 2 3
95 100 0.386 2 1
36 40 0.124 2 0
26 22 0.149 2 1
30 30 0.119 2 1
62 40 0.304 2 3
12 100 0.069 2 1
27 10 0.079 2 3
12 40 0.059 2 0
19 100 0.066 2 0
42 70 0.271 2 0
288 52 1.340 2 3
85 40 0.512 2 0
44 40 0.230 2 0
17 40 0.051 2 3
63 100 0.366 2 3
12 15 0.077 2 1
15 22 0.049 2 0
24 22 0.153 2 0
150 70 0.765 2 1
26 40 0.103 2 1
244 5 1.479 2 0
174 52 0.951 2 0
84 70 0.278 2 0
295 15 1.569 2 0
32 30 0.100 2 1
65 5 0.241 2 0
28 100 0.094 2 0
196 100 0.740 2 0
312 10 0.945 2 1
15 52 0.085 2 3
149 70 0.447 2 0
188 10 0.620 2 3
19 30 0.060 2 0
108 30 0.617 2 3
38 70 0.245 2 1
185 100 0.567 2 1
11 15 0.040 2 1
44 40 0.136 2 1
72 52 0.229 2 0
26 100 0.091 2 0
37 30 0.157 2 3
11 70 0.057 2 1
18 40 0.055 2 0
14 100 0.042 2 3
37 5 0.155 2 0
17 10 0.089 2 0
29 40 0.104 2 1
21 30 0.079 2 3
19 70 0.058 2 0
13 30 0.071 2 1
34 70 0.139 2 1
18 52 0.059 2 1
124 70 0.626 2 0
14 15 0.061 2 3
152 10 0.598 2 0
14 40 0.061 2 3
13 15 0.082 2 3
12 52 0.042 2 3
100 100 0.327 2 3
16 10 0.050 2 1
18 52 0.053 2 1
12 100 0.075 2 0
193 5 1.129 2 0
130 22 0.769 2 1
93 10 0.454 2 0
38 40 0.187 2 1
10 30 0.052 2 1
135 10 0.452 2 0
77 5 0.249 2 0
32 70 0.167 2 1
18 15 0.076 2 1
49 5 0.236 2 0
13 15 0.051 2 1
64 22 0.229 2 0
15 70 0.077 2 3
119 30 0.415 2 0
18 22 0.110 2 3
40 15 0.213 2 0
71 22 0.270 2 0
162 100 0.494 2 3
196 15 0.848 2 0
31 52 0.096 2 1
33 52 0.134 2 0
327 30 1.550 2 0
63 70 0.368 2 0
88 70 0.406 2 1
31 40 0.139 2 3
35 70 0.150 2 0
83 22 0.259 2 0
107 5 0.323 2 0
43 40 0.180 2 3
192 10 1.021 2 1
64 52 0.266 2 0
18 100 0.057 2 3
48 5 0.259 2 1
135 22 0.414 2 0
30 30 0.111 2 0
44 70 0.143 2 1
316 15 1.498 2 0
26 30 0.107 3 0
122 100 0.667 3 0
35 5 0.131 3 0
16 52 0.062 3 0
99 70 0.329 3 2
61 5 0.326 3 1
43 100 0.291 3 0
17 22 0.058 3 0
63 30 0.184 3 0
179 10 0.668 3 2
228 40 1.462 3 2
267 5 1.723 3 0
121 70 0.376 3 1
73 40 0.217 3 1
323 15 2.031 3 1
145 100 0.580 3 0
85 70 0.295 3 0
167 15 0.496 3 0
152 100 1.027 3 1
213 52 1.420 3 2
69 5 0.356 3 2
337 15 1.027 3 1
58 100 0.279 3 0
14 40 0.053 3 0
118 15 0.437 3 2
168 70 0.949 3 2
57 5 0.232 3 0
287 22 1.032 3 0
41 10 0.210 3 2
11 52 0.060 3 0
17 70 0.074 3 0
58 22 0.305 3 0
212 5 0.845 3 2
46 15 0.231 3 0
144 5 0.629 3 1
50 10 0.227 3 2
143 40 0.516 3 1
34 15 0.172 3 0
15 22 0.071 3 1
91 70 0.323 3 1
31 5 0.196 3 2
18 22 0.063 3 0
16 70 0.081 3 2
12 10 0.039 3 0
31 40 0.171 3 2
46 10 0.148 3 2
14 40 0.069 3 2
78 30 0.264 3 2
93 22 0.285 3 0
25 30 0.073 3 2
109 10 0.387 3 0
193 10 0.633 3 2
44 10 0.291 3 1
21 22 0.072 3 0
190 40 0.676 3 0
301 5 0.959 3 2
13 10 0.045 3 1
88 70 0.338 3 0
194 100 0.902 3 2
27 52 0.082 3 0
21 15 0.071 3 0
27 22 0.171 3 0
38 10 0.147 3 1
40 30 0.151 3 0
223 22 0.717 3 0
70 100 0.389 3 2
46 5 0.217 3 0
266 22 1.565 3 2
154 22 0.462 3 2
57 70 0.265 3 0
72 15 0.244 3 0
15 40 0.048 3 0
14 100 0.090 3 1
48 100 0.259 3 0
64 10 0.344 3 2
164 100 0.506 3 0
199 22 0.594 3 0
12 30 0.043 3 0
283 15 0.937 3 2
45 100 0.140 3 2
23 70 0.076 3 1
18 100 0.096 3 2
14 22 0.042 3 0
33 52 0.204 3 1
92 100 0.558 3 2
21 15 0.062 3 0
100 5 0.380 3 0
13 30 0.054 3 0
182 100 0.550 3 0
204 22 1.140 3 2
69 100 0.406 3 0
13 15 0.060 3 0
143 100 0.500 3 1
137 100 0.867 3 0
40 70 0.119 3 1
62 40 0.206 3 0
136 15 0.673 3 1
16 15 0.080 3 1
317 30 1.761 3 0
71 30 0.211 3 1
162 10 1.032 3 2
17 52 0.083 3 0
11 70 0.046 3 0
130 70 0.445 3 2
65 5 0.212 3 0
61 70 0.187 3 0
31 10 0.191 3 0
34 40 0.110 3 0
134 15 0.427 3 0
120 5 0.373 3 2
35 40 0.116 3 0
66 100 0.296 3 0
76 15 0.349 3 1
248 15 1.016 3 2
12 100 0.062 3 0
21 5 0.068 3 0
43 22 0.170 3 0
73 15 0.228 3 2
35 15 0.122 3 1
109 30 0.574 3 0
48 15 0.197 3 1
111 70 0.385 3 0
136 5 0.845 3 0
193 40 0.594 3 1
61 10 0.223 3 0
54 30 0.325 3 1
10 10 0.052 3 2
52 22 0.164 3 0
52 10 0.172 3 1
316 15 2.107 3 0
34 52 0.100 3 0
16 15 0.087 3 2
52 40 0.347 3 0
27 40 0.153 3 0
26 52 0.111 3 2
110 40 0.474 3 0
34 30 0.127 3 0
10 5 0.042 3 2
66 10 0.375 3 1
24 70 0.131 3 1
15 30 0.061 3 0
75 22 0.290 3 2
71 70 0.228 3 1
22 52 0.065 3 0
143 30 0.455 3 0
31 52 0.097 3 1
36 52 0.153 3 2
22 100 0.136 3 0
18 15 0.096 3 1
319 70 1.241 3 1
155 15 0.538 3 0
40 70 0.131 3 1
312 52 1.051 3 0
12 30 0.047 3 0
10 22 0.038 3 2
16 5 0.105 3 0
319 22 1.833 3 1
68 5 0.266 3 0
24 15 0.094 3 2
33 70 0.105 3 0
57 70 0.209 3 2
43 40 0.239 3 0
30 70 0.156 3 0
76 10 0.232 3 0
27 5 0.083 3 1
31 10 0.114 3 1
62 5 0.337 3 0
39 40 0.115 3 1
28 10 0.145 3 0
22 5 0.118 3 0
62 22 0.235 3 1
58 70 0.189 3 2
27 70 0.121 3 0
30 70 0.132 3 0
114 5 0.535 3 0
17 5 0.050 3 2
12 52 0.054 3 1
188 100 0.629 3 2
15 22 0.057 3 2
36 5 0.115 3 2
14 30 0.082 3 0
51 22 0.172 3 0
106 15 0.417 3 1
30 52 0.160 3 1
10 40 0.031 3 2
117 40 0.574 3 0
13 15 0.078 3 2
334 10 2.049 3 0
91 52 0.287 3 0
17 10 0.051 3 0
12 40 0.047 3 0
126 52 0.455 3 0
10 70 0.033 3 1
10 100 0.031 3 0
30 5 0.090 3 1
126 52 0.633 3 1
37 70 0.167 3 0
21 15 0.062 3 0
160 70 0.476 3 0
27 15 0.082 3 0
37 5 0.182 3 0
32 100 0.099 3 2
151 15 0.547 3 1
149 5 0.745 3 2
14 40 0.041 3 0
36 30 0.107 3 0
117 30 0.785 3 0
10 5 0.036 3 2
20 52 0.120 3 0
72 10 0.442 3 2
285 40 1.629 3 1
70 52 0.236 3 1
76 30 0.271 3 0
64 40 0.416 3 1
11 10 0.043 3 2
13 22 0.059 3 1
11 22 0.034 3 0
24 40 0.089 3 0
98 100 0.436 3 0
10 100 0.055 3 2
134 52 0.598 3 2
52 30 0.195 3 1
118 40 0.348 3 1
85 52 0.525 3 0
170 100 0.752 3 2
114 30 0.340 3 1
58 10 0.258 3 2
184 5 0.713 3 2
94 40 0.357 3 0
34 15 0.165 3 0
50 10 0.240 3 1
19 70 0.064 3 0
48 100 0.244 3 2
13 15 0.047 3 0
32 22 0.173 3 1
198 10 0.615 3 0
54 15 0.199 3 1
137 22 0.846 3 1
37 52 0.147 3 2
104 10 0.419 3 0
54 5 0.203 3 0
10 52 0.067 3 1
147 5 0.474 3 0
104 30 0.340 3 2
19 10 0.109 3 0
160 10 0.714 3 2
70 30 0.263 3 1
39 52 0.134 3 2
39 30 0.149 3 1
90 30 0.349 3 1
12 52 0.057 3 0
25 100 0.162 3 1
39 5 0.227 3 0
27 70 0.105 3 1
59 70 0.230 3 0
76 40 0.422 3 1
19 40 0.107 3 1
27 5 0.111 3 0
74 70 0.370 3 1
11 10 0.033 3 0
114 70 0.374 3 0
130 52 0.408 3 1
13 100 0.065 3 0
224 40 1.023 3 0
78 52 0.476 3 2
38 10 0.247 3 2
302 5 1.632 3 1
201 22 1.086 3 0
154 52 0.531 3 0
183 40 0.979 3 2
13 52 0.061 3 0
39 100 0.132 3 0
201 70 0.708 3 1
45 70 0.169 3 2
78 15 0.274 3 0
17 52 0.086 3 0
278 40 1.426 3 0
11 30 0.052 3 0
16 10 0.050 3 2
101 10 0.549 3 1
10 5 0.038 3 1
101 40 0.377 3 2
34 70 0.104 3 1
24 22 0.090 3 1
17 30 0.051 3 0
19 40 0.077 3 1
25 52 0.090 3 0
21 10 0.072 3 1
159 100 0.776 3 0
132 52 0.411 3 0
14 15 0.093 3 0
66 22 0.420 3 2
75 5 0.228 3 2
30 100 0.087 3 2
42 100 0.261 3 0
32 70 0.170 3 1
122 22 0.366 3 0
109 70 0.736 3 0
153 52 0.571 3 1
233 30 1.036 3 2
89 10 0.443 3 0
47 70 0.288 3 2
12 70 0.039 3 1
17 30 0.077 3 1
79 52 0.395 3 0
16 22 0.052 3 0
63 40 0.238 3 1
265 40 1.432 3 2
18 22 0.062 3 1
162 22 0.621 3 1
17 5 0.054 3 0
13 52 0.048 3 2
31 5 0.138 3 2
28 5 0.096 3 1
145 70 0.662 3 0
72 10 0.230 3 1
22 40 0.073 3 0
39 70 0.167 3 2
134 22 0.626 3 0
126 22 0.519 3 1
35 10 0.106 3 0
14 22 0.045 3 1
23 40 0.101 3 1
10 5 0.030 3 0
81 30 0.299 3 1
45 15 0.169 3 0
66 15 0.373 3 1
10 70 0.030 3 0
53 10 0.327 3 0
22 52 0.068 3 1
43 10 0.153 3 0
20 100 0.062 3 0
142 100 0.513 3 1
254 52 1.309 3 1
30 15 0.095 3 1
170 40 0.634 3 0
26 100 0.104 3 0
56 100 0.232 3 1
14 70 0.087 3 2
13 15 0.046 3 1
73 40 0.246 3 0
103 22 0.359 3 0
53 52 0.298 3 1
37 15 0.143 3 0
214 10 0.839 3 0
57 30 0.191 3 2
31 100 0.157 3 2
14 22 0.077 3 0
15 22 0.084 3 0
14 40 0.075 3 2
40 15 0.184 3 0
66 52 0.266 3 2
10 5 0.047 3 2
288 15 0.865 3 0
96 70 0.478 3 0
262 70 0.799 3 0
44 52 0.170 3 2
199 40 1.124 3 0
11 15 0.041 3 2
15 40 0.087 3 0
14 30 0.090 3 1
139 5 0.488 3 1
59 15 0.208 3 0
168 70 0.820 3 2
338 15 1.827 3 0
31 5 0.101 3 0
66 70 0.327 3 1
113 30 0.653 3 0
95 22 0.347 3 1
141 22 0.530 3 0
197 30 0.727 3 1
152 5 0.944 3 0
204 52 0.773 3 0
111 10 0.376 3 2
61 30 0.275 3 0
74 30 0.330 3 1
74 52 0.407 3 0
24 10 0.161 3 0
33 70 0.159 3 2
17 10 0.106 3 0
42 70 0.232 3 1
40 30 0.127 3 0
15 40 0.044 3 2
46 52 0.156 3 0
13 22 0.044 3 2
59 52 0.274 3 0
31 40 0.147 3 2
16 22 0.060 3 2
218 5 1.014 3 0
70 5 0.205 3 1
175 15 0.643 3 0
23 10 0.085 3 1
84 100 0.535 3 0
59 40 0.179 3 2
39 22 0.165 3 0
99 40 0.331 3 0
87 100 0.305 3 0
16 40 0.066 3 0
20 10 0.068 3 1
10 5 0.046 3 0
231 70 0.791 3 0
58 70 0.299 3 0
10 10 0.033 3 0
57 52 0.186 3 0
81 5 0.343 3 0
25 40 0.083 3 2
93 100 0.298 3 2
40 15 0.148 3 0
17 22 0.063 3 1
45 22 0.147 3 0
14 10 0.081 3 1
46 15 0.168 3 2
44 22 0.239 3 2
29 15 0.188 3 0
11 5 0.045 3 0
33 100 0.212 3 0
171 100 0.774 3 1
18 5 0.119 3 1
307 10 1.279 3 0
123 15 0.496 3 0
24 40 0.073 3 1
72 100 0.289 3 1
63 52 0.223 3 2
200 40 0.709 3 1
163 5 0.721 3 0
13 52 0.062 3 0
19 15 0.104 3 0
73 5 0.453 3 1
34 5 0.188 3 0
96 52 0.316 3 1
58 40 0.297 3 0
52 40 0.220 3 0
50 5 0.323 3 1
174 5 1.108 3 0
18 30 0.081 3 0
12 100 0.043 3 2
39 22 0.120 3 1
17 52 0.090 3 0
17 52 0.074 3 1
58 70 0.289 3 0
100 15 0.394 3 0
16 52 0.089 3 1
194 15 0.649 3 0
72 30 0.324 3 0
134 70 0.419 3 0
31 70 0.091 3 1
132 100 0.458 3 2
274 100 1.251 3 0
49 22 0.167 3 0
19 40 0.119 3 2
28 22 0.144 3 2
57 40 0.324 3 0
181 70 0.978 3 0
41 100 0.230 3 1
183 30 0.587 3 2
18 52 0.087 3 0
11 52 0.042 3 1
259 22 1.057 3 0
42 30 0.202 3 0
53 40 0.187 3 1
22 52 0.135 3 0
166 22 0.769 3 0
11 70 0.060 3 2
26 15 0.138 3 0
10 5 0.057 3 0
32 5 0.179 3 2
13 10 0.039 3 0
16 30 0.095 3 2
32 15 0.178 3 0
14 30 0.083 3 1
50 10 0.151 3 0
158 15 0.620 3 1
283 52 1.608 3 2
30 5 0.197 3 1
29 5 0.156 3 1
101 52 0.367 3 0
26 52 0.080 3 0
40 15 0.152 3 0
93 52 0.608 3 0
71 15 0.225 3 2
42 15 0.235 3 0
319 15 1.670 3 2
28 5 0.098 3 0
139 30 0.486 3 0
62 100 0.217 3 1
92 10 0.388 3 1
83 30 0.546 3 0
220 52 0.692 3 1
28 30 0.117 3 1
98 70 0.417 3 0
39 22 0.242 3 0
27 15 0.161 3 0
15 70 0.065 3 0
36 52 0.193 3 2
77 30 0.510 3 0
26 30 0.165 3 2
17 52 0.058 3 0
25 40 0.073 3 1
85 30 0.277 3 0
33 100 0.103 3 0
28 5 0.085 3 2
178 22 0.742 3 1
180 52 0.923 3 2
37 70 0.184 3 0
317 15 1.289 3 0
49 30 0.199 3 0
69 40 0.282 3 0
29 70 0.152 3 1
148 22 0.627 3 1
65 22 0.261 3 0
33 40 0.219 3 2
13 5 0.055 3 0
72 100 0.343 3 2
64 30 0.264 3 0
35 15 0.112 3 0
128 22 0.577 3 0
24 30 0.097 3 1
48 52 0.155 3 0
14 52 0.078 3 0
30 5 0.195 3 2
293 70 1.903 3 0
27 10 0.105 3 0
263 100 1.289 3 0
33 22 0.164 3 2
202 52 0.751 3 2
20 70 0.058 3 2
130 15 0.401 3 2
64 52 0.200 3 0
10 52 0.035 3 0
18 5 0.078 3 2
91 70 0.275 3 2
12 100 0.046 3 1
34 10 0.104 3 0
190 10 1.124 3 2
152 22 0.490 3 2
67 52 0.231 3 2
45 10 0.145 3 2
21 52 0.069 3 2
63 15 0.241 3 1
26 40 0.172 3 2
25 70 0.127 3 0
114 10 0.494 3 0
18 10 0.062 3 0
72 52 0.369 3 1
51 22 0.172 3 0
62 30 0.225 3 0
13 52 0.043 3 0
37 40 0.136 3 1
202 52 0.863 3 0
173 5 0.994 3 2
19 100 0.128 3 0
69 22 0.210 3 1
22 15 0.127 3 0
181 40 0.624 3 0
17 10 0.067 3 2
24 40 0.071 3 0
235 52 0.786 3 1
168 30 1.070 3 0
22 40 0.093 3 2
63 5 0.230 3 2
29 40 0.136 3 1
96 30 0.290 3 0
77 22 0.275 3 2
43 15 0.192 3 0
17 52 0.053 3 0
192 30 1.000 3 0
121 52 0.519 3 1
15 30 0.096 3 0
71 15 0.297 3 1
159 5 0.764 3 1
82 15 0.268 3 0
139 22 0.468 3 1
12 22 0.046 3 0
177 5 0.801 3 0
21 15 0.068 3 0
260 5 0.805 3 0
18 15 0.074 3 2
195 40 0.911 3 0
14 100 0.045 3 0
49 70 0.183 3 0
35 5 0.127 3 2
37 70 0.129 3 1
174 10 0.539 3 0
18 70 0.056 3 1
32 40 0.190 3 1
68 22 0.420 3 0
15 100 0.076 3 1
15 40 0.073 3 2
143 5 0.441 3 1
42 22 0.222 3 1
294 52 1.109 3 0
194 100 0.649 3 0
235 40 1.000 3 1
38 15 0.173 3 1
164 52 0.796 3 2
12 10 0.040 3 0
41 22 0.200 3 2
19 15 0.073 3 0
28 15 0.087 3 0
111 15 0.371 3 0
34 52 0.147 3 0
280 15 1.573 3 1
190 10 1.124 3 1
15 5 0.044 3 2
79 10 0.317 3 2
35 10 0.122 3 1
143 15 0.614 3 0
20 15 0.093 3 0
42 22 0.133 3 1
21 22 0.080 3 0
50 10 0.325 3 0
86 22 0.570 3 2
240 22 0.909 3 2
19 22 0.111 3 1
24 10 0.162 3 0
39 10 0.200 3 0
14 30 0.052 3 2
23 22 0.092 3 2
47 10 0.249 3 1
61 15 0.205 3 0
21 100 0.130 3 2
68 70 0.309 3 1
40 52 0.154 3 1
12 30 0.068 3 1
34 30 0.198 3 0
36 10 0.201 3 1
51 5 0.203 3 0
10 52 0.029 3 1
18 40 0.053 3 1
127 52 0.756 3 1
185 22 0.989 3 0
178 10 0.612 3 2
67 22 0.264 3 1
16 5 0.053 3 0
66 5 0.313 3 2
95 52 0.279 3 1
35 10 0.149 3 0
327 40 1.094 3 0
170 22 1.056 3 0
114 40 0.358 3 2
62 10 0.320 3 2
116 5 0.352 3 0
115 10 0.380 3 1
27 15 0.099 3 0
10 40 0.060 3 0
337 40 1.142 3 2
11 52 0.036 3 0
141 10 0.783 3 1
38 15 0.204 3 1
197 15 1.313 3 2
236 100 1.103 3 0
11 15 0.034 3 2
53 40 0.202 3 2
21 52 0.134 3 1
116 30 0.428 3 0
15 70 0.079 3 1
24 15 0.081 3 2
26 52 0.109 3 2
161 10 0.725 3 0
13 5 0.040 3 0
15 22 0.086 3 2
36 10 0.115 3 2
80 70 0.261 3 2
17 22 0.091 3 1
15 15 0.062 3 1
50 22 0.218 3 1
72 10 0.306 3 0
70 5 0.449 3 1
11 22 0.036 3 2
262 40 0.804 3 0
36 100 0.199 3 2
68 10 0.313 3 0
177 5 0.835 3 0
20 40 0.079 3 0
14 52 0.063 3 2
113 10 0.367 3 0
14 70 0.048 3 0
35 100 0.134 3 1
17 15 0.076 3 0
53 40 0.168 3 2
16 40 0.060 3 2
14 22 0.067 3 0
31 100 0.093 3 0
115 30 0.569 3 1
189 22 0.716 3 0
52 15 0.209 3 0
31 5 0.109 3 0
17 22 0.062 3 0
65 30 0.323 3 1
169 30 0.526 3 0
33 15 0.113 3 1
58 10 0.270 3 2
61 10 0.194 3 2
73 5 0.341 3 0
20 15 0.091 3 2
11 22 0.052 3 1
63 70 0.297 3 0
48 70 0.182 3 0
39 40 0.136 3 0
246 10 0.895 3 0
131 100 0.465 3 2
12 22 0.045 3 0
12 5 0.061 3 0
20 10 0.062 3 2
57 10 0.204 3 0
95 100 0.508 3 0
152 40 0.557 3 0
17 10 0.052 3 2
139 70 0.468 3 0
61 30 0.196 3 1
19 5 0.057 3 0
25 10 0.139 3 0
103 5 0.309 3 0
23 22 0.135 3 0
70 15 0.427 3 0
261 30 1.338 3 0
58 15 0.216 3 0
70 10 0.303 3 2
16 10 0.054 3 2
78 15 0.359 3 0
43 52 0.136 3 1
237 10 1.179 3 2
119 10 0.630 3 0
69 70 0.337 3 1
13 100 0.046 3 0
89 70 0.275 3 0
117 52 0.461 3 0
10 10 0.038 3 2
150 30 0.636 3 2
41 30 0.135 3 2
321 30 1.084 3 0
47 22 0.251 3 2
86 52 0.460 3 0
218 70 0.770 3 0
130 52 0.793 3 2
309 15 1.398 3 0
303 15 1.870 3 2
56 52 0.203 3 2
69 100 0.322 3 2
160 52 0.495 3 2
25 70 0.145 3 1
33 10 0.117 3 0
21 70 0.069 3 0
13 15 0.041 3 0
25 100 0.134 3 0
63 15 0.198 3 0
74 5 0.357 3 2
69 5 0.333 3 1
34 10 0.173 3 2
44 52 0.142 3 1
300 15 0.875 3 0
43 100 0.141 3 1
110 40 0.667 3 1
187 15 0.552 3 0
66 52 0.210 3 2
171 70 1.012 3 0
27 15 0.109 3 2
11 15 0.041 3 1
185 30 0.964 3 0
225 22 1.009 3 0
76 70 0.350 3 2
81 30 0.247 3 0
23 40 0.077 3 0
17 30 0.056 3 1
73 40 0.326 3 0
24 70 0.085 3 0
131 22 0.819 3 2
126 100 0.423 3 2
21 30 0.066 3 0
49 100 0.153 3 0
220 10 0.731 3 1
26 5 0.084 3 0
13 30 0.060 3 0
28 52 0.112 3 0
75 15 0.262 3 1
17 30 0.050 3 2
44 52 0.217 3 2
10 22 0.066 3 2
46 70 0.220 3 1
19 10 0.059 3 0
43 15 0.166 3 0
27 30 0.113 3 0
147 10 0.535 3 1
34 70 0.112 3 0
10 70 0.044 3 0
15 22 0.049 3 1
29 40 0.107 3 0
28 52 0.135 3 0
123 15 0.430 3 1
72 5 0.379 3 2
33 30 0.141 3 0
18 5 0.119 3 1
35 52 0.196 3 1
19 70 0.060 3 1
11 30 0.036 3 0
36 70 0.171 3 0
13 22 0.042 3 0
52 5 0.263 3 1
73 52 0.459 3 1
14 10 0.072 3 0
39 30 0.136 3 2
42 70 0.189 3 2
58 70 0.304 3 0
15 100 0.053 3 1
157 10 0.595 3 0
10 52 0.036 3 1
22 5 0.068 3 0
14 10 0.041 3 1
39 15 0.124 3 0
16 40 0.047 3 1
12 5 0.064 3 0
285 5 1.145 3 2
57 40 0.250 3 0
55 70 0.182 3 0
18 100 0.072 3 2
148 100 0.554 3 0
90 70 0.452 3 1
26 52 0.088 3 0
17 70 0.062 3 1
45 5 0.135 3 0
36 52 0.177 3 0
43 15 0.281 3 2
45 22 0.265 3 2
21 30 0.138 3 0
17 52 0.063 3 0
57 52 0.221 3 1
84 10 0.248 3 0
15 5 0.061 3 1
18 100 0.055 3 2
141 40 0.438 3 0
28 10 0.122 3 1
25 22 0.091 3 0
50 70 0.250 3 0
34 5 0.192 3 2
13 22 0.039 3 0
193 40 1.295 3 0
278 15 1.073 3 2
38 70 0.176 3 1
78 100 0.476 3 1
35 10 0.203 3 0
98 15 0.293 3 0
68 100 0.358 3 1
14 30 0.061 3 1
188 100 1.168 3 0
136 40 0.581 3 2
42 22 0.185 3 0
15 70 0.086 3 2
43 30 0.129 3 0
22 10 0.124 3 0
73 52 0.412 3 0
80 5 0.530 3 0
304 30 1.799 3 0
16 52 0.048 3 1
11 40 0.049 3 0
20 10 0.075 3 0
14 30 0.092 3 0
29 30 0.121 3 2
13 100 0.071 3 1
14 30 0.093 3 1
14 5 0.066 3 0
27 5 0.149 3 0
22 22 0.071 3 1
18 30 0.054 3 0
11 15 0.051 3 2
326 15 1.638 3 0
237 10 0.712 3 0
19 100 0.100 3 2
56 15 0.256 3 0
75 15 0.290 3 0
23 15 0.102 3 0
74 70 0.438 3 0
84 52 0.257 3 2
39 22 0.174 3 0
28 30 0.174 3 1
33 5 0.104 3 0
27 70 0.179 3 2
280 15 1.045 3 2
59 15 0.182 3 0
108 15 0.507 3 0
10 70 0.034 3 0
23 70 0.071 3 0
48 40 0.215 3 2
15 30 0.075 3 0
58 52 0.314 3 2
161 30 0.793 3 0
19 40 0.057 3 0
30 70 0.094 3 2
223 70 0.678 3 2
90 100 0.489 3 2
156 15 0.569 3 0
11 70 0.073 3 1
21 40 0.067 3 1
303 22 1.377 3 1
19 5 0.090 3 1
17 22 0.059 3 1
27 15 0.146 3 0
51 30 0.195 3 0
116 22 0.341 3 0
112 70 0.400 3 0
16 52 0.079 3 1
18 22 0.091 3 2
11 30 0.049 3 1
69 5 0.335 3 1
60 70 0.217 3 0
33 10 0.183 3 0
128 100 0.587 3 2
13 30 0.057 3 0
76 100 0.291 3 0
103 5 0.414 3 0
78 15 0.494 3 1
305 100 1.525 3 0
110 70 0.330 3 2
65 100 0.214 3 0
37 70 0.231 3 2
65 15 0.206 3 2
236 40 1.058 3 0
22 40 0.098 3 0
103 15 0.347 3 0
56 100 0.316 3 1
327 100 1.287 3 1
12 100 0.066 3 2
55 70 0.279 3 1
15 15 0.046 3 2
35 100 0.143 3 0
66 10 0.310 3 0
48 40 0.150 3 0
168 10 0.545 3 2
48 22 0.322 3 0
167 30 0.908 3 1
22 10 0.085 3 0
12 40 0.045 3 0
77 40 0.260 3 0
116 40 0.523 3 0
270 100 1.677 3 2
173 10 1.042 3 2
17 30 0.108 3 2
18 40 0.089 3 2
23 30 0.117 3 0
19 100 0.106 3 0
37 10 0.190 3 1
194 5 0.647 3 0
36 40 0.151 3 0
51 30 0.276 3 0
35 70 0.136 3 2
42 5 0.276 3 0
41 5 0.224 3 1
182 100 0.617 3 0
21 100 0.064 3 1
12 22 0.052 3 0
36 5 0.209 3 0
76 10 0.305 3 2
59 22 0.248 3 0
24 22 0.137 3 2
178 5 0.599 3 0
16 52 0.103 3 2
13 10 0.055 3 1
32 22 0.096 3 1
135 40 0.407 3 0
74 100 0.286 3 2
95 40 0.283 3 2
31 10 0.209 3 1
11 52 0.040 3 1
39 22 0.165 3 2
19 5 0.113 3 0
278 10 0.835 3 0
73 10 0.223 3 1
38 40 0.247 3 0
30 52 0.155 3 2
18 5 0.054 3 0
288 10 1.419 3 0
24 15 0.104 3 0
248 22 1.033 3 1
171 52 0.531 3 2
19 22 0.123 3 0
51 100 0.288 3 0
11 40 0.039 3 2
13 10 0.039 3 0
172 52 0.754 3 0
89 70 0.420 3 1
121 5 0.621 3 1
131 30 0.665 3 0
93 15 0.320 3 0
16 10 0.077 3 0
266 52 0.794 3 0
22 30 0.108 3 0
64 52 0.298 3 1
143 100 0.424 3 2
11 5 0.068 3 2
290 15 0.963 3 1
161 100 1.013 3 1
46 5 0.301 3 0
14 30 0.043 3 1
57 30 0.306 3 0
181 40 0.812 3 1
103 10 0.377 3 2
15 70 0.065 3 0
137 70 0.749 3 0
24 5 0.090 3 0
320 22 1.123 3 0
54 10 0.161 3 2
69 10 0.371 3 0
28 52 0.141 3 2
128 22 0.451 3 0
164 52 0.599 3 1
109 15 0.333 3 1
64 100 0.356 3 0
28 10 0.122 3 2
334 22 1.825 3 2
71 40 0.430 3 1
57 22 0.244 3 2
32 5 0.145 3 0
76 70 0.406 3 0
12 70 0.063 3 1
26 15 0.080 3 0
13 52 0.084 3 1
85 5 0.316 3 2
14 5 0.061 3 2
327 52 0.976 3 1
74 22 0.239 3 2
34 100 0.113 3 0
27 10 0.099 3 2
32 5 0.111 3 2
22 52 0.113 3 2
31 15 0.199 3 0
53 52 0.315 3 1
75 30 0.364 3 0
48 5 0.312 3 0
13 70 0.045 3 2
331 52 1.012 3 0
36 100 0.228 3 1
15 40 0.054 3 0
