27 10 0.133 0 1
59 100 0.226 0 2
131 5 0.609 0 2
69 40 0.343 0 1
119 40 0.748 0 1
55 10 0.226 0 1
32 5 0.138 0 1
107 40 0.560 0 1
154 30 0.794 0 2
37 30 0.215 0 2
119 40 0.444 0 2
11 5 0.038 0 1
59 30 0.195 0 2
16 10 0.051 0 2
18 52 0.057 0 1
129 30 0.763 0 2
74 15 0.240 0 1
12 10 0.042 0 1
57 30 0.268 0 2
326 22 1.254 0 2
148 40 0.630 0 2
25 5 0.099 0 2
70 10 0.417 0 2
150 5 0.993 0 2
117 52 0.636 0 1
19 10 0.065 0 1
239 40 1.374 0 2
47 22 0.309 0 1
47 40 0.140 0 2
17 52 0.051 0 1
50 30 0.242 0 1
284 10 1.246 0 1
251 22 1.287 0 1
18 100 0.071 0 1
17 100 0.055 0 1
50 30 0.159 0 1
298 10 1.528 0 2
55 22 0.177 0 2
141 5 0.709 0 2
58 15 0.236 0 1
15 40 0.070 0 2
174 100 0.644 0 1
156 10 0.466 0 2
37 52 0.131 0 2
12 15 0.042 0 1
14 10 0.059 0 2
55 30 0.367 0 1
11 52 0.053 0 2
12 100 0.039 0 1
83 5 0.439 0 2
33 22 0.161 0 2
159 22 0.824 0 1
18 15 0.080 0 1
23 70 0.148 0 1
106 100 0.372 0 1
73 40 0.268 0 1
28 30 0.151 0 2
37 22 0.171 0 1
59 100 0.175 0 1
143 5 0.581 0 2
50 10 0.195 0 2
11 5 0.038 0 2
74 70 0.394 0 1
14 10 0.064 0 2
62 100 0.187 0 1
32 15 0.192 0 1
192 30 0.759 0 1
78 100 0.400 0 2
15 5 0.052 0 1
70 22 0.440 0 1
36 40 0.106 0 2
30 15 0.099 0 1
36 70 0.188 0 1
118 52 0.388 0 2
75 10 0.318 0 1
10 10 0.051 0 1
87 40 0.290 0 2
130 30 0.406 0 1
71 30 0.235 0 2
31 15 0.106 0 1
12 100 0.072 0 1
36 40 0.162 0 1
30 70 0.123 0 1
13 40 0.048 0 1
38 5 0.150 0 1
10 22 0.033 0 1
10 15 0.056 0 2
145 5 0.455 0 1
58 100 0.354 0 2
25 70 0.075 0 1
51 15 0.195 0 1
108 70 0.403 0 1
23 10 0.086 0 2
139 5 0.914 0 2
45 22 0.165 0 2
38 10 0.131 0 2
230 15 0.927 0 2
178 15 0.614 0 2
68 40 0.330 0 2
78 22 0.527 0 1
18 70 0.120 0 1
32 5 0.150 0 1
149 100 0.598 0 1
13 22 0.053 0 2
24 52 0.141 0 2
59 5 0.233 0 1
16 22 0.072 0 1
274 52 1.218 0 2
32 30 0.097 0 1
48 5 0.247 0 1
173 30 1.036 0 1
59 5 0.272 0 2
150 10 0.484 0 1
63 5 0.237 0 1
16 52 0.068 0 2
53 40 0.269 0 1
51 70 0.206 0 1
25 22 0.114 0 1
14 10 0.093 0 2
33 5 0.152 0 2
52 10 0.155 0 2
44 22 0.251 0 2
37 10 0.222 0 2
34 15 0.144 0 2
23 10 0.098 0 2
41 22 0.176 0 1
47 100 0.151 0 1
13 22 0.052 0 2
77 30 0.227 0 1
69 5 0.448 0 2
14 30 0.051 0 2
24 30 0.122 0 2
108 30 0.348 0 1
12 10 0.067 0 1
26 30 0.132 0 2
29 10 0.110 0 1
65 5 0.359 0 1
67 30 0.195 0 2
161 30 0.526 0 1
17 100 0.062 0 1
94 70 0.321 0 1
28 5 0.089 0 2
26 10 0.124 0 1
68 15 0.351 0 2
99 70 0.330 0 1
104 100 0.471 0 2
14 22 0.053 0 1
28 100 0.109 0 2
49 5 0.149 0 2
30 52 0.120 0 2
16 40 0.056 0 1
71 40 0.266 0 2
67 52 0.385 0 2
67 52 0.263 0 2
90 10 0.471 0 2
207 15 1.084 0 2
51 15 0.345 0 1
19 40 0.087 0 1
56 5 0.376 0 2
35 10 0.212 0 2
257 22 1.503 0 1
195 100 1.318 0 1
17 5 0.059 0 2
75 40 0.299 0 1
39 10 0.258 0 2
24 70 0.073 0 1
176 52 0.880 0 1
37 10 0.120 0 2
16 70 0.101 0 1
15 10 0.066 0 1
42 52 0.241 0 1
21 5 0.089 0 2
187 70 0.572 0 1
31 70 0.103 0 1
309 70 1.717 0 2
262 10 0.868 0 1
42 70 0.123 0 2
323 100 1.252 0 2
149 10 0.776 0 2
32 10 0.215 0 1
76 52 0.306 0 1
37 15 0.109 0 2
156 10 0.848 0 2
112 52 0.752 0 1
129 100 0.480 0 1
42 5 0.208 0 2
27 5 0.125 0 1
111 52 0.425 0 1
134 52 0.899 0 2
21 22 0.086 0 1
11 5 0.040 0 2
50 30 0.216 0 1
13 22 0.059 0 2
18 5 0.077 0 1
54 15 0.209 0 1
12 5 0.065 0 1
103 10 0.477 0 2
33 5 0.104 0 1
98 10 0.311 0 2
261 100 1.097 0 2
33 10 0.121 0 2
14 40 0.059 0 2
18 70 0.105 0 1
29 70 0.086 0 2
19 30 0.061 0 1
86 52 0.541 0 1
13 5 0.049 0 2
14 15 0.054 0 1
26 15 0.076 0 1
49 30 0.239 0 2
19 70 0.088 0 2
187 70 0.886 0 2
45 10 0.139 0 1
111 15 0.451 0 1
61 5 0.271 0 1
126 40 0.371 0 1
211 52 0.942 0 2
26 100 0.080 0 1
14 70 0.088 0 2
16 10 0.057 0 2
12 15 0.058 0 1
55 15 0.209 0 1
56 22 0.171 0 2
28 100 0.109 0 1
36 22 0.159 0 1
52 100 0.184 0 2
31 40 0.123 0 1
51 30 0.198 0 1
24 5 0.080 0 2
11 100 0.035 0 1
51 5 0.302 0 1
34 30 0.126 0 1
73 22 0.477 0 2
192 52 0.584 0 1
75 52 0.231 0 2
43 52 0.159 0 1
32 40 0.099 0 1
24 100 0.108 0 1
34 100 0.181 0 2
166 40 1.006 0 2
20 70 0.061 0 1
228 10 0.704 0 1
42 52 0.220 0 2
119 30 0.386 0 2
30 40 0.185 0 2
230 52 0.680 0 1
186 100 0.930 0 2
15 70 0.061 0 1
57 15 0.167 0 1
21 40 0.088 0 1
33 40 0.192 0 2
135 10 0.553 0 2
28 15 0.153 0 2
153 52 0.648 0 1
25 100 0.111 0 1
13 52 0.054 0 2
18 100 0.091 0 1
25 15 0.076 0 1
124 5 0.566 0 1
17 52 0.079 0 2
12 5 0.056 0 1
77 30 0.279 0 2
77 100 0.231 0 2
141 100 0.472 0 2
16 30 0.062 0 2
19 22 0.083 0 1
26 100 0.114 0 1
55 40 0.270 0 1
16 10 0.054 0 2
38 22 0.196 0 1
30 52 0.191 0 1
32 5 0.139 0 1
160 40 0.469 0 1
20 52 0.082 0 1
17 22 0.072 0 2
229 70 0.711 0 2
33 15 0.189 0 2
36 40 0.106 0 1
95 30 0.463 0 2
60 40 0.268 0 1
71 22 0.213 0 2
24 10 0.119 0 2
152 5 0.484 0 2
173 5 1.109 0 1
21 52 0.065 0 2
13 5 0.058 0 2
50 22 0.161 0 1
71 22 0.276 0 2
35 10 0.136 0 2
19 15 0.056 0 2
14 40 0.043 0 1
10 15 0.046 0 2
20 22 0.108 0 1
13 52 0.044 0 1
12 52 0.041 0 2
74 52 0.274 0 1
61 52 0.178 0 2
75 70 0.395 0 1
78 15 0.359 0 2
104 52 0.315 0 1
36 52 0.181 0 2
185 30 0.599 0 2
36 15 0.176 0 1
10 100 0.041 0 1
10 52 0.029 0 2
15 30 0.047 0 2
140 5 0.897 0 2
12 10 0.054 0 2
57 10 0.230 0 2
114 30 0.397 0 1
28 40 0.086 0 1
74 40 0.281 0 1
46 52 0.253 0 2
26 10 0.123 0 1
28 40 0.155 0 2
63 100 0.252 0 2
31 5 0.116 0 2
283 70 0.931 0 1
49 30 0.167 0 1
179 22 0.601 0 2
66 5 0.240 0 2
144 100 0.676 0 2
108 15 0.493 0 2
182 40 1.000 0 2
45 22 0.141 0 1
13 22 0.040 0 1
17 15 0.068 0 1
23 70 0.073 0 2
78 70 0.262 0 2
160 15 0.561 0 2
34 40 0.126 0 1
58 100 0.387 0 2
11 22 0.046 0 2
26 30 0.110 0 2
10 70 0.033 0 1
27 10 0.156 0 2
170 52 0.605 0 2
149 5 0.611 0 2
127 52 0.599 0 1
36 70 0.143 0 2
19 5 0.062 0 1
26 5 0.121 0 2
16 5 0.048 0 2
46 10 0.149 0 1
11 40 0.034 0 1
277 70 1.145 0 1
11 52 0.043 0 2
12 30 0.054 0 1
22 70 0.086 0 1
241 40 0.705 0 1
120 5 0.759 0 1
12 22 0.059 0 1
31 22 0.094 0 2
29 70 0.112 0 1
159 70 0.566 0 2
14 15 0.052 0 2
17 10 0.096 0 2
45 22 0.134 0 1
26 5 0.101 0 1
67 22 0.356 0 2
16 10 0.075 0 2
16 40 0.072 0 2
13 100 0.050 0 1
322 5 1.134 0 1
82 52 0.453 0 2
25 70 0.087 0 1
72 70 0.281 0 2
31 100 0.098 0 2
169 22 0.514 0 2
37 40 0.112 0 1
21 40 0.070 0 2
156 10 0.607 0 2
38 52 0.119 0 1
53 100 0.157 0 2
13 22 0.040 0 1
151 5 0.816 0 2
27 15 0.157 0 1
48 30 0.192 0 2
102 100 0.342 0 1
18 5 0.062 0 1
85 10 0.258 0 1
55 52 0.259 0 2
115 30 0.376 0 2
310 70 1.462 0 2
97 22 0.326 0 2
133 70 0.853 0 1
30 40 0.174 0 1
43 30 0.209 0 1
63 52 0.401 0 2
77 70 0.296 0 2
15 70 0.050 0 2
10 100 0.034 0 2
28 5 0.113 0 2
20 100 0.102 0 2
158 52 0.627 0 1
19 52 0.062 0 2
23 15 0.111 0 2
88 52 0.367 0 2
10 10 0.033 0 1
21 5 0.063 0 2
30 70 0.169 0 2
294 70 1.760 0 2
12 15 0.045 0 1
37 10 0.112 0 1
69 52 0.329 0 2
29 100 0.087 0 1
88 70 0.267 0 2
15 15 0.055 0 1
74 5 0.372 0 1
66 22 0.211 0 1
25 5 0.078 0 2
76 100 0.487 0 1
299 22 1.120 0 2
270 22 0.885 0 1
46 70 0.172 0 2
78 22 0.520 0 2
45 100 0.285 0 1
98 10 0.350 0 2
33 52 0.171 0 2
14 22 0.041 0 2
28 40 0.102 0 2
173 100 0.510 0 2
70 10 0.255 0 2
259 52 0.945 0 1
169 100 0.560 0 2
158 10 0.477 0 2
265 15 0.815 0 2
50 5 0.169 0 1
176 22 0.654 0 2
15 100 0.051 0 2
30 22 0.170 0 1
16 22 0.070 0 2
23 30 0.075 0 2
19 52 0.062 0 1
16 5 0.058 0 2
34 70 0.138 0 1
43 70 0.176 0 1
11 30 0.045 0 2
87 40 0.373 0 2
87 30 0.580 0 2
62 40 0.307 0 2
331 70 1.041 0 2
261 10 0.906 0 1
122 70 0.404 0 1
172 10 0.551 0 2
73 100 0.282 0 1
29 70 0.091 0 2
61 30 0.184 0 1
96 10 0.313 0 2
197 30 0.627 0 1
18 52 0.116 0 2
155 15 0.502 0 1
29 40 0.115 0 2
91 30 0.506 0 2
37 70 0.131 0 1
145 5 0.549 0 1
188 10 1.237 0 1
30 15 0.089 0 2
169 30 0.650 0 1
39 70 0.151 0 2
38 30 0.119 0 2
54 70 0.247 0 1
47 52 0.233 0 1
39 10 0.192 0 1
273 70 1.500 0 2
86 15 0.358 0 1
36 15 0.191 0 1
193 10 1.142 0 1
53 52 0.155 0 2
92 70 0.517 0 2
21 100 0.091 0 1
179 70 0.688 0 1
90 15 0.570 0 2
25 100 0.160 0 1
39 15 0.142 0 1
32 15 0.169 0 1
28 52 0.118 0 2
45 70 0.203 0 2
21 52 0.064 0 1
20 40 0.109 0 1
21 22 0.068 0 2
48 70 0.322 0 2
111 70 0.544 0 2
85 100 0.293 0 2
17 10 0.056 0 2
17 10 0.091 0 2
18 10 0.096 0 2
147 70 0.717 0 2
19 70 0.075 0 2
47 22 0.229 0 2
10 30 0.033 0 2
16 52 0.066 0 2
291 40 1.406 0 1
87 52 0.295 0 2
16 70 0.076 0 1
18 40 0.056 0 2
27 40 0.159 0 2
284 15 0.916 0 2
39 40 0.185 0 2
38 52 0.123 0 2
38 30 0.134 0 1
62 5 0.259 0 1
39 5 0.245 0 2
143 22 0.436 0 2
46 40 0.168 0 2
60 30 0.207 0 2
50 100 0.195 0 1
13 70 0.066 0 1
12 10 0.043 0 2
13 52 0.071 0 1
74 100 0.346 0 2
121 70 0.450 0 1
42 5 0.240 0 2
36 52 0.117 0 2
67 10 0.219 0 2
52 5 0.323 0 2
46 70 0.218 0 2
54 22 0.281 0 1
39 40 0.136 0 2
69 5 0.284 0 1
23 52 0.067 0 1
180 15 0.933 0 2
182 22 1.090 0 1
59 100 0.304 0 1
150 10 0.628 0 1
18 52 0.068 0 1
16 30 0.048 0 1
38 30 0.143 0 2
160 52 0.661 0 1
53 100 0.301 0 1
20 70 0.085 0 2
52 52 0.223 0 1
58 40 0.229 0 1
26 5 0.114 0 2
17 15 0.061 0 1
18 10 0.076 0 1
25 22 0.147 0 1
20 100 0.118 0 2
18 10 0.055 0 2
16 52 0.105 0 2
13 100 0.051 0 1
15 70 0.056 0 1
91 52 0.272 0 1
18 70 0.061 0 2
25 40 0.160 0 1
27 15 0.123 0 1
14 22 0.064 0 2
34 5 0.197 0 2
58 30 0.206 0 2
23 22 0.077 0 1
47 10 0.143 0 2
18 22 0.063 0 2
35 22 0.207 0 1
132 15 0.522 0 1
25 22 0.096 0 2
57 40 0.281 0 1
64 22 0.226 0 1
140 22 0.639 0 2
73 5 0.298 0 1
112 5 0.554 0 1
10 70 0.045 0 1
65 52 0.199 0 2
316 5 1.951 0 1
30 52 0.201 0 1
13 52 0.073 0 2
13 22 0.085 0 1
19 100 0.064 0 2
33 15 0.100 0 1
103 5 0.322 0 2
35 52 0.109 0 1
189 52 0.622 0 1
188 15 1.044 0 2
17 30 0.081 0 1
50 22 0.217 0 2
12 70 0.039 0 2
77 70 0.397 0 2
168 22 0.955 0 1
10 5 0.051 0 1
16 40 0.063 0 2
128 5 0.431 0 2
29 22 0.117 0 2
338 70 1.094 0 2
220 10 1.392 0 1
11 30 0.034 0 1
19 52 0.103 0 2
195 52 0.890 0 2
71 100 0.254 0 2
158 52 0.742 0 2
32 22 0.188 0 2
38 10 0.165 0 1
69 52 0.206 0 2
25 5 0.154 0 1
173 5 0.698 0 1
55 40 0.247 0 1
83 10 0.426 0 2
297 10 1.121 0 2
177 5 1.047 0 2
190 70 1.258 0 2
30 22 0.142 0 1
69 22 0.230 0 2
26 15 0.112 0 1
67 5 0.240 0 1
17 40 0.082 0 1
13 40 0.074 0 1
39 15 0.117 0 2
31 22 0.108 0 1
184 70 0.609 0 1
23 10 0.114 0 1
232 10 0.789 0 2
13 100 0.039 0 2
23 40 0.081 0 1
196 100 0.634 0 1
67 22 0.324 0 1
46 5 0.149 1 0
23 40 0.113 1 0
67 100 0.264 1 0
104 40 0.375 1 0
262 40 1.040 1 2
173 30 0.721 1 0
52 70 0.218 1 2
39 15 0.131 1 0
39 15 0.144 1 0
54 30 0.169 1 0
10 100 0.031 1 0
70 70 0.320 1 0
56 22 0.273 1 0
65 15 0.399 1 2
81 22 0.349 1 0
152 40 0.508 1 2
18 22 0.068 1 2
49 70 0.151 1 2
18 5 0.065 1 0
26 10 0.102 1 0
35 10 0.160 1 0
28 70 0.082 1 0
69 40 0.451 1 2
13 70 0.041 1 0
13 30 0.075 1 0
218 10 0.690 1 0
25 15 0.114 1 0
19 40 0.059 1 0
21 30 0.137 1 0
25 100 0.080 1 0
32 52 0.120 1 2
243 22 0.799 1 2
34 70 0.109 1 2
211 22 0.676 1 0
161 52 0.485 1 0
28 22 0.097 1 0
166 52 0.954 1 2
10 40 0.044 1 0
19 100 0.073 1 0
30 15 0.149 1 0
194 22 0.729 1 2
10 30 0.049 1 0
11 52 0.033 1 0
54 70 0.209 1 2
10 15 0.033 1 2
52 15 0.165 1 0
58 30 0.184 1 0
76 40 0.318 1 0
72 70 0.332 1 2
20 15 0.074 1 0
44 30 0.186 1 0
39 100 0.199 1 0
11 5 0.037 1 0
12 10 0.039 1 0
38 10 0.168 1 0
167 30 0.527 1 2
132 22 0.600 1 0
18 10 0.105 1 0
19 5 0.110 1 0
18 5 0.053 1 2
53 10 0.195 1 2
13 22 0.048 1 2
28 70 0.082 1 0
78 22 0.257 1 2
11 40 0.042 1 2
12 40 0.040 1 2
18 10 0.066 1 0
54 15 0.358 1 0
61 70 0.345 1 0
164 30 0.522 1 0
11 5 0.038 1 2
61 40 0.196 1 0
36 70 0.137 1 2
85 30 0.483 1 2
314 40 0.926 1 0
19 10 0.127 1 2
20 100 0.070 1 0
59 10 0.258 1 0
26 100 0.101 1 0
92 52 0.479 1 0
45 30 0.185 1 2
30 52 0.169 1 2
24 5 0.118 1 0
38 100 0.112 1 0
145 10 0.471 1 2
181 10 0.928 1 0
57 22 0.292 1 2
21 70 0.063 1 2
57 22 0.193 1 0
63 5 0.297 1 2
19 40 0.072 1 0
154 52 0.875 1 2
16 52 0.054 1 0
26 22 0.102 1 0
81 52 0.297 1 0
20 52 0.093 1 0
70 15 0.343 1 0
29 30 0.096 1 0
38 22 0.158 1 0
12 70 0.071 1 2
91 10 0.361 1 0
56 70 0.190 1 0
54 100 0.229 1 0
94 10 0.303 1 0
43 30 0.162 1 0
75 70 0.242 1 0
38 15 0.133 1 0
31 70 0.126 1 0
71 5 0.277 1 0
187 52 0.862 1 0
43 5 0.170 1 2
63 70 0.281 1 0
38 10 0.123 1 2
20 10 0.105 1 0
15 40 0.089 1 2
14 30 0.057 1 0
38 40 0.135 1 0
51 100 0.293 1 0
12 52 0.040 1 0
14 10 0.084 1 2
231 70 0.675 1 0
18 40 0.065 1 0
47 100 0.148 1 0
53 10 0.277 1 2
33 70 0.206 1 2
14 52 0.087 1 0
174 70 0.983 1 0
31 5 0.128 1 0
29 10 0.088 1 0
38 40 0.235 1 0
37 15 0.230 1 0
126 40 0.550 1 0
113 52 0.450 1 2
63 22 0.360 1 0
12 40 0.047 1 2
47 22 0.269 1 0
11 70 0.054 1 0
38 30 0.136 1 2
136 5 0.557 1 0
190 70 0.852 1 0
150 15 0.728 1 0
23 15 0.093 1 0
16 70 0.089 1 2
70 22 0.262 1 2
45 100 0.201 1 0
19 52 0.067 1 2
135 22 0.646 1 0
105 22 0.673 1 0
195 15 0.823 1 2
11 100 0.039 1 0
169 100 0.862 1 0
19 5 0.062 1 0
16 100 0.069 1 0
10 40 0.047 1 0
61 22 0.201 1 0
27 22 0.094 1 0
30 52 0.159 1 0
163 22 0.517 1 0
78 5 0.344 1 0
302 30 1.024 1 0
41 40 0.218 1 0
21 30 0.077 1 2
13 5 0.060 1 2
38 22 0.173 1 0
90 5 0.279 1 2
49 30 0.221 1 0
16 5 0.088 1 2
148 40 0.450 1 0
88 70 0.543 1 0
12 15 0.065 1 0
10 100 0.049 1 0
62 52 0.388 1 0
10 70 0.040 1 0
118 40 0.461 1 2
73 15 0.235 1 2
114 22 0.358 1 2
265 22 1.019 1 0
21 100 0.112 1 0
16 5 0.052 1 2
39 10 0.130 1 2
43 30 0.125 1 0
16 15 0.061 1 2
185 40 0.561 1 0
189 52 0.804 1 0
46 5 0.299 1 2
10 40 0.064 1 0
103 15 0.456 1 0
154 30 0.484 1 0
20 5 0.063 1 2
307 22 1.181 1 0
28 52 0.176 1 0
39 70 0.158 1 0
171 100 0.598 1 0
126 70 0.575 1 0
14 30 0.054 1 0
131 22 0.452 1 0
15 100 0.059 1 2
35 40 0.215 1 2
274 22 1.181 1 2
44 15 0.262 1 0
285 10 1.707 1 0
13 40 0.047 1 2
19 30 0.112 1 2
10 52 0.048 1 0
11 52 0.054 1 0
53 5 0.209 1 0
37 100 0.141 1 0
163 15 0.622 1 0
19 15 0.087 1 2
76 100 0.258 1 2
240 52 0.700 1 0
40 52 0.135 1 0
127 5 0.648 1 2
175 22 0.651 1 2
87 5 0.261 1 0
15 15 0.070 1 2
25 70 0.078 1 0
18 15 0.094 1 0
30 40 0.093 1 0
16 5 0.051 1 0
12 70 0.056 1 2
12 70 0.069 1 2
67 100 0.250 1 2
25 22 0.087 1 0
25 52 0.090 1 2
30 52 0.112 1 2
86 100 0.265 1 0
37 52 0.120 1 0
193 15 0.742 1 2
31 100 0.172 1 0
23 22 0.151 1 0
17 52 0.050 1 0
73 40 0.401 1 2
206 30 0.703 1 2
86 22 0.506 1 2
37 52 0.214 1 0
11 30 0.046 1 2
194 10 0.674 1 2
28 15 0.108 1 0
16 40 0.048 1 0
226 22 0.886 1 0
102 30 0.379 1 2
107 5 0.585 1 0
114 40 0.404 1 2
13 22 0.051 1 0
47 10 0.158 1 2
162 70 0.876 1 0
30 15 0.088 1 0
46 40 0.189 1 2
73 10 0.351 1 2
318 70 1.622 1 2
339 5 1.024 1 2
25 30 0.113 1 0
98 22 0.339 1 0
23 52 0.079 1 0
16 52 0.101 1 0
10 15 0.033 1 0
83 15 0.246 1 2
29 40 0.159 1 0
28 30 0.176 1 0
18 40 0.059 1 2
63 22 0.358 1 0
111 70 0.455 1 0
28 22 0.100 1 2
20 22 0.117 1 0
139 70 0.818 1 0
64 10 0.217 1 0
19 22 0.104 1 0
41 10 0.157 1 0
24 22 0.100 1 0
33 100 0.200 1 0
56 40 0.196 1 2
80 40 0.491 1 0
55 22 0.193 1 2
62 10 0.235 1 0
150 100 0.781 1 0
37 70 0.150 1 0
69 15 0.392 1 0
30 5 0.094 1 0
17 22 0.054 1 2
74 5 0.267 1 0
10 70 0.035 1 0
130 10 0.573 1 0
158 52 0.924 1 0
184 5 1.165 1 2
211 30 0.986 1 2
90 40 0.608 1 0
11 15 0.053 1 0
203 40 1.080 1 2
104 30 0.454 1 0
105 10 0.652 1 2
227 5 0.721 1 2
234 40 1.194 1 0
13 10 0.072 1 2
301 5 1.427 1 0
79 30 0.359 1 0
62 30 0.326 1 2
12 10 0.053 1 0
67 15 0.229 1 0
57 22 0.328 1 0
142 70 0.507 1 0
16 10 0.060 1 2
44 30 0.148 1 0
18 52 0.070 1 0
16 40 0.073 1 0
86 5 0.489 1 2
12 15 0.047 1 0
25 52 0.116 1 2
25 30 0.103 1 0
17 30 0.071 1 0
42 30 0.131 1 0
49 15 0.255 1 2
12 40 0.038 1 0
246 100 0.895 1 0
40 52 0.152 1 0
71 10 0.216 1 0
41 52 0.144 1 0
14 52 0.085 1 0
64 70 0.418 1 0
157 10 0.720 1 0
64 22 0.335 1 2
22 30 0.086 1 0
28 70 0.184 1 0
19 70 0.086 1 0
25 5 0.124 1 0
54 10 0.358 1 0
47 10 0.272 1 0
10 30 0.045 1 0
92 52 0.304 1 0
158 100 0.541 1 0
14 100 0.055 1 0
108 100 0.327 1 2
126 40 0.368 1 0
229 22 0.713 1 2
11 40 0.033 1 0
24 30 0.070 1 0
10 40 0.044 1 2
18 10 0.089 1 2
66 30 0.204 1 2
34 30 0.106 1 2
301 100 1.461 1 0
34 30 0.175 1 2
52 5 0.160 1 0
130 15 0.413 1 2
13 52 0.052 1 0
69 100 0.388 1 0
70 52 0.213 1 0
116 15 0.425 1 0
46 70 0.172 1 0
266 100 1.051 1 2
20 70 0.081 1 0
67 100 0.205 1 2
16 30 0.093 1 2
128 5 0.643 1 0
19 22 0.073 1 0
184 70 0.648 1 0
332 52 1.660 1 0
32 10 0.104 1 0
131 30 0.595 1 0
68 15 0.200 1 0
126 22 0.374 1 0
35 52 0.123 1 0
12 100 0.036 1 0
26 15 0.080 1 0
36 40 0.138 1 2
98 10 0.510 1 0
35 22 0.230 1 2
60 70 0.182 1 0
14 70 0.051 1 0
27 5 0.134 1 0
138 10 0.730 1 2
286 5 1.163 1 2
76 10 0.240 1 0
85 52 0.528 1 0
299 40 1.549 1 2
18 15 0.052 1 2
28 40 0.083 1 0
304 70 1.082 1 0
11 70 0.051 1 0
28 40 0.183 1 0
13 52 0.062 1 0
14 70 0.054 1 2
13 52 0.061 1 0
71 70 0.232 1 0
36 5 0.178 1 0
21 100 0.069 1 2
15 40 0.047 1 0
63 40 0.260 1 0
11 10 0.054 1 0
12 30 0.039 1 0
26 5 0.082 1 0
15 22 0.059 1 0
66 5 0.241 1 2
22 52 0.089 1 2
117 22 0.347 1 2
19 100 0.070 1 0
126 40 0.534 1 2
15 10 0.071 1 2
190 52 0.945 1 0
19 22 0.104 1 2
208 15 0.797 1 2
75 15 0.248 1 0
77 100 0.407 1 0
72 30 0.308 1 0
12 70 0.045 1 2
19 22 0.057 1 2
68 10 0.234 1 2
128 5 0.607 1 0
68 100 0.233 1 0
204 100 0.911 1 0
158 30 0.587 1 2
68 10 0.223 1 2
55 100 0.229 1 0
19 40 0.064 1 0
263 15 0.804 1 0
156 15 0.518 1 0
321 22 0.961 1 2
193 15 0.566 1 2
11 70 0.034 1 2
183 15 1.096 1 2
13 52 0.054 1 0
35 10 0.187 1 0
50 15 0.174 1 0
56 22 0.171 1 0
23 100 0.136 1 0
44 100 0.224 1 2
42 30 0.188 1 0
63 70 0.362 1 2
39 40 0.126 1 0
12 22 0.040 1 0
45 40 0.250 1 0
122 22 0.642 1 2
38 52 0.156 1 0
70 10 0.345 1 0
324 22 2.118 1 0
79 15 0.459 1 2
15 22 0.047 1 0
24 5 0.073 1 0
62 30 0.187 1 2
35 40 0.216 1 0
10 52 0.038 1 0
30 22 0.125 1 2
153 5 0.459 1 0
76 70 0.248 1 0
12 40 0.066 1 2
116 5 0.671 1 2
27 10 0.123 1 2
47 100 0.197 1 0
35 10 0.178 1 2
10 15 0.030 1 2
39 15 0.118 1 0
121 30 0.401 1 0
20 22 0.096 1 0
30 10 0.172 1 0
34 5 0.183 1 2
230 30 0.836 1 0
24 30 0.085 1 0
72 30 0.274 1 0
33 40 0.209 1 0
19 52 0.100 1 0
16 10 0.065 1 0
88 52 0.575 1 2
237 5 0.693 1 0
15 70 0.053 1 2
186 30 0.816 1 0
42 52 0.193 1 0
46 10 0.174 1 2
13 100 0.044 1 0
51 40 0.291 1 0
26 52 0.144 1 0
269 15 0.810 1 0
54 100 0.164 1 0
295 22 0.875 1 0
10 70 0.045 1 0
178 30 1.047 1 2
29 15 0.129 1 0
22 15 0.103 1 0
326 10 1.087 1 0
27 40 0.102 1 0
38 22 0.244 1 0
26 52 0.170 1 2
53 100 0.204 1 2
74 52 0.413 1 0
11 15 0.059 1 0
14 70 0.074 1 2
33 22 0.108 1 0
74 30 0.217 1 0
164 10 0.636 1 0
35 15 0.173 1 0
235 5 0.699 1 0
77 52 0.280 1 2
73 30 0.371 1 0
36 15 0.132 1 0
168 22 0.641 1 0
16 15 0.086 1 0
255 5 1.118 1 0
14 10 0.054 1 0
65 100 0.272 1 0
34 70 0.143 1 0
13 10 0.049 1 2
31 15 0.164 1 0
18 30 0.088 1 0
30 40 0.178 1 0
10 30 0.054 1 0
10 22 0.033 1 0
14 5 0.083 1 0
78 5 0.265 1 2
173 52 0.801 1 0
76 22 0.371 1 0
15 100 0.063 1 2
18 40 0.084 1 0
320 15 2.162 1 2
24 22 0.089 1 2
75 70 0.329 1 0
174 5 0.946 1 0
72 100 0.329 1 0
62 10 0.212 1 0
20 70 0.088 1 2
61 15 0.274 1 2
12 22 0.054 1 0
29 22 0.141 1 0
81 70 0.488 1 0
61 30 0.292 1 2
119 70 0.449 1 2
11 22 0.035 1 2
75 30 0.336 1 0
73 70 0.326 1 2
13 70 0.058 1 2
98 10 0.524 1 0
75 5 0.260 1 0
61 70 0.178 1 0
173 52 0.759 1 2
173 40 0.883 1 0
56 70 0.339 1 2
244 52 1.427 1 0
15 70 0.051 1 0
47 52 0.241 1 0
72 100 0.335 1 0
76 70 0.400 1 2
18 100 0.058 1 0
41 70 0.199 1 0
15 100 0.049 1 0
28 10 0.141 1 2
17 15 0.069 1 0
54 52 0.270 1 0
50 5 0.249 1 2
39 70 0.120 1 0
21 15 0.095 1 0
190 22 0.599 1 0
267 15 1.517 1 2
15 30 0.100 1 0
18 5 0.098 1 0
67 52 0.249 1 0
199 15 1.164 1 0
196 22 1.241 1 0
61 30 0.349 1 0
65 10 0.295 1 2
126 15 0.720 1 0
103 15 0.314 1 2
192 100 0.577 1 0
26 5 0.165 1 0
26 22 0.092 1 2
35 10 0.222 1 2
53 22 0.215 1 0
41 15 0.158 1 0
32 100 0.211 1 2
30 52 0.160 1 0
32 30 0.211 1 0
46 40 0.198 1 2
12 70 0.047 1 2
18 15 0.097 1 0
17 52 0.052 1 0
18 40 0.057 1 0
56 5 0.368 1 0
34 10 0.128 1 2
20 5 0.123 1 2
17 100 0.055 1 0
51 10 0.154 1 0
20 22 0.116 1 2
27 100 0.092 1 0
43 10 0.141 1 0
15 52 0.097 1 0
72 5 0.299 1 0
180 40 0.779 1 0
25 22 0.166 1 0
47 15 0.152 1 0
31 5 0.114 1 2
39 22 0.134 1 0
16 5 0.056 1 2
50 52 0.267 1 0
34 15 0.185 1 0
152 40 0.792 1 0
49 22 0.217 1 0
69 70 0.361 1 0
15 40 0.049 1 0
16 40 0.074 1 0
235 40 0.897 1 2
26 100 0.079 1 0
169 5 0.558 1 0
10 70 0.038 1 0
190 5 0.578 1 2
11 30 0.045 1 0
10 30 0.040 1 2
73 5 0.471 1 2
48 70 0.169 1 0
127 15 0.454 1 2
243 40 0.750 1 2
65 52 0.205 1 2
40 22 0.185 1 2
27 40 0.086 1 0
10 30 0.030 1 0
115 40 0.701 1 0
108 22 0.370 1 0
68 52 0.287 1 0
17 10 0.082 1 2
66 40 0.199 1 0
71 15 0.406 1 0
64 40 0.328 1 0
18 22 0.055 1 2
43 22 0.226 2 0
248 15 0.961 2 0
161 70 0.732 2 1
29 5 0.099 2 1
174 5 0.554 2 0
18 30 0.055 2 0
55 70 0.184 2 0
323 22 1.302 2 0
173 100 1.024 2 1
38 10 0.201 2 0
140 15 0.645 2 1
13 15 0.060 2 0
35 5 0.132 2 1
19 22 0.098 2 1
11 5 0.057 2 0
85 5 0.254 2 0
61 5 0.232 2 0
197 52 0.735 2 0
42 70 0.222 2 1
33 52 0.157 2 0
15 30 0.064 2 0
207 30 0.908 2 1
60 10 0.366 2 0
173 10 0.673 2 0
51 70 0.227 2 0
109 10 0.328 2 1
333 5 1.050 2 0
60 5 0.245 2 1
47 5 0.148 2 0
230 5 0.682 2 0
174 22 1.101 2 0
53 40 0.251 2 1
281 10 1.837 2 1
79 52 0.246 2 0
15 10 0.054 2 0
24 5 0.073 2 1
47 22 0.154 2 0
10 22 0.041 2 0
71 30 0.234 2 1
180 30 0.700 2 0
93 10 0.346 2 1
297 52 1.375 2 1
33 15 0.202 2 0
38 22 0.198 2 0
135 10 0.440 2 1
338 5 1.178 2 0
148 70 0.612 2 1
38 70 0.203 2 0
103 5 0.410 2 0
77 40 0.263 2 0
17 5 0.092 2 0
158 15 1.053 2 1
176 100 0.645 2 0
170 5 0.680 2 0
60 30 0.245 2 1
69 40 0.292 2 0
185 5 0.746 2 0
16 5 0.103 2 0
308 5 0.945 2 0
246 5 1.236 2 0
175 40 0.529 2 0
68 30 0.221 2 0
21 100 0.074 2 0
312 40 1.143 2 1
16 22 0.059 2 0
31 52 0.110 2 1
66 22 0.259 2 1
18 70 0.073 2 0
135 30 0.637 2 0
62 22 0.218 2 0
75 70 0.304 2 0
188 15 0.715 2 1
161 5 0.492 2 0
19 100 0.068 2 1
129 100 0.606 2 1
165 70 0.959 2 0
332 40 1.038 2 1
75 30 0.231 2 1
167 100 0.752 2 0
47 22 0.281 2 0
25 30 0.080 2 0
196 15 0.916 2 0
227 30 0.705 2 1
16 52 0.067 2 0
31 40 0.097 2 0
130 70 0.426 2 1
192 40 0.683 2 0
199 52 0.913 2 0
255 5 0.911 2 0
17 52 0.077 2 1
264 30 1.000 2 0
223 22 1.487 2 0
104 40 0.330 2 0
241 15 1.401 2 0
40 15 0.195 2 0
13 30 0.067 2 0
37 70 0.248 2 1
36 40 0.154 2 0
11 100 0.034 2 0
79 22 0.432 2 0
17 40 0.093 2 0
10 40 0.045 2 0
181 52 0.919 2 0
28 30 0.106 2 0
12 15 0.057 2 1
14 30 0.047 2 0
92 100 0.314 2 0
42 30 0.140 2 1
70 70 0.215 2 0
31 10 0.149 2 1
27 40 0.082 2 0
149 30 0.898 2 1
163 30 0.642 2 1
122 70 0.819 2 1
120 15 0.395 2 1
46 40 0.238 2 0
10 22 0.031 2 1
26 40 0.086 2 0
13 22 0.040 2 1
120 5 0.508 2 0
109 22 0.586 2 0
190 100 0.872 2 0
19 70 0.103 2 0
52 100 0.157 2 1
50 15 0.187 2 0
119 5 0.548 2 1
38 40 0.126 2 0
160 15 0.557 2 0
171 22 0.777 2 1
63 70 0.354 2 0
17 10 0.106 2 1
22 70 0.084 2 0
15 40 0.100 2 1
20 15 0.127 2 0
53 52 0.340 2 1
34 100 0.228 2 0
29 52 0.094 2 0
33 5 0.125 2 0
43 30 0.164 2 0
20 52 0.071 2 0
247 5 1.182 2 1
49 52 0.271 2 1
160 70 0.664 2 1
14 30 0.071 2 0
335 100 0.982 2 1
44 52 0.218 2 0
36 40 0.129 2 0
13 10 0.057 2 1
18 100 0.067 2 1
68 52 0.286 2 0
10 70 0.030 2 1
66 52 0.223 2 1
19 10 0.073 2 0
89 22 0.324 2 0
10 15 0.040 2 0
57 22 0.303 2 0
90 30 0.441 2 0
114 22 0.708 2 0
11 10 0.033 2 0
76 22 0.283 2 0
136 10 0.406 2 0
167 100 1.031 2 0
185 5 1.201 2 0
221 22 0.708 2 1
124 10 0.559 2 1
189 100 1.277 2 0
294 52 1.157 2 0
41 15 0.203 2 0
111 30 0.466 2 1
74 15 0.413 2 1
63 30 0.335 2 0
16 22 0.047 2 1
16 40 0.078 2 1
27 15 0.119 2 0
21 22 0.091 2 0
106 15 0.326 2 0
48 52 0.177 2 0
282 15 0.922 2 1
19 40 0.061 2 0
32 52 0.136 2 0
48 40 0.220 2 1
29 15 0.085 2 0
26 70 0.117 2 1
59 52 0.335 2 0
57 30 0.194 2 1
17 22 0.059 2 0
18 30 0.086 2 1
220 15 0.647 2 1
11 15 0.036 2 1
80 22 0.376 2 1
179 15 0.574 2 0
37 40 0.209 2 0
18 52 0.085 2 0
74 30 0.273 2 1
19 100 0.095 2 1
33 100 0.173 2 0
42 30 0.135 2 0
300 100 1.613 2 0
68 70 0.258 2 0
63 100 0.346 2 0
29 5 0.151 2 0
16 15 0.098 2 0
129 22 0.796 2 1
79 70 0.310 2 0
79 22 0.255 2 1
22 30 0.111 2 1
17 15 0.050 2 1
16 40 0.051 2 0
67 52 0.241 2 1
58 22 0.274 2 1
53 52 0.201 2 1
11 30 0.063 2 0
27 52 0.149 2 1
31 5 0.104 2 0
82 30 0.274 2 0
120 22 0.632 2 0
31 5 0.092 2 1
298 5 1.202 2 1
30 30 0.115 2 0
67 70 0.315 2 0
36 15 0.119 2 1
148 22 0.594 2 0
13 15 0.046 2 0
60 15 0.176 2 0
11 52 0.047 2 1
32 22 0.134 2 0
18 15 0.085 2 0
41 10 0.199 2 0
11 30 0.072 2 0
51 10 0.293 2 1
135 22 0.718 2 0
27 40 0.093 2 0
38 30 0.204 2 0
140 5 0.828 2 1
73 100 0.417 2 0
18 10 0.113 2 0
157 52 0.460 2 0
147 70 0.891 2 0
138 40 0.468 2 0
134 30 0.558 2 1
27 40 0.080 2 1
36 10 0.137 2 0
18 52 0.102 2 0
172 5 0.664 2 1
66 52 0.245 2 1
56 40 0.249 2 0
182 15 0.919 2 0
71 5 0.222 2 0
42 70 0.145 2 0
34 15 0.228 2 0
13 10 0.071 2 0
25 22 0.077 2 1
35 52 0.103 2 0
39 15 0.210 2 0
54 5 0.182 2 0
85 30 0.276 2 0
28 70 0.115 2 1
64 70 0.370 2 0
14 40 0.074 2 1
12 15 0.075 2 1
297 22 1.904 2 0
37 70 0.247 2 1
193 30 0.832 2 0
35 40 0.149 2 0
27 10 0.104 2 0
155 70 0.513 2 1
10 52 0.054 2 0
20 22 0.063 2 0
93 5 0.338 2 0
30 5 0.133 2 1
152 70 0.731 2 0
27 22 0.103 2 0
24 100 0.148 2 1
16 30 0.051 2 0
27 52 0.091 2 1
151 5 0.604 2 0
47 100 0.230 2 0
131 30 0.502 2 1
15 5 0.083 2 1
182 22 0.540 2 0
33 52 0.200 2 1
45 5 0.172 2 0
23 40 0.071 2 1
86 70 0.300 2 0
242 5 0.809 2 1
192 52 0.873 2 0
15 52 0.075 2 0
79 22 0.399 2 0
14 52 0.064 2 0
186 52 0.873 2 0
17 100 0.051 2 1
15 70 0.046 2 0
37 40 0.170 2 0
14 22 0.062 2 0
138 70 0.603 2 0
94 40 0.635 2 0
21 30 0.092 2 0
18 70 0.069 2 0
181 10 0.529 2 0
248 40 1.127 2 0
126 70 0.371 2 0
56 70 0.227 2 0
85 70 0.316 2 0
32 100 0.203 2 0
58 5 0.290 2 1
148 22 0.465 2 0
164 15 0.837 2 0
93 100 0.342 2 1
220 30 0.780 2 0
251 30 1.451 2 0
58 30 0.328 2 0
17 40 0.050 2 0
70 15 0.446 2 0
27 22 0.097 2 0
73 52 0.424 2 0
19 22 0.069 2 0
17 15 0.054 2 1
181 22 0.948 2 0
161 10 0.830 2 1
10 52 0.051 2 0
43 5 0.222 2 0
40 40 0.179 2 0
95 70 0.300 2 1
32 100 0.096 2 0
17 40 0.102 2 1
87 5 0.310 2 0
144 70 0.783 2 1
102 22 0.472 2 1
48 30 0.304 2 0
40 52 0.127 2 0
11 70 0.034 2 0
320 10 1.778 2 0
16 5 0.068 2 0
191 52 0.897 2 1
98 100 0.340 2 0
23 15 0.138 2 0
45 40 0.155 2 1
11 22 0.034 2 1
183 10 0.633 2 1
46 30 0.177 2 0
146 100 0.924 2 0
13 10 0.073 2 1
27 40 0.091 2 0
14 15 0.051 2 0
53 52 0.162 2 1
76 52 0.452 2 1
115 52 0.398 2 1
25 15 0.145 2 0
27 52 0.081 2 0
53 52 0.244 2 0
52 40 0.192 2 1
48 40 0.155 2 0
300 70 1.724 2 1
15 30 0.077 2 1
328 70 1.682 2 0
24 52 0.141 2 0
64 15 0.303 2 0
23 22 0.089 2 0
47 10 0.168 2 0
49 100 0.207 2 0
139 15 0.470 2 0
187 52 0.989 2 0
12 52 0.074 2 0
20 40 0.060 2 0
19 30 0.097 2 1
55 52 0.217 2 0
63 52 0.294 2 0
75 10 0.500 2 1
152 52 0.486 2 0
27 10 0.166 2 0
325 52 1.650 2 0
265 10 1.373 2 0
15 40 0.061 2 0
11 40 0.039 2 1
78 52 0.268 2 0
25 30 0.093 2 0
39 15 0.214 2 0
248 40 0.864 2 1
144 15 0.446 2 0
33 10 0.104 2 0
74 5 0.402 2 1
35 100 0.169 2 1
53 100 0.211 2 0
183 70 0.585 2 0
251 70 0.745 2 0
18 10 0.113 2 0
22 10 0.092 2 1
332 40 1.089 2 1
19 30 0.088 2 1
73 52 0.269 2 0
28 5 0.089 2 1
26 52 0.129 2 0
22 22 0.141 2 1
89 40 0.543 2 0
25 52 0.099 2 0
34 40 0.105 2 1
17 40 0.068 2 0
18 40 0.074 2 0
52 5 0.172 2 1
137 5 0.581 2 1
91 40 0.508 2 0
314 40 1.774 2 0
14 22 0.050 2 1
54 52 0.271 2 1
25 30 0.091 2 1
17 15 0.069 2 1
159 5 0.480 2 0
46 22 0.279 2 0
115 5 0.373 2 0
19 22 0.087 2 0
119 100 0.793 2 0
212 30 1.211 2 1
44 52 0.169 2 0
22 30 0.086 2 1
19 30 0.068 2 0
150 30 0.750 2 1
28 52 0.085 2 0
67 15 0.444 2 0
17 15 0.057 2 1
11 10 0.058 2 0
34 5 0.117 2 0
48 30 0.196 2 0
95 100 0.556 2 0
26 52 0.173 2 1
39 40 0.170 2 1
22 40 0.106 2 1
39 15 0.245 2 0
138 70 0.573 2 0
62 22 0.320 2 1
135 30 0.525 2 0
34 10 0.173 2 1
221 15 0.895 2 0
63 70 0.206 2 1
317 100 1.781 2 0
329 70 1.582 2 1
11 30 0.054 2 0
35 40 0.226 2 0
25 70 0.083 2 0
17 15 0.052 2 1
15 30 0.049 2 0
58 5 0.331 2 0
83 100 0.299 2 1
38 100 0.198 2 0
145 5 0.435 2 0
18 52 0.083 2 0
64 10 0.318 2 0
72 100 0.429 2 1
34 40 0.225 2 0
145 40 0.474 2 1
19 100 0.095 2 0
14 100 0.078 2 0
33 52 0.198 2 0
11 52 0.040 2 0
52 30 0.156 2 0
163 5 0.582 2 1
63 30 0.409 2 1
61 70 0.192 2 1
207 40 1.399 2 0
12 70 0.047 2 0
55 30 0.204 2 0
14 52 0.068 2 0
14 15 0.047 2 1
142 22 0.724 2 0
124 70 0.667 2 1
110 52 0.337 2 1
32 40 0.172 2 0
71 10 0.326 2 0
160 30 0.535 2 0
14 22 0.081 2 1
125 15 0.472 2 0
32 15 0.120 2 1
101 100 0.303 2 1
230 70 1.484 2 1
67 30 0.259 2 0
91 100 0.347 2 1
33 5 0.105 2 0
61 40 0.181 2 1
15 70 0.045 2 0
127 40 0.543 2 0
44 15 0.183 2 0
87 52 0.534 2 1
42 40 0.128 2 0
15 15 0.054 2 0
71 10 0.276 2 0
13 10 0.083 2 0
10 30 0.032 2 1
57 70 0.383 2 0
60 5 0.248 2 0
28 22 0.171 2 0
58 100 0.284 2 1
87 40 0.361 2 0
26 40 0.083 2 0
14 100 0.072 2 0
13 52 0.079 2 1
69 15 0.215 2 0
219 100 1.335 2 0
12 52 0.051 2 0
30 70 0.166 2 0
121 30 0.725 2 0
13 52 0.073 2 1
10 22 0.066 2 1
163 52 0.482 2 0
197 5 0.755 2 0
160 40 0.503 2 1
22 70 0.076 2 0
172 5 0.575 2 1
43 52 0.209 2 0
24 40 0.099 2 1
39 10 0.118 2 0
12 100 0.039 2 1
56 40 0.289 2 0
25 22 0.155 2 0
73 30 0.361 2 1
157 10 0.483 2 0
59 40 0.206 2 0
76 100 0.367 2 0
15 15 0.099 2 1
142 70 0.743 2 0
25 22 0.076 2 0
16 30 0.052 2 0
