18 10 0.053 0 2
229 5 0.779 0 3
173 40 0.622 0 3
65 15 0.192 0 2
53 22 0.220 0 2
33 70 0.113 0 1
152 40 0.598 0 2
33 30 0.160 0 1
11 15 0.040 0 3
28 100 0.158 0 2
31 15 0.102 0 2
43 5 0.150 0 3
98 5 0.583 0 1
33 15 0.178 0 3
15 100 0.065 0 1
314 40 1.110 0 3
107 10 0.463 0 2
35 70 0.156 0 2
16 10 0.054 0 1
39 10 0.260 0 3
11 22 0.036 0 3
75 10 0.455 0 2
69 70 0.361 0 2
15 52 0.098 0 1
16 70 0.068 0 1
72 10 0.233 0 3
59 5 0.185 0 2
54 15 0.250 0 3
50 52 0.178 0 2
78 10 0.320 0 2
19 100 0.088 0 3
62 70 0.224 0 2
12 100 0.037 0 2
233 40 1.475 0 3
289 70 1.762 0 2
57 15 0.170 0 1
301 70 1.265 0 3
141 15 0.678 0 1
182 22 0.719 0 1
31 10 0.143 0 2
72 22 0.480 0 1
32 15 0.178 0 3
184 30 0.561 0 1
76 22 0.322 0 2
19 70 0.103 0 3
43 70 0.126 0 1
200 30 0.633 0 2
120 30 0.625 0 1
25 5 0.087 0 2
178 40 0.868 0 2
29 15 0.126 0 1
324 22 1.884 0 1
12 5 0.055 0 3
241 52 1.205 0 3
17 22 0.067 0 1
72 10 0.312 0 2
12 22 0.053 0 2
330 52 1.710 0 2
35 5 0.110 0 2
42 30 0.204 0 2
30 70 0.150 0 1
323 40 1.665 0 1
63 30 0.380 0 1
174 40 0.780 0 2
18 40 0.069 0 2
116 10 0.411 0 3
64 52 0.244 0 1
16 100 0.066 0 2
71 52 0.340 0 1
134 15 0.893 0 2
198 30 0.577 0 3
29 40 0.143 0 3
14 22 0.051 0 3
14 22 0.079 0 3
20 70 0.065 0 3
38 30 0.197 0 2
129 22 0.827 0 3
21 30 0.091 0 3
69 10 0.211 0 1
39 22 0.211 0 1
130 15 0.506 0 2
64 30 0.352 0 2
21 70 0.063 0 1
79 70 0.264 0 3
54 100 0.287 0 3
85 10 0.376 0 3
124 22 0.390 0 3
146 5 0.606 0 3
52 5 0.335 0 2
10 70 0.044 0 3
48 40 0.251 0 3
24 22 0.114 0 1
32 100 0.095 0 3
19 5 0.065 0 2
112 30 0.377 0 2
71 5 0.269 0 1
29 22 0.169 0 2
18 30 0.078 0 3
325 15 0.976 0 2
258 100 1.024 0 3
51 40 0.197 0 1
14 100 0.047 0 2
196 22 0.980 0 1
35 30 0.235 0 1
18 30 0.087 0 2
47 22 0.260 0 3
21 70 0.075 0 1
155 52 0.518 0 2
13 52 0.045 0 2
19 100 0.081 0 2
18 100 0.094 0 1
123 52 0.621 0 2
10 5 0.052 0 2
22 22 0.066 0 1
15 40 0.055 0 2
159 70 0.486 0 2
51 52 0.196 0 1
58 5 0.280 0 2
72 70 0.281 0 3
30 5 0.199 0 3
31 10 0.092 0 1
152 22 0.859 0 3
176 5 0.525 0 3
178 10 0.627 0 1
33 52 0.181 0 2
23 52 0.094 0 1
247 22 0.744 0 2
188 70 0.777 0 2
18 5 0.108 0 3
21 70 0.070 0 2
17 100 0.062 0 2
53 52 0.351 0 1
45 5 0.139 0 3
13 22 0.045 0 3
62 15 0.182 0 2
42 5 0.133 0 1
14 70 0.061 0 1
27 22 0.107 0 3
19 15 0.060 0 1
171 5 0.934 0 1
74 22 0.242 0 3
29 70 0.185 0 3
61 22 0.265 0 2
39 70 0.121 0 3
17 70 0.057 0 1
34 70 0.140 0 1
18 10 0.063 0 1
287 40 0.914 0 3
70 22 0.215 0 3
50 70 0.237 0 2
58 10 0.392 0 3
121 15 0.630 0 1
13 100 0.041 0 2
339 40 1.534 0 1
48 70 0.240 0 3
43 10 0.192 0 3
65 5 0.348 0 2
12 52 0.050 0 1
75 100 0.463 0 1
11 100 0.037 0 3
61 22 0.216 0 1
278 15 0.927 0 1
273 5 1.079 0 3
19 40 0.099 0 2
11 100 0.038 0 1
95 10 0.569 0 1
14 30 0.050 0 2
79 5 0.482 0 2
29 70 0.144 0 1
73 10 0.313 0 2
48 10 0.162 0 2
10 10 0.031 0 2
27 15 0.103 0 2
139 30 0.863 0 1
10 52 0.045 0 3
86 52 0.301 0 2
51 5 0.258 0 2
133 40 0.482 0 1
11 100 0.035 0 3
18 100 0.065 0 2
16 30 0.091 0 1
28 5 0.188 0 1
19 15 0.066 0 1
57 15 0.315 0 1
181 70 0.668 0 2
20 40 0.085 0 3
16 5 0.062 0 2
34 30 0.115 0 1
187 30 0.711 0 1
290 10 1.551 0 1
35 15 0.171 0 3
42 5 0.251 0 2
174 100 0.518 0 1
150 5 0.862 0 1
30 40 0.109 0 1
39 70 0.212 0 3
39 30 0.253 0 1
140 30 0.431 0 1
77 10 0.266 0 1
18 22 0.058 0 3
52 30 0.251 0 3
21 52 0.138 0 2
117 30 0.401 0 3
33 100 0.121 0 3
189 22 0.659 0 3
196 10 1.089 0 2
36 52 0.114 0 3
11 30 0.055 0 2
53 52 0.170 0 1
18 70 0.088 0 3
13 52 0.046 0 1
11 22 0.035 0 3
13 52 0.052 0 3
244 52 0.758 0 1
19 22 0.112 0 1
26 52 0.076 0 2
97 15 0.567 0 3
132 100 0.418 0 2
126 70 0.636 0 2
35 52 0.114 0 2
12 100 0.072 0 3
22 40 0.095 0 2
196 15 0.662 0 3
22 40 0.093 0 1
67 22 0.364 0 3
23 52 0.084 0 2
17 5 0.073 0 3
13 22 0.056 0 3
169 10 0.707 0 2
150 70 0.882 0 2
44 30 0.129 0 2
68 22 0.233 0 3
37 10 0.140 0 1
10 5 0.042 0 1
16 30 0.065 0 3
128 5 0.703 0 3
174 22 0.677 0 1
37 30 0.216 0 1
31 15 0.094 0 1
25 100 0.100 0 1
73 40 0.477 0 3
19 30 0.088 0 2
301 100 1.368 0 1
137 52 0.604 0 2
39 30 0.207 0 1
235 100 0.861 0 1
27 15 0.119 0 3
104 52 0.387 0 1
339 30 1.926 0 3
67 100 0.205 0 1
121 22 0.654 0 1
14 40 0.043 0 3
165 30 0.702 0 3
24 30 0.072 0 2
113 40 0.541 0 2
244 70 0.924 0 2
81 15 0.506 0 2
11 15 0.044 0 1
11 52 0.068 0 3
26 22 0.077 0 2
22 70 0.069 0 3
134 15 0.489 0 2
24 70 0.070 0 2
73 52 0.230 0 3
193 52 0.656 0 2
16 52 0.087 0 3
32 100 0.122 0 3
333 5 1.429 0 2
150 30 0.479 0 1
165 30 0.912 0 1
64 5 0.360 0 3
16 30 0.048 0 1
58 30 0.212 0 2
24 40 0.096 0 1
75 40 0.239 0 1
16 5 0.094 0 3
52 5 0.267 0 3
188 70 0.616 0 3
17 30 0.113 0 3
51 15 0.263 0 3
15 15 0.063 0 3
26 5 0.116 0 2
21 10 0.078 0 3
58 70 0.195 0 3
44 100 0.270 0 3
10 40 0.052 0 2
81 22 0.331 0 1
53 30 0.219 0 2
11 30 0.042 0 1
133 22 0.613 0 2
70 70 0.365 0 3
24 10 0.136 0 1
153 22 0.665 0 1
250 40 0.762 0 1
79 70 0.238 0 3
27 52 0.144 0 2
36 40 0.141 0 3
137 40 0.640 0 2
14 5 0.044 0 3
169 100 0.716 0 2
24 52 0.078 0 2
34 40 0.151 0 3
13 52 0.063 0 2
329 70 1.935 0 3
64 15 0.395 0 3
122 5 0.459 0 3
12 15 0.044 0 2
17 70 0.056 0 3
54 52 0.247 0 2
233 52 1.189 0 2
75 5 0.222 0 1
38 70 0.160 0 1
18 40 0.054 0 2
13 100 0.045 0 3
59 52 0.262 0 3
84 22 0.420 0 3
21 40 0.116 0 3
31 15 0.145 0 1
125 100 0.710 0 2
322 100 1.618 0 3
18 52 0.053 0 1
14 52 0.045 0 1
152 10 0.804 0 3
152 22 0.490 0 1
25 15 0.075 0 1
53 100 0.197 0 2
66 30 0.212 0 2
12 52 0.039 0 3
19 70 0.058 0 3
62 22 0.197 0 2
23 10 0.082 0 1
17 100 0.080 0 3
151 22 0.497 0 1
34 30 0.227 0 2
148 100 0.846 0 2
192 15 1.061 0 1
74 70 0.430 0 1
318 22 1.013 0 3
72 100 0.310 0 3
39 15 0.204 0 2
23 70 0.075 0 1
69 52 0.308 0 1
303 40 1.335 0 2
16 5 0.051 0 1
63 100 0.228 0 1
320 40 1.265 0 2
56 30 0.243 0 3
43 22 0.134 0 1
36 100 0.136 0 1
131 40 0.508 0 1
12 15 0.077 0 3
20 70 0.124 0 2
69 22 0.392 0 3
31 5 0.141 0 2
182 15 0.605 0 2
11 70 0.053 0 2
11 70 0.059 0 3
60 22 0.264 0 1
48 22 0.314 0 1
66 15 0.353 0 2
54 70 0.160 0 1
35 10 0.119 0 2
53 22 0.176 0 2
31 5 0.142 0 3
40 15 0.120 0 3
27 30 0.122 0 1
59 22 0.198 0 1
156 22 0.746 0 1
179 52 0.566 0 1
17 15 0.069 0 2
60 52 0.395 0 2
10 10 0.034 0 1
27 22 0.122 0 1
170 22 0.787 0 1
196 40 0.589 0 1
193 100 0.601 0 3
32 15 0.212 0 3
61 30 0.178 0 1
13 22 0.053 0 2
14 22 0.064 0 3
108 15 0.688 0 1
104 100 0.403 0 2
17 30 0.093 0 3
59 40 0.291 0 3
112 40 0.434 0 3
107 40 0.321 0 1
24 70 0.088 0 1
46 100 0.254 0 1
71 100 0.340 0 1
294 22 1.210 0 1
17 100 0.074 0 1
168 52 0.600 0 3
10 30 0.031 0 1
173 15 0.643 0 1
152 70 0.615 0 3
17 40 0.053 0 2
72 52 0.236 0 2
12 100 0.047 0 2
160 30 0.860 0 2
200 22 0.680 0 1
191 15 1.098 0 3
125 5 0.744 0 2
338 52 1.320 0 3
58 52 0.203 0 3
30 22 0.160 0 3
13 100 0.040 0 2
149 5 0.656 0 3
121 22 0.634 0 2
15 30 0.066 0 1
18 30 0.118 0 1
10 22 0.031 0 3
38 5 0.111 0 2
106 100 0.433 0 3
66 15 0.221 0 3
184 15 0.708 0 2
300 52 1.515 0 2
10 30 0.046 0 3
10 15 0.030 0 1
126 100 0.851 0 2
152 15 0.522 0 2
72 5 0.431 0 1
75 10 0.444 0 1
85 70 0.363 0 3
175 70 0.616 0 3
15 70 0.071 0 2
86 15 0.379 0 2
66 40 0.200 0 3
249 100 1.297 0 2
24 15 0.077 0 2
33 22 0.134 0 3
18 15 0.068 0 2
15 30 0.096 0 3
13 100 0.054 0 2
32 5 0.121 0 3
81 70 0.332 0 2
139 52 0.618 0 3
11 100 0.037 0 2
198 70 0.904 0 2
16 52 0.047 0 1
18 52 0.103 0 2
15 22 0.066 0 2
34 5 0.135 0 2
153 52 0.750 0 3
14 5 0.067 0 1
25 70 0.121 0 2
13 100 0.061 0 2
17 15 0.065 0 1
82 30 0.425 0 1
97 30 0.380 0 1
67 30 0.362 0 2
12 100 0.044 0 3
100 70 0.546 0 2
169 22 0.585 0 1
175 70 0.556 0 3
18 22 0.103 0 2
77 100 0.248 0 1
12 5 0.058 0 1
32 52 0.166 0 1
16 22 0.048 0 3
37 70 0.117 0 2
311 30 1.010 0 1
67 100 0.223 0 2
143 10 0.616 0 2
22 22 0.092 0 3
66 15 0.229 0 3
16 100 0.074 0 1
34 30 0.135 0 2
27 22 0.091 0 3
271 22 0.897 0 2
11 52 0.048 0 2
62 15 0.251 0 3
187 70 0.766 0 1
135 22 0.479 0 1
19 30 0.073 0 3
61 30 0.332 0 2
66 10 0.303 0 2
64 10 0.296 0 1
71 22 0.267 0 3
56 15 0.179 0 3
19 22 0.084 0 1
19 52 0.088 0 2
60 40 0.250 0 2
41 22 0.210 0 1
42 100 0.176 0 3
141 70 0.665 0 3
19 100 0.076 0 2
37 100 0.112 0 1
38 30 0.141 0 1
22 22 0.120 0 3
91 40 0.297 0 2
62 10 0.258 0 2
121 15 0.451 0 2
107 10 0.588 0 2
114 70 0.344 0 2
71 70 0.236 0 1
23 5 0.072 0 2
24 40 0.127 0 3
28 22 0.104 0 3
13 30 0.087 0 3
191 5 0.936 0 1
14 40 0.047 0 3
86 52 0.352 0 2
19 30 0.081 0 1
175 10 0.606 0 2
150 100 0.459 0 1
232 30 0.703 0 3
101 5 0.534 0 2
11 100 0.052 0 2
48 5 0.287 0 2
17 52 0.050 0 2
130 52 0.478 0 3
35 70 0.120 0 2
36 15 0.115 0 3
34 15 0.169 0 2
14 70 0.046 0 3
33 15 0.170 0 3
38 40 0.150 0 2
14 100 0.074 0 3
32 30 0.137 0 1
19 30 0.076 0 2
36 100 0.124 0 2
53 100 0.323 0 2
102 100 0.557 0 3
42 10 0.259 0 2
161 100 0.581 0 3
21 15 0.122 0 1
10 70 0.052 0 3
65 5 0.208 0 1
134 40 0.590 0 3
86 30 0.260 0 2
23 70 0.100 0 2
79 100 0.503 0 3
38 52 0.233 0 2
37 30 0.215 0 3
194 15 0.597 0 2
184 10 0.554 0 3
13 40 0.068 0 1
221 10 1.292 0 2
49 52 0.237 0 1
189 5 0.727 0 3
38 70 0.116 0 1
15 22 0.053 0 1
79 5 0.467 0 2
82 52 0.322 0 1
327 15 1.277 0 1
11 40 0.051 0 3
31 70 0.112 0 3
78 70 0.251 0 3
29 22 0.132 0 2
23 15 0.131 0 1
44 15 0.211 0 2
32 70 0.133 0 3
68 100 0.216 0 2
14 10 0.092 0 3
147 40 0.572 0 3
46 30 0.160 0 2
47 52 0.244 0 3
19 22 0.059 0 1
29 10 0.091 0 3
164 5 0.859 0 1
19 70 0.058 0 3
10 100 0.051 0 1
14 5 0.060 0 3
35 5 0.106 0 3
96 5 0.311 0 1
14 40 0.042 0 2
147 40 0.544 0 2
28 5 0.091 0 2
14 100 0.055 0 3
228 10 0.950 0 3
13 15 0.048 0 2
25 15 0.090 0 1
36 30 0.161 0 3
66 100 0.232 0 3
36 10 0.129 0 3
11 15 0.035 0 3
15 22 0.062 0 3
24 5 0.116 0 3
153 40 0.461 0 3
206 52 0.786 0 3
32 40 0.172 0 3
79 5 0.364 0 2
19 5 0.057 0 2
28 52 0.084 0 2
141 22 0.719 0 2
78 30 0.494 0 3
59 22 0.233 0 2
145 5 0.535 0 1
170 10 0.977 0 3
64 5 0.283 0 1
183 30 0.622 0 2
66 40 0.250 0 1
102 30 0.545 0 2
12 52 0.071 0 3
14 10 0.072 0 3
38 100 0.157 0 2
43 30 0.234 0 3
253 15 1.698 0 1
153 52 0.554 0 3
135 15 0.625 0 1
10 40 0.032 0 1
14 10 0.055 0 2
24 15 0.072 0 2
36 40 0.114 0 3
135 40 0.404 0 1
275 10 1.206 0 3
161 10 0.660 0 3
36 100 0.178 0 2
330 10 1.034 0 2
58 22 0.226 0 2
44 100 0.155 0 2
50 70 0.198 0 2
25 52 0.073 0 3
21 5 0.076 0 1
283 22 0.860 0 1
19 10 0.072 0 2
13 15 0.051 0 1
65 40 0.248 0 1
306 22 0.897 0 3
13 100 0.043 0 1
16 15 0.074 0 2
72 100 0.483 0 2
25 10 0.090 0 2
23 70 0.085 0 2
68 5 0.405 0 2
14 10 0.044 0 3
185 30 1.217 0 3
93 15 0.517 0 3
289 10 1.025 0 2
21 10 0.084 0 2
11 15 0.049 0 3
93 52 0.624 0 2
31 10 0.096 0 2
34 70 0.158 0 1
66 100 0.212 0 2
44 40 0.278 0 3
34 10 0.186 0 2
152 5 0.910 0 3
18 52 0.098 0 1
18 52 0.060 0 3
29 100 0.097 0 3
78 15 0.238 0 3
186 70 1.177 0 1
123 70 0.456 0 1
50 10 0.263 0 3
239 70 1.572 0 3
173 10 0.721 0 2
16 15 0.086 0 1
43 100 0.155 0 1
32 22 0.153 0 3
59 30 0.353 0 3
19 10 0.068 0 1
306 10 0.905 0 1
16 10 0.089 0 1
229 52 1.477 0 2
73 5 0.256 0 2
148 15 0.592 0 1
253 52 0.900 0 2
148 40 0.638 0 1
114 52 0.770 0 2
50 15 0.185 0 2
47 100 0.258 0 1
186 100 0.660 0 2
12 30 0.047 0 1
11 22 0.034 0 1
45 52 0.166 0 3
17 15 0.056 0 3
46 70 0.198 0 1
13 22 0.040 0 2
167 70 0.555 0 2
12 30 0.036 0 3
12 5 0.050 0 1
78 10 0.257 0 1
61 40 0.347 0 1
12 22 0.050 0 3
18 5 0.055 0 2
13 40 0.083 0 3
38 52 0.149 0 1
131 52 0.658 0 2
206 22 0.949 0 1
306 5 2.000 0 1
107 22 0.347 0 3
26 40 0.156 0 1
154 40 0.726 0 2
30 70 0.157 0 3
203 100 0.976 0 3
329 30 1.530 0 3
53 40 0.266 0 2
42 40 0.280 0 2
166 15 0.505 0 3
285 22 1.256 0 3
12 70 0.040 0 2
70 40 0.251 0 2
30 70 0.167 0 2
39 30 0.157 0 1
51 5 0.169 0 1
32 40 0.125 0 1
244 40 1.099 0 2
25 70 0.078 0 2
42 15 0.147 0 3
11 70 0.033 0 1
22 10 0.087 0 1
58 52 0.349 0 3
146 5 0.667 0 1
56 70 0.171 0 2
41 22 0.201 0 3
36 40 0.159 0 2
106 5 0.697 0 1
93 10 0.309 0 2
25 40 0.108 0 2
174 70 0.845 0 3
10 22 0.030 0 3
19 100 0.061 0 1
54 70 0.181 0 3
17 5 0.107 0 1
26 10 0.134 0 3
17 30 0.080 0 2
25 30 0.083 0 3
27 15 0.104 0 2
14 100 0.042 0 2
39 15 0.137 0 3
10 22 0.034 0 1
191 22 0.990 0 2
12 70 0.063 0 1
43 15 0.193 0 1
66 5 0.229 0 3
16 22 0.066 0 1
53 10 0.190 0 2
19 100 0.101 0 1
86 5 0.573 0 2
57 30 0.224 0 3
33 70 0.115 0 1
30 40 0.127 0 1
13 10 0.045 0 1
39 22 0.180 0 2
70 10 0.273 0 2
33 52 0.124 0 3
60 52 0.197 0 1
122 30 0.433 0 1
30 22 0.109 0 1
185 5 0.683 0 1
17 30 0.054 0 3
66 15 0.203 0 3
32 70 0.103 0 3
17 52 0.079 0 3
35 100 0.123 0 3
18 5 0.069 0 3
178 5 1.000 0 3
145 70 0.445 0 2
15 10 0.059 0 2
41 30 0.188 0 1
20 52 0.075 0 3
17 22 0.079 0 1
87 52 0.290 0 1
105 100 0.404 0 1
18 15 0.086 0 3
137 100 0.573 0 2
79 30 0.266 0 1
15 15 0.052 0 2
17 70 0.082 0 3
148 52 0.492 0 3
50 100 0.161 0 2
40 52 0.193 0 3
11 70 0.045 0 1
12 5 0.039 0 2
59 5 0.212 0 1
40 22 0.163 0 2
162 70 0.698 0 1
28 22 0.140 0 2
12 10 0.076 0 1
111 10 0.437 0 1
62 100 0.298 0 2
45 5 0.237 0 2
34 15 0.138 0 3
18 30 0.067 0 1
71 70 0.233 0 1
67 30 0.238 0 2
335 70 1.340 0 2
170 5 0.854 0 2
24 5 0.072 0 3
18 22 0.115 0 2
167 10 0.551 0 3
22 100 0.129 0 3
59 5 0.319 0 3
21 30 0.101 0 3
47 22 0.181 0 1
28 100 0.084 0 1
139 5 0.832 0 3
56 52 0.326 0 3
49 100 0.287 0 3
218 5 0.639 0 1
26 15 0.127 0 2
63 30 0.220 0 2
20 100 0.064 0 3
176 30 0.786 0 1
76 40 0.432 0 3
91 52 0.479 0 3
74 40 0.275 0 1
32 70 0.109 0 3
42 100 0.125 0 2
11 52 0.048 0 2
75 22 0.229 0 2
190 30 0.629 0 1
65 30 0.289 0 1
173 40 0.629 0 1
319 5 1.636 0 1
11 100 0.038 0 1
143 5 0.464 0 2
19 22 0.061 0 1
27 52 0.113 0 1
196 30 1.298 0 3
14 22 0.043 0 1
111 30 0.478 0 3
150 70 0.915 0 3
29 70 0.132 0 2
15 30 0.081 0 1
14 15 0.073 0 2
42 100 0.136 0 3
108 10 0.318 0 3
28 5 0.158 0 1
114 10 0.422 0 1
46 22 0.221 0 3
88 100 0.280 0 3
145 100 0.924 0 2
263 40 1.437 0 2
28 15 0.123 0 1
39 22 0.116 0 2
17 10 0.083 0 3
11 40 0.040 0 1
90 10 0.266 0 3
10 70 0.031 0 3
33 30 0.123 0 2
195 30 1.060 0 3
70 10 0.340 0 2
32 40 0.162 0 3
26 10 0.135 0 1
77 52 0.497 0 3
103 52 0.419 0 1
13 40 0.047 0 2
10 70 0.043 0 3
17 100 0.089 0 1
98 100 0.658 0 1
183 70 0.772 0 3
190 22 0.660 0 2
302 100 0.938 0 3
23 70 0.101 0 2
99 40 0.566 0 1
19 52 0.061 0 3
17 22 0.050 0 1
106 100 0.469 0 2
191 52 0.677 0 3
87 10 0.401 0 1
10 22 0.039 0 1
14 100 0.044 0 3
30 10 0.094 0 3
147 70 0.590 0 3
11 10 0.053 0 3
151 5 0.486 0 1
30 22 0.121 0 1
287 5 1.503 0 1
107 22 0.652 0 1
14 15 0.057 0 1
29 15 0.187 0 1
73 100 0.215 0 1
132 22 0.420 0 2
27 10 0.142 0 3
18 22 0.115 0 1
33 100 0.155 0 1
21 5 0.067 0 3
13 15 0.050 0 1
13 40 0.069 0 2
58 10 0.172 0 1
11 100 0.045 0 3
66 40 0.299 0 2
132 30 0.407 0 1
15 22 0.069 0 3
326 5 1.240 0 1
30 10 0.102 0 1
38 15 0.217 0 1
151 70 0.482 0 3
62 70 0.241 0 3
50 5 0.204 0 1
39 30 0.114 0 3
64 22 0.254 0 2
11 15 0.046 0 1
48 70 0.175 0 3
62 40 0.188 0 2
23 52 0.107 0 3
26 30 0.143 0 1
50 5 0.167 0 1
15 22 0.056 0 2
21 40 0.095 0 2
42 30 0.223 0 3
71 22 0.231 0 2
18 15 0.056 0 2
68 15 0.330 0 2
23 40 0.087 0 3
16 5 0.053 0 1
133 5 0.500 0 3
12 22 0.073 0 3
310 30 1.703 0 1
187 22 0.763 0 3
30 22 0.103 0 1
122 5 0.400 0 1
29 40 0.196 0 1
22 40 0.071 0 3
18 70 0.096 0 3
77 15 0.231 0 2
16 10 0.050 0 1
173 100 0.634 0 3
86 5 0.521 0 2
37 70 0.183 0 3
51 10 0.154 0 3
17 52 0.055 0 2
42 52 0.191 0 1
79 15 0.250 0 1
19 15 0.088 0 2
177 52 1.035 0 1
19 100 0.056 0 2
49 30 0.155 0 2
188 52 0.550 0 2
48 30 0.250 0 2
22 5 0.073 0 1
19 30 0.112 0 1
17 30 0.051 0 1
252 30 1.125 0 1
266 40 0.844 0 3
103 30 0.311 0 3
44 70 0.190 0 3
25 5 0.162 0 3
50 5 0.263 0 1
234 5 1.245 0 3
11 40 0.051 0 2
50 5 0.212 0 1
12 22 0.049 0 1
18 40 0.082 0 1
266 5 0.950 0 2
43 10 0.141 0 1
53 5 0.308 0 3
24 100 0.113 0 1
175 30 0.745 0 1
14 10 0.055 0 3
317 40 2.045 0 1
180 5 0.994 0 2
12 22 0.043 0 3
41 100 0.255 0 2
14 52 0.054 0 1
18 22 0.086 0 1
15 40 0.060 0 3
18 10 0.112 0 1
338 40 1.878 0 2
12 100 0.053 0 2
194 30 0.776 0 1
21 100 0.066 0 3
17 70 0.060 0 1
118 30 0.618 0 3
151 70 0.632 0 2
55 30 0.171 0 1
18 70 0.098 0 2
56 100 0.255 0 2
91 70 0.474 0 1
30 5 0.122 0 3
45 30 0.132 0 2
26 52 0.160 0 1
161 5 0.471 0 2
25 10 0.080 0 1
13 40 0.052 0 2
24 10 0.080 0 3
65 5 0.378 0 3
67 5 0.399 0 3
15 22 0.045 0 3
16 15 0.055 0 3
266 40 1.371 0 3
154 70 0.811 0 3
11 5 0.033 0 1
107 40 0.408 0 1
105 30 0.479 0 1
13 40 0.038 0 3
53 70 0.199 0 3
134 5 0.623 0 3
133 5 0.498 0 2
146 52 0.577 0 2
88 30 0.317 0 3
69 10 0.307 0 3
22 70 0.111 0 1
115 100 0.525 0 1
21 52 0.067 0 1
120 40 0.367 0 3
54 10 0.355 0 1
43 10 0.214 0 2
92 52 0.319 0 2
16 22 0.094 0 3
296 10 0.863 0 2
151 22 0.981 0 2
12 52 0.054 0 2
18 22 0.112 0 1
312 70 1.608 0 3
46 22 0.190 0 3
266 15 0.933 0 1
21 70 0.079 0 1
220 70 1.084 0 3
21 15 0.083 0 1
24 5 0.162 0 3
201 70 0.794 0 2
333 5 1.871 0 1
219 22 1.177 0 3
127 70 0.738 0 2
24 40 0.083 0 3
59 70 0.224 0 2
14 70 0.052 0 3
144 22 0.457 0 1
128 70 0.467 0 2
16 5 0.078 0 1
165 22 0.938 0 3
74 100 0.247 0 2
161 70 0.639 0 1
24 52 0.074 0 1
109 5 0.565 0 3
101 100 0.476 0 1
15 5 0.081 1 2
59 70 0.343 1 0
55 40 0.318 1 3
161 22 0.594 1 0
196 70 1.095 1 0
218 5 0.679 1 2
27 22 0.093 1 0
23 30 0.085 1 2
32 15 0.105 1 0
49 15 0.181 1 0
213 22 1.253 1 0
172 40 0.568 1 0
85 30 0.541 1 0
15 52 0.047 1 3
19 70 0.082 1 3
13 22 0.076 1 2
10 70 0.065 1 0
11 40 0.057 1 3
193 15 0.592 1 0
15 5 0.069 1 0
157 30 0.588 1 0
18 5 0.066 1 0
49 100 0.288 1 3
46 52 0.168 1 0
329 70 1.449 1 0
75 100 0.455 1 2
86 70 0.347 1 0
41 10 0.244 1 0
61 52 0.321 1 0
10 70 0.046 1 3
38 52 0.160 1 3
72 100 0.211 1 3
48 15 0.257 1 0
169 70 0.768 1 0
58 10 0.228 1 0
189 15 1.152 1 3
195 5 0.679 1 3
78 5 0.451 1 0
57 30 0.289 1 0
42 100 0.172 1 0
43 22 0.176 1 0
118 70 0.379 1 3
16 40 0.091 1 0
87 10 0.492 1 2
34 52 0.228 1 3
94 15 0.492 1 3
74 30 0.221 1 2
15 40 0.050 1 3
150 10 0.437 1 3
16 100 0.079 1 3
91 52 0.307 1 0
141 10 0.465 1 0
251 15 0.794 1 2
21 5 0.083 1 0
68 70 0.296 1 2
24 5 0.135 1 0
170 22 0.966 1 2
34 30 0.186 1 0
38 52 0.250 1 0
14 100 0.077 1 2
182 15 0.703 1 0
75 22 0.319 1 0
17 22 0.086 1 2
198 10 1.042 1 2
37 10 0.120 1 3
125 52 0.796 1 0
25 5 0.085 1 2
35 5 0.115 1 0
37 10 0.198 1 0
20 15 0.070 1 0
31 15 0.091 1 2
16 52 0.075 1 0
168 10 0.594 1 3
32 52 0.118 1 0
12 10 0.036 1 3
32 22 0.209 1 2
79 40 0.457 1 3
140 70 0.528 1 2
12 30 0.054 1 3
50 10 0.238 1 0
16 15 0.108 1 3
149 5 0.452 1 2
28 100 0.117 1 0
272 70 1.115 1 0
51 70 0.195 1 3
151 70 0.987 1 3
14 10 0.062 1 0
25 30 0.074 1 0
10 70 0.050 1 0
22 15 0.112 1 0
20 40 0.077 1 2
38 15 0.205 1 0
12 5 0.055 1 0
133 5 0.782 1 3
16 100 0.072 1 0
74 22 0.224 1 0
55 15 0.272 1 0
151 52 0.481 1 0
32 22 0.111 1 2
11 52 0.043 1 0
103 40 0.687 1 3
38 10 0.111 1 0
29 30 0.144 1 3
23 30 0.077 1 2
21 10 0.061 1 0
26 30 0.154 1 0
75 15 0.234 1 3
59 22 0.239 1 3
44 70 0.147 1 2
153 100 0.526 1 0
15 5 0.094 1 0
199 40 0.975 1 3
112 40 0.329 1 0
35 10 0.148 1 0
13 22 0.051 1 0
53 15 0.329 1 0
60 30 0.242 1 0
204 22 0.833 1 3
73 100 0.258 1 0
33 10 0.101 1 2
37 70 0.117 1 3
126 40 0.481 1 3
191 40 0.588 1 3
11 22 0.052 1 0
147 5 0.600 1 0
14 30 0.066 1 3
105 15 0.324 1 3
206 10 1.256 1 2
23 52 0.139 1 3
100 15 0.341 1 0
41 10 0.241 1 3
70 15 0.308 1 0
177 100 0.594 1 0
15 100 0.093 1 0
43 5 0.259 1 0
12 15 0.048 1 0
12 40 0.045 1 0
56 100 0.183 1 2
35 52 0.115 1 0
15 52 0.052 1 2
22 100 0.114 1 0
19 30 0.077 1 3
93 10 0.477 1 0
202 52 0.660 1 0
88 22 0.591 1 3
29 70 0.141 1 3
14 52 0.045 1 0
32 70 0.101 1 0
233 15 0.710 1 0
38 100 0.170 1 0
197 15 0.659 1 2
34 15 0.117 1 3
42 40 0.142 1 3
39 5 0.218 1 3
70 5 0.241 1 3
194 40 0.960 1 0
12 22 0.044 1 3
23 30 0.068 1 0
31 30 0.112 1 0
12 22 0.050 1 2
26 22 0.080 1 3
89 30 0.445 1 3
28 40 0.107 1 0
181 10 0.603 1 0
115 52 0.550 1 0
92 10 0.275 1 2
12 40 0.037 1 0
25 70 0.143 1 3
77 5 0.362 1 0
15 70 0.054 1 0
291 70 0.882 1 3
186 22 0.600 1 0
10 52 0.043 1 0
10 15 0.038 1 0
10 10 0.031 1 0
58 100 0.270 1 0
13 10 0.086 1 0
63 15 0.190 1 0
295 52 0.937 1 0
16 30 0.077 1 2
41 52 0.199 1 3
10 40 0.029 1 3
38 30 0.230 1 0
25 22 0.106 1 0
67 30 0.263 1 3
299 22 1.107 1 3
24 100 0.145 1 2
13 70 0.062 1 0
179 22 0.599 1 0
303 15 1.471 1 0
39 100 0.171 1 3
22 30 0.086 1 0
27 30 0.079 1 0
119 5 0.778 1 3
26 100 0.082 1 3
30 100 0.091 1 3
65 70 0.311 1 0
67 100 0.278 1 0
172 52 0.507 1 2
12 10 0.041 1 3
18 22 0.073 1 3
12 10 0.069 1 2
19 70 0.078 1 3
21 5 0.084 1 0
44 52 0.198 1 0
40 70 0.143 1 3
174 22 0.911 1 2
167 15 0.494 1 0
53 30 0.215 1 0
169 30 0.556 1 0
18 70 0.084 1 0
41 15 0.140 1 0
112 30 0.655 1 0
16 30 0.070 1 0
119 30 0.390 1 3
164 5 0.614 1 0
39 5 0.228 1 0
77 15 0.345 1 0
68 5 0.258 1 3
50 10 0.150 1 0
243 15 0.946 1 2
176 100 1.035 1 0
147 5 0.454 1 3
10 40 0.040 1 3
44 52 0.158 1 0
13 22 0.073 1 0
143 70 0.457 1 0
36 40 0.171 1 0
63 70 0.211 1 0
77 40 0.303 1 3
11 22 0.035 1 0
47 30 0.174 1 0
153 5 0.827 1 2
27 22 0.081 1 0
108 30 0.617 1 0
35 70 0.130 1 0
38 30 0.121 1 0
172 22 0.691 1 0
117 10 0.364 1 0
46 52 0.147 1 0
10 30 0.061 1 0
12 15 0.046 1 3
27 30 0.105 1 2
19 70 0.061 1 0
11 40 0.041 1 3
22 30 0.102 1 2
10 10 0.033 1 2
26 100 0.090 1 2
19 15 0.128 1 2
69 30 0.423 1 2
13 100 0.074 1 3
49 70 0.168 1 0
58 100 0.181 1 2
17 10 0.068 1 2
11 30 0.041 1 0
11 22 0.052 1 2
29 10 0.145 1 0
20 52 0.091 1 0
60 52 0.339 1 3
61 10 0.182 1 3
19 70 0.109 1 0
52 10 0.246 1 0
196 10 0.845 1 3
13 22 0.071 1 2
105 15 0.438 1 0
19 70 0.095 1 2
36 22 0.157 1 2
47 15 0.290 1 2
15 40 0.054 1 0
18 15 0.058 1 0
38 22 0.113 1 0
10 100 0.030 1 2
61 70 0.372 1 0
65 10 0.396 1 2
17 100 0.083 1 0
305 52 1.000 1 2
296 10 0.911 1 0
67 15 0.240 1 3
19 5 0.109 1 0
49 15 0.178 1 2
14 5 0.090 1 0
63 30 0.313 1 0
19 52 0.111 1 0
307 100 1.616 1 0
57 70 0.320 1 0
186 70 0.618 1 0
145 52 0.819 1 3
103 30 0.379 1 0
189 30 0.974 1 0
21 10 0.076 1 0
41 70 0.151 1 2
50 52 0.176 1 0
16 52 0.072 1 0
225 30 1.500 1 2
30 30 0.104 1 2
30 15 0.107 1 0
17 70 0.056 1 0
34 100 0.228 1 2
28 30 0.116 1 0
151 22 0.448 1 0
74 30 0.343 1 3
67 40 0.288 1 3
30 5 0.107 1 0
17 40 0.077 1 0
174 40 0.647 1 0
44 100 0.177 1 0
62 100 0.240 1 0
38 70 0.123 1 0
38 10 0.124 1 3
63 52 0.382 1 0
320 52 1.070 1 2
176 30 0.669 1 0
299 10 1.215 1 2
64 30 0.354 1 2
337 100 1.195 1 3
44 100 0.143 1 2
36 22 0.124 1 2
111 30 0.427 1 0
67 22 0.354 1 0
57 30 0.263 1 0
34 5 0.189 1 0
122 70 0.416 1 3
50 15 0.270 1 0
10 70 0.045 1 0
189 10 0.591 1 2
38 40 0.132 1 3
60 70 0.192 1 0
165 52 0.730 1 0
14 10 0.055 1 0
13 15 0.058 1 0
16 15 0.047 1 2
14 52 0.072 1 2
58 5 0.225 1 2
58 70 0.310 1 3
12 40 0.076 1 0
117 15 0.375 1 0
19 10 0.069 1 0
15 100 0.057 1 3
189 5 0.551 1 3
17 70 0.089 1 0
98 5 0.302 1 2
183 10 0.756 1 2
42 30 0.190 1 3
52 70 0.163 1 0
140 70 0.423 1 3
64 70 0.282 1 2
29 100 0.127 1 2
18 40 0.091 1 2
15 15 0.047 1 2
45 15 0.165 1 2
174 15 0.604 1 2
339 22 1.284 1 2
45 5 0.245 1 3
20 30 0.129 1 0
74 40 0.404 1 3
19 40 0.065 1 0
34 10 0.125 1 3
173 22 0.742 1 0
64 100 0.248 1 2
22 100 0.065 1 0
54 15 0.164 1 3
67 70 0.283 1 0
29 5 0.118 1 2
38 100 0.226 1 0
151 22 0.486 1 0
15 30 0.048 1 0
233 52 0.936 1 2
195 22 0.704 1 0
145 30 0.848 1 0
61 30 0.237 1 2
50 15 0.316 1 2
24 100 0.113 1 2
198 70 1.193 1 0
23 100 0.112 1 3
58 5 0.206 1 2
64 40 0.260 1 0
19 70 0.065 1 2
28 52 0.118 1 3
41 5 0.222 1 0
217 40 0.646 1 2
61 10 0.284 1 2
54 10 0.300 1 2
48 100 0.150 1 3
18 15 0.060 1 0
12 52 0.050 1 0
44 5 0.203 1 3
33 100 0.140 1 0
21 40 0.127 1 0
85 52 0.333 1 2
190 5 0.856 1 0
186 10 0.550 1 0
18 100 0.053 1 3
71 22 0.261 1 0
38 100 0.198 1 2
26 30 0.084 1 0
37 10 0.127 1 2
15 5 0.085 1 0
129 70 0.645 1 3
13 15 0.048 1 0
53 40 0.168 1 3
30 70 0.133 1 0
34 52 0.209 1 3
49 40 0.262 1 0
55 10 0.232 1 0
245 22 1.237 1 3
27 100 0.081 1 0
116 40 0.477 1 0
53 22 0.296 1 2
14 40 0.042 1 2
16 5 0.047 1 2
52 100 0.219 1 2
290 5 1.933 1 2
108 40 0.565 1 0
32 15 0.122 1 2
64 100 0.197 1 3
34 5 0.103 1 0
36 70 0.130 1 0
82 30 0.248 1 0
143 10 0.431 1 0
56 30 0.271 1 0
47 10 0.186 1 0
111 100 0.716 1 0
45 70 0.160 1 0
145 30 0.967 1 0
58 70 0.185 1 0
85 40 0.257 1 2
34 22 0.185 1 2
69 10 0.354 1 0
203 10 0.712 1 0
16 70 0.074 1 2
61 10 0.389 1 3
15 5 0.068 1 3
126 15 0.460 1 2
177 10 0.741 1 0
36 5 0.173 1 3
32 30 0.111 1 0
21 5 0.130 1 3
12 22 0.068 1 0
13 70 0.051 1 3
336 30 1.424 1 0
56 5 0.292 1 0
65 30 0.392 1 2
17 5 0.059 1 0
35 22 0.196 1 0
26 15 0.080 1 2
27 100 0.134 1 0
306 15 1.877 1 2
15 22 0.052 1 2
126 100 0.615 1 0
26 100 0.119 1 0
41 22 0.219 1 0
15 70 0.045 1 0
130 30 0.730 1 3
117 10 0.363 1 0
56 40 0.320 1 3
17 22 0.066 1 0
188 30 0.780 1 0
19 22 0.062 1 3
17 22 0.102 1 0
156 70 1.054 1 3
24 5 0.088 1 2
19 15 0.095 1 2
93 5 0.316 1 0
23 52 0.095 1 0
53 15 0.163 1 0
19 70 0.057 1 0
113 30 0.653 1 2
59 40 0.247 1 3
10 30 0.061 1 2
32 100 0.105 1 3
11 30 0.038 1 0
169 15 0.531 1 2
51 70 0.230 1 0
11 100 0.036 1 2
86 5 0.413 1 0
101 52 0.370 1 0
10 15 0.051 1 0
222 15 1.345 1 0
177 15 0.797 1 3
16 40 0.080 1 0
16 70 0.058 1 2
10 15 0.031 1 0
55 22 0.182 1 3
79 52 0.506 1 0
140 52 0.619 1 0
122 10 0.616 1 3
25 52 0.074 1 3
52 15 0.240 1 3
75 10 0.228 1 3
111 40 0.383 1 2
177 22 0.780 1 0
47 5 0.149 1 2
31 5 0.146 1 0
30 5 0.121 1 2
12 30 0.046 1 0
136 100 0.919 1 3
67 100 0.208 1 0
38 30 0.179 1 2
18 15 0.063 1 0
56 5 0.256 1 0
28 40 0.114 1 0
64 70 0.198 1 0
14 100 0.072 1 0
278 100 1.121 1 3
19 100 0.064 1 3
63 22 0.198 1 3
46 30 0.230 1 0
22 15 0.149 1 0
35 30 0.128 1 0
31 22 0.140 1 2
133 22 0.826 1 0
153 22 0.457 1 2
219 5 0.905 1 0
15 15 0.060 1 0
68 52 0.447 1 2
24 100 0.084 1 2
14 70 0.050 1 3
135 40 0.461 1 3
38 5 0.115 1 2
30 15 0.091 1 0
113 10 0.608 1 0
150 100 0.532 1 0
25 40 0.112 1 3
14 30 0.054 1 0
29 70 0.085 1 0
296 52 1.072 1 3
14 70 0.078 1 2
39 40 0.140 1 3
196 30 0.653 1 3
10 30 0.061 1 3
219 70 0.642 1 2
76 5 0.500 1 0
234 52 1.176 1 3
15 22 0.052 1 0
26 22 0.116 1 0
76 30 0.415 1 0
17 52 0.057 1 2
14 70 0.041 1 2
22 100 0.080 1 0
30 100 0.123 1 3
17 70 0.055 1 2
29 40 0.099 1 0
41 30 0.129 1 3
193 40 0.932 1 3
16 5 0.059 1 3
25 70 0.107 1 0
87 52 0.399 1 3
76 30 0.319 1 0
157 100 0.892 1 3
66 10 0.208 1 0
123 30 0.374 1 0
163 52 0.477 1 2
70 15 0.329 1 3
28 52 0.100 1 2
21 22 0.063 1 3
193 10 0.580 1 0
20 100 0.120 1 0
21 15 0.071 1 2
24 10 0.078 1 0
30 10 0.088 1 0
248 22 1.148 1 3
162 100 0.931 1 3
62 5 0.400 1 0
35 100 0.173 1 0
13 52 0.051 1 0
177 100 0.823 1 0
11 22 0.036 1 0
13 52 0.051 1 0
44 10 0.160 1 0
78 40 0.286 1 2
207 15 1.327 1 2
20 70 0.062 1 3
11 100 0.056 1 0
17 5 0.064 1 0
96 30 0.297 1 0
276 40 0.939 1 3
14 40 0.042 1 0
17 40 0.061 1 2
19 5 0.127 1 2
281 15 1.683 1 2
159 40 0.483 1 0
72 22 0.344 1 0
16 40 0.065 1 0
10 15 0.036 1 0
217 15 0.753 1 0
154 30 0.572 1 0
27 100 0.164 1 0
28 40 0.178 1 2
28 30 0.134 1 0
197 22 0.727 1 3
190 40 0.760 1 0
315 30 2.032 1 2
84 70 0.497 1 0
18 70 0.063 1 3
33 52 0.156 1 0
13 30 0.039 1 2
41 15 0.130 1 0
68 15 0.227 1 3
142 100 0.706 1 2
19 10 0.060 1 3
19 30 0.111 1 0
46 70 0.147 1 2
50 5 0.163 1 0
24 15 0.095 1 0
117 5 0.643 1 0
196 30 0.834 1 0
24 100 0.102 1 0
75 10 0.222 1 2
190 5 1.092 1 0
82 10 0.381 1 0
146 70 0.785 1 2
248 52 0.858 1 3
19 100 0.064 1 3
37 10 0.140 1 2
29 52 0.120 1 0
17 10 0.055 1 0
17 30 0.106 1 2
17 15 0.055 1 2
89 5 0.452 1 3
285 30 1.149 1 0
132 10 0.388 1 0
160 100 0.734 1 0
12 5 0.047 1 3
126 100 0.646 1 3
195 30 1.196 1 0
49 52 0.209 1 0
17 40 0.054 1 0
266 70 0.940 1 0
18 40 0.066 1 0
19 5 0.119 1 2
274 30 1.745 1 0
42 15 0.125 1 0
19 10 0.102 1 2
64 70 0.272 1 0
10 15 0.032 1 0
170 100 1.118 1 3
320 70 1.063 1 0
50 30 0.259 1 3
169 52 0.845 1 0
162 5 0.736 1 2
45 40 0.253 1 2
307 22 1.435 1 0
15 15 0.097 1 0
19 5 0.068 1 2
199 100 0.980 1 2
79 70 0.289 1 0
37 15 0.142 1 2
12 10 0.039 1 0
159 10 0.757 1 0
22 40 0.065 1 2
51 22 0.244 1 3
38 15 0.193 1 0
42 40 0.149 1 2
30 22 0.102 1 2
25 15 0.116 1 2
207 52 1.010 1 2
24 5 0.088 1 0
32 30 0.131 1 0
12 70 0.059 1 0
27 5 0.080 1 3
53 30 0.172 1 0
28 70 0.094 1 0
13 22 0.073 1 3
125 70 0.450 1 0
33 22 0.159 1 0
16 22 0.050 1 3
73 30 0.327 1 3
272 40 0.913 1 0
24 52 0.075 1 0
25 70 0.151 1 2
187 22 1.191 1 2
31 30 0.105 1 0
26 5 0.116 1 2
27 5 0.098 1 2
223 70 1.289 1 0
18 15 0.102 1 0
33 70 0.107 1 2
12 5 0.046 1 0
37 70 0.138 1 2
324 52 1.218 1 2
13 10 0.071 1 0
13 100 0.056 1 2
160 40 0.758 1 2
75 15 0.369 1 3
31 15 0.093 1 3
26 52 0.130 1 0
36 22 0.209 1 0
27 70 0.091 1 2
13 5 0.057 1 2
21 40 0.076 1 0
95 70 0.389 1 3
50 22 0.163 1 2
16 52 0.062 1 3
108 100 0.329 1 3
60 40 0.256 1 0
49 40 0.220 1 2
35 22 0.143 1 0
11 40 0.069 1 0
10 70 0.031 1 2
49 100 0.143 1 2
17 30 0.097 1 2
19 10 0.116 1 3
38 52 0.199 1 3
107 15 0.329 1 3
16 5 0.077 1 0
106 5 0.325 1 0
153 5 0.528 1 0
186 70 0.903 1 3
10 10 0.051 1 3
339 30 1.040 1 0
47 5 0.154 1 3
13 15 0.066 1 0
173 40 0.638 1 0
308 5 1.062 1 0
47 30 0.311 1 3
18 30 0.113 1 0
150 15 0.758 1 2
76 100 0.314 1 2
41 52 0.131 1 3
25 70 0.096 1 0
58 40 0.212 1 3
13 15 0.079 1 2
13 10 0.072 1 0
69 22 0.292 1 3
60 40 0.217 1 0
69 30 0.426 1 0
72 5 0.471 1 0
60 40 0.237 1 2
10 100 0.039 1 0
31 30 0.168 1 0
37 5 0.112 1 0
46 10 0.150 1 3
176 70 1.080 1 3
94 52 0.433 1 2
76 15 0.439 1 2
15 52 0.054 1 0
90 10 0.264 1 0
19 22 0.065 1 3
56 30 0.306 1 2
35 22 0.148 1 0
20 22 0.059 1 2
263 30 0.939 1 0
61 15 0.379 1 0
152 22 0.831 1 0
180 30 1.192 1 0
173 5 0.684 1 0
334 5 0.985 1 2
19 15 0.061 1 0
275 30 1.310 1 0
170 52 0.607 1 3
65 100 0.256 1 0
276 5 0.923 1 0
136 5 0.439 1 3
50 40 0.156 1 2
15 22 0.056 1 0
123 10 0.600 1 2
11 10 0.034 1 0
43 100 0.130 1 0
59 5 0.206 1 0
155 22 0.824 1 3
203 70 0.967 1 2
53 100 0.270 1 3
22 10 0.116 1 0
142 70 0.536 1 0
110 10 0.485 1 2
11 15 0.047 1 0
40 15 0.138 1 2
36 15 0.149 1 0
40 15 0.128 1 2
15 22 0.059 1 0
17 70 0.080 1 0
147 30 0.544 1 2
94 52 0.322 1 0
25 15 0.086 1 2
39 10 0.193 1 0
19 70 0.070 1 0
21 52 0.124 1 0
19 52 0.063 1 0
11 70 0.032 1 0
89 22 0.276 1 0
53 22 0.205 1 2
55 10 0.285 1 3
60 100 0.248 1 3
24 30 0.072 1 3
16 70 0.055 1 0
16 40 0.047 1 3
41 15 0.236 1 3
42 52 0.184 1 2
329 30 0.976 1 0
204 40 0.721 1 3
10 22 0.039 1 0
12 40 0.039 1 2
80 10 0.299 1 0
20 15 0.065 1 0
105 70 0.427 1 0
71 22 0.254 1 0
338 40 2.074 1 0
21 30 0.070 1 3
128 30 0.452 1 3
31 10 0.185 1 0
32 22 0.200 1 3
29 70 0.192 1 0
199 10 1.199 1 0
56 30 0.234 1 2
148 5 0.604 1 3
22 15 0.084 1 0
76 100 0.406 1 0
158 40 0.988 1 0
47 22 0.190 1 2
21 40 0.083 1 0
214 5 0.991 1 2
157 52 0.826 1 0
85 10 0.512 1 0
15 5 0.044 1 3
15 15 0.090 1 0
46 70 0.190 1 0
80 100 0.297 1 0
16 15 0.079 1 0
16 100 0.051 1 2
184 100 0.840 1 0
70 40 0.412 1 3
20 5 0.064 1 2
25 10 0.112 1 2
141 70 0.441 1 0
56 30 0.344 1 0
138 52 0.455 1 0
36 52 0.201 1 0
46 15 0.151 1 0
92 100 0.398 1 0
10 30 0.032 1 0
258 22 1.509 1 0
13 5 0.038 1 2
75 40 0.252 1 0
16 70 0.052 1 2
29 40 0.173 1 0
59 100 0.399 1 0
50 70 0.195 1 3
19 5 0.106 1 0
15 22 0.053 1 0
163 70 0.617 1 0
79 40 0.269 1 2
60 30 0.269 1 0
12 22 0.076 1 3
100 70 0.658 1 0
33 22 0.163 1 2
21 70 0.072 1 0
12 10 0.077 1 0
15 15 0.064 1 3
25 100 0.076 1 2
14 70 0.054 1 0
25 70 0.092 1 0
70 10 0.278 1 0
158 52 0.467 1 0
29 70 0.118 1 0
94 40 0.409 1 3
39 52 0.126 1 2
18 100 0.080 1 2
25 5 0.086 1 0
26 70 0.090 1 0
303 22 1.063 1 3
13 22 0.086 1 2
43 100 0.134 1 2
10 100 0.048 1 2
163 10 0.531 1 0
169 30 1.006 1 0
79 15 0.288 1 0
40 70 0.166 1 0
23 22 0.135 1 3
113 52 0.330 1 0
125 52 0.414 1 2
332 100 1.476 1 0
210 22 0.764 1 3
13 40 0.048 1 2
291 10 1.854 1 0
28 70 0.082 1 3
221 10 0.798 1 3
75 30 0.220 1 0
17 100 0.062 1 3
289 40 1.490 1 0
191 52 1.117 1 0
26 30 0.094 1 3
43 22 0.141 1 0
27 10 0.095 1 0
42 52 0.208 1 0
193 70 1.237 1 0
17 30 0.070 1 2
186 100 0.802 1 3
21 10 0.066 1 3
32 15 0.105 1 3
38 22 0.176 1 0
14 30 0.044 1 0
59 5 0.266 1 2
28 52 0.095 1 3
56 100 0.184 1 2
33 5 0.171 1 2
37 70 0.160 1 2
167 22 1.057 1 3
39 70 0.120 1 2
79 30 0.454 1 3
333 15 1.343 1 3
47 30 0.137 1 2
307 15 1.462 1 2
16 22 0.061 1 3
33 52 0.096 1 0
336 15 1.688 1 0
258 5 1.178 1 2
16 30 0.088 1 2
14 22 0.046 1 0
77 10 0.387 1 2
71 100 0.452 1 0
30 10 0.131 1 3
191 22 0.670 1 0
23 22 0.073 1 3
236 5 1.380 1 0
11 30 0.064 1 3
88 5 0.353 1 2
12 100 0.043 1 3
15 100 0.065 1 3
336 40 1.109 1 0
122 15 0.366 1 2
12 100 0.050 1 3
39 5 0.129 1 3
10 30 0.046 1 0
158 40 0.592 1 2
67 5 0.263 1 3
123 100 0.492 1 0
57 5 0.199 1 0
26 30 0.094 1 3
37 52 0.193 1 3
88 22 0.427 1 3
27 40 0.100 1 2
185 30 0.673 1 0
310 52 1.220 1 2
31 40 0.099 1 0
54 5 0.162 1 3
85 5 0.518 1 0
15 30 0.068 1 0
181 10 0.569 1 0
52 100 0.167 1 0
22 40 0.091 1 0
13 70 0.060 1 0
14 52 0.076 1 0
100 22 0.515 1 2
29 30 0.092 1 3
20 70 0.075 1 0
135 52 0.614 1 3
57 22 0.210 1 0
21 22 0.070 1 0
95 100 0.304 1 0
334 70 1.662 1 3
70 40 0.255 1 2
139 70 0.858 1 0
26 10 0.091 1 3
26 15 0.146 1 0
26 70 0.103 1 2
140 100 0.414 1 2
20 15 0.068 1 3
78 10 0.392 1 0
69 10 0.275 1 0
71 10 0.323 1 2
66 40 0.324 1 0
289 5 1.007 1 2
17 15 0.068 1 2
56 22 0.212 1 0
233 22 0.860 1 0
16 22 0.050 1 0
156 5 0.632 1 2
139 40 0.650 1 0
25 15 0.104 1 2
48 22 0.271 1 3
102 5 0.507 1 2
199 30 0.877 1 0
254 22 1.578 1 0
25 52 0.157 1 0
22 30 0.102 1 2
60 70 0.351 1 3
16 30 0.061 1 2
192 15 0.768 1 0
167 15 0.870 1 0
181 22 1.104 1 2
38 100 0.168 1 2
128 40 0.525 1 0
54 100 0.165 1 0
121 100 0.462 1 0
162 52 0.591 1 3
26 100 0.154 1 2
326 100 0.985 1 0
80 100 0.292 1 0
19 30 0.127 1 2
52 30 0.177 1 0
13 52 0.064 1 2
76 15 0.345 1 0
37 30 0.171 1 2
43 52 0.195 1 3
43 100 0.148 1 0
56 10 0.315 1 2
19 22 0.123 1 2
27 52 0.117 1 2
153 5 0.769 1 2
78 70 0.304 1 0
74 52 0.312 1 3
56 70 0.166 1 0
10 40 0.041 1 3
19 15 0.075 1 3
129 52 0.396 1 0
11 40 0.048 1 0
22 40 0.066 1 0
176 10 0.978 1 2
17 30 0.051 1 0
50 5 0.152 1 0
116 15 0.411 1 0
19 100 0.056 1 0
77 100 0.333 1 0
181 10 0.528 1 0
14 70 0.088 1 0
27 52 0.107 1 2
122 15 0.652 1 3
15 40 0.044 1 0
21 52 0.077 1 0
13 70 0.045 1 3
71 5 0.345 1 2
181 40 0.536 1 2
62 70 0.383 1 3
49 10 0.157 1 3
22 5 0.092 1 0
38 52 0.184 1 0
21 40 0.082 1 3
38 10 0.197 1 2
13 15 0.053 1 3
16 100 0.058 1 0
15 15 0.070 1 3
52 5 0.255 1 2
131 5 0.834 1 0
57 22 0.166 1 0
14 100 0.069 1 3
28 52 0.166 1 3
29 22 0.086 1 0
198 70 1.076 1 2
65 70 0.203 2 0
65 10 0.280 2 1
17 5 0.095 2 0
71 30 0.211 2 3
119 10 0.529 2 1
15 30 0.061 2 1
19 30 0.082 2 0
198 70 0.593 2 0
187 52 0.917 2 0
164 70 0.896 2 0
49 10 0.182 2 3
23 30 0.100 2 1
109 22 0.717 2 1
34 30 0.120 2 0
16 40 0.047 2 0
312 100 1.880 2 0
27 52 0.109 2 1
70 30 0.233 2 0
29 30 0.086 2 1
127 22 0.371 2 3
56 52 0.215 2 1
28 22 0.082 2 0
45 5 0.169 2 0
111 5 0.624 2 1
260 100 0.974 2 3
25 10 0.075 2 0
107 52 0.334 2 0
113 10 0.485 2 3
18 100 0.074 2 0
11 70 0.042 2 0
42 52 0.137 2 0
16 22 0.064 2 1
324 5 1.361 2 1
65 52 0.207 2 0
42 70 0.202 2 0
16 10 0.094 2 1
19 15 0.077 2 0
14 22 0.048 2 1
125 30 0.828 2 0
35 100 0.180 2 3
48 52 0.224 2 3
10 22 0.040 2 0
22 5 0.074 2 0
220 22 0.863 2 0
94 5 0.322 2 0
18 10 0.077 2 0
61 52 0.290 2 0
19 22 0.086 2 0
73 30 0.247 2 1
75 22 0.293 2 0
75 30 0.287 2 3
47 52 0.230 2 1
10 10 0.036 2 0
191 70 0.586 2 0
30 22 0.195 2 1
268 30 1.506 2 3
70 22 0.427 2 3
48 40 0.190 2 1
22 100 0.083 2 0
78 22 0.358 2 0
13 15 0.066 2 0
12 5 0.078 2 0
19 70 0.073 2 1
16 30 0.049 2 0
48 100 0.255 2 3
128 70 0.848 2 0
162 30 0.717 2 3
269 52 0.794 2 1
15 5 0.044 2 3
146 30 0.459 2 0
13 100 0.053 2 0
165 70 0.767 2 0
111 15 0.392 2 3
163 15 0.500 2 1
196 52 0.626 2 1
34 22 0.138 2 1
89 100 0.533 2 1
80 52 0.317 2 1
149 70 0.538 2 0
64 15 0.270 2 3
57 30 0.207 2 0
99 52 0.289 2 0
89 10 0.349 2 0
128 15 0.681 2 0
199 52 0.939 2 1
126 10 0.504 2 0
28 100 0.129 2 0
66 40 0.244 2 0
15 22 0.048 2 0
34 70 0.185 2 0
67 52 0.275 2 0
29 15 0.104 2 0
52 5 0.269 2 0
27 5 0.096 2 3
60 40 0.258 2 3
12 10 0.071 2 0
35 70 0.191 2 0
42 100 0.250 2 0
127 5 0.518 2 0
12 52 0.035 2 0
39 5 0.175 2 3
142 70 0.441 2 0
80 22 0.255 2 1
55 40 0.209 2 1
151 100 0.702 2 1
58 70 0.372 2 1
23 30 0.082 2 3
16 40 0.090 2 0
55 5 0.272 2 1
59 100 0.292 2 0
150 30 0.448 2 0
76 70 0.309 2 0
27 52 0.103 2 1
63 30 0.230 2 1
49 30 0.167 2 3
161 52 0.485 2 3
12 15 0.078 2 3
159 100 0.468 2 1
125 22 0.411 2 3
17 22 0.060 2 0
114 30 0.427 2 0
67 30 0.241 2 0
15 30 0.084 2 1
29 30 0.107 2 0
154 40 0.456 2 1
196 22 0.700 2 3
118 30 0.570 2 0
52 10 0.198 2 0
14 52 0.047 2 0
79 30 0.266 2 1
172 70 0.669 2 3
18 15 0.093 2 0
196 100 1.174 2 1
56 70 0.197 2 3
69 40 0.237 2 1
64 52 0.274 2 3
22 22 0.122 2 3
27 10 0.173 2 0
34 5 0.219 2 3
40 10 0.119 2 1
37 70 0.123 2 1
54 100 0.189 2 0
53 30 0.172 2 1
61 70 0.316 2 0
17 10 0.081 2 0
18 100 0.072 2 3
38 52 0.186 2 1
22 10 0.066 2 3
88 10 0.352 2 1
149 30 0.460 2 3
308 22 1.571 2 3
28 70 0.170 2 3
15 10 0.057 2 0
125 70 0.486 2 0
16 100 0.062 2 0
21 52 0.076 2 3
120 5 0.508 2 1
184 100 1.203 2 3
143 5 0.441 2 1
25 30 0.138 2 0
78 100 0.315 2 0
124 22 0.585 2 3
39 5 0.183 2 1
196 30 0.645 2 3
27 10 0.088 2 3
93 22 0.308 2 3
127 22 0.467 2 3
19 22 0.090 2 0
198 100 1.294 2 0
87 5 0.551 2 0
87 30 0.336 2 3
151 70 0.524 2 1
69 5 0.383 2 0
28 15 0.129 2 1
18 15 0.105 2 0
169 100 0.728 2 3
30 22 0.169 2 1
25 5 0.120 2 0
25 22 0.085 2 3
22 100 0.121 2 1
23 70 0.070 2 3
78 5 0.338 2 1
15 10 0.069 2 1
257 100 0.813 2 1
12 5 0.054 2 0
74 22 0.295 2 3
40 15 0.150 2 0
145 15 0.868 2 3
34 10 0.108 2 3
16 100 0.051 2 0
29 22 0.086 2 0
95 22 0.446 2 3
270 40 1.459 2 1
31 5 0.132 2 0
58 22 0.186 2 0
32 70 0.145 2 3
18 70 0.092 2 3
44 52 0.179 2 0
54 5 0.219 2 3
114 100 0.745 2 0
165 10 0.775 2 3
38 70 0.113 2 0
61 10 0.337 2 1
25 30 0.087 2 3
42 40 0.195 2 0
52 70 0.313 2 1
28 30 0.154 2 0
278 22 1.057 2 1
19 22 0.117 2 0
132 22 0.424 2 0
19 70 0.077 2 1
77 100 0.235 2 3
29 52 0.134 2 1
13 22 0.039 2 3
188 100 0.568 2 0
77 30 0.294 2 3
16 70 0.096 2 1
39 30 0.130 2 3
145 22 0.656 2 1
67 30 0.444 2 0
114 10 0.444 2 0
42 52 0.133 2 0
322 52 1.695 2 0
70 30 0.303 2 1
12 70 0.075 2 0
19 15 0.107 2 0
122 70 0.526 2 3
10 22 0.039 2 3
69 5 0.466 2 3
23 70 0.070 2 0
13 40 0.065 2 0
176 15 0.898 2 0
67 22 0.264 2 0
74 100 0.256 2 0
116 40 0.420 2 0
36 30 0.225 2 1
170 100 0.749 2 1
64 100 0.214 2 1
50 100 0.244 2 0
14 52 0.048 2 0
80 30 0.257 2 1
14 52 0.067 2 3
177 10 0.808 2 0
19 15 0.074 2 0
35 52 0.109 2 0
155 40 0.608 2 0
22 10 0.098 2 0
12 40 0.048 2 3
14 100 0.043 2 0
31 52 0.095 2 0
14 100 0.049 2 3
33 22 0.125 2 0
17 15 0.089 2 0
27 10 0.102 2 0
32 22 0.143 2 0
28 15 0.146 2 0
232 22 0.784 2 3
23 30 0.077 2 1
32 5 0.093 2 0
226 52 0.665 2 1
61 52 0.197 2 0
27 30 0.118 2 1
70 15 0.287 2 0
46 30 0.221 2 0
20 52 0.097 2 0
206 15 1.256 2 0
11 100 0.062 2 1
113 30 0.489 2 3
17 100 0.058 2 3
15 100 0.097 2 0
260 70 1.281 2 0
293 100 1.619 2 3
17 10 0.075 2 0
80 10 0.241 2 3
23 100 0.078 2 3
15 30 0.100 2 0
27 30 0.156 2 1
131 70 0.570 2 1
153 52 0.614 2 0
75 52 0.240 2 0
61 40 0.235 2 3
15 15 0.072 2 0
36 15 0.181 2 0
306 30 0.900 2 0
105 15 0.387 2 1
186 22 1.069 2 1
286 15 1.306 2 0
63 70 0.276 2 0
152 10 0.559 2 3
15 70 0.078 2 1
54 10 0.212 2 0
16 70 0.063 2 3
56 70 0.276 2 3
93 5 0.380 2 1
12 100 0.072 2 0
61 70 0.253 2 0
10 30 0.056 2 3
35 52 0.215 2 0
69 5 0.240 2 3
294 52 1.709 2 0
22 30 0.141 2 0
62 100 0.378 2 0
225 22 0.922 2 0
163 30 0.685 2 1
63 100 0.230 2 0
47 70 0.246 2 0
129 30 0.378 2 3
255 30 0.941 2 3
164 52 0.675 2 1
30 15 0.120 2 3
17 100 0.071 2 0
28 100 0.106 2 0
110 22 0.359 2 0
19 10 0.073 2 1
38 40 0.123 2 0
28 52 0.162 2 0
206 40 0.774 2 3
166 10 0.517 2 3
12 70 0.036 2 1
12 40 0.038 2 0
39 40 0.194 2 0
71 15 0.219 2 3
10 22 0.048 2 1
10 5 0.061 2 0
34 100 0.152 2 1
27 15 0.134 2 0
137 52 0.576 2 0
78 70 0.284 2 0
320 52 0.994 2 1
326 30 1.734 2 1
23 22 0.138 2 0
19 52 0.067 2 3
18 52 0.094 2 3
28 22 0.146 2 1
114 5 0.623 2 3
161 70 0.505 2 3
147 100 0.525 2 1
19 40 0.086 2 3
90 70 0.423 2 3
34 5 0.166 2 1
72 40 0.365 2 0
38 40 0.235 2 3
75 10 0.283 2 0
293 30 0.936 2 0
75 5 0.352 2 0
67 40 0.342 2 3
33 52 0.143 2 0
15 30 0.046 2 1
75 5 0.319 2 0
122 5 0.436 2 3
57 70 0.292 2 3
93 10 0.299 2 3
71 5 0.309 2 0
16 5 0.053 2 1
22 30 0.133 2 3
14 15 0.050 2 3
25 15 0.127 2 0
60 30 0.400 2 3
33 100 0.102 2 3
18 70 0.115 2 0
55 40 0.335 2 1
182 52 0.827 2 3
163 5 0.617 2 3
25 52 0.081 2 3
19 52 0.095 2 0
43 15 0.139 2 3
58 5 0.201 2 3
217 70 0.919 2 1
38 52 0.155 2 0
17 52 0.070 2 3
27 70 0.085 2 0
74 52 0.420 2 3
31 15 0.129 2 0
28 5 0.087 2 0
19 70 0.055 2 0
99 100 0.402 2 0
89 40 0.324 2 3
25 10 0.121 2 3
120 52 0.463 2 0
98 52 0.521 2 0
38 30 0.127 2 0
172 52 0.664 2 0
57 15 0.226 2 0
55 22 0.297 2 0
190 30 0.788 2 0
19 52 0.058 2 1
40 100 0.152 2 0
32 5 0.198 2 3
70 5 0.211 2 0
10 15 0.031 2 1
13 10 0.040 2 3
59 40 0.207 2 0
54 22 0.199 2 0
149 15 0.500 2 3
83 10 0.316 2 1
49 40 0.290 2 1
47 40 0.249 2 0
14 40 0.087 2 0
27 40 0.080 2 0
24 5 0.071 2 0
281 52 0.956 2 3
98 30 0.370 2 1
75 5 0.316 2 3
120 10 0.714 2 3
88 100 0.348 2 3
22 5 0.095 2 1
72 70 0.462 2 1
34 15 0.141 2 3
18 70 0.089 2 0
150 52 0.815 2 3
31 70 0.115 2 1
136 15 0.562 2 3
18 40 0.108 2 1
197 40 1.288 2 1
50 10 0.249 2 1
42 15 0.189 2 0
155 15 0.544 2 3
63 22 0.193 2 0
75 52 0.315 2 3
49 5 0.299 2 1
129 22 0.524 2 1
44 52 0.179 2 0
99 70 0.607 2 3
29 52 0.152 2 0
311 10 1.290 2 3
77 30 0.224 2 1
61 5 0.240 2 3
148 40 0.455 2 1
12 52 0.072 2 0
73 70 0.313 2 0
13 30 0.039 2 0
13 30 0.084 2 0
125 52 0.530 2 0
69 15 0.294 2 1
18 15 0.089 2 1
76 15 0.432 2 0
113 30 0.379 2 3
25 40 0.079 2 1
15 10 0.056 2 0
27 52 0.153 2 3
38 52 0.123 2 1
75 30 0.260 2 0
158 10 0.767 2 0
33 15 0.105 2 0
14 100 0.065 2 0
14 22 0.056 2 1
78 70 0.316 2 3
46 100 0.189 2 3
80 52 0.541 2 3
22 40 0.120 2 1
269 30 1.486 2 1
69 70 0.205 2 3
323 30 1.560 2 0
68 15 0.235 2 0
130 5 0.765 2 0
62 10 0.290 2 1
47 15 0.208 2 1
25 10 0.104 2 0
19 22 0.110 2 3
207 30 0.631 2 1
173 15 0.940 2 3
100 22 0.457 2 3
23 22 0.139 2 1
20 30 0.090 2 0
13 10 0.052 2 0
24 30 0.113 2 0
10 22 0.033 2 3
227 10 0.772 2 0
124 10 0.484 2 1
31 100 0.109 2 1
323 5 0.964 2 0
41 40 0.128 2 0
36 70 0.133 2 1
52 40 0.344 2 0
10 10 0.051 2 0
67 52 0.235 2 0
222 5 1.276 2 0
135 10 0.402 2 1
164 52 0.534 2 0
318 30 1.218 2 0
35 22 0.131 2 3
11 15 0.032 2 3
12 15 0.045 2 3
25 40 0.087 2 0
78 40 0.234 2 0
80 15 0.297 2 1
55 10 0.192 2 1
34 5 0.180 2 0
27 5 0.148 2 0
75 40 0.478 2 1
37 15 0.136 2 3
12 22 0.048 2 3
84 30 0.424 2 0
15 100 0.057 2 3
29 15 0.112 2 3
18 52 0.065 2 0
88 30 0.396 2 3
10 30 0.031 2 3
154 30 0.895 2 0
16 15 0.082 2 3
154 100 0.697 2 0
185 40 0.964 2 0
38 30 0.177 2 3
101 22 0.301 2 3
212 100 0.721 2 0
32 40 0.109 2 0
48 40 0.316 2 3
297 100 1.580 2 1
38 22 0.216 2 0
16 52 0.083 2 1
49 70 0.154 2 0
16 30 0.067 2 1
63 10 0.294 2 0
23 40 0.086 2 0
13 52 0.059 2 0
40 15 0.157 2 0
32 40 0.101 2 0
19 40 0.103 2 1
17 22 0.065 2 1
13 10 0.045 2 1
21 22 0.093 2 3
11 10 0.042 2 0
267 22 1.081 2 1
76 40 0.315 2 0
37 22 0.154 2 1
64 10 0.271 2 3
20 70 0.134 2 0
157 10 0.770 2 0
101 5 0.682 2 3
16 100 0.092 2 0
13 100 0.053 2 0
15 30 0.079 2 1
38 5 0.127 2 0
31 70 0.144 2 1
24 15 0.077 2 0
58 100 0.233 2 0
16 30 0.058 2 3
15 10 0.079 2 0
77 100 0.374 2 0
53 52 0.178 2 3
132 15 0.684 2 3
71 15 0.433 2 0
131 70 0.728 2 0
11 100 0.053 2 3
14 70 0.042 2 0
134 100 0.534 2 0
183 70 0.654 2 3
23 40 0.106 2 0
19 100 0.061 2 3
53 52 0.257 2 1
19 5 0.073 2 0
114 100 0.630 2 0
30 30 0.127 2 3
73 30 0.262 2 3
227 10 0.686 2 3
13 52 0.040 2 0
24 30 0.154 2 1
17 22 0.053 2 0
74 10 0.233 2 0
292 40 0.866 2 0
16 22 0.085 2 1
66 30 0.291 2 1
98 52 0.454 2 0
17 40 0.062 2 3
12 5 0.040 2 1
61 22 0.337 2 0
14 22 0.054 2 0
28 5 0.099 2 3
54 40 0.212 2 0
34 5 0.188 2 3
63 10 0.256 2 0
194 52 0.569 2 0
71 10 0.273 2 0
26 10 0.113 2 0
233 70 1.089 2 1
18 15 0.100 2 3
26 30 0.108 2 0
78 30 0.339 2 0
194 70 0.571 2 1
43 40 0.197 2 3
147 15 0.687 2 0
72 52 0.419 2 0
38 100 0.139 2 1
57 15 0.257 2 0
39 70 0.153 2 0
19 10 0.110 2 3
37 15 0.181 2 3
35 15 0.182 2 3
20 10 0.076 2 0
31 5 0.121 2 1
51 52 0.172 2 3
71 10 0.225 2 3
31 40 0.167 2 1
63 15 0.201 2 0
60 10 0.232 2 3
309 15 1.149 2 1
39 40 0.181 2 1
27 70 0.093 2 1
37 70 0.215 2 3
64 5 0.432 2 3
104 70 0.481 2 1
36 100 0.194 2 1
119 70 0.384 2 1
74 40 0.357 2 0
28 5 0.094 2 3
48 22 0.287 2 0
159 30 0.636 2 0
19 52 0.085 2 1
19 22 0.086 2 0
25 5 0.074 2 0
66 30 0.246 2 0
31 10 0.112 2 3
34 10 0.183 2 0
42 22 0.258 2 1
28 52 0.096 2 0
176 30 0.989 2 1
14 40 0.085 2 0
78 5 0.325 2 0
123 15 0.728 2 0
26 30 0.094 2 1
310 10 1.140 2 0
98 52 0.521 2 1
18 22 0.056 2 0
13 5 0.086 2 0
162 15 0.593 2 1
241 15 0.883 2 0
178 52 0.739 2 3
25 5 0.112 2 0
159 5 0.479 2 0
13 70 0.039 2 0
20 52 0.130 2 3
53 40 0.344 2 0
47 40 0.187 2 0
69 30 0.218 2 0
13 70 0.047 2 0
35 52 0.191 2 3
134 30 0.477 2 0
17 40 0.051 2 3
78 5 0.503 2 0
18 15 0.080 2 3
19 70 0.062 2 1
17 22 0.053 2 1
44 100 0.244 2 0
31 52 0.099 2 0
61 15 0.281 2 3
13 22 0.047 2 0
75 22 0.339 2 0
59 100 0.288 2 0
21 52 0.108 2 0
11 10 0.058 2 0
53 40 0.251 2 0
43 52 0.156 2 3
124 52 0.827 2 0
24 22 0.108 2 0
67 40 0.319 2 0
32 10 0.139 2 3
17 5 0.095 2 0
14 15 0.059 2 3
34 100 0.228 2 1
31 10 0.150 2 0
269 22 0.996 2 3
15 15 0.073 2 1
46 70 0.161 2 3
135 10 0.452 2 0
338 70 1.280 2 3
13 30 0.078 2 3
39 30 0.121 2 1
42 100 0.193 2 1
49 40 0.153 2 3
39 30 0.122 2 3
16 40 0.105 2 3
16 52 0.092 2 0
277 5 0.888 2 3
19 30 0.124 2 1
97 15 0.396 2 0
49 30 0.304 2 0
27 30 0.090 2 3
100 70 0.621 2 0
162 22 0.794 2 3
35 100 0.216 2 1
96 70 0.608 2 3
13 52 0.076 2 3
181 70 1.191 2 0
39 30 0.235 2 3
23 22 0.106 2 1
26 30 0.129 2 0
11 30 0.043 2 3
184 5 0.597 2 0
19 15 0.061 2 0
204 10 0.854 2 3
304 5 0.944 2 0
61 5 0.203 2 3
12 52 0.055 2 0
16 70 0.058 2 1
26 30 0.081 2 0
27 5 0.086 2 3
67 15 0.342 2 3
69 15 0.204 2 0
73 52 0.243 2 0
35 10 0.140 2 3
50 40 0.192 2 3
45 15 0.173 2 0
18 52 0.072 2 1
91 100 0.319 2 3
41 52 0.126 2 1
11 40 0.034 2 0
13 22 0.067 2 0
131 52 0.704 2 3
297 40 1.356 2 1
109 30 0.474 2 3
24 52 0.119 2 0
61 40 0.305 2 3
273 100 0.798 2 1
41 100 0.146 2 1
18 52 0.101 2 1
36 70 0.146 2 0
60 5 0.205 2 0
85 70 0.521 2 1
49 100 0.157 2 0
24 40 0.098 2 0
15 100 0.044 2 0
176 40 0.674 2 0
23 30 0.094 2 1
23 100 0.113 2 0
30 15 0.095 2 1
22 5 0.145 2 0
37 52 0.126 2 1
213 22 1.098 2 0
23 40 0.102 2 0
30 22 0.149 2 1
65 40 0.406 2 0
17 10 0.079 2 3
23 40 0.108 2 0
125 22 0.488 2 1
52 5 0.158 2 0
94 100 0.531 2 0
59 5 0.192 2 0
331 100 1.742 2 1
15 100 0.068 2 3
154 15 0.460 2 0
31 52 0.138 2 0
60 100 0.258 2 0
39 22 0.193 2 0
193 5 0.573 2 1
19 70 0.089 2 3
37 52 0.155 2 1
11 30 0.038 2 1
109 100 0.565 2 1
22 10 0.086 2 0
11 70 0.053 2 1
29 70 0.127 2 0
55 100 0.162 2 1
19 100 0.061 2 0
21 100 0.107 2 1
22 30 0.138 2 3
33 100 0.097 2 0
91 15 0.508 2 0
250 10 1.488 2 0
166 10 0.509 2 1
48 100 0.310 2 0
56 52 0.184 2 3
316 22 1.572 2 1
76 10 0.392 2 3
12 30 0.066 2 1
43 100 0.174 2 3
50 10 0.316 2 1
231 52 1.409 2 3
99 30 0.572 2 1
235 10 0.936 2 0
216 10 0.635 2 1
160 10 0.472 2 1
32 70 0.167 2 1
30 22 0.103 2 1
57 40 0.216 2 1
46 22 0.206 2 3
15 40 0.082 2 0
15 30 0.048 2 0
47 40 0.264 2 0
10 40 0.061 2 0
20 30 0.092 2 0
133 70 0.619 2 1
200 15 0.749 2 0
19 70 0.067 2 0
17 52 0.076 2 3
35 40 0.202 2 3
194 30 1.010 2 0
214 5 0.751 2 1
14 5 0.055 2 0
61 70 0.268 2 3
19 70 0.057 2 0
79 30 0.329 2 0
35 10 0.127 2 3
16 15 0.073 2 3
63 70 0.195 2 0
11 70 0.037 2 3
185 10 0.979 2 0
20 10 0.076 2 1
69 15 0.240 2 0
55 100 0.225 2 3
16 40 0.047 2 3
44 100 0.172 2 3
68 15 0.246 2 0
47 5 0.249 2 3
45 70 0.146 2 3
11 40 0.072 2 3
293 10 1.274 2 0
56 22 0.167 2 0
271 70 1.549 2 0
48 22 0.281 2 1
61 40 0.184 2 1
187 5 1.051 2 1
28 5 0.099 2 3
76 70 0.447 2 0
175 5 0.518 2 0
46 10 0.134 2 0
15 15 0.057 2 1
32 10 0.127 2 0
40 5 0.149 2 1
24 30 0.110 2 3
17 30 0.081 2 0
203 22 0.864 2 0
177 10 0.612 2 1
169 30 0.805 2 3
143 15 0.447 2 3
22 22 0.072 2 0
14 5 0.059 2 3
24 22 0.128 2 0
51 52 0.267 2 3
147 100 0.576 2 0
19 52 0.088 2 0
10 30 0.051 2 1
77 70 0.246 2 0
126 15 0.427 2 3
35 100 0.153 2 1
263 100 0.907 2 0
11 52 0.054 2 0
38 70 0.170 2 3
19 100 0.072 2 3
87 70 0.537 2 3
14 30 0.090 2 0
73 70 0.424 2 0
140 52 0.628 2 3
27 30 0.094 2 1
236 30 1.146 2 0
37 52 0.126 2 1
11 52 0.074 2 1
77 70 0.363 2 1
13 30 0.047 2 1
151 40 0.893 2 1
16 52 0.048 2 0
19 100 0.103 2 1
15 22 0.044 2 3
158 100 0.705 2 1
18 30 0.098 2 0
40 30 0.139 2 3
14 70 0.043 2 1
28 22 0.128 2 0
10 52 0.031 2 0
31 52 0.121 2 0
59 70 0.228 2 3
85 5 0.570 2 0
18 70 0.055 2 1
14 5 0.067 2 1
30 30 0.159 2 0
18 52 0.083 2 1
318 15 0.967 2 3
64 52 0.323 2 0
11 70 0.043 2 0
30 15 0.120 2 3
26 30 0.080 2 0
301 5 1.387 2 0
29 52 0.107 2 1
26 10 0.112 2 1
181 22 0.547 2 1
143 5 0.769 2 0
36 30 0.113 2 1
12 15 0.079 2 1
28 22 0.085 2 1
107 15 0.498 2 1
11 100 0.064 2 1
13 15 0.082 2 1
320 100 1.739 2 0
35 15 0.192 2 1
14 10 0.043 2 1
191 40 0.946 2 0
10 40 0.033 2 0
52 22 0.267 2 3
12 10 0.035 2 3
78 70 0.290 2 1
77 22 0.387 2 3
57 100 0.289 2 0
186 100 0.935 2 1
55 22 0.173 2 1
32 100 0.147 2 0
56 5 0.273 2 3
91 22 0.289 2 0
69 70 0.277 2 0
37 52 0.109 2 0
16 5 0.052 2 0
42 10 0.275 2 3
68 10 0.405 2 1
190 30 0.776 2 3
13 100 0.038 2 0
173 5 1.055 2 3
223 70 0.676 2 1
54 10 0.276 2 3
184 100 0.920 2 3
309 40 1.188 2 0
145 10 0.895 2 1
18 10 0.079 2 1
11 5 0.043 2 1
144 52 0.727 2 0
271 10 1.585 2 0
118 100 0.362 2 0
16 70 0.073 2 0
10 52 0.033 2 0
15 5 0.083 2 1
21 100 0.117 2 0
74 15 0.227 2 0
103 52 0.595 2 0
19 22 0.114 2 0
32 22 0.094 2 0
185 100 0.979 2 0
25 70 0.079 2 3
13 15 0.048 2 1
57 100 0.282 2 0
70 22 0.407 2 0
55 52 0.161 2 3
24 10 0.070 2 3
34 40 0.155 2 0
30 100 0.169 2 0
26 52 0.096 2 1
106 30 0.635 2 1
21 22 0.104 2 3
16 100 0.063 2 3
23 100 0.086 2 0
97 5 0.490 2 0
60 30 0.326 2 1
30 30 0.089 2 0
64 22 0.418 2 3
45 70 0.182 2 0
19 5 0.062 2 0
94 52 0.465 2 1
60 70 0.189 2 0
38 100 0.137 2 3
17 30 0.073 2 0
10 10 0.031 2 1
123 40 0.457 2 1
250 52 0.903 2 0
74 5 0.267 2 1
41 22 0.156 2 1
91 40 0.607 2 1
40 52 0.189 2 1
63 15 0.214 2 1
129 70 0.782 2 3
213 15 0.740 2 0
172 5 1.139 2 0
28 5 0.168 2 0
71 70 0.413 2 0
197 52 1.279 2 0
52 40 0.213 2 1
18 40 0.073 2 1
231 10 1.561 2 3
55 40 0.291 2 0
27 30 0.113 2 1
26 5 0.080 2 1
107 30 0.543 2 3
10 10 0.048 2 0
66 5 0.382 2 1
49 52 0.287 2 0
16 15 0.070 2 1
98 10 0.530 2 3
138 30 0.784 2 3
155 100 0.620 2 0
15 15 0.083 2 0
21 10 0.085 2 3
79 100 0.230 2 1
29 100 0.134 2 1
24 100 0.150 2 0
78 10 0.290 2 0
282 10 0.837 2 0
246 22 1.422 2 1
22 70 0.104 2 1
174 40 0.523 2 0
36 52 0.231 2 0
269 22 1.620 2 0
21 40 0.098 2 0
15 5 0.048 2 0
11 100 0.033 2 0
21 10 0.098 2 0
16 70 0.084 2 1
56 15 0.183 2 0
15 52 0.085 2 1
26 15 0.090 2 0
28 30 0.118 2 1
17 100 0.064 2 1
225 52 1.166 2 0
70 15 0.370 2 3
29 70 0.094 2 0
27 30 0.109 2 3
12 40 0.056 2 0
14 10 0.071 2 0
198 30 0.690 2 0
158 52 0.627 2 1
158 15 0.893 2 1
52 30 0.231 2 0
82 40 0.392 2 0
13 30 0.070 2 3
15 52 0.077 2 0
76 30 0.378 2 1
34 10 0.212 2 3
115 15 0.471 2 3
11 52 0.037 2 1
18 5 0.059 2 3
15 5 0.055 2 3
16 52 0.054 2 3
82 10 0.366 2 3
11 70 0.045 2 0
73 70 0.333 2 1
175 30 0.742 2 3
40 30 0.206 2 0
19 5 0.084 2 1
41 22 0.123 2 3
164 10 0.982 2 0
40 52 0.247 2 0
76 22 0.350 2 1
14 100 0.042 2 3
27 10 0.083 2 0
34 5 0.179 2 0
54 30 0.208 2 1
261 30 0.861 2 0
157 22 0.777 2 1
50 15 0.249 2 0
259 52 1.506 2 0
35 100 0.109 2 1
16 100 0.070 2 1
169 15 0.741 2 0
36 5 0.109 2 1
168 22 1.000 2 1
14 15 0.073 2 1
42 10 0.171 2 0
32 52 0.131 2 0
153 52 0.600 2 1
198 10 0.717 2 0
252 70 0.761 2 0
70 15 0.337 2 1
61 100 0.359 2 1
75 70 0.237 2 0
100 40 0.571 2 3
57 10 0.229 2 3
41 70 0.141 2 0
126 30 0.412 2 3
64 10 0.244 2 0
11 100 0.040 2 3
18 52 0.078 2 3
119 52 0.753 2 0
43 15 0.178 2 1
76 10 0.260 2 1
179 30 0.644 2 0
88 30 0.595 3 0
27 30 0.142 3 2
42 5 0.188 3 1
168 10 0.533 3 1
33 70 0.109 3 0
302 100 1.180 3 2
69 22 0.345 3 0
20 40 0.060 3 0
197 5 0.828 3 2
15 10 0.050 3 0
69 40 0.399 3 0
30 40 0.099 3 1
69 5 0.232 3 0
76 100 0.251 3 0
20 30 0.084 3 1
68 22 0.225 3 0
232 10 0.892 3 0
43 22 0.204 3 2
36 100 0.108 3 1
11 30 0.059 3 0
64 52 0.238 3 2
246 22 1.547 3 1
25 15 0.082 3 1
191 22 0.645 3 2
30 15 0.133 3 0
53 22 0.199 3 0
30 10 0.109 3 0
65 40 0.404 3 0
32 30 0.206 3 0
148 40 0.987 3 0
153 22 0.689 3 0
232 30 1.149 3 0
15 15 0.068 3 1
23 15 0.102 3 0
22 100 0.122 3 0
30 30 0.108 3 0
17 40 0.069 3 1
57 40 0.370 3 2
34 5 0.131 3 0
187 5 0.835 3 1
323 15 1.006 3 2
12 10 0.040 3 0
14 10 0.066 3 0
33 5 0.115 3 1
16 15 0.070 3 2
19 70 0.061 3 0
42 5 0.134 3 1
20 100 0.065 3 2
211 52 0.748 3 2
18 30 0.114 3 0
151 40 0.795 3 0
21 52 0.091 3 0
13 5 0.043 3 2
21 30 0.090 3 0
296 70 0.955 3 1
61 10 0.232 3 1
168 100 0.785 3 0
169 15 0.862 3 2
18 22 0.093 3 1
54 70 0.178 3 0
175 70 0.803 3 0
70 70 0.368 3 0
171 22 0.640 3 2
55 15 0.264 3 0
83 70 0.344 3 2
38 100 0.187 3 0
48 15 0.146 3 2
35 52 0.226 3 1
13 22 0.087 3 0
36 15 0.120 3 0
47 10 0.184 3 0
19 22 0.116 3 1
145 30 0.582 3 2
37 22 0.226 3 2
32 52 0.134 3 1
28 100 0.131 3 2
19 100 0.056 3 0
16 70 0.057 3 2
11 5 0.049 3 0
85 52 0.258 3 0
63 5 0.272 3 0
111 40 0.476 3 1
138 70 0.554 3 1
69 5 0.286 3 2
63 10 0.203 3 1
12 10 0.039 3 0
26 70 0.089 3 0
11 52 0.051 3 2
29 52 0.182 3 0
26 5 0.103 3 2
70 30 0.380 3 0
10 70 0.050 3 0
53 52 0.210 3 1
11 10 0.055 3 1
85 40 0.563 3 0
22 22 0.070 3 2
158 30 0.551 3 0
120 70 0.506 3 0
55 5 0.331 3 2
23 15 0.137 3 0
247 40 0.799 3 0
20 70 0.062 3 1
294 40 1.251 3 2
19 10 0.077 3 0
76 10 0.398 3 0
61 52 0.300 3 1
10 5 0.038 3 0
15 15 0.079 3 1
48 5 0.140 3 1
182 30 0.973 3 1
23 100 0.073 3 2
35 70 0.106 3 0
308 30 1.760 3 0
11 15 0.044 3 0
300 15 0.875 3 0
101 22 0.443 3 0
191 40 0.758 3 0
51 100 0.279 3 0
218 30 0.710 3 1
91 5 0.341 3 2
229 5 0.818 3 2
231 15 1.060 3 0
20 15 0.090 3 1
14 52 0.047 3 1
162 5 0.866 3 1
221 52 1.182 3 0
56 15 0.248 3 0
39 52 0.144 3 0
22 52 0.116 3 0
273 100 1.022 3 2
134 100 0.394 3 2
38 52 0.143 3 2
94 40 0.508 3 2
79 70 0.436 3 2
14 10 0.058 3 1
258 30 1.623 3 1
50 100 0.152 3 0
24 100 0.085 3 0
20 5 0.073 3 0
17 10 0.109 3 0
47 70 0.144 3 0
50 5 0.230 3 0
25 52 0.101 3 0
16 5 0.047 3 0
33 100 0.181 3 1
35 52 0.172 3 0
22 30 0.081 3 0
39 5 0.228 3 0
26 70 0.171 3 1
16 100 0.090 3 1
34 30 0.154 3 2
112 100 0.747 3 1
79 5 0.324 3 0
153 52 0.520 3 2
36 5 0.171 3 1
75 52 0.361 3 2
33 30 0.106 3 0
12 10 0.049 3 2
29 15 0.136 3 0
66 22 0.237 3 0
27 5 0.093 3 1
36 100 0.153 3 0
65 22 0.243 3 1
62 22 0.194 3 0
17 22 0.069 3 2
61 5 0.330 3 1
64 30 0.362 3 0
23 40 0.073 3 2
78 15 0.408 3 0
67 30 0.302 3 0
168 15 0.848 3 0
15 40 0.047 3 2
316 30 2.026 3 0
79 70 0.321 3 0
21 5 0.077 3 0
34 70 0.112 3 0
11 5 0.052 3 0
289 100 0.850 3 0
25 10 0.084 3 0
294 30 1.740 3 0
44 30 0.152 3 0
32 15 0.096 3 1
72 52 0.290 3 2
25 30 0.115 3 2
126 70 0.409 3 2
59 70 0.263 3 0
13 100 0.041 3 1
15 40 0.097 3 2
174 22 0.833 3 0
31 15 0.093 3 0
16 22 0.055 3 0
110 10 0.618 3 2
38 70 0.149 3 0
64 40 0.237 3 0
90 5 0.288 3 1
18 15 0.107 3 1
180 15 0.741 3 2
25 22 0.087 3 0
71 22 0.274 3 0
216 30 0.904 3 1
137 40 0.479 3 1
15 40 0.049 3 1
329 15 1.093 3 0
131 15 0.809 3 2
280 10 1.290 3 0
143 100 0.966 3 1
18 100 0.093 3 0
11 10 0.047 3 2
22 5 0.113 3 0
165 10 0.671 3 2
24 70 0.117 3 0
21 10 0.100 3 0
28 52 0.088 3 0
18 40 0.067 3 1
21 100 0.092 3 0
52 15 0.287 3 0
87 5 0.303 3 0
13 22 0.078 3 2
14 22 0.077 3 2
16 5 0.048 3 0
15 70 0.059 3 0
68 22 0.330 3 2
29 30 0.146 3 0
226 52 0.966 3 1
13 100 0.065 3 2
159 15 0.560 3 0
23 22 0.076 3 1
122 40 0.622 3 0
18 70 0.093 3 2
36 22 0.206 3 1
32 5 0.099 3 2
68 22 0.428 3 0
220 5 0.944 3 0
27 15 0.079 3 0
145 52 0.426 3 0
67 30 0.438 3 1
33 30 0.102 3 1
12 10 0.059 3 2
32 22 0.127 3 1
24 15 0.127 3 2
182 52 0.639 3 2
11 22 0.073 3 0
121 40 0.596 3 0
54 52 0.213 3 0
24 40 0.073 3 1
12 70 0.044 3 0
32 52 0.129 3 0
66 70 0.347 3 2
11 22 0.038 3 1
15 40 0.053 3 2
285 40 0.864 3 0
164 40 0.526 3 1
43 22 0.171 3 0
18 70 0.058 3 0
20 52 0.083 3 0
11 52 0.065 3 2
13 40 0.054 3 0
182 70 1.006 3 0
26 5 0.126 3 0
119 40 0.541 3 0
159 40 0.621 3 0
114 100 0.523 3 0
10 100 0.045 3 0
13 40 0.083 3 2
203 15 0.712 3 0
74 100 0.217 3 0
185 100 0.791 3 0
71 22 0.420 3 0
13 10 0.065 3 0
183 100 0.979 3 2
127 10 0.414 3 1
29 40 0.091 3 2
17 5 0.056 3 1
18 30 0.071 3 0
32 15 0.102 3 0
32 100 0.200 3 2
169 40 0.520 3 1
40 15 0.140 3 0
140 15 0.567 3 2
151 15 0.445 3 2
68 15 0.246 3 0
100 15 0.461 3 0
107 30 0.461 3 2
143 40 0.722 3 1
31 22 0.108 3 2
322 100 1.084 3 2
93 100 0.503 3 1
23 52 0.114 3 0
69 52 0.300 3 2
104 52 0.505 3 1
19 30 0.104 3 2
25 52 0.161 3 2
110 22 0.493 3 0
16 40 0.071 3 2
28 70 0.130 3 0
36 40 0.117 3 0
81 10 0.509 3 1
37 30 0.125 3 2
56 15 0.180 3 0
14 70 0.061 3 0
11 10 0.057 3 2
175 15 0.614 3 1
24 10 0.091 3 0
246 40 0.965 3 0
42 15 0.135 3 0
75 10 0.223 3 1
12 100 0.044 3 2
19 22 0.121 3 1
192 52 1.067 3 0
11 30 0.039 3 0
32 15 0.131 3 0
16 100 0.065 3 0
136 40 0.551 3 1
65 52 0.199 3 0
76 40 0.500 3 1
31 100 0.153 3 2
226 52 0.890 3 1
73 40 0.293 3 0
173 5 0.695 3 2
43 22 0.126 3 0
16 15 0.061 3 0
39 15 0.222 3 2
33 52 0.190 3 0
11 100 0.045 3 2
23 70 0.088 3 2
300 70 1.478 3 0
197 70 0.860 3 0
27 30 0.132 3 0
227 52 0.694 3 0
54 15 0.284 3 1
32 52 0.114 3 0
170 70 0.730 3 2
203 100 1.194 3 1
12 40 0.042 3 0
16 30 0.084 3 1
12 15 0.056 3 0
68 15 0.324 3 0
14 40 0.089 3 0
284 22 1.076 3 1
14 30 0.053 3 2
13 15 0.058 3 1
12 10 0.043 3 0
39 100 0.163 3 1
85 100 0.305 3 1
47 30 0.258 3 2
100 5 0.649 3 1
10 40 0.053 3 1
54 5 0.254 3 1
17 10 0.053 3 0
58 15 0.173 3 0
78 10 0.306 3 0
292 40 0.877 3 0
24 100 0.074 3 1
71 30 0.232 3 0
39 10 0.128 3 0
23 30 0.151 3 0
71 22 0.329 3 0
21 15 0.086 3 0
10 10 0.035 3 2
78 52 0.342 3 0
155 40 0.556 3 1
14 100 0.081 3 1
57 22 0.242 3 1
40 40 0.153 3 0
32 70 0.120 3 0
47 52 0.140 3 1
19 70 0.056 3 0
59 15 0.208 3 1
35 10 0.187 3 0
50 5 0.238 3 0
12 30 0.048 3 0
124 30 0.435 3 0
16 40 0.058 3 1
52 10 0.291 3 2
35 10 0.190 3 2
51 15 0.258 3 1
16 40 0.047 3 0
74 52 0.311 3 2
107 70 0.439 3 0
17 70 0.055 3 1
176 5 0.603 3 1
79 10 0.260 3 0
11 15 0.045 3 2
19 70 0.082 3 0
68 70 0.315 3 1
14 52 0.083 3 1
32 100 0.105 3 0
35 5 0.130 3 0
23 70 0.097 3 0
27 10 0.081 3 2
15 22 0.068 3 0
22 30 0.129 3 2
62 5 0.400 3 1
18 52 0.085 3 0
98 100 0.422 3 1
83 100 0.350 3 0
282 22 1.324 3 0
17 5 0.051 3 0
91 52 0.467 3 0
23 70 0.089 3 1
51 100 0.254 3 0
184 70 0.538 3 2
338 15 2.086 3 1
55 30 0.278 3 0
55 40 0.312 3 2
166 70 0.667 3 0
154 100 0.510 3 0
54 5 0.199 3 1
19 10 0.111 3 1
274 10 1.712 3 1
63 10 0.297 3 2
184 10 0.995 3 0
18 15 0.060 3 2
15 40 0.055 3 0
24 30 0.106 3 0
11 70 0.062 3 0
14 22 0.045 3 1
25 5 0.112 3 0
236 15 0.692 3 0
27 52 0.091 3 2
148 70 0.632 3 2
33 10 0.107 3 0
174 22 0.677 3 2
11 70 0.047 3 2
10 100 0.051 3 0
282 5 1.602 3 0
38 70 0.248 3 1
18 5 0.064 3 2
131 52 0.794 3 1
73 5 0.408 3 2
52 70 0.194 3 1
47 30 0.257 3 0
57 10 0.184 3 0
48 15 0.165 3 1
15 30 0.068 3 0
44 52 0.293 3 1
96 100 0.649 3 0
12 52 0.079 3 0
91 52 0.282 3 0
20 70 0.061 3 2
10 10 0.038 3 1
39 5 0.185 3 0
175 15 0.663 3 0
29 70 0.088 3 1
12 15 0.067 3 0
14 30 0.086 3 0
19 5 0.122 3 0
186 5 0.812 3 2
34 22 0.155 3 0
143 15 0.899 3 1
89 40 0.560 3 1
36 5 0.193 3 0
185 10 0.720 3 0
20 5 0.074 3 1
72 22 0.329 3 0
70 5 0.380 3 1
71 70 0.425 3 2
35 15 0.104 3 1
73 100 0.356 3 2
58 22 0.173 3 0
36 10 0.161 3 0
19 15 0.076 3 2
71 30 0.320 3 1
143 40 0.929 3 0
13 52 0.041 3 1
52 70 0.183 3 0
42 30 0.143 3 0
77 70 0.237 3 1
31 70 0.162 3 1
188 40 0.984 3 0
291 100 1.914 3 0
77 5 0.458 3 0
32 40 0.109 3 2
135 15 0.750 3 1
19 70 0.107 3 1
39 10 0.206 3 0
214 5 0.918 3 0
12 22 0.035 3 2
16 52 0.071 3 0
15 30 0.044 3 2
34 15 0.151 3 1
16 100 0.067 3 2
36 30 0.129 3 2
20 5 0.062 3 1
22 5 0.077 3 2
18 15 0.120 3 0
96 100 0.294 3 0
226 5 0.863 3 0
15 15 0.050 3 1
75 52 0.373 3 0
339 70 0.991 3 0
163 30 0.478 3 0
103 40 0.398 3 2
68 15 0.259 3 0
18 52 0.064 3 0
29 10 0.186 3 1
29 22 0.136 3 0
13 52 0.072 3 0
27 15 0.154 3 0
31 15 0.208 3 1
75 15 0.269 3 0
27 40 0.147 3 0
36 70 0.108 3 1
13 10 0.046 3 1
20 52 0.070 3 2
262 15 1.040 3 0
36 52 0.165 3 1
165 10 0.519 3 2
17 100 0.076 3 2
94 30 0.393 3 0
52 22 0.234 3 1
15 100 0.047 3 2
13 15 0.065 3 1
10 10 0.037 3 2
297 15 0.881 3 0
14 70 0.056 3 0
17 100 0.051 3 2
59 70 0.193 3 2
141 30 0.762 3 2
55 15 0.215 3 1
15 30 0.080 3 1
158 5 0.771 3 2
11 70 0.036 3 1
65 70 0.404 3 1
148 5 0.763 3 1
69 30 0.439 3 0
88 10 0.274 3 0
118 30 0.694 3 0
55 100 0.216 3 0
30 5 0.129 3 0
85 10 0.427 3 2
15 40 0.047 3 0
16 70 0.077 3 2
34 22 0.134 3 2
44 30 0.237 3 0
73 10 0.227 3 1
19 30 0.072 3 0
114 40 0.521 3 0
35 52 0.102 3 1
32 30 0.112 3 1
106 30 0.343 3 0
25 10 0.160 3 0
108 70 0.403 3 2
76 40 0.466 3 0
25 5 0.083 3 2
20 5 0.105 3 2
80 40 0.343 3 0
26 10 0.141 3 0
107 15 0.512 3 1
38 5 0.122 3 0
59 5 0.252 3 0
33 22 0.102 3 0
73 10 0.316 3 1
10 22 0.051 3 0
48 30 0.261 3 2
25 30 0.099 3 0
68 22 0.447 3 0
80 5 0.261 3 0
20 15 0.065 3 0
21 40 0.091 3 0
145 52 0.490 3 1
127 10 0.765 3 0
125 10 0.508 3 0
97 52 0.431 3 1
11 10 0.033 3 0
161 30 0.866 3 1
96 5 0.473 3 0
18 10 0.056 3 2
13 52 0.040 3 2
24 100 0.106 3 2
70 40 0.393 3 2
70 22 0.402 3 0
138 40 0.879 3 1
12 52 0.038 3 2
33 52 0.191 3 0
75 100 0.268 3 0
72 10 0.308 3 2
28 10 0.121 3 1
11 22 0.068 3 2
179 10 0.694 3 0
29 40 0.086 3 0
46 5 0.219 3 0
41 70 0.197 3 1
89 30 0.312 3 0
299 30 1.942 3 0
10 5 0.031 3 1
121 70 0.392 3 0
127 40 0.809 3 0
77 70 0.360 3 0
10 22 0.053 3 0
184 22 0.780 3 1
82 40 0.373 3 2
15 100 0.087 3 0
60 100 0.244 3 1
73 100 0.243 3 2
18 70 0.056 3 0
103 5 0.376 3 1
54 22 0.187 3 0
71 100 0.295 3 2
18 52 0.085 3 1
266 5 0.778 3 1
13 22 0.071 3 0
112 70 0.583 3 2
170 30 0.651 3 1
30 15 0.095 3 1
49 40 0.263 3 0
172 40 0.796 3 2
18 40 0.064 3 1
49 40 0.243 3 0
13 40 0.084 3 0
13 40 0.076 3 2
10 100 0.048 3 2
10 40 0.054 3 1
63 15 0.220 3 0
50 5 0.272 3 2
218 40 0.845 3 0
39 10 0.125 3 0
15 52 0.053 3 2
17 100 0.051 3 0
23 100 0.131 3 1
12 70 0.079 3 0
128 5 0.810 3 0
172 30 0.910 3 2
143 70 0.497 3 1
11 10 0.041 3 0
24 5 0.094 3 2
75 52 0.306 3 0
21 100 0.107 3 0
34 5 0.116 3 0
141 5 0.532 3 0
47 15 0.168 3 1
106 22 0.405 3 0
30 52 0.139 3 2
71 100 0.370 3 0
211 10 0.959 3 0
197 15 0.689 3 1
78 22 0.316 3 2
64 5 0.198 3 0
35 70 0.126 3 0
149 22 0.955 3 2
123 40 0.759 3 0
10 70 0.033 3 0
16 10 0.069 3 1
314 100 1.716 3 1
150 15 0.904 3 2
10 10 0.045 3 0
307 15 1.520 3 1
65 70 0.284 3 0
18 40 0.060 3 0
21 30 0.063 3 1
314 52 1.006 3 0
136 22 0.400 3 1
32 22 0.179 3 1
20 100 0.063 3 2
153 70 0.605 3 0
104 100 0.520 3 0
11 52 0.057 3 2
170 15 0.565 3 1
16 5 0.061 3 1
47 52 0.160 3 0
12 15 0.071 3 0
99 15 0.623 3 2
34 5 0.153 3 0
15 30 0.067 3 1
62 70 0.253 3 1
12 100 0.077 3 2
61 15 0.242 3 1
19 52 0.095 3 0
99 40 0.669 3 0
79 70 0.422 3 0
67 5 0.399 3 0
172 40 0.541 3 2
69 15 0.413 3 0
13 52 0.070 3 2
30 10 0.096 3 0
192 15 1.223 3 1
83 52 0.249 3 0
120 52 0.368 3 1
10 100 0.043 3 1
226 30 1.004 3 2
20 22 0.105 3 0
138 70 0.896 3 0
78 70 0.491 3 1
14 30 0.090 3 1
16 40 0.061 3 0
125 100 0.378 3 0
46 5 0.197 3 0
32 15 0.104 3 2
191 70 0.729 3 2
41 5 0.141 3 2
27 5 0.155 3 1
66 40 0.213 3 0
68 22 0.214 3 1
14 10 0.063 3 2
174 52 0.978 3 2
11 100 0.053 3 2
49 5 0.312 3 0
20 15 0.065 3 0
18 15 0.087 3 0
20 5 0.109 3 0
126 5 0.536 3 0
11 52 0.033 3 2
57 70 0.317 3 1
42 15 0.132 3 2
29 22 0.113 3 2
144 22 0.512 3 1
131 5 0.480 3 0
13 100 0.046 3 0
53 22 0.155 3 1
292 70 0.872 3 0
28 15 0.136 3 2
18 40 0.086 3 2
121 10 0.742 3 0
176 15 0.682 3 2
55 30 0.179 3 1
70 70 0.446 3 1
25 5 0.131 3 0
60 30 0.323 3 1
31 5 0.197 3 0
16 30 0.074 3 0
166 100 0.578 3 0
49 15 0.255 3 0
236 5 1.532 3 0
40 40 0.199 3 1
15 5 0.074 3 0
112 15 0.536 3 2
26 52 0.138 3 0
56 40 0.249 3 0
63 30 0.220 3 1
35 10 0.138 3 0
36 70 0.225 3 2
15 5 0.053 3 0
100 15 0.418 3 2
29 22 0.115 3 2
16 100 0.060 3 1
36 40 0.203 3 0
35 5 0.105 3 0
28 22 0.174 3 2
122 100 0.646 3 0
166 70 0.641 3 0
66 70 0.346 3 0
40 22 0.219 3 1
32 70 0.119 3 1
57 100 0.385 3 2
57 30 0.169 3 2
81 10 0.373 3 0
189 10 0.661 3 1
147 15 0.441 3 1
301 70 1.153 3 1
47 100 0.194 3 0
26 40 0.135 3 0
220 15 1.302 3 0
21 100 0.100 3 1
68 70 0.279 3 0
279 70 1.310 3 0
93 22 0.281 3 1
183 30 0.560 3 2
160 52 0.788 3 2
11 5 0.055 3 0
37 100 0.199 3 0
22 30 0.143 3 2
66 52 0.423 3 1
11 10 0.049 3 2
153 40 0.797 3 0
10 100 0.030 3 0
20 70 0.135 3 2
43 10 0.229 3 0
56 5 0.189 3 1
21 22 0.073 3 2
12 22 0.036 3 2
45 100 0.236 3 0
16 10 0.094 3 2
71 10 0.353 3 2
78 10 0.235 3 1
106 22 0.500 3 0
166 10 0.654 3 0
24 40 0.133 3 1
65 10 0.289 3 0
75 30 0.335 3 0
192 22 0.693 3 0
74 100 0.245 3 2
165 5 0.487 3 0
195 22 0.570 3 2
28 30 0.101 3 0
73 52 0.432 3 1
51 52 0.178 3 1
221 100 1.308 3 2
158 5 0.845 3 2
16 10 0.078 3 2
29 15 0.153 3 0
14 22 0.092 3 2
44 30 0.149 3 1
18 15 0.082 3 0
84 30 0.259 3 0
65 15 0.252 3 2
155 15 0.601 3 2
126 40 0.712 3 1
42 15 0.264 3 2
163 100 1.006 3 0
19 5 0.112 3 1
109 40 0.553 3 2
31 70 0.100 3 1
220 10 0.924 3 0
260 40 1.486 3 0
338 40 1.385 3 1
100 5 0.369 3 2
126 52 0.399 3 0
129 22 0.378 3 0
73 10 0.239 3 2
94 10 0.306 3 0
95 10 0.380 3 1
44 10 0.175 3 1
16 10 0.050 3 1
118 10 0.369 3 0
13 100 0.068 3 0
78 5 0.292 3 2
308 22 1.381 3 0
321 22 1.337 3 0
16 15 0.079 3 1
56 5 0.199 3 0
13 5 0.072 3 2
36 70 0.188 3 2
73 70 0.267 3 1
320 100 0.985 3 0
54 22 0.180 3 1
94 100 0.414 3 1
14 5 0.042 3 2
14 70 0.075 3 1
17 22 0.108 3 2
16 52 0.051 3 1
15 100 0.096 3 0
102 40 0.626 3 0
34 52 0.121 3 1
59 52 0.211 3 0
229 40 0.830 3 1
106 10 0.527 3 1
160 22 0.541 3 2
304 40 0.941 3 0
18 30 0.083 3 0
17 100 0.057 3 0
21 70 0.087 3 0
301 100 1.136 3 0
35 30 0.223 3 0
18 15 0.067 3 0
18 70 0.058 3 0
14 70 0.047 3 0
220 100 0.736 3 1
141 5 0.820 3 0
121 70 0.538 3 0
25 52 0.094 3 1
172 15 0.654 3 1
246 70 1.430 3 2
73 22 0.243 3 0
26 15 0.157 3 0
15 40 0.045 3 0
13 30 0.043 3 1
198 10 0.904 3 0
14 15 0.043 3 0
12 5 0.076 3 0
121 100 0.725 3 0
44 22 0.228 3 2
18 30 0.066 3 2
194 70 1.096 3 2
197 70 0.722 3 0
20 10 0.064 3 1
158 5 0.536 3 1
39 40 0.204 3 2
71 70 0.234 3 2
21 52 0.079 3 2
17 100 0.089 3 0
39 10 0.213 3 0
97 100 0.313 3 1
146 100 0.431 3 1
44 70 0.243 3 0
317 100 1.289 3 2
22 30 0.079 3 1
24 100 0.113 3 2
48 52 0.212 3 1
11 100 0.059 3 0
142 5 0.553 3 2
124 52 0.596 3 0
67 40 0.245 3 2
19 5 0.071 3 2
261 52 0.970 3 1
30 40 0.101 3 0
241 70 0.703 3 0
148 22 0.435 3 1
14 52 0.057 3 1
24 100 0.075 3 0
172 30 0.977 3 1
15 22 0.057 3 1
26 52 0.126 3 0
17 22 0.095 3 0
21 40 0.114 3 1
14 70 0.045 3 0
18 30 0.078 3 1
11 22 0.072 3 0
36 10 0.178 3 0
72 52 0.355 3 2
181 5 0.742 3 2
116 15 0.644 3 0
31 10 0.203 3 0
15 40 0.051 3 2
39 30 0.128 3 0
119 70 0.768 3 1
25 40 0.085 3 0
60 70 0.373 3 0
333 5 2.068 3 0
23 30 0.096 3 1
52 70 0.331 3 0
50 100 0.279 3 0
21 10 0.083 3 0
10 52 0.048 3 2
14 15 0.063 3 0
37 30 0.161 3 1
185 30 0.541 3 0
73 70 0.406 3 1
15 22 0.070 3 2
92 10 0.544 3 0
332 30 1.272 3 0
64 30 0.358 3 0
135 52 0.785 3 0
41 5 0.173 3 1
150 52 1.000 3 0
22 40 0.071 3 0
12 100 0.040 3 1
33 70 0.134 3 2
27 70 0.153 3 2
194 40 0.693 3 1
19 70 0.113 3 2
29 100 0.173 3 2
16 30 0.054 3 2
90 22 0.319 3 2
22 15 0.143 3 0
67 30 0.390 3 0
68 40 0.349 3 0
34 5 0.129 3 2
39 5 0.121 3 0
73 22 0.313 3 0
116 5 0.690 3 0
116 15 0.667 3 0
261 22 0.763 3 0
70 100 0.265 3 2
12 40 0.042 3 0
113 22 0.361 3 0
33 40 0.138 3 1
109 10 0.366 3 0
75 10 0.244 3 0
67 30 0.234 3 1
28 15 0.101 3 1
66 22 0.437 3 2
62 30 0.259 3 0
70 40 0.243 3 0
18 30 0.071 3 0
40 22 0.124 3 2
160 30 0.546 3 0
234 40 1.064 3 0
28 100 0.083 3 1
19 22 0.077 3 1
119 10 0.630 3 1
30 15 0.092 3 1
13 100 0.062 3 0
173 70 0.901 3 0
188 100 0.655 3 2
90 70 0.489 3 2
64 52 0.193 3 2
14 30 0.073 3 0
50 30 0.168 3 0
34 15 0.184 3 1
164 5 0.586 3 0
52 100 0.152 3 2
13 10 0.055 3 2
19 100 0.069 3 0
127 70 0.375 3 2
317 100 1.153 3 0
42 40 0.182 3 1
19 70 0.058 3 1
24 15 0.083 3 2
21 40 0.095 3 0
89 30 0.331 3 0
16 5 0.052 3 2
15 30 0.052 3 2
14 70 0.053 3 0
75 40 0.354 3 0
24 15 0.075 3 2
32 15 0.132 3 0
44 10 0.154 3 2
51 5 0.297 3 1
42 52 0.282 3 2
188 70 1.022 3 0
300 52 1.685 3 2
46 52 0.195 3 0
38 100 0.148 3 2
14 10 0.071 3 0
59 10 0.223 3 2
197 30 0.711 3 2
14 30 0.088 3 1
274 70 1.079 3 0
171 100 0.687 3 1
18 5 0.062 3 0
18 5 0.086 3 0
19 22 0.069 3 0
133 15 0.887 3 1
29 15 0.149 3 0
13 30 0.065 3 1
229 40 1.388 3 0
331 15 1.240 3 0
39 52 0.212 3 1
263 5 1.134 3 0
332 5 1.530 3 0
51 15 0.181 3 1
18 40 0.080 3 0
144 70 0.673 3 1
123 15 0.469 3 0
82 30 0.536 3 0
58 22 0.176 3 2
152 15 0.555 3 0
59 70 0.265 3 2
81 10 0.418 3 0
