151 52 0.579 0 2
91 40 0.277 0 1
70 70 0.298 0 1
199 100 0.670 0 1
36 10 0.106 0 1
152 30 0.451 0 2
15 10 0.088 0 2
11 40 0.045 0 2
286 5 1.546 0 2
38 10 0.119 0 1
35 30 0.124 0 1
56 22 0.189 0 2
28 52 0.086 0 1
18 5 0.072 0 2
57 15 0.205 0 2
70 22 0.306 0 1
26 5 0.163 0 1
55 70 0.167 0 1
53 40 0.185 0 2
15 40 0.047 0 2
18 15 0.072 0 2
32 52 0.178 0 1
305 15 1.292 0 1
45 5 0.224 0 2
36 5 0.243 0 1
331 52 0.976 0 1
157 15 0.523 0 2
32 100 0.119 0 2
40 70 0.171 0 2
71 40 0.230 0 1
137 15 0.432 0 1
36 5 0.142 0 2
20 10 0.061 0 2
21 52 0.139 0 2
72 5 0.312 0 2
42 15 0.263 0 1
51 15 0.181 0 1
51 22 0.245 0 2
14 30 0.069 0 2
11 100 0.034 0 1
182 100 0.625 0 2
23 100 0.080 0 1
41 15 0.134 0 1
129 52 0.429 0 2
30 10 0.104 0 2
70 40 0.241 0 2
14 15 0.073 0 1
15 70 0.050 0 2
333 22 1.571 0 2
17 10 0.067 0 2
16 70 0.062 0 1
77 40 0.458 0 2
75 30 0.361 0 1
19 52 0.123 0 1
16 30 0.063 0 2
98 40 0.613 0 1
130 5 0.855 0 2
21 52 0.068 0 2
22 70 0.141 0 1
26 10 0.121 0 2
65 52 0.263 0 2
48 22 0.240 0 1
311 22 1.690 0 2
151 52 0.503 0 2
69 10 0.287 0 2
31 40 0.105 0 1
155 30 0.538 0 2
20 40 0.126 0 1
38 30 0.119 0 1
36 22 0.213 0 2
24 52 0.126 0 2
120 5 0.426 0 1
73 40 0.323 0 2
76 22 0.429 0 1
53 22 0.247 0 1
59 10 0.221 0 1
63 30 0.232 0 1
29 5 0.111 0 1
166 5 0.599 0 1
262 100 1.735 0 2
159 30 0.964 0 2
32 22 0.129 0 1
69 30 0.421 0 2
321 22 1.543 0 2
39 22 0.217 0 2
130 10 0.833 0 2
186 15 1.045 0 1
11 100 0.072 0 2
162 22 0.910 0 1
17 22 0.055 0 1
17 52 0.056 0 2
65 5 0.409 0 1
74 5 0.220 0 1
76 15 0.490 0 2
76 52 0.293 0 2
131 30 0.482 0 2
49 40 0.228 0 2
64 70 0.207 0 1
60 10 0.200 0 2
52 15 0.186 0 2
74 30 0.435 0 2
37 100 0.117 0 1
136 22 0.455 0 2
243 22 1.528 0 2
195 100 1.168 0 1
32 100 0.159 0 2
253 5 1.383 0 1
37 30 0.163 0 1
158 10 0.650 0 2
42 100 0.187 0 1
11 5 0.051 0 1
21 52 0.064 0 2
37 100 0.134 0 1
190 100 0.597 0 2
73 40 0.277 0 1
188 52 0.582 0 2
22 100 0.076 0 2
38 70 0.131 0 2
67 40 0.223 0 1
310 10 2.053 0 2
133 100 0.842 0 2
39 52 0.114 0 2
241 5 0.861 0 1
39 10 0.124 0 1
61 52 0.194 0 2
69 15 0.359 0 1
68 22 0.201 0 2
79 22 0.436 0 1
11 30 0.038 0 2
185 30 0.856 0 2
160 30 0.792 0 1
34 52 0.156 0 2
22 70 0.071 0 2
24 5 0.152 0 1
38 100 0.123 0 1
19 15 0.064 0 1
31 52 0.150 0 1
23 70 0.113 0 1
12 5 0.051 0 1
42 30 0.204 0 1
131 30 0.452 0 2
108 70 0.371 0 1
75 5 0.241 0 1
171 70 0.914 0 1
197 30 0.952 0 2
39 10 0.262 0 1
31 10 0.130 0 2
15 22 0.095 0 1
50 22 0.168 0 2
51 22 0.219 0 2
22 100 0.079 0 2
27 22 0.080 0 1
64 40 0.234 0 1
30 15 0.112 0 2
10 30 0.040 0 1
98 70 0.311 0 2
82 15 0.532 0 2
18 5 0.105 0 1
63 30 0.256 0 1
220 52 1.486 0 1
72 70 0.296 0 1
11 10 0.036 0 1
24 70 0.076 0 1
25 10 0.098 0 1
186 15 0.631 0 1
194 100 0.789 0 2
18 52 0.103 0 1
160 5 0.970 0 2
19 100 0.125 0 1
111 22 0.330 0 2
65 70 0.215 0 2
50 30 0.239 0 2
184 22 0.868 0 2
17 100 0.076 0 1
144 40 0.618 0 2
73 70 0.231 0 2
15 15 0.046 0 2
52 100 0.311 0 1
187 10 0.935 0 1
152 5 0.475 0 1
33 15 0.149 0 1
175 40 0.689 0 2
41 100 0.208 0 2
40 10 0.124 0 1
16 100 0.063 0 2
19 100 0.087 0 1
16 5 0.069 0 2
49 15 0.187 0 1
11 30 0.054 0 2
31 40 0.165 0 2
39 70 0.163 0 1
40 22 0.159 0 1
35 10 0.156 0 2
32 30 0.103 0 1
22 15 0.099 0 2
26 30 0.077 0 2
67 10 0.209 0 2
20 30 0.073 0 1
244 100 1.075 0 1
13 22 0.076 0 2
34 40 0.137 0 1
43 30 0.150 0 1
10 40 0.064 0 2
14 70 0.056 0 2
15 10 0.054 0 1
19 40 0.056 0 2
109 22 0.487 0 2
18 52 0.084 0 2
18 5 0.067 0 2
74 10 0.217 0 2
28 15 0.131 0 2
172 30 0.925 0 2
42 15 0.135 0 1
183 52 0.538 0 1
12 70 0.051 0 1
74 100 0.320 0 2
21 22 0.076 0 2
154 30 1.000 0 2
16 15 0.094 0 2
32 70 0.143 0 1
12 52 0.048 0 2
199 22 1.244 0 1
61 5 0.228 0 2
40 70 0.176 0 2
35 5 0.194 0 2
32 40 0.109 0 1
62 30 0.230 0 2
10 100 0.034 0 1
30 5 0.106 0 2
59 70 0.288 0 1
75 10 0.277 0 2
37 30 0.132 0 1
46 10 0.238 0 1
46 5 0.139 0 2
38 100 0.147 0 2
25 40 0.081 0 2
137 40 0.907 0 1
336 30 1.344 0 1
127 22 0.645 0 2
18 52 0.069 0 2
176 52 0.552 0 2
21 10 0.071 0 2
50 40 0.270 0 2
37 5 0.170 0 1
32 70 0.204 0 2
173 5 0.983 0 1
12 10 0.049 0 1
260 40 1.520 0 2
18 22 0.087 0 2
69 15 0.466 0 2
157 10 0.849 0 1
157 5 0.505 0 2
25 70 0.155 0 2
57 5 0.176 0 2
51 40 0.208 0 1
45 5 0.132 0 2
143 70 0.614 0 2
16 5 0.057 0 2
31 52 0.150 0 2
11 100 0.053 0 2
14 10 0.055 0 2
171 5 0.582 0 1
15 100 0.099 0 1
55 70 0.230 0 1
178 22 0.864 0 2
18 30 0.058 0 2
21 100 0.120 0 1
60 70 0.210 0 2
78 10 0.325 0 2
52 5 0.164 0 1
10 5 0.031 0 2
20 52 0.062 0 2
62 15 0.199 0 2
39 15 0.138 0 2
19 100 0.061 0 2
35 22 0.120 0 2
194 30 0.942 0 1
168 40 0.530 0 1
184 30 0.708 0 2
85 10 0.386 0 2
31 70 0.103 0 2
70 10 0.242 0 2
39 22 0.122 0 2
17 100 0.068 0 1
13 30 0.060 0 2
52 40 0.187 0 1
44 52 0.210 0 1
56 70 0.189 0 2
105 100 0.371 0 1
93 52 0.299 0 1
163 5 0.832 0 1
77 100 0.259 0 1
143 52 0.647 0 2
132 40 0.552 0 2
16 40 0.082 0 1
17 40 0.086 0 1
283 100 1.292 0 2
153 30 0.827 0 1
170 40 1.149 0 1
30 22 0.101 0 2
12 100 0.055 0 2
102 15 0.421 0 1
43 70 0.139 0 1
174 30 0.906 0 1
268 15 1.051 0 2
99 40 0.372 0 1
36 40 0.138 0 1
177 10 0.562 0 1
50 22 0.174 0 1
19 70 0.081 0 2
141 5 0.829 0 1
81 10 0.506 0 1
11 15 0.039 0 1
33 40 0.151 0 2
107 100 0.598 0 2
31 5 0.102 0 2
24 70 0.080 0 2
190 70 0.745 0 2
69 15 0.266 0 2
185 100 0.544 0 1
87 40 0.576 0 1
136 30 0.511 0 2
16 40 0.087 0 1
199 100 0.601 0 1
32 100 0.158 0 1
115 5 0.451 0 1
66 52 0.266 0 1
140 70 0.718 0 2
15 100 0.045 0 1
16 40 0.090 0 2
303 22 1.273 0 1
46 30 0.208 0 1
68 10 0.296 0 2
10 100 0.034 0 1
36 15 0.125 0 2
14 5 0.045 0 1
48 10 0.270 0 1
21 22 0.078 0 2
13 52 0.076 0 1
32 70 0.171 0 2
59 5 0.399 0 2
54 5 0.358 0 1
11 10 0.071 0 1
49 5 0.186 0 2
77 22 0.360 0 1
193 100 0.666 0 1
75 40 0.239 0 2
148 40 0.949 0 1
13 15 0.084 0 2
124 15 0.411 0 1
63 5 0.342 0 1
24 22 0.133 0 1
65 52 0.310 0 1
38 5 0.127 0 1
34 10 0.116 0 2
16 52 0.064 0 1
139 10 0.436 0 2
195 30 0.586 0 2
174 22 0.941 0 1
10 5 0.043 0 1
246 52 0.771 0 1
304 22 1.082 0 2
122 30 0.557 0 2
28 30 0.102 0 2
25 15 0.078 0 1
58 22 0.181 0 2
46 40 0.138 0 1
19 5 0.114 0 2
236 70 0.871 0 2
57 100 0.305 0 1
130 15 0.461 0 1
316 70 0.966 0 1
36 10 0.142 0 2
189 100 1.099 0 2
89 100 0.384 0 1
15 15 0.051 0 2
303 40 1.048 0 2
44 52 0.277 0 2
305 10 0.968 0 1
158 52 0.771 0 2
24 40 0.094 0 1
14 30 0.042 0 1
65 100 0.260 0 1
74 10 0.354 0 2
25 22 0.143 0 2
15 30 0.061 0 1
41 15 0.121 0 2
13 70 0.051 0 2
71 22 0.382 0 2
228 22 0.699 0 1
15 100 0.058 0 2
52 40 0.211 0 2
12 30 0.037 0 1
167 52 0.535 0 2
71 22 0.242 0 2
68 22 0.264 0 1
100 15 0.571 0 2
37 15 0.116 0 2
151 15 0.962 0 2
28 52 0.115 0 1
28 5 0.112 0 1
19 5 0.079 0 2
187 100 1.022 0 2
14 100 0.092 0 1
68 10 0.354 0 1
20 70 0.068 0 1
32 70 0.196 0 1
74 30 0.251 0 2
39 30 0.199 0 1
34 30 0.118 0 2
65 22 0.231 0 2
313 100 1.110 0 2
13 5 0.070 0 1
19 40 0.109 0 2
39 22 0.152 0 1
60 40 0.214 0 1
84 30 0.263 0 1
29 10 0.097 0 1
12 10 0.047 0 2
19 10 0.077 0 1
267 52 1.141 0 1
271 40 0.819 0 1
215 70 0.785 0 2
99 5 0.656 0 1
13 22 0.057 0 1
65 15 0.380 0 2
330 5 1.441 0 2
64 22 0.286 0 1
44 15 0.167 0 1
19 15 0.070 0 1
122 70 0.488 0 1
58 52 0.328 0 1
78 22 0.231 0 1
172 5 0.555 0 1
67 40 0.245 0 1
21 30 0.071 0 2
11 70 0.069 0 1
65 30 0.243 0 1
114 70 0.401 0 2
73 30 0.214 0 2
36 5 0.238 0 1
38 70 0.183 0 2
239 100 0.711 0 1
198 52 0.629 0 2
41 70 0.212 0 1
68 70 0.439 0 2
65 70 0.205 0 1
40 40 0.242 0 1
45 40 0.167 0 2
17 70 0.073 0 1
53 70 0.286 0 2
34 70 0.227 0 2
52 40 0.160 0 2
109 22 0.426 0 1
74 5 0.490 0 1
50 15 0.164 0 1
22 40 0.146 0 2
191 15 0.687 0 1
52 70 0.351 0 1
170 100 0.625 0 1
22 10 0.111 0 2
19 40 0.061 0 2
69 40 0.253 0 2
76 30 0.308 0 1
34 15 0.146 0 2
22 40 0.118 0 1
37 5 0.121 0 2
37 15 0.210 0 1
183 22 0.612 0 1
25 100 0.110 0 2
47 30 0.270 0 1
53 70 0.158 0 2
77 40 0.241 0 1
33 52 0.114 0 2
167 100 0.848 0 2
36 15 0.171 0 2
66 22 0.241 0 2
28 10 0.177 0 1
273 30 0.825 0 1
23 10 0.121 0 1
291 52 1.212 0 2
20 30 0.065 0 1
49 15 0.187 0 1
43 10 0.127 0 1
46 30 0.207 0 1
113 10 0.496 0 1
51 40 0.182 0 1
20 22 0.074 0 2
108 22 0.375 0 1
33 5 0.182 0 1
41 5 0.160 0 2
41 100 0.151 0 2
96 10 0.310 0 1
51 100 0.276 0 1
30 30 0.104 0 2
10 52 0.036 0 1
56 52 0.179 0 1
53 5 0.283 0 1
21 40 0.080 0 2
167 5 0.500 0 2
19 40 0.104 0 1
18 100 0.106 0 2
24 52 0.078 0 2
154 5 0.951 0 2
107 10 0.418 0 2
15 40 0.057 0 1
25 22 0.167 0 1
84 15 0.318 0 2
42 40 0.135 0 1
77 40 0.242 0 2
19 30 0.061 0 1
58 5 0.250 0 2
197 22 0.985 0 2
13 30 0.070 0 2
52 30 0.338 0 2
14 22 0.093 0 1
12 70 0.047 0 1
133 52 0.545 0 2
11 5 0.060 0 1
131 52 0.627 0 1
16 40 0.048 0 1
269 100 1.671 0 1
38 22 0.121 0 1
117 52 0.591 0 1
64 52 0.356 0 1
38 40 0.120 0 1
65 22 0.215 0 2
326 40 1.442 0 2
13 52 0.042 0 1
28 30 0.086 0 2
19 70 0.084 0 1
27 70 0.164 0 1
182 10 0.553 0 2
28 22 0.119 0 2
19 10 0.059 0 1
51 15 0.153 0 1
33 52 0.119 0 1
230 10 0.744 0 1
63 52 0.241 0 2
45 5 0.230 0 1
31 30 0.190 0 2
216 70 1.278 0 1
16 52 0.057 0 1
109 70 0.318 0 1
19 52 0.105 0 2
74 52 0.346 0 2
36 5 0.164 0 2
321 52 1.092 0 2
112 100 0.569 0 2
201 40 0.593 0 1
65 15 0.279 0 1
172 30 0.691 0 1
35 70 0.161 0 2
14 40 0.081 0 2
22 40 0.067 0 2
79 40 0.335 0 2
54 40 0.173 0 1
70 40 0.366 0 1
15 70 0.048 0 2
98 100 0.353 0 1
80 100 0.457 0 2
37 40 0.218 1 0
36 70 0.115 1 0
11 100 0.066 1 0
302 5 1.144 1 0
10 100 0.042 1 2
46 5 0.274 1 2
59 15 0.345 1 0
291 15 1.353 1 0
47 30 0.220 1 0
124 5 0.412 1 0
28 100 0.100 1 0
53 30 0.177 1 2
67 10 0.283 1 0
63 22 0.239 1 0
142 10 0.785 1 2
171 30 0.596 1 2
138 15 0.405 1 2
60 5 0.306 1 0
32 40 0.174 1 0
18 22 0.089 1 0
18 40 0.053 1 0
72 15 0.483 1 0
127 15 0.531 1 0
116 52 0.362 1 0
70 40 0.253 1 0
26 22 0.091 1 2
204 70 0.850 1 0
197 100 0.831 1 2
170 100 0.769 1 0
15 15 0.054 1 0
31 22 0.124 1 0
41 40 0.151 1 0
65 30 0.409 1 2
147 30 0.583 1 0
327 70 2.019 1 0
19 15 0.078 1 0
254 40 1.149 1 2
11 5 0.062 1 0
25 70 0.100 1 2
28 40 0.120 1 0
14 40 0.070 1 2
18 30 0.103 1 0
20 52 0.072 1 0
48 10 0.214 1 0
144 70 0.731 1 0
22 5 0.103 1 0
25 70 0.118 1 0
13 100 0.049 1 0
129 22 0.389 1 2
17 22 0.083 1 2
22 70 0.091 1 2
14 52 0.052 1 2
186 22 0.853 1 0
101 22 0.371 1 0
34 5 0.219 1 0
33 52 0.117 1 0
60 10 0.349 1 0
165 5 0.976 1 2
39 100 0.120 1 2
158 22 0.859 1 2
159 52 0.596 1 2
112 10 0.605 1 0
64 15 0.272 1 0
58 70 0.171 1 0
17 22 0.054 1 0
13 22 0.040 1 0
21 15 0.071 1 0
328 30 2.158 1 0
60 5 0.246 1 0
19 30 0.064 1 2
38 100 0.180 1 0
96 5 0.414 1 0
29 22 0.102 1 2
137 15 0.550 1 0
62 52 0.226 1 0
74 5 0.285 1 0
74 5 0.319 1 0
159 30 0.558 1 0
77 100 0.244 1 0
14 40 0.049 1 2
15 15 0.079 1 2
130 10 0.411 1 2
23 100 0.068 1 0
10 52 0.052 1 2
194 100 0.924 1 0
11 70 0.035 1 0
51 30 0.171 1 2
182 15 0.609 1 2
14 40 0.045 1 0
27 52 0.102 1 0
182 30 0.963 1 0
74 5 0.402 1 0
10 100 0.042 1 0
61 15 0.199 1 0
41 5 0.122 1 2
78 10 0.307 1 2
27 5 0.108 1 0
113 30 0.698 1 0
117 10 0.775 1 0
192 40 0.738 1 0
30 10 0.166 1 0
22 15 0.094 1 0
34 22 0.132 1 0
39 30 0.114 1 2
22 52 0.092 1 2
119 40 0.657 1 2
72 15 0.276 1 0
266 52 1.090 1 2
24 52 0.155 1 2
19 100 0.066 1 0
39 15 0.171 1 0
37 70 0.111 1 0
182 100 0.669 1 0
63 40 0.194 1 0
18 22 0.092 1 2
178 22 0.647 1 0
92 15 0.271 1 0
19 22 0.069 1 0
56 70 0.173 1 2
27 15 0.079 1 2
128 5 0.443 1 0
14 30 0.078 1 2
14 30 0.086 1 0
39 15 0.163 1 0
115 100 0.377 1 2
188 30 0.639 1 2
48 5 0.191 1 0
64 70 0.269 1 0
113 70 0.509 1 2
114 40 0.447 1 0
19 5 0.065 1 0
131 5 0.753 1 0
54 10 0.190 1 2
18 52 0.061 1 2
194 70 0.590 1 2
63 30 0.344 1 0
76 40 0.437 1 0
96 15 0.306 1 2
175 30 0.565 1 0
313 5 1.130 1 0
229 70 1.050 1 2
193 52 0.726 1 0
35 15 0.173 1 0
13 100 0.086 1 2
48 100 0.312 1 0
190 40 0.667 1 2
22 10 0.068 1 0
13 52 0.066 1 0
38 40 0.253 1 0
188 30 0.969 1 2
339 100 2.187 1 0
29 5 0.097 1 0
10 22 0.032 1 0
23 70 0.089 1 2
53 70 0.210 1 0
11 100 0.044 1 2
64 100 0.212 1 2
16 15 0.090 1 2
22 30 0.067 1 0
24 100 0.087 1 0
12 10 0.045 1 2
201 70 1.136 1 2
290 5 0.970 1 0
10 15 0.050 1 2
153 52 0.537 1 2
207 15 1.084 1 0
16 15 0.049 1 0
236 22 0.784 1 0
182 10 0.531 1 2
62 15 0.214 1 0
10 100 0.059 1 0
165 30 0.778 1 0
139 52 0.675 1 0
135 100 0.707 1 0
87 22 0.380 1 0
115 22 0.516 1 0
32 52 0.121 1 2
138 15 0.481 1 0
15 100 0.065 1 2
17 100 0.097 1 0
14 40 0.054 1 0
174 30 0.537 1 2
63 70 0.284 1 2
73 15 0.435 1 0
42 5 0.196 1 2
26 5 0.110 1 2
55 40 0.249 1 2
227 40 1.032 1 2
39 70 0.132 1 0
64 52 0.416 1 0
10 5 0.059 1 0
90 22 0.290 1 2
11 5 0.049 1 0
277 40 1.074 1 0
16 70 0.048 1 2
28 5 0.166 1 0
35 70 0.164 1 2
37 30 0.109 1 0
57 5 0.333 1 0
54 5 0.177 1 0
37 52 0.115 1 0
50 30 0.162 1 0
35 70 0.212 1 2
65 40 0.361 1 0
299 100 1.438 1 2
38 30 0.114 1 0
14 70 0.061 1 0
105 10 0.629 1 0
28 22 0.119 1 0
18 15 0.078 1 0
63 100 0.280 1 0
33 100 0.118 1 0
43 15 0.269 1 0
14 100 0.056 1 2
197 22 0.616 1 0
185 10 1.069 1 0
33 70 0.149 1 0
79 22 0.429 1 0
39 40 0.198 1 2
57 40 0.219 1 2
19 52 0.064 1 0
184 22 1.076 1 0
103 15 0.479 1 0
28 22 0.085 1 0
309 40 1.424 1 0
13 40 0.042 1 0
25 5 0.086 1 0
13 15 0.043 1 0
72 30 0.250 1 2
195 10 0.677 1 2
19 10 0.107 1 0
72 52 0.431 1 2
61 15 0.275 1 0
24 22 0.087 1 0
59 15 0.255 1 0
12 70 0.050 1 2
44 10 0.200 1 2
35 100 0.173 1 2
27 5 0.167 1 0
261 22 0.903 1 0
68 70 0.237 1 0
78 52 0.257 1 0
31 30 0.110 1 2
13 52 0.044 1 0
18 15 0.060 1 2
254 30 0.774 1 2
49 40 0.283 1 0
13 10 0.038 1 2
54 10 0.215 1 0
55 30 0.238 1 2
46 70 0.242 1 2
38 40 0.174 1 0
30 40 0.173 1 0
24 15 0.156 1 0
10 52 0.042 1 2
28 40 0.090 1 0
13 40 0.051 1 0
41 40 0.247 1 0
194 52 0.833 1 0
117 10 0.765 1 2
49 30 0.176 1 0
281 100 0.881 1 0
55 15 0.198 1 0
15 22 0.044 1 2
19 22 0.116 1 0
16 5 0.062 1 0
197 30 1.077 1 2
27 22 0.087 1 0
276 10 0.958 1 2
153 15 0.483 1 0
267 100 1.658 1 0
18 5 0.056 1 2
74 10 0.265 1 0
62 10 0.272 1 0
13 22 0.056 1 0
100 10 0.595 1 0
307 10 1.137 1 0
24 15 0.088 1 2
121 15 0.403 1 0
11 52 0.040 1 2
57 15 0.270 1 0
28 30 0.107 1 2
67 100 0.273 1 0
35 22 0.147 1 0
214 100 1.092 1 2
14 30 0.088 1 2
13 22 0.044 1 2
257 5 0.945 1 2
25 10 0.075 1 0
96 30 0.485 1 0
165 40 0.620 1 2
18 40 0.119 1 0
54 52 0.191 1 0
42 52 0.140 1 0
314 5 1.013 1 0
49 10 0.240 1 0
12 30 0.048 1 0
94 22 0.487 1 0
48 10 0.160 1 2
319 100 2.099 1 0
135 5 0.521 1 0
17 70 0.060 1 0
16 10 0.082 1 0
19 100 0.086 1 0
53 10 0.315 1 2
23 40 0.114 1 0
172 22 1.042 1 0
21 30 0.081 1 2
49 22 0.261 1 0
12 100 0.054 1 2
61 40 0.226 1 2
210 30 0.963 1 2
11 15 0.057 1 2
287 22 0.867 1 0
29 5 0.144 1 2
18 70 0.053 1 2
59 100 0.233 1 0
13 5 0.047 1 0
63 70 0.205 1 0
14 10 0.054 1 0
11 30 0.059 1 0
18 10 0.078 1 0
249 30 0.732 1 0
66 100 0.277 1 0
16 40 0.058 1 2
196 22 0.641 1 0
78 52 0.380 1 2
14 40 0.041 1 0
62 30 0.185 1 0
168 52 0.544 1 0
53 15 0.228 1 0
10 10 0.033 1 0
111 52 0.424 1 0
158 5 0.642 1 2
27 15 0.108 1 0
43 40 0.205 1 2
41 70 0.233 1 0
48 5 0.257 1 2
184 70 1.227 1 0
45 15 0.155 1 2
233 40 1.513 1 2
19 100 0.078 1 0
50 30 0.270 1 0
39 52 0.171 1 0
64 52 0.272 1 0
38 100 0.241 1 2
29 40 0.137 1 0
18 100 0.109 1 0
20 30 0.060 1 0
105 5 0.467 1 2
35 52 0.123 1 0
153 22 0.487 1 2
54 30 0.255 1 2
61 15 0.193 1 0
14 5 0.052 1 0
205 30 0.976 1 2
182 52 0.643 1 2
43 70 0.136 1 2
14 70 0.044 1 0
152 70 0.450 1 0
27 100 0.124 1 0
171 22 0.945 1 0
18 5 0.063 1 2
60 15 0.333 1 0
232 40 0.697 1 2
75 70 0.350 1 0
79 40 0.534 1 2
18 15 0.070 1 0
301 10 1.107 1 2
31 100 0.145 1 0
30 5 0.094 1 2
19 52 0.064 1 2
41 52 0.126 1 2
184 30 1.243 1 0
284 40 1.127 1 0
27 10 0.123 1 0
57 70 0.209 1 2
45 30 0.153 1 0
39 100 0.210 1 0
144 22 0.529 1 0
19 40 0.066 1 2
86 15 0.558 1 0
74 5 0.294 1 0
75 52 0.444 1 0
42 22 0.182 1 0
46 30 0.135 1 0
27 52 0.110 1 0
78 5 0.250 1 2
28 52 0.133 1 2
298 22 1.231 1 2
14 100 0.042 1 0
15 5 0.088 1 2
30 30 0.091 1 0
73 70 0.239 1 0
10 10 0.050 1 2
27 5 0.116 1 0
12 15 0.038 1 0
29 15 0.097 1 2
31 40 0.101 1 0
174 70 0.602 1 0
28 40 0.146 1 2
134 100 0.482 1 0
49 5 0.182 1 0
38 52 0.111 1 0
16 5 0.057 1 0
179 70 0.895 1 2
45 40 0.206 1 2
57 100 0.363 1 0
129 30 0.431 1 0
55 40 0.337 1 2
288 5 1.800 1 2
337 100 1.376 1 2
249 10 1.423 1 2
94 30 0.385 1 0
105 5 0.528 1 2
17 5 0.053 1 0
50 100 0.216 1 2
44 22 0.132 1 0
125 52 0.628 1 2
67 40 0.360 1 0
25 5 0.147 1 0
36 70 0.132 1 2
18 70 0.078 1 0
148 15 0.641 1 0
62 30 0.222 1 2
102 15 0.341 1 0
32 5 0.128 1 0
234 5 1.088 1 0
25 100 0.098 1 2
70 70 0.215 1 0
10 52 0.045 1 0
101 10 0.495 1 2
28 70 0.098 1 2
305 30 1.993 1 0
64 5 0.413 1 0
187 15 0.820 1 0
81 5 0.271 1 0
23 70 0.149 1 0
15 5 0.044 1 0
56 10 0.371 1 0
71 10 0.256 1 0
67 100 0.429 1 2
79 40 0.268 1 2
190 30 0.731 1 0
64 70 0.201 1 2
22 52 0.103 1 0
79 52 0.304 1 0
69 100 0.274 1 0
140 5 0.558 1 0
207 10 0.986 1 0
285 10 0.856 1 0
321 22 1.551 1 0
100 40 0.508 1 0
26 15 0.139 1 2
112 15 0.651 1 0
24 30 0.089 1 2
15 15 0.056 1 0
78 5 0.229 1 0
60 10 0.366 1 2
211 22 0.703 1 2
113 40 0.417 1 0
305 52 1.993 1 2
19 52 0.099 1 2
62 52 0.318 1 0
217 40 1.456 1 0
18 10 0.105 1 0
19 15 0.113 1 0
249 22 0.761 1 0
16 70 0.067 1 2
39 30 0.115 1 2
15 5 0.095 1 2
131 10 0.716 1 2
94 30 0.367 1 2
13 40 0.056 1 0
33 30 0.119 1 2
13 100 0.042 1 2
35 100 0.118 1 2
304 15 1.974 1 0
35 100 0.120 1 0
103 52 0.444 1 2
16 100 0.103 1 2
38 52 0.175 1 0
71 22 0.444 1 2
42 30 0.185 1 0
191 100 0.650 1 0
87 30 0.483 1 0
85 15 0.399 1 0
26 10 0.135 1 0
42 40 0.135 1 2
193 100 0.573 1 2
24 22 0.073 1 0
30 15 0.107 1 2
23 40 0.091 1 2
128 10 0.831 1 2
140 5 0.737 1 0
72 100 0.232 1 0
93 100 0.335 1 2
135 52 0.486 1 0
315 100 1.010 1 0
110 70 0.375 1 2
78 52 0.361 1 2
238 22 0.988 1 2
15 70 0.055 1 0
36 10 0.126 1 2
19 70 0.075 1 0
35 40 0.187 1 0
13 30 0.054 1 2
28 15 0.102 1 0
38 40 0.153 1 0
12 15 0.044 1 0
16 15 0.066 1 2
59 5 0.324 1 0
10 10 0.036 1 2
197 5 1.082 1 0
20 52 0.092 1 0
47 40 0.185 1 0
21 70 0.077 1 0
35 5 0.205 1 2
49 22 0.310 1 0
326 15 0.994 1 0
28 52 0.137 1 0
206 40 0.808 1 2
14 40 0.043 2 0
147 22 0.497 2 1
107 10 0.554 2 0
54 5 0.298 2 0
11 10 0.055 2 0
100 70 0.357 2 1
23 30 0.144 2 0
248 15 1.122 2 0
23 52 0.073 2 1
24 5 0.070 2 0
76 40 0.357 2 0
18 5 0.057 2 0
27 40 0.152 2 0
63 10 0.276 2 0
279 15 1.030 2 0
107 10 0.480 2 1
96 5 0.492 2 1
62 10 0.302 2 1
17 5 0.064 2 1
39 70 0.154 2 0
12 30 0.064 2 1
266 5 1.663 2 0
34 10 0.197 2 0
129 10 0.464 2 0
13 30 0.077 2 1
17 10 0.107 2 0
44 100 0.177 2 0
136 40 0.533 2 0
168 22 0.575 2 0
42 30 0.146 2 1
27 30 0.121 2 0
55 52 0.274 2 0
13 22 0.062 2 0
41 15 0.195 2 0
19 5 0.063 2 0
23 22 0.128 2 1
114 10 0.343 2 0
84 40 0.431 2 0
45 70 0.148 2 0
19 100 0.123 2 1
54 52 0.360 2 0
15 70 0.069 2 0
270 52 0.818 2 1
53 52 0.220 2 0
164 5 0.560 2 0
47 30 0.267 2 0
24 30 0.109 2 1
31 22 0.168 2 0
206 30 1.248 2 1
19 52 0.103 2 0
38 15 0.114 2 0
73 70 0.451 2 0
18 30 0.062 2 1
28 70 0.104 2 0
69 40 0.261 2 0
174 40 0.935 2 0
10 22 0.036 2 0
241 70 0.906 2 0
66 15 0.203 2 1
62 40 0.249 2 1
78 5 0.380 2 0
10 10 0.033 2 0
53 15 0.244 2 0
188 10 0.734 2 1
19 30 0.067 2 1
19 10 0.086 2 0
20 5 0.096 2 1
71 100 0.364 2 0
256 40 1.641 2 0
178 5 0.595 2 1
31 22 0.098 2 0
92 40 0.282 2 0
33 22 0.096 2 1
98 10 0.497 2 0
25 5 0.084 2 1
32 40 0.134 2 0
33 70 0.110 2 1
12 40 0.045 2 0
15 22 0.093 2 0
40 70 0.201 2 0
38 40 0.150 2 0
31 10 0.159 2 1
68 100 0.393 2 1
179 5 0.577 2 1
11 5 0.037 2 0
126 100 0.575 2 0
16 22 0.062 2 0
68 5 0.456 2 0
158 22 0.467 2 1
28 22 0.165 2 1
26 52 0.128 2 0
11 52 0.047 2 0
184 100 0.730 2 1
38 22 0.255 2 0
83 15 0.331 2 1
15 30 0.060 2 1
35 5 0.222 2 0
87 100 0.503 2 1
19 10 0.095 2 0
15 22 0.059 2 0
58 5 0.302 2 0
21 40 0.090 2 0
24 5 0.099 2 0
126 70 0.457 2 1
67 10 0.379 2 0
170 15 0.599 2 1
109 30 0.373 2 1
22 15 0.094 2 0
98 10 0.356 2 0
83 5 0.319 2 0
14 5 0.068 2 1
23 70 0.119 2 0
77 30 0.233 2 1
24 5 0.085 2 0
29 52 0.097 2 0
80 70 0.240 2 0
36 10 0.131 2 0
77 30 0.263 2 1
292 100 0.967 2 0
53 100 0.184 2 1
10 15 0.043 2 0
69 70 0.451 2 0
99 100 0.325 2 1
61 52 0.185 2 0
124 5 0.403 2 0
39 22 0.125 2 0
39 100 0.165 2 0
14 70 0.048 2 0
71 100 0.313 2 1
21 40 0.089 2 1
23 10 0.076 2 0
40 30 0.148 2 0
60 70 0.311 2 0
10 15 0.036 2 0
72 15 0.356 2 1
208 30 1.051 2 0
22 10 0.085 2 0
25 70 0.091 2 1
11 22 0.042 2 0
66 30 0.203 2 1
15 100 0.068 2 0
21 52 0.099 2 1
32 100 0.168 2 0
18 100 0.057 2 0
11 30 0.041 2 0
152 22 0.822 2 1
202 30 1.069 2 0
31 5 0.207 2 0
58 22 0.201 2 1
58 30 0.257 2 0
13 70 0.039 2 1
92 70 0.544 2 0
74 30 0.319 2 1
34 15 0.153 2 1
68 40 0.349 2 0
155 22 0.495 2 0
124 15 0.440 2 1
45 5 0.156 2 0
17 40 0.064 2 0
194 5 0.840 2 0
279 30 1.000 2 0
173 15 1.123 2 0
15 5 0.056 2 0
48 10 0.279 2 0
51 15 0.156 2 1
198 22 0.861 2 0
186 52 0.899 2 1
10 10 0.046 2 0
83 100 0.296 2 1
63 100 0.312 2 0
27 5 0.106 2 1
56 30 0.233 2 0
18 40 0.115 2 1
15 5 0.101 2 0
17 52 0.063 2 0
280 15 0.924 2 1
29 40 0.093 2 0
110 70 0.409 2 0
15 30 0.086 2 0
49 22 0.173 2 0
30 100 0.195 2 0
79 10 0.258 2 1
64 40 0.418 2 0
290 5 0.848 2 0
138 70 0.754 2 0
13 52 0.080 2 1
31 70 0.095 2 0
19 100 0.121 2 0
11 30 0.034 2 1
243 70 1.299 2 0
199 15 1.093 2 1
18 100 0.058 2 0
71 70 0.267 2 0
98 40 0.330 2 0
208 22 1.124 2 0
12 10 0.056 2 0
68 52 0.294 2 0
287 40 1.852 2 0
26 22 0.085 2 1
62 10 0.270 2 1
39 22 0.127 2 0
35 40 0.180 2 0
11 30 0.071 2 0
143 10 0.536 2 0
146 5 0.789 2 0
12 5 0.070 2 0
25 40 0.110 2 0
19 22 0.098 2 1
10 15 0.036 2 1
28 70 0.178 2 1
11 30 0.070 2 0
13 52 0.073 2 1
26 40 0.086 2 0
76 30 0.314 2 0
60 70 0.179 2 1
146 40 0.820 2 0
11 100 0.044 2 0
17 70 0.054 2 0
71 22 0.293 2 1
16 40 0.095 2 0
13 15 0.067 2 0
80 22 0.292 2 0
12 52 0.072 2 0
65 22 0.250 2 0
24 15 0.082 2 1
137 40 0.851 2 0
69 30 0.330 2 1
15 40 0.066 2 0
138 30 0.746 2 1
325 5 1.186 2 0
181 70 1.215 2 0
188 52 1.039 2 0
16 15 0.047 2 1
33 10 0.120 2 0
113 52 0.481 2 1
61 5 0.363 2 1
15 70 0.065 2 1
213 10 1.121 2 1
114 5 0.404 2 0
58 52 0.181 2 0
55 30 0.231 2 1
12 22 0.043 2 1
36 100 0.186 2 0
149 30 0.589 2 0
48 52 0.251 2 0
14 40 0.079 2 1
260 5 1.066 2 0
13 30 0.048 2 0
53 100 0.356 2 0
44 15 0.135 2 1
193 70 0.995 2 0
162 22 0.476 2 0
146 22 0.667 2 0
32 70 0.105 2 1
221 22 0.682 2 1
180 15 0.672 2 1
36 40 0.201 2 1
36 22 0.152 2 0
63 100 0.209 2 0
314 22 1.481 2 1
14 52 0.070 2 0
71 52 0.374 2 0
107 30 0.594 2 0
36 30 0.166 2 1
11 52 0.057 2 1
24 5 0.113 2 1
273 52 1.096 2 1
159 100 0.494 2 0
26 70 0.112 2 0
116 40 0.401 2 0
10 52 0.031 2 0
177 52 0.541 2 1
30 22 0.103 2 0
69 70 0.260 2 0
67 10 0.307 2 1
15 100 0.045 2 1
70 100 0.352 2 0
75 100 0.436 2 0
16 30 0.055 2 0
109 5 0.484 2 0
187 15 0.615 2 1
21 10 0.092 2 1
130 100 0.494 2 0
108 100 0.367 2 0
25 30 0.089 2 1
256 10 0.901 2 0
59 30 0.201 2 0
75 52 0.227 2 1
104 100 0.357 2 1
270 10 0.934 2 0
67 30 0.306 2 0
12 52 0.081 2 0
119 52 0.680 2 0
10 52 0.040 2 0
51 30 0.154 2 1
61 10 0.286 2 1
189 15 1.277 2 0
34 100 0.159 2 0
27 70 0.158 2 0
294 22 1.581 2 0
37 70 0.179 2 0
239 10 0.836 2 1
64 30 0.272 2 1
130 10 0.647 2 0
106 52 0.436 2 0
15 40 0.079 2 0
73 22 0.440 2 0
147 22 0.470 2 0
155 5 0.728 2 0
33 10 0.113 2 1
61 22 0.227 2 0
239 22 1.008 2 0
74 52 0.221 2 0
63 15 0.193 2 0
109 30 0.553 2 1
38 40 0.229 2 0
125 40 0.473 2 0
110 10 0.509 2 0
26 10 0.163 2 0
11 22 0.034 2 1
75 5 0.421 2 1
321 10 1.459 2 0
32 30 0.130 2 0
137 5 0.862 2 0
45 52 0.179 2 0
16 30 0.075 2 0
36 22 0.178 2 0
16 52 0.052 2 0
14 70 0.054 2 1
59 15 0.201 2 0
72 22 0.471 2 1
53 5 0.158 2 1
18 52 0.071 2 1
64 40 0.356 2 0
179 52 0.599 2 0
96 52 0.372 2 1
53 40 0.172 2 1
43 22 0.185 2 0
131 100 0.437 2 0
107 52 0.709 2 0
56 100 0.216 2 0
22 52 0.070 2 0
26 10 0.082 2 0
54 70 0.170 2 1
14 30 0.050 2 0
26 10 0.104 2 1
44 30 0.135 2 0
28 10 0.145 2 1
10 52 0.046 2 0
77 15 0.238 2 1
55 10 0.169 2 1
31 100 0.102 2 1
46 100 0.266 2 0
45 40 0.256 2 0
77 52 0.248 2 1
185 10 0.949 2 0
169 70 0.744 2 0
50 52 0.244 2 0
25 30 0.109 2 1
26 22 0.085 2 0
74 100 0.339 2 1
10 40 0.043 2 0
123 15 0.647 2 0
58 22 0.310 2 0
47 10 0.170 2 1
72 10 0.317 2 0
16 52 0.105 2 0
30 40 0.104 2 0
10 70 0.059 2 0
12 100 0.041 2 0
121 52 0.558 2 0
19 52 0.108 2 0
39 52 0.149 2 0
150 70 0.490 2 0
67 70 0.214 2 0
10 30 0.034 2 1
60 52 0.233 2 0
54 10 0.278 2 0
144 52 0.468 2 1
38 22 0.146 2 0
29 30 0.092 2 1
49 22 0.151 2 0
19 15 0.095 2 0
34 40 0.160 2 0
32 40 0.205 2 1
73 5 0.440 2 0
16 22 0.053 2 0
14 5 0.051 2 0
32 10 0.113 2 1
74 100 0.440 2 1
10 30 0.056 2 0
57 30 0.203 2 1
15 100 0.075 2 1
27 70 0.081 2 0
153 15 0.519 2 1
49 10 0.232 2 0
76 40 0.237 2 0
12 52 0.044 2 1
23 30 0.086 2 1
52 15 0.297 2 0
30 22 0.134 2 1
251 5 0.926 2 0
184 15 0.868 2 0
83 10 0.366 2 0
63 22 0.193 2 1
336 40 1.244 2 0
70 15 0.241 2 0
20 15 0.100 2 0
221 22 0.727 2 0
38 5 0.230 2 0
64 70 0.269 2 1
47 15 0.228 2 0
47 30 0.272 2 1
33 100 0.131 2 1
106 15 0.342 2 0
114 10 0.570 2 1
119 22 0.412 2 0
13 40 0.044 2 0
18 52 0.091 2 0
17 22 0.087 2 0
13 10 0.081 2 0
42 5 0.269 2 1
53 40 0.170 2 0
159 100 0.704 2 1
16 40 0.090 2 1
36 30 0.170 2 0
19 70 0.112 2 1
59 30 0.196 2 1
112 10 0.356 2 0
37 30 0.120 2 1
36 100 0.214 2 0
26 100 0.093 2 0
46 52 0.279 2 1
196 52 0.636 2 0
102 15 0.614 2 0
22 30 0.071 2 0
53 5 0.315 2 0
63 5 0.321 2 0
77 100 0.268 2 0
271 5 1.232 2 0
14 5 0.057 2 1
337 40 1.212 2 1
32 5 0.136 2 0
130 30 0.481 2 0
49 15 0.145 2 0
158 40 1.046 2 1
77 40 0.481 2 0
172 22 0.503 2 0
328 5 1.432 2 1
11 15 0.035 2 0
55 52 0.186 2 0
187 70 0.763 2 0
72 52 0.474 2 1
45 15 0.132 2 0
18 100 0.102 2 1
228 30 1.295 2 1
311 70 1.192 2 1
23 5 0.108 2 0
45 100 0.172 2 0
124 30 0.554 2 0
13 70 0.047 2 0
213 70 0.855 2 1
16 100 0.060 2 1
20 52 0.097 2 0
11 70 0.049 2 1
36 40 0.130 2 0
16 40 0.070 2 1
132 100 0.611 2 0
143 40 0.457 2 0
19 70 0.077 2 0
156 100 0.975 2 0
287 70 1.167 2 0
71 100 0.408 2 1
71 52 0.282 2 1
41 15 0.166 2 0
30 100 0.118 2 0
27 40 0.092 2 0
25 40 0.162 2 1
25 52 0.090 2 0
31 22 0.172 2 0
36 22 0.181 2 0
72 40 0.271 2 1
22 5 0.069 2 0
59 15 0.328 2 0
42 22 0.174 2 0
32 40 0.121 2 0
10 30 0.047 2 1
61 5 0.211 2 0
14 70 0.043 2 0
54 15 0.303 2 1
75 15 0.274 2 0
144 22 0.478 2 0
24 52 0.111 2 1
53 100 0.209 2 0
64 52 0.398 2 1
29 22 0.107 2 0
14 5 0.042 2 0
15 70 0.057 2 0
37 22 0.114 2 0
124 40 0.468 2 1
293 52 1.320 2 1
51 100 0.188 2 0
327 10 1.131 2 0
20 5 0.095 2 0
166 40 0.646 2 0
103 5 0.404 2 1
51 5 0.199 2 0
99 30 0.647 2 0
10 5 0.032 2 0
281 22 1.216 2 0
31 15 0.176 2 0
26 10 0.159 2 0
34 22 0.159 2 0
18 52 0.102 2 1
54 22 0.232 2 0
10 15 0.045 2 0
118 10 0.395 2 0
140 40 0.622 2 1
11 70 0.045 2 0
14 40 0.066 2 0
246 5 1.103 2 1
58 10 0.262 2 1
20 100 0.079 2 1
251 40 0.792 2 0
104 5 0.339 2 0
25 70 0.074 2 0
136 15 0.845 2 1
170 30 0.533 2 1
213 52 0.852 2 0
60 100 0.324 2 0
107 100 0.354 2 0
26 52 0.154 2 1
29 40 0.145 2 0
37 15 0.233 2 0
155 10 0.714 2 1
168 10 0.538 2 1
18 5 0.063 2 0
127 30 0.441 2 0
317 30 1.502 2 0
118 10 0.440 2 0
29 5 0.167 2 0
51 22 0.182 2 1
294 40 1.804 2 0
148 100 0.961 2 0
99 10 0.328 2 1
28 52 0.085 2 1
35 100 0.120 2 0
24 10 0.077 2 0
70 100 0.427 2 1
67 30 0.211 2 1
43 10 0.133 2 0
73 15 0.440 2 1
34 100 0.115 2 0
46 70 0.187 2 1
20 70 0.098 2 0
27 70 0.113 2 0
19 100 0.112 2 1
78 30 0.249 2 0
21 40 0.081 2 0
67 5 0.305 2 0
16 5 0.063 2 0
171 40 0.543 2 0
54 100 0.193 2 1
31 15 0.100 2 0
123 22 0.549 2 0
192 52 1.178 2 0
