251 10 1.696 0 1
15 40 0.095 0 1
106 5 0.440 0 2
15 10 0.076 0 1
66 22 0.262 0 1
206 40 0.713 0 2
45 70 0.246 0 1
122 70 0.726 0 1
73 52 0.302 0 1
36 10 0.110 0 2
27 30 0.088 0 2
14 22 0.074 0 1
25 40 0.104 0 2
10 70 0.047 0 2
10 100 0.031 0 1
78 22 0.527 0 1
18 52 0.068 0 1
286 22 1.294 0 2
16 70 0.083 0 2
90 15 0.577 0 2
23 5 0.144 0 2
50 22 0.309 0 2
11 5 0.046 0 1
19 70 0.078 0 1
101 5 0.357 0 2
80 52 0.314 0 2
148 22 0.860 0 1
11 15 0.044 0 1
16 40 0.063 0 2
32 40 0.140 0 2
70 40 0.205 0 1
90 5 0.566 0 1
15 30 0.067 0 1
30 5 0.119 0 2
155 70 0.470 0 2
19 100 0.059 0 1
23 10 0.072 0 1
68 52 0.217 0 2
53 70 0.212 0 1
237 5 1.241 0 1
40 100 0.252 0 2
180 10 0.841 0 2
213 52 1.076 0 1
36 5 0.123 0 1
15 5 0.101 0 1
58 100 0.222 0 1
64 70 0.243 0 2
81 30 0.308 0 1
105 22 0.429 0 1
78 100 0.233 0 1
19 30 0.117 0 2
127 40 0.690 0 2
88 15 0.270 0 1
82 22 0.408 0 2
18 100 0.054 0 2
48 15 0.250 0 1
12 30 0.049 0 2
54 70 0.181 0 2
44 40 0.159 0 1
44 100 0.267 0 1
17 15 0.051 0 1
232 10 0.811 0 2
34 70 0.113 0 2
29 10 0.123 0 1
14 10 0.041 0 1
11 30 0.057 0 1
27 40 0.101 0 2
16 10 0.098 0 1
144 22 0.692 0 1
37 52 0.167 0 2
47 5 0.215 0 2
17 5 0.071 0 1
47 15 0.224 0 1
14 10 0.058 0 2
24 52 0.104 0 1
98 15 0.317 0 2
50 22 0.210 0 1
96 5 0.352 0 2
71 22 0.480 0 1
128 100 0.736 0 1
17 15 0.099 0 2
12 100 0.053 0 1
139 100 0.441 0 2
32 30 0.111 0 2
12 5 0.058 0 1
305 22 1.245 0 1
13 15 0.068 0 2
77 100 0.321 0 1
64 52 0.268 0 2
51 15 0.202 0 2
16 15 0.095 0 1
134 40 0.677 0 1
18 10 0.055 0 2
119 5 0.567 0 2
171 15 0.713 0 1
64 100 0.279 0 2
123 40 0.794 0 1
30 30 0.145 0 1
104 30 0.355 0 1
76 40 0.237 0 1
171 22 0.830 0 1
143 40 0.422 0 2
286 30 1.625 0 2
15 5 0.072 0 1
165 40 0.750 0 1
32 70 0.110 0 2
31 100 0.161 0 2
128 5 0.403 0 2
13 15 0.076 0 1
157 15 0.551 0 2
28 5 0.136 0 1
68 70 0.293 0 1
41 15 0.183 0 2
22 5 0.124 0 1
130 100 0.524 0 2
12 5 0.037 0 1
142 10 0.477 0 2
167 40 0.852 0 1
15 5 0.053 0 1
169 30 0.698 0 1
55 10 0.212 0 1
62 70 0.209 0 2
267 30 1.638 0 1
24 5 0.076 0 1
15 22 0.072 0 1
17 22 0.061 0 1
13 5 0.046 0 1
37 100 0.111 0 1
281 5 1.683 0 2
127 5 0.419 0 2
21 30 0.095 0 2
67 40 0.435 0 2
79 30 0.317 0 1
36 30 0.206 0 2
105 40 0.322 0 1
46 22 0.191 0 2
183 15 0.587 0 2
32 10 0.112 0 2
29 5 0.122 0 1
37 70 0.132 0 2
34 40 0.173 0 2
193 40 0.946 0 2
13 30 0.041 0 1
64 40 0.227 0 2
124 10 0.429 0 1
49 5 0.238 0 1
29 22 0.121 0 2
37 15 0.109 0 1
14 100 0.050 0 2
73 15 0.217 0 1
319 30 1.603 0 2
11 30 0.039 0 1
67 30 0.327 0 2
21 52 0.102 0 1
63 52 0.278 0 2
320 52 1.275 0 1
34 30 0.114 0 1
237 40 1.000 0 2
170 15 0.545 0 2
22 40 0.077 0 2
66 15 0.283 0 2
15 52 0.091 0 2
25 22 0.132 0 1
26 5 0.109 0 1
79 10 0.497 0 1
119 40 0.688 0 2
176 30 0.779 0 2
40 10 0.122 0 2
216 52 0.699 0 1
23 22 0.085 0 1
21 40 0.064 0 2
183 30 0.723 0 1
72 40 0.220 0 2
130 15 0.380 0 1
29 70 0.156 0 2
122 70 0.415 0 1
38 70 0.150 0 2
106 10 0.716 0 1
131 100 0.749 0 2
13 100 0.073 0 2
20 5 0.096 0 2
32 40 0.168 0 2
87 15 0.326 0 1
35 22 0.223 0 1
12 30 0.073 0 1
26 40 0.110 0 1
14 100 0.052 0 2
136 40 0.731 0 2
28 70 0.085 0 1
11 22 0.047 0 2
163 30 1.025 0 2
58 40 0.218 0 1
76 10 0.341 0 2
75 70 0.342 0 1
208 10 0.924 0 2
73 100 0.231 0 1
188 52 0.639 0 2
16 40 0.063 0 1
28 52 0.126 0 1
198 22 1.294 0 2
13 100 0.042 0 2
38 100 0.132 0 1
10 22 0.042 0 2
23 100 0.123 0 2
11 30 0.051 0 2
12 52 0.038 0 1
281 5 1.093 0 1
39 30 0.121 0 2
199 70 0.585 0 1
41 100 0.244 0 1
86 10 0.317 0 2
11 10 0.055 0 1
14 5 0.047 0 2
248 52 1.051 0 2
195 52 1.021 0 1
12 100 0.046 0 2
13 70 0.041 0 2
135 100 0.662 0 2
193 5 0.596 0 2
173 22 0.901 0 2
61 10 0.318 0 1
73 30 0.429 0 2
11 22 0.051 0 1
10 30 0.044 0 1
59 40 0.223 0 2
67 10 0.444 0 2
10 70 0.030 0 1
42 5 0.240 0 2
67 22 0.199 0 1
129 22 0.494 0 2
18 30 0.062 0 2
24 15 0.121 0 1
39 22 0.124 0 2
10 15 0.040 0 1
10 52 0.040 0 2
128 30 0.448 0 2
79 5 0.235 0 1
27 15 0.160 0 2
304 10 1.041 0 2
33 40 0.120 0 2
14 40 0.047 0 1
114 22 0.570 0 2
12 100 0.044 0 2
16 10 0.059 0 2
36 100 0.143 0 1
86 15 0.339 0 1
47 30 0.140 0 1
17 52 0.077 0 2
12 100 0.035 0 1
38 52 0.153 0 2
61 52 0.204 0 2
185 100 0.701 0 2
63 70 0.255 0 2
15 100 0.044 0 2
78 70 0.283 0 1
135 10 0.560 0 2
108 22 0.498 0 2
166 30 0.888 0 1
21 70 0.077 0 2
310 100 1.366 0 1
52 52 0.176 0 2
74 30 0.356 0 1
76 100 0.234 0 1
37 100 0.209 0 2
37 52 0.162 0 2
13 5 0.041 0 1
65 100 0.239 0 1
176 10 0.543 0 2
95 30 0.333 0 2
31 70 0.176 0 1
187 5 0.594 0 2
97 15 0.453 0 1
10 30 0.030 0 1
14 22 0.048 0 1
90 52 0.352 0 2
138 40 0.704 0 1
240 15 0.996 0 2
14 52 0.048 0 1
40 100 0.206 0 1
29 100 0.136 0 1
42 70 0.133 0 1
214 70 0.955 0 1
10 70 0.043 0 1
186 15 0.827 0 1
36 5 0.162 0 1
10 15 0.041 0 2
51 5 0.288 0 2
18 52 0.074 0 2
82 15 0.516 0 2
15 40 0.052 0 2
15 10 0.064 0 2
54 100 0.164 0 1
20 100 0.080 0 1
93 70 0.278 0 2
59 5 0.247 0 2
108 15 0.340 0 1
77 40 0.283 0 2
163 40 0.491 0 2
35 22 0.107 0 2
104 5 0.578 0 2
24 30 0.107 0 1
26 100 0.153 0 2
99 15 0.351 0 1
237 40 0.806 0 2
248 5 1.051 0 1
128 100 0.440 0 1
73 22 0.311 0 2
39 5 0.117 0 1
17 40 0.060 0 1
14 52 0.062 0 1
23 40 0.139 0 1
186 5 0.650 0 1
37 5 0.113 0 2
15 52 0.064 0 2
12 52 0.042 0 2
151 10 1.000 0 1
66 52 0.415 0 2
29 52 0.144 0 1
19 52 0.072 0 1
10 5 0.061 0 1
17 30 0.055 0 2
10 10 0.043 0 2
41 40 0.259 0 2
190 40 0.913 0 2
12 70 0.052 0 2
13 52 0.040 0 2
143 5 0.822 0 2
169 100 0.748 0 1
201 5 1.075 0 1
18 15 0.080 0 2
10 22 0.040 0 2
111 70 0.453 0 2
204 40 0.907 0 2
18 52 0.105 0 2
44 10 0.260 0 1
135 30 0.619 0 2
146 15 0.438 0 1
19 10 0.104 0 1
83 15 0.359 0 1
37 22 0.145 0 2
189 40 0.695 0 2
64 100 0.243 0 1
79 52 0.434 0 1
20 15 0.061 0 2
21 30 0.125 0 1
183 100 0.963 0 2
13 10 0.052 0 2
30 70 0.108 0 2
12 30 0.039 0 1
123 30 0.451 0 1
35 100 0.109 0 1
24 5 0.085 0 2
174 5 0.608 0 2
104 70 0.484 0 2
65 22 0.226 0 1
12 22 0.036 0 1
12 100 0.052 0 1
38 30 0.222 0 2
32 5 0.094 0 1
32 52 0.200 0 2
40 100 0.267 0 2
171 15 0.499 0 2
52 70 0.214 0 2
21 5 0.130 0 2
25 10 0.101 0 2
19 70 0.056 0 1
32 52 0.095 0 1
11 10 0.061 0 1
18 30 0.062 0 2
20 15 0.060 0 2
21 70 0.115 0 2
139 15 0.417 0 1
62 10 0.200 0 1
17 52 0.063 0 1
116 5 0.644 0 2
37 52 0.179 0 1
43 5 0.193 0 2
18 5 0.085 0 2
31 52 0.181 0 1
36 40 0.222 0 2
33 100 0.124 0 2
143 15 0.591 0 2
134 100 0.570 0 2
10 5 0.032 0 1
137 40 0.452 0 1
16 22 0.060 0 1
275 22 1.478 0 2
32 100 0.174 0 1
58 5 0.216 0 1
26 40 0.078 0 1
149 22 0.814 0 2
11 5 0.040 0 1
39 10 0.131 0 1
19 22 0.072 0 2
50 10 0.260 0 1
133 52 0.711 0 1
13 100 0.040 0 1
27 52 0.174 0 1
312 5 2.026 0 1
63 70 0.358 0 1
135 70 0.508 0 2
46 10 0.169 0 1
95 22 0.552 0 2
39 10 0.148 0 2
33 22 0.096 0 1
204 5 0.604 0 1
25 30 0.156 0 1
181 10 0.928 0 1
12 30 0.043 0 2
38 100 0.167 0 2
46 30 0.137 0 1
72 40 0.294 0 1
45 22 0.185 0 1
50 100 0.222 0 1
17 10 0.089 0 2
10 5 0.031 0 2
31 22 0.112 0 2
245 15 1.601 0 2
110 40 0.433 0 2
33 52 0.166 0 1
60 22 0.210 0 1
109 52 0.385 0 1
30 22 0.101 0 1
139 100 0.489 0 1
32 100 0.107 0 1
64 10 0.216 0 1
328 5 1.792 0 1
83 70 0.336 0 1
24 52 0.149 0 1
10 30 0.035 0 2
18 70 0.064 0 1
56 52 0.264 0 2
10 100 0.040 0 2
142 22 0.953 0 1
171 40 0.692 0 2
26 10 0.099 0 1
33 10 0.136 0 2
34 22 0.129 0 2
271 100 0.880 0 1
24 100 0.112 0 2
26 10 0.132 0 1
49 15 0.164 0 1
17 30 0.084 0 1
26 100 0.150 0 1
50 100 0.187 0 1
59 22 0.263 0 2
28 52 0.122 0 1
38 30 0.147 0 2
193 70 0.828 0 1
54 10 0.229 0 2
19 52 0.073 0 2
22 5 0.067 0 2
71 70 0.228 0 1
78 5 0.282 0 1
166 15 0.834 0 2
42 15 0.141 0 1
14 52 0.061 0 1
33 100 0.206 0 1
48 40 0.249 0 1
72 70 0.218 0 2
14 70 0.044 0 2
33 22 0.192 0 1
12 40 0.046 0 2
186 52 1.170 0 1
19 100 0.081 0 1
35 100 0.217 0 1
10 52 0.036 0 1
19 5 0.073 0 2
105 5 0.580 0 1
14 15 0.069 0 1
38 70 0.211 0 1
33 15 0.145 0 2
24 5 0.088 0 2
22 40 0.076 0 2
119 10 0.357 0 1
17 40 0.051 0 1
18 22 0.066 0 2
74 70 0.228 0 1
38 30 0.211 0 1
10 22 0.050 0 2
42 40 0.154 0 2
35 70 0.172 0 2
79 70 0.290 0 1
10 70 0.034 0 2
140 40 0.619 0 1
186 70 1.127 0 2
15 15 0.101 0 2
106 5 0.463 0 1
82 30 0.432 0 2
133 70 0.396 0 1
14 52 0.048 0 2
10 100 0.052 0 2
37 22 0.206 0 2
20 22 0.127 0 1
11 22 0.061 0 1
20 22 0.071 0 1
27 5 0.160 0 1
140 30 0.670 0 2
11 30 0.037 0 2
26 100 0.172 0 1
135 100 0.531 0 2
14 40 0.072 0 1
19 70 0.094 0 2
339 40 1.138 0 1
14 52 0.067 0 1
15 22 0.069 0 2
56 15 0.298 0 1
324 15 1.733 0 2
17 22 0.056 0 2
30 22 0.094 0 1
141 70 0.779 0 1
99 52 0.364 0 2
25 100 0.081 0 1
222 100 0.745 0 2
26 10 0.145 0 2
83 40 0.371 0 2
66 40 0.317 0 1
207 52 0.633 0 2
21 70 0.086 0 1
24 30 0.072 0 2
71 100 0.313 0 1
12 52 0.040 0 1
124 5 0.413 0 1
102 22 0.301 0 1
127 5 0.626 0 1
261 70 0.929 0 2
46 70 0.154 0 1
55 52 0.172 0 1
149 22 0.980 0 1
37 15 0.145 0 1
44 5 0.142 0 2
74 40 0.370 0 2
17 40 0.050 0 1
69 30 0.463 0 1
14 10 0.082 0 1
29 52 0.127 0 2
92 5 0.538 0 1
20 30 0.131 0 2
15 70 0.086 0 2
33 40 0.208 0 1
11 40 0.039 0 1
69 52 0.223 0 1
145 30 0.580 0 2
13 70 0.043 0 2
11 5 0.048 0 1
290 52 1.250 0 1
48 30 0.308 0 1
325 22 0.959 0 1
21 100 0.062 0 2
12 15 0.042 0 2
16 52 0.107 0 1
54 70 0.203 0 1
174 40 0.512 0 2
70 5 0.380 0 2
174 15 0.861 0 1
152 10 0.450 0 2
107 10 0.315 0 2
15 30 0.087 0 1
19 10 0.085 0 1
68 52 0.287 0 1
18 5 0.071 0 1
208 100 1.195 0 1
56 100 0.232 0 1
153 5 0.469 0 2
21 5 0.064 0 2
28 22 0.103 0 2
24 52 0.101 0 1
65 40 0.215 0 1
15 22 0.056 0 1
66 15 0.208 0 2
33 10 0.217 0 1
48 5 0.150 0 1
127 40 0.444 0 1
106 30 0.679 0 2
50 30 0.217 0 1
35 22 0.143 0 1
156 100 0.772 0 2
49 22 0.271 0 1
11 10 0.042 0 1
12 70 0.039 0 2
77 15 0.513 0 1
75 52 0.223 0 2
192 70 1.200 0 2
228 30 1.349 0 2
94 5 0.416 0 1
151 15 0.443 0 1
99 52 0.423 0 2
70 52 0.306 0 1
16 15 0.086 0 2
77 100 0.255 0 2
16 100 0.058 0 1
159 22 0.660 0 1
64 30 0.234 0 1
143 100 0.450 0 1
30 52 0.166 0 1
32 52 0.101 0 1
129 15 0.754 0 1
10 22 0.030 0 2
74 52 0.326 0 1
216 70 0.699 0 1
63 70 0.250 0 2
58 10 0.374 0 1
37 15 0.147 0 2
33 70 0.142 0 1
20 15 0.078 0 2
27 10 0.095 0 2
73 100 0.483 0 1
158 22 0.477 0 2
13 100 0.046 0 1
13 100 0.051 0 1
196 30 0.827 0 1
325 10 1.505 0 1
31 22 0.169 0 1
10 10 0.036 0 2
17 70 0.092 0 2
67 22 0.201 0 2
113 100 0.481 0 2
192 70 1.164 0 2
55 70 0.225 0 1
251 100 0.916 0 2
10 30 0.051 0 2
39 5 0.115 0 1
25 15 0.131 0 2
153 5 0.832 0 1
35 70 0.233 0 1
275 30 0.873 0 2
79 10 0.237 0 2
26 52 0.159 0 2
181 10 0.764 0 2
11 10 0.046 0 1
44 30 0.174 0 2
22 40 0.116 0 1
15 70 0.056 0 2
14 15 0.054 0 2
23 52 0.090 0 2
16 30 0.055 0 1
41 15 0.145 0 1
40 22 0.148 0 1
54 30 0.316 0 2
56 5 0.306 0 2
278 5 1.103 0 2
161 70 0.763 0 2
60 70 0.178 0 1
11 15 0.062 0 1
28 70 0.082 0 2
306 52 1.052 0 1
27 52 0.128 0 2
219 22 1.431 0 1
11 30 0.065 0 1
49 70 0.259 0 2
48 5 0.144 0 2
54 52 0.351 0 1
37 15 0.137 0 2
55 10 0.227 0 1
38 5 0.211 0 2
17 40 0.053 0 1
113 70 0.354 0 2
71 70 0.289 0 1
61 15 0.260 0 1
47 15 0.249 0 2
106 100 0.318 0 1
73 100 0.397 0 1
36 10 0.213 0 1
18 5 0.105 0 2
13 52 0.064 0 1
61 10 0.205 0 1
22 100 0.114 0 2
220 22 0.843 0 2
157 5 0.581 0 1
56 70 0.352 0 2
122 30 0.557 0 2
60 70 0.222 0 2
175 10 0.542 0 1
75 100 0.260 0 2
90 40 0.600 0 2
34 22 0.105 0 2
13 15 0.047 0 2
12 52 0.037 0 1
141 100 0.468 0 1
59 22 0.174 0 2
10 22 0.032 0 1
15 15 0.078 0 2
238 40 1.535 0 1
119 22 0.433 0 1
198 30 0.625 0 2
176 40 0.631 0 2
39 5 0.174 0 2
47 40 0.168 0 1
37 5 0.126 0 1
76 5 0.251 0 2
315 70 1.013 0 1
71 22 0.433 0 2
317 5 1.651 0 1
22 30 0.086 0 1
35 70 0.138 0 2
14 5 0.048 0 1
179 10 0.904 0 1
35 30 0.110 0 2
251 40 1.301 0 1
24 10 0.110 0 1
16 22 0.070 0 1
10 30 0.033 0 1
18 10 0.078 0 2
127 5 0.384 0 2
18 100 0.071 0 2
148 15 0.897 0 2
15 30 0.078 0 2
14 30 0.044 0 2
44 10 0.153 0 2
179 22 0.957 0 1
134 10 0.454 0 1
72 100 0.477 0 1
67 30 0.303 0 2
74 5 0.260 0 1
41 100 0.143 0 1
10 52 0.030 0 2
182 70 0.532 0 1
75 10 0.228 0 1
21 70 0.075 0 1
12 30 0.073 0 2
125 15 0.424 0 2
126 30 0.555 0 1
204 30 0.644 0 2
126 30 0.573 0 1
17 70 0.068 0 2
36 22 0.111 0 2
18 40 0.075 0 2
27 10 0.162 0 2
62 10 0.218 0 2
178 100 0.798 0 1
72 30 0.277 0 1
50 30 0.196 0 1
26 5 0.135 0 1
150 70 0.829 0 2
16 5 0.048 0 2
44 22 0.148 0 1
64 70 0.208 0 2
27 100 0.155 0 2
55 10 0.274 0 2
16 40 0.059 0 2
67 40 0.258 0 1
39 5 0.181 0 2
65 5 0.365 0 1
13 70 0.057 0 2
170 5 0.559 0 1
10 100 0.041 0 2
17 5 0.055 0 1
37 30 0.175 0 2
30 5 0.164 0 2
11 100 0.050 0 2
17 10 0.091 0 1
67 40 0.213 0 2
60 70 0.278 0 1
32 5 0.144 0 1
21 22 0.063 0 1
63 70 0.191 0 2
25 100 0.091 0 1
25 70 0.118 0 2
130 70 0.500 0 2
49 52 0.200 0 2
31 52 0.137 0 2
121 15 0.389 0 2
89 70 0.341 0 1
26 70 0.155 0 1
153 70 0.477 0 1
17 70 0.078 0 1
143 30 0.722 0 2
16 15 0.081 0 2
10 30 0.031 0 1
67 22 0.427 0 1
77 15 0.517 0 1
34 30 0.107 0 1
19 22 0.059 0 1
11 5 0.033 0 2
12 70 0.036 0 2
10 5 0.037 0 2
35 30 0.109 0 1
229 52 0.680 0 2
61 15 0.192 0 2
51 5 0.150 0 1
16 15 0.078 0 1
81 15 0.310 0 1
17 5 0.069 0 2
78 52 0.260 0 2
132 70 0.463 0 1
28 40 0.087 0 1
59 5 0.306 0 1
21 5 0.094 0 1
249 15 0.750 0 1
111 15 0.365 0 1
10 22 0.038 0 2
337 15 1.504 0 1
27 40 0.132 0 1
15 15 0.101 0 2
129 10 0.524 0 2
69 22 0.247 0 1
41 15 0.163 0 2
35 30 0.215 0 1
15 100 0.050 0 1
15 52 0.057 0 1
26 5 0.116 0 2
18 10 0.087 0 1
32 52 0.189 0 1
72 30 0.300 0 1
39 5 0.124 0 1
116 22 0.446 0 2
45 100 0.216 0 1
38 40 0.185 0 1
52 70 0.259 0 1
67 10 0.211 0 1
35 52 0.106 0 2
97 30 0.376 0 1
53 70 0.191 0 1
44 22 0.199 0 1
197 22 0.776 0 1
177 15 0.734 0 2
14 10 0.092 0 1
46 52 0.191 0 2
109 22 0.498 0 2
33 30 0.210 0 2
85 5 0.421 0 2
36 70 0.181 0 1
19 100 0.074 0 2
17 70 0.059 0 2
33 5 0.198 0 2
12 10 0.065 0 2
265 100 0.953 0 1
13 15 0.055 0 1
73 70 0.265 0 1
299 30 1.007 0 1
176 5 0.537 0 2
200 52 0.816 0 2
76 40 0.227 0 1
174 10 1.036 0 2
11 22 0.035 0 1
25 15 0.096 0 1
11 52 0.065 0 2
140 100 0.606 0 2
31 52 0.125 0 1
107 15 0.514 0 2
89 52 0.282 0 2
35 5 0.109 0 1
19 100 0.085 0 1
37 40 0.171 0 1
128 30 0.443 0 1
37 30 0.123 0 2
148 100 0.767 0 1
22 100 0.067 0 2
21 5 0.078 0 2
123 70 0.774 0 2
89 10 0.331 0 2
28 22 0.170 0 1
44 52 0.217 0 2
15 100 0.064 0 1
34 70 0.145 0 1
123 30 0.510 0 2
183 52 0.602 0 2
17 5 0.113 0 1
193 70 0.590 0 2
15 30 0.082 0 2
14 70 0.076 0 1
137 5 0.706 0 1
200 22 0.660 0 2
172 100 0.705 0 1
56 30 0.204 0 2
241 22 0.840 0 2
161 5 0.725 0 2
13 100 0.039 0 2
11 10 0.036 0 2
195 30 0.682 0 2
13 22 0.076 0 1
79 30 0.273 0 2
20 10 0.071 0 1
246 40 1.439 0 2
23 10 0.092 0 1
18 5 0.105 0 2
135 100 0.407 0 2
17 100 0.069 0 1
151 10 0.599 0 2
100 70 0.332 0 2
125 30 0.436 0 1
77 10 0.494 0 1
17 15 0.076 0 2
59 22 0.197 0 1
19 30 0.123 0 1
32 22 0.097 0 1
15 5 0.073 0 1
25 15 0.085 0 1
71 22 0.441 0 2
35 30 0.174 0 2
111 5 0.366 0 1
12 40 0.069 0 2
17 10 0.073 0 1
11 5 0.037 0 1
18 100 0.114 0 2
247 52 1.241 0 2
22 100 0.065 0 1
45 52 0.278 0 2
113 22 0.485 0 1
19 30 0.089 0 1
168 5 0.581 0 1
70 15 0.467 0 2
27 22 0.096 0 2
25 100 0.076 0 2
20 15 0.096 0 1
13 30 0.072 0 1
125 70 0.638 0 2
131 10 0.649 0 1
196 70 1.126 0 1
21 22 0.069 0 1
11 100 0.054 0 2
24 30 0.143 0 1
78 15 0.253 0 1
175 15 0.566 0 2
139 40 0.897 0 1
52 52 0.216 0 1
10 100 0.049 0 2
177 22 0.827 0 1
17 10 0.056 0 2
69 100 0.279 0 2
63 15 0.375 0 1
220 30 0.921 0 1
265 30 1.791 0 1
157 52 0.724 0 1
210 40 1.409 0 1
60 70 0.236 0 1
14 22 0.041 0 1
50 30 0.195 0 1
30 15 0.109 0 2
253 15 1.632 0 1
121 22 0.373 0 1
55 10 0.203 0 1
14 52 0.069 0 2
180 15 0.857 0 2
178 30 1.148 0 2
52 22 0.173 0 2
18 40 0.062 0 2
72 5 0.210 0 1
13 52 0.088 0 2
66 70 0.402 0 2
151 5 0.619 0 2
38 10 0.124 0 2
101 5 0.463 0 2
78 22 0.265 0 1
42 52 0.130 0 2
33 40 0.190 0 1
89 70 0.278 0 1
99 15 0.357 0 1
62 15 0.411 0 1
157 70 0.957 0 1
14 52 0.054 0 1
53 15 0.177 0 2
198 15 0.762 0 1
134 15 0.635 0 2
31 5 0.102 0 2
65 5 0.269 0 2
16 5 0.068 0 2
27 30 0.085 0 1
84 10 0.328 0 2
149 40 0.606 0 2
61 30 0.226 0 1
17 15 0.093 0 2
59 70 0.314 0 1
23 52 0.077 0 2
18 15 0.056 0 1
15 10 0.051 0 1
49 70 0.196 0 2
81 10 0.340 0 2
40 52 0.191 0 2
115 40 0.628 0 2
87 52 0.527 0 1
38 22 0.239 0 1
19 100 0.078 0 2
67 10 0.392 0 2
19 70 0.078 0 2
299 40 1.230 0 2
18 15 0.077 0 2
14 52 0.044 0 2
47 100 0.171 0 2
38 70 0.200 0 1
270 70 1.392 0 1
198 30 0.767 0 2
291 70 1.317 0 1
33 100 0.109 0 1
13 30 0.067 0 2
19 5 0.063 0 1
37 15 0.144 0 1
160 52 0.627 0 1
46 52 0.172 0 1
50 52 0.234 0 1
116 5 0.725 0 2
96 22 0.364 0 2
23 100 0.105 0 2
148 52 0.602 0 1
23 30 0.074 0 1
49 100 0.274 0 2
79 100 0.343 0 2
15 10 0.085 0 1
161 40 0.647 0 1
38 100 0.116 0 1
17 100 0.057 0 1
199 22 1.178 0 1
298 22 1.313 0 2
60 40 0.382 0 2
25 30 0.155 0 1
54 22 0.318 0 1
16 52 0.049 0 1
69 40 0.216 0 1
67 52 0.227 0 1
280 100 0.816 0 2
18 70 0.115 0 2
12 22 0.039 0 2
210 40 0.702 0 1
39 70 0.159 0 1
24 30 0.130 0 2
196 40 0.618 0 2
292 15 1.424 0 2
134 5 0.420 0 1
15 40 0.099 0 1
27 70 0.079 0 1
148 52 0.624 0 2
15 52 0.057 0 1
23 22 0.071 0 2
25 40 0.079 0 1
31 10 0.098 0 2
16 10 0.068 0 1
50 15 0.273 0 1
67 100 0.325 0 2
18 52 0.072 0 1
33 100 0.134 0 1
181 70 0.673 0 2
197 10 0.585 0 1
38 100 0.128 0 2
47 10 0.165 0 1
34 100 0.215 0 1
19 100 0.082 0 2
74 10 0.216 0 2
243 30 1.100 0 2
244 15 1.066 0 2
64 10 0.340 0 1
135 70 0.443 0 2
12 40 0.042 0 2
23 30 0.107 0 2
255 10 0.746 0 1
29 10 0.173 0 2
67 52 0.233 0 1
76 70 0.284 0 2
34 100 0.139 0 1
52 52 0.277 0 1
19 70 0.082 0 1
30 15 0.160 0 2
11 100 0.057 0 2
15 70 0.078 0 1
17 40 0.055 0 1
207 5 0.790 0 2
24 40 0.104 0 1
29 22 0.137 0 2
32 22 0.124 0 1
63 52 0.211 0 1
60 5 0.181 0 2
11 22 0.042 0 2
17 22 0.062 0 2
83 30 0.417 0 1
193 40 0.821 0 2
77 5 0.285 0 2
14 70 0.061 0 1
22 40 0.074 0 2
16 52 0.057 0 2
133 30 0.547 0 1
29 15 0.121 0 2
12 30 0.056 0 2
79 5 0.513 0 1
12 15 0.038 1 2
32 40 0.134 1 0
143 30 0.591 1 2
42 5 0.132 1 2
109 40 0.391 1 0
127 40 0.435 1 0
181 40 0.883 1 0
144 10 0.837 1 0
19 52 0.115 1 0
47 5 0.285 1 0
22 40 0.108 1 0
69 5 0.404 1 0
22 52 0.115 1 0
16 70 0.089 1 0
132 52 0.717 1 0
13 5 0.038 1 0
99 10 0.336 1 0
151 100 0.609 1 0
94 15 0.563 1 0
85 30 0.288 1 0
10 100 0.050 1 2
96 100 0.299 1 2
152 15 0.620 1 2
118 70 0.480 1 0
241 100 1.377 1 2
13 22 0.058 1 0
272 70 0.996 1 0
250 5 1.055 1 2
13 22 0.050 1 0
14 100 0.067 1 2
166 5 0.548 1 0
38 15 0.114 1 2
68 10 0.227 1 0
42 70 0.125 1 2
21 70 0.080 1 0
67 15 0.429 1 0
20 30 0.118 1 2
119 5 0.408 1 2
147 100 0.690 1 0
286 5 1.467 1 0
297 15 1.641 1 2
31 30 0.137 1 0
101 15 0.518 1 0
12 10 0.038 1 0
197 22 0.785 1 0
215 30 1.265 1 0
39 70 0.119 1 0
302 22 1.641 1 0
47 10 0.227 1 0
35 5 0.166 1 2
53 5 0.167 1 0
13 15 0.075 1 0
35 10 0.142 1 0
11 70 0.033 1 0
26 30 0.079 1 0
120 70 0.632 1 2
26 15 0.144 1 0
68 5 0.296 1 0
66 40 0.273 1 2
14 40 0.087 1 0
52 5 0.190 1 0
124 22 0.588 1 0
61 40 0.234 1 2
73 10 0.220 1 2
151 5 0.807 1 0
295 52 1.993 1 0
59 5 0.311 1 0
39 10 0.156 1 0
20 52 0.108 1 2
42 15 0.139 1 0
56 15 0.280 1 0
10 52 0.038 1 0
231 5 1.095 1 2
13 40 0.040 1 0
194 5 0.764 1 2
15 5 0.049 1 0
17 22 0.055 1 2
17 10 0.050 1 2
116 100 0.487 1 0
16 10 0.090 1 2
80 5 0.365 1 0
14 100 0.042 1 0
29 40 0.125 1 0
19 100 0.121 1 0
32 10 0.188 1 0
17 30 0.083 1 2
65 15 0.385 1 2
60 5 0.323 1 0
13 40 0.041 1 0
13 15 0.052 1 0
195 70 0.871 1 0
335 30 1.595 1 0
16 52 0.087 1 0
165 5 0.521 1 0
59 100 0.353 1 0
42 15 0.251 1 0
18 100 0.056 1 0
58 70 0.270 1 2
16 10 0.064 1 2
36 52 0.118 1 0
35 70 0.220 1 2
92 22 0.368 1 2
217 15 0.654 1 0
18 70 0.082 1 0
157 15 0.751 1 0
191 40 0.581 1 0
66 15 0.210 1 2
15 40 0.067 1 0
12 40 0.051 1 2
148 40 0.624 1 2
116 10 0.425 1 2
78 10 0.328 1 0
22 22 0.099 1 0
147 70 0.700 1 0
13 52 0.039 1 0
17 10 0.056 1 2
288 5 1.043 1 0
65 10 0.260 1 0
79 70 0.247 1 0
39 30 0.247 1 2
92 15 0.382 1 0
289 100 1.007 1 0
19 15 0.099 1 2
29 70 0.088 1 0
13 10 0.066 1 0
256 30 1.058 1 2
16 22 0.047 1 2
29 70 0.107 1 0
13 40 0.055 1 2
191 15 0.857 1 0
62 100 0.287 1 0
68 100 0.453 1 2
16 40 0.060 1 2
16 52 0.053 1 0
38 100 0.179 1 0
119 40 0.431 1 2
16 5 0.090 1 2
31 15 0.161 1 0
34 70 0.107 1 2
50 5 0.174 1 2
140 22 0.528 1 0
165 5 0.637 1 0
14 52 0.059 1 2
238 10 0.979 1 0
153 10 0.474 1 2
63 70 0.270 1 0
155 40 0.522 1 0
13 70 0.056 1 0
15 70 0.045 1 0
50 5 0.217 1 0
78 40 0.269 1 0
197 15 0.661 1 0
239 22 0.779 1 0
24 40 0.107 1 0
49 10 0.181 1 0
23 15 0.097 1 0
65 30 0.289 1 0
25 5 0.091 1 0
13 5 0.060 1 0
29 10 0.101 1 0
38 30 0.230 1 0
149 22 0.472 1 2
13 15 0.040 1 2
211 5 0.690 1 2
34 52 0.143 1 2
146 100 0.652 1 0
15 52 0.048 1 0
57 10 0.333 1 0
130 40 0.436 1 0
21 30 0.067 1 0
34 22 0.125 1 0
94 5 0.378 1 0
29 100 0.186 1 0
32 5 0.097 1 2
43 30 0.131 1 2
40 30 0.127 1 0
32 10 0.125 1 0
40 10 0.204 1 0
48 40 0.197 1 0
10 22 0.031 1 0
180 22 0.957 1 2
12 40 0.051 1 0
17 22 0.094 1 0
195 22 1.077 1 0
260 30 0.906 1 0
67 10 0.226 1 0
47 5 0.264 1 0
15 100 0.054 1 2
138 70 0.670 1 2
23 10 0.075 1 0
12 40 0.060 1 0
221 10 1.308 1 0
19 40 0.074 1 0
140 22 0.450 1 2
30 5 0.185 1 2
300 70 2.013 1 2
10 5 0.062 1 2
70 30 0.210 1 0
16 52 0.053 1 0
16 10 0.080 1 2
62 22 0.257 1 0
15 52 0.074 1 0
212 30 0.624 1 0
46 40 0.241 1 0
17 10 0.055 1 2
65 15 0.389 1 0
318 22 1.472 1 2
196 22 0.674 1 0
18 100 0.096 1 0
17 10 0.085 1 2
17 52 0.054 1 0
105 30 0.640 1 0
11 70 0.049 1 0
19 15 0.058 1 0
48 70 0.140 1 0
102 100 0.310 1 2
39 30 0.232 1 0
12 5 0.049 1 0
95 22 0.283 1 0
150 100 0.847 1 0
79 30 0.240 1 0
37 52 0.126 1 0
50 100 0.296 1 2
44 100 0.128 1 2
79 10 0.300 1 0
197 5 0.686 1 2
43 70 0.140 1 0
119 52 0.778 1 0
15 52 0.081 1 0
38 22 0.134 1 0
50 15 0.174 1 0
195 10 0.894 1 0
55 100 0.320 1 2
26 100 0.086 1 2
167 100 0.749 1 2
30 22 0.132 1 0
197 10 1.113 1 0
301 5 1.107 1 2
57 15 0.246 1 2
70 100 0.343 1 0
37 70 0.119 1 0
180 10 0.738 1 2
15 10 0.061 1 0
283 15 1.329 1 0
93 40 0.322 1 2
314 30 0.978 1 0
55 70 0.161 1 2
72 30 0.369 1 0
35 30 0.156 1 0
161 22 0.756 1 2
46 10 0.247 1 0
37 40 0.114 1 2
170 30 0.523 1 0
27 10 0.086 1 0
173 52 0.554 1 0
67 30 0.279 1 2
31 10 0.105 1 0
57 30 0.257 1 2
11 100 0.049 1 0
140 5 0.769 1 2
16 15 0.066 1 0
10 100 0.031 1 0
298 30 0.925 1 0
18 40 0.058 1 0
18 5 0.090 1 0
72 15 0.355 1 0
173 100 0.526 1 2
11 30 0.042 1 2
16 10 0.085 1 0
62 52 0.232 1 2
13 10 0.062 1 2
42 70 0.125 1 0
60 22 0.303 1 2
298 30 1.520 1 2
20 5 0.090 1 0
70 30 0.283 1 0
148 70 0.919 1 0
42 40 0.138 1 2
51 15 0.331 1 0
10 5 0.037 1 0
76 22 0.296 1 0
36 5 0.107 1 0
213 100 1.210 1 0
88 15 0.365 1 0
11 52 0.073 1 0
66 5 0.418 1 0
70 15 0.385 1 0
79 70 0.284 1 0
20 22 0.098 1 0
12 52 0.067 1 2
89 52 0.511 1 0
36 22 0.110 1 0
18 5 0.053 1 2
12 52 0.041 1 2
184 100 1.022 1 0
336 70 1.200 1 0
301 70 0.935 1 0
44 40 0.291 1 0
19 15 0.074 1 0
27 5 0.104 1 0
320 30 1.039 1 0
64 5 0.379 1 0
11 70 0.045 1 0
17 5 0.070 1 2
54 52 0.162 1 0
38 70 0.156 1 2
181 15 1.124 1 0
37 40 0.123 1 0
251 40 0.740 1 0
120 52 0.486 1 0
187 52 0.974 1 0
149 22 0.449 1 0
18 100 0.061 1 0
18 22 0.054 1 0
89 30 0.276 1 0
234 22 0.932 1 2
23 5 0.074 1 0
90 100 0.417 1 0
142 22 0.664 1 0
13 15 0.047 1 2
115 22 0.685 1 0
18 52 0.077 1 0
208 30 0.710 1 0
28 15 0.110 1 0
13 15 0.062 1 2
247 52 0.861 1 2
68 22 0.261 1 0
159 30 0.736 1 0
250 22 1.397 1 2
316 40 1.939 1 2
175 22 0.806 1 0
135 70 0.605 1 0
35 15 0.126 1 0
32 15 0.130 1 2
39 100 0.190 1 0
324 5 2.189 1 0
53 100 0.166 1 0
38 15 0.119 1 2
50 52 0.161 1 2
178 10 1.060 1 2
29 30 0.121 1 2
41 22 0.203 1 0
175 15 0.513 1 0
17 22 0.074 1 0
175 100 0.655 1 2
45 5 0.223 1 0
61 40 0.310 1 0
15 10 0.096 1 0
332 100 1.190 1 0
13 100 0.051 1 0
170 5 0.517 1 2
152 70 0.938 1 2
227 40 0.662 1 2
37 52 0.139 1 2
79 5 0.387 1 2
56 10 0.339 1 2
53 52 0.185 1 0
182 30 0.711 1 0
19 10 0.057 1 2
178 15 1.099 1 0
67 100 0.196 1 2
15 40 0.089 1 0
17 22 0.097 1 0
27 52 0.102 1 0
31 10 0.176 1 2
63 70 0.214 1 0
29 15 0.086 1 0
26 22 0.084 1 0
142 10 0.432 1 2
191 40 0.770 1 0
32 70 0.116 1 2
244 10 0.726 1 0
14 30 0.045 1 0
11 70 0.040 1 0
21 52 0.062 1 0
94 40 0.405 1 0
15 5 0.089 1 0
185 100 0.934 1 0
31 40 0.157 1 0
57 52 0.308 1 0
22 10 0.070 1 0
52 10 0.239 1 0
37 5 0.157 1 2
21 5 0.110 1 0
50 22 0.163 1 2
14 100 0.070 1 0
18 40 0.053 1 2
80 52 0.460 1 0
59 100 0.331 1 2
194 30 0.676 1 0
13 70 0.040 1 0
81 52 0.258 1 2
13 5 0.068 1 0
146 15 0.601 1 0
41 10 0.180 1 0
49 10 0.154 1 0
10 30 0.049 1 2
79 52 0.467 1 0
10 40 0.041 1 0
58 40 0.208 1 2
31 30 0.104 1 2
120 100 0.370 1 0
142 5 0.780 1 0
38 22 0.250 1 0
19 30 0.064 1 0
14 52 0.081 1 2
160 30 0.473 1 2
178 100 0.751 1 0
27 10 0.079 1 2
70 70 0.365 1 0
114 30 0.704 1 0
149 100 0.651 1 2
107 100 0.476 1 0
20 40 0.059 1 0
21 100 0.080 1 2
100 52 0.355 1 2
305 40 1.260 1 0
77 15 0.282 1 2
33 52 0.139 1 0
17 30 0.086 1 2
35 40 0.117 1 0
67 52 0.318 1 0
171 10 0.692 1 2
45 52 0.155 1 0
51 100 0.151 1 0
228 100 0.874 1 0
48 22 0.282 1 0
148 100 0.590 1 0
16 100 0.062 1 0
56 52 0.238 1 2
21 5 0.082 1 0
194 5 0.688 1 2
164 5 0.519 1 0
57 5 0.385 1 0
139 10 0.460 1 0
37 100 0.191 1 0
37 100 0.121 1 0
100 70 0.300 1 0
147 5 0.448 1 0
26 100 0.135 1 0
17 5 0.092 1 0
30 52 0.136 1 0
10 22 0.038 1 0
66 10 0.333 1 2
71 10 0.261 1 2
10 15 0.040 1 0
18 15 0.083 1 0
56 5 0.245 1 2
208 15 1.253 1 0
266 5 0.836 1 2
27 40 0.094 1 0
157 10 0.987 1 2
14 5 0.055 1 0
11 30 0.058 1 0
121 70 0.378 1 0
141 30 0.412 1 2
99 15 0.412 1 0
14 22 0.050 1 0
12 15 0.055 1 0
11 30 0.050 1 0
22 30 0.070 1 0
35 40 0.103 1 2
58 22 0.250 1 0
19 52 0.079 1 0
17 30 0.103 1 0
18 40 0.056 1 2
186 5 0.738 1 2
18 100 0.067 1 2
19 40 0.084 1 0
14 40 0.066 1 0
32 15 0.113 1 0
191 15 0.584 1 2
140 15 0.419 1 0
90 52 0.354 1 0
282 22 1.376 1 2
51 52 0.189 1 0
102 70 0.334 1 2
127 10 0.439 1 2
68 5 0.278 1 0
192 52 0.857 1 2
18 52 0.059 1 0
37 10 0.207 1 2
33 70 0.176 1 2
309 22 0.920 1 0
15 40 0.089 1 0
18 22 0.101 1 2
12 15 0.038 1 0
225 40 1.148 1 2
267 40 0.989 1 2
126 100 0.759 1 0
28 30 0.162 1 0
14 100 0.048 1 2
49 70 0.143 1 0
32 22 0.167 1 0
28 5 0.119 1 0
19 52 0.066 1 0
138 15 0.539 1 0
259 15 1.506 1 2
188 10 0.807 1 0
48 5 0.141 1 0
48 10 0.235 1 2
13 10 0.049 1 0
25 30 0.076 1 0
39 5 0.241 1 2
109 100 0.606 1 0
13 5 0.086 1 0
21 5 0.063 1 0
23 5 0.134 1 0
31 15 0.171 1 0
45 100 0.167 1 2
85 10 0.357 1 0
18 5 0.083 1 0
41 15 0.179 1 2
61 100 0.242 1 0
12 40 0.044 1 2
64 52 0.398 1 0
44 15 0.212 1 0
87 22 0.503 1 0
50 5 0.223 1 2
30 15 0.132 1 0
16 10 0.061 1 0
52 5 0.308 1 0
72 70 0.364 1 0
67 40 0.419 1 0
108 5 0.320 1 2
58 15 0.199 1 0
19 70 0.071 1 0
47 10 0.157 1 0
35 5 0.117 1 0
338 70 0.991 1 0
184 22 0.544 1 0
278 100 0.946 1 2
19 22 0.114 1 2
38 10 0.253 1 0
17 52 0.106 1 0
93 52 0.401 1 0
46 52 0.184 1 0
79 5 0.250 1 2
230 10 1.292 1 2
36 40 0.120 1 2
22 15 0.066 1 2
115 15 0.341 1 2
155 52 0.711 1 0
53 5 0.226 1 0
10 22 0.038 1 0
18 5 0.091 1 2
336 70 1.826 1 0
10 15 0.030 1 2
166 22 0.830 1 2
33 70 0.104 1 2
29 52 0.122 1 0
22 15 0.126 1 2
120 40 0.625 1 0
34 30 0.192 1 0
15 22 0.081 1 0
28 70 0.173 1 2
36 70 0.131 1 2
108 40 0.316 1 2
162 52 1.080 1 0
15 70 0.076 1 0
38 15 0.125 1 0
13 30 0.063 1 2
26 5 0.089 1 2
140 30 0.551 1 0
116 15 0.354 1 0
13 10 0.040 1 0
32 30 0.145 1 0
24 22 0.145 1 0
88 52 0.406 1 0
55 40 0.267 1 2
58 40 0.189 1 0
10 15 0.049 1 2
18 52 0.073 1 2
15 10 0.083 1 2
37 22 0.163 1 0
14 30 0.050 1 2
24 5 0.114 1 0
67 70 0.429 1 2
19 22 0.057 1 0
138 100 0.831 1 2
18 10 0.080 1 2
143 100 0.451 1 0
56 40 0.225 1 0
38 40 0.114 1 2
215 40 0.721 1 0
106 100 0.541 1 0
10 10 0.036 1 2
58 5 0.249 1 2
31 40 0.098 1 0
294 52 1.039 1 2
64 100 0.239 1 0
36 100 0.120 1 0
10 100 0.036 1 0
60 15 0.240 1 2
181 30 0.651 1 0
153 22 0.651 1 0
142 100 0.532 1 2
30 40 0.129 1 0
10 52 0.035 1 0
30 10 0.126 1 0
14 5 0.053 1 0
28 40 0.102 1 0
18 100 0.104 1 0
39 52 0.144 1 0
190 52 0.872 1 0
186 30 0.877 1 0
10 40 0.049 1 0
37 52 0.113 1 0
13 40 0.047 1 0
31 100 0.153 1 0
49 52 0.231 1 2
44 15 0.278 1 0
49 15 0.297 1 2
56 10 0.313 1 2
296 5 1.423 1 0
35 40 0.138 1 2
79 100 0.399 1 0
60 15 0.317 1 0
38 15 0.140 1 0
133 22 0.782 1 0
187 70 0.733 1 2
17 30 0.056 1 0
18 100 0.076 1 0
10 100 0.034 1 0
173 70 0.801 1 2
21 22 0.086 1 0
123 5 0.539 1 0
33 100 0.209 1 2
23 22 0.080 1 0
20 70 0.125 1 0
69 10 0.289 1 0
23 52 0.102 1 2
26 52 0.165 1 0
251 100 1.589 1 0
57 70 0.191 1 2
17 70 0.056 1 0
19 5 0.107 1 0
144 30 0.420 1 0
318 5 1.085 1 2
175 40 0.754 1 0
51 22 0.232 1 0
77 100 0.381 1 2
110 5 0.576 1 2
15 70 0.064 1 0
14 40 0.052 1 2
54 5 0.220 1 0
13 22 0.051 1 2
21 70 0.072 1 0
207 52 1.078 1 2
171 15 1.096 1 0
32 70 0.121 1 0
22 30 0.146 1 2
34 22 0.127 1 2
28 100 0.130 1 2
60 10 0.335 1 0
32 52 0.201 1 2
29 30 0.158 1 2
25 70 0.125 1 0
94 70 0.547 1 0
34 15 0.140 1 0
134 5 0.421 1 0
72 22 0.242 1 0
12 30 0.046 1 0
68 5 0.204 1 0
17 15 0.073 1 0
88 100 0.476 1 0
30 40 0.112 1 0
309 30 1.437 1 2
45 10 0.138 1 0
178 10 0.727 1 0
39 52 0.241 1 2
13 10 0.084 1 0
39 10 0.150 1 0
115 15 0.767 1 2
14 52 0.043 1 2
27 70 0.090 1 2
72 15 0.259 1 0
195 22 0.596 1 2
18 100 0.057 1 0
55 15 0.219 1 2
42 22 0.243 1 0
18 15 0.061 1 0
108 15 0.462 1 0
27 5 0.121 1 0
15 70 0.065 1 0
18 5 0.122 1 0
148 30 0.576 1 0
15 52 0.052 1 2
14 100 0.067 1 2
28 52 0.135 1 0
171 30 0.660 1 0
71 40 0.428 1 2
10 70 0.063 1 2
67 52 0.453 1 2
15 15 0.056 1 0
86 40 0.475 1 0
11 70 0.052 1 2
157 52 0.597 1 0
190 100 0.955 1 0
78 100 0.228 1 0
64 30 0.352 1 2
12 100 0.045 1 0
43 52 0.158 1 0
78 15 0.370 1 0
104 10 0.310 1 0
108 30 0.725 1 0
13 40 0.088 1 0
246 5 1.406 1 2
15 15 0.101 1 0
10 100 0.067 1 0
68 52 0.305 1 2
32 70 0.133 1 2
34 100 0.148 1 0
50 100 0.153 1 0
22 40 0.071 1 0
76 5 0.283 1 0
14 22 0.068 1 0
307 15 1.073 1 0
14 10 0.045 1 0
39 70 0.194 1 0
165 15 0.817 1 0
177 5 1.172 1 2
10 40 0.035 1 2
62 70 0.257 1 0
30 100 0.128 1 0
69 5 0.319 1 2
62 10 0.187 1 0
13 70 0.057 1 0
21 22 0.080 1 0
81 10 0.403 1 2
50 52 0.152 1 0
49 70 0.182 1 2
10 30 0.062 1 0
70 15 0.228 1 0
32 30 0.117 1 2
146 5 0.449 1 0
14 52 0.053 1 0
272 5 0.807 1 2
11 70 0.067 1 0
15 30 0.049 1 0
31 10 0.144 1 0
49 40 0.293 1 0
143 52 0.528 1 0
145 5 0.801 1 2
213 30 0.995 1 2
49 10 0.225 1 2
26 22 0.108 1 0
132 15 0.805 1 0
39 100 0.227 1 0
13 10 0.046 1 0
311 22 1.054 1 2
13 30 0.044 1 0
37 5 0.213 1 2
32 52 0.098 1 2
39 22 0.194 1 2
14 30 0.080 1 0
10 40 0.043 1 0
20 52 0.097 1 0
140 5 0.603 1 0
24 70 0.090 1 2
33 22 0.125 1 0
162 5 0.959 1 0
15 22 0.075 1 2
53 40 0.248 1 0
53 40 0.205 1 0
21 10 0.072 1 0
13 22 0.045 1 0
338 10 1.247 1 2
23 52 0.072 1 0
14 5 0.089 1 0
13 15 0.074 1 0
51 30 0.175 1 2
41 10 0.272 1 0
24 30 0.147 1 2
178 10 1.187 1 0
19 70 0.066 1 0
108 40 0.535 1 2
26 15 0.093 1 0
275 100 0.942 1 0
114 70 0.687 1 2
54 22 0.310 1 0
74 100 0.223 1 2
27 15 0.118 1 2
152 70 0.714 1 0
38 40 0.160 1 0
174 52 0.534 1 0
148 15 0.471 1 0
33 22 0.165 1 0
16 5 0.047 1 0
14 70 0.054 1 0
35 22 0.203 1 2
10 30 0.056 1 0
52 52 0.152 1 2
305 22 0.971 1 2
10 22 0.034 1 0
38 40 0.157 1 0
39 70 0.209 1 2
107 15 0.379 1 2
76 5 0.338 1 0
59 15 0.198 1 0
70 40 0.211 1 0
28 30 0.107 1 2
88 100 0.291 1 0
12 22 0.050 1 2
150 100 0.530 1 0
139 52 0.880 1 0
57 30 0.183 1 0
34 70 0.166 1 0
61 70 0.196 1 0
27 40 0.079 1 2
64 100 0.215 1 0
58 5 0.186 1 0
16 10 0.069 1 2
28 30 0.113 1 2
74 15 0.418 1 0
314 52 1.744 1 0
66 52 0.407 1 0
61 100 0.196 1 0
13 10 0.042 1 2
12 15 0.072 1 0
38 40 0.190 1 0
15 5 0.093 1 0
182 5 0.695 1 0
41 40 0.126 1 0
49 100 0.157 1 2
22 52 0.087 1 0
111 100 0.440 1 2
210 22 0.686 1 2
68 100 0.372 1 2
35 52 0.176 1 0
116 70 0.380 1 0
83 15 0.355 1 0
17 30 0.085 1 0
13 15 0.038 1 0
35 10 0.157 1 2
41 70 0.160 1 0
11 5 0.054 1 0
73 70 0.303 1 0
49 100 0.297 1 0
80 52 0.462 1 2
73 10 0.299 1 0
35 22 0.106 1 0
36 70 0.121 1 2
11 30 0.040 1 0
68 22 0.391 1 0
170 5 0.867 1 0
91 40 0.368 1 0
57 52 0.300 1 0
52 40 0.286 1 0
28 5 0.155 1 0
188 40 0.945 1 2
29 40 0.100 1 0
18 30 0.098 1 2
39 70 0.194 1 0
29 10 0.112 1 2
36 30 0.185 1 2
26 52 0.097 1 2
35 22 0.103 1 0
24 52 0.074 1 2
143 10 0.563 1 0
27 30 0.112 1 2
38 15 0.179 1 2
17 70 0.076 1 0
132 10 0.626 1 2
23 100 0.089 1 2
59 100 0.376 1 0
23 5 0.076 1 2
12 22 0.044 1 0
65 5 0.433 1 2
196 70 1.089 1 0
47 5 0.161 1 0
38 22 0.144 1 2
285 5 1.067 1 0
18 5 0.105 1 0
35 22 0.193 1 0
294 5 1.380 1 2
40 22 0.206 1 0
16 10 0.059 1 2
51 15 0.181 1 2
56 30 0.331 1 2
39 15 0.120 1 0
49 5 0.154 1 0
32 30 0.147 1 0
43 40 0.151 1 0
204 15 1.133 1 0
42 52 0.150 1 2
115 52 0.390 1 0
43 52 0.132 1 0
166 22 0.597 1 2
72 5 0.273 1 0
11 100 0.047 1 2
44 40 0.138 1 2
37 15 0.175 1 0
64 15 0.188 1 2
11 70 0.060 1 0
272 52 0.932 1 0
142 100 0.418 1 2
164 5 0.669 1 0
43 100 0.147 1 0
37 40 0.157 1 0
65 10 0.283 1 2
39 52 0.120 1 2
262 70 0.851 1 0
289 30 0.878 1 0
15 100 0.073 1 0
42 70 0.162 1 2
11 22 0.042 1 0
126 10 0.455 1 0
13 15 0.048 1 0
89 40 0.313 1 2
99 40 0.559 1 0
36 40 0.111 1 2
142 100 0.473 1 0
105 52 0.621 1 0
15 40 0.073 1 0
182 100 1.040 1 0
36 40 0.148 1 0
23 22 0.150 1 0
331 40 1.118 1 0
75 22 0.238 1 2
141 70 0.445 1 0
135 15 0.668 1 2
31 52 0.122 1 0
33 15 0.164 1 0
10 30 0.044 1 2
37 100 0.122 1 0
44 15 0.233 1 2
52 10 0.221 1 0
219 10 0.814 1 2
32 5 0.105 1 0
15 40 0.077 1 0
14 30 0.095 1 0
35 15 0.114 1 2
15 15 0.048 1 0
12 70 0.038 1 0
21 15 0.087 1 0
22 22 0.118 1 2
15 5 0.055 1 2
91 40 0.300 1 0
179 10 0.528 1 2
113 5 0.621 1 0
63 10 0.354 1 2
183 10 1.236 1 2
89 40 0.277 1 0
82 40 0.381 1 2
30 10 0.132 1 0
22 40 0.081 1 2
13 15 0.042 1 2
26 5 0.163 1 0
66 5 0.365 1 0
161 40 0.588 1 0
147 5 0.634 1 0
14 70 0.044 1 2
72 10 0.309 1 2
62 52 0.284 1 0
28 10 0.135 1 0
265 70 1.305 1 0
18 100 0.108 1 2
38 10 0.170 1 0
28 70 0.137 1 2
36 52 0.220 1 2
322 5 0.988 1 2
53 40 0.190 1 0
15 22 0.087 1 0
112 30 0.519 1 2
33 52 0.151 1 0
23 5 0.137 1 2
147 5 0.636 1 0
137 5 0.604 1 2
27 15 0.109 1 0
28 100 0.085 1 2
46 52 0.157 1 0
25 100 0.086 1 2
91 15 0.276 1 0
66 15 0.252 1 0
23 40 0.108 1 2
39 40 0.209 1 0
250 22 1.232 1 0
114 40 0.418 1 2
71 52 0.227 1 0
19 52 0.063 1 0
151 30 0.486 1 0
23 52 0.071 1 0
53 10 0.232 1 2
18 15 0.105 1 0
151 40 0.834 1 0
19 52 0.057 1 0
139 52 0.495 1 0
13 5 0.073 1 2
18 22 0.068 1 0
83 5 0.261 1 0
61 15 0.216 1 0
48 100 0.261 1 0
35 100 0.120 1 0
76 22 0.422 1 0
77 10 0.301 1 2
109 10 0.540 1 2
139 5 0.447 1 0
116 40 0.516 1 0
36 22 0.129 1 0
51 22 0.210 1 2
16 22 0.099 1 0
131 40 0.413 1 0
13 70 0.048 1 0
77 40 0.414 1 2
21 30 0.110 1 0
107 52 0.514 1 0
37 30 0.190 1 0
19 30 0.058 1 0
136 40 0.553 1 0
51 15 0.158 1 0
36 100 0.129 1 2
127 22 0.679 1 2
25 100 0.087 1 2
55 5 0.184 1 2
21 52 0.079 1 2
15 40 0.044 1 0
12 10 0.036 1 0
46 5 0.161 1 2
203 100 0.666 1 2
13 70 0.051 1 0
193 100 1.253 1 0
54 10 0.283 1 2
64 52 0.430 1 0
24 100 0.109 1 0
67 40 0.364 1 2
254 40 0.888 1 0
25 22 0.132 1 0
19 52 0.123 1 0
17 10 0.059 1 0
14 30 0.087 1 0
31 5 0.091 1 0
306 52 1.200 1 0
143 5 0.483 1 2
18 100 0.085 1 0
13 10 0.078 1 2
144 22 0.754 1 0
24 10 0.118 1 0
26 5 0.138 2 1
60 22 0.355 2 1
150 30 0.598 2 1
20 30 0.114 2 0
20 15 0.067 2 0
40 5 0.209 2 0
16 15 0.051 2 0
188 40 0.627 2 0
142 5 0.536 2 1
67 52 0.233 2 0
175 5 0.663 2 1
40 52 0.172 2 0
101 40 0.334 2 0
35 5 0.172 2 0
12 10 0.055 2 0
116 30 0.374 2 0
105 52 0.438 2 0
26 10 0.098 2 0
36 5 0.242 2 0
24 10 0.104 2 0
18 22 0.074 2 1
307 22 1.243 2 0
73 10 0.289 2 0
79 52 0.534 2 0
319 40 1.430 2 1
109 30 0.424 2 0
17 40 0.058 2 1
17 5 0.071 2 0
172 22 0.741 2 1
158 30 0.627 2 0
189 52 0.559 2 1
28 5 0.104 2 0
42 40 0.176 2 0
32 5 0.145 2 1
44 10 0.291 2 0
67 100 0.238 2 0
189 100 1.027 2 0
13 5 0.070 2 0
166 22 0.927 2 1
17 5 0.105 2 0
226 10 1.284 2 0
59 5 0.174 2 0
36 100 0.114 2 1
27 100 0.160 2 0
13 30 0.039 2 0
60 40 0.202 2 1
63 15 0.352 2 1
14 15 0.043 2 0
17 40 0.053 2 0
11 22 0.034 2 0
27 5 0.131 2 1
124 40 0.384 2 0
11 15 0.038 2 0
32 70 0.106 2 0
37 100 0.233 2 0
12 15 0.037 2 0
39 40 0.149 2 0
73 10 0.329 2 1
19 40 0.081 2 0
187 52 0.652 2 0
53 5 0.159 2 1
49 10 0.143 2 0
17 52 0.082 2 0
86 5 0.534 2 1
191 15 0.677 2 0
53 5 0.188 2 1
35 15 0.207 2 0
93 52 0.439 2 1
18 52 0.103 2 0
50 22 0.291 2 0
82 30 0.246 2 0
46 70 0.152 2 0
131 52 0.518 2 1
22 40 0.092 2 0
10 70 0.035 2 0
11 70 0.073 2 0
28 52 0.095 2 1
58 30 0.310 2 0
53 100 0.173 2 1
36 40 0.197 2 0
79 15 0.267 2 0
196 40 0.695 2 0
43 30 0.221 2 0
39 10 0.140 2 0
116 15 0.530 2 0
11 30 0.038 2 1
44 70 0.162 2 0
38 100 0.157 2 0
308 52 1.406 2 0
14 100 0.088 2 0
22 10 0.076 2 0
32 100 0.114 2 0
68 30 0.304 2 1
24 15 0.094 2 0
44 15 0.179 2 1
160 5 0.595 2 1
12 5 0.043 2 0
114 10 0.437 2 0
221 40 0.650 2 0
182 10 0.535 2 1
192 30 0.765 2 0
220 5 0.679 2 0
48 100 0.182 2 1
74 5 0.481 2 0
300 5 1.613 2 0
38 5 0.118 2 0
298 30 0.983 2 1
61 10 0.256 2 0
70 70 0.310 2 0
62 22 0.187 2 0
56 15 0.191 2 0
42 70 0.165 2 0
34 100 0.122 2 0
25 100 0.074 2 0
29 52 0.101 2 1
71 22 0.224 2 0
94 22 0.339 2 0
29 52 0.131 2 0
17 100 0.069 2 0
34 40 0.145 2 1
114 40 0.770 2 0
12 5 0.080 2 0
25 52 0.088 2 0
176 10 0.662 2 1
53 15 0.168 2 1
16 22 0.073 2 1
39 40 0.144 2 1
17 15 0.103 2 1
121 40 0.720 2 0
191 70 1.257 2 1
76 70 0.484 2 0
115 22 0.723 2 0
220 30 0.657 2 0
14 100 0.043 2 0
16 10 0.103 2 1
27 40 0.157 2 1
59 40 0.366 2 0
99 10 0.416 2 1
78 22 0.390 2 1
328 52 1.061 2 1
179 22 0.716 2 0
23 100 0.089 2 1
258 30 0.757 2 0
131 100 0.512 2 0
72 10 0.214 2 0
24 40 0.076 2 1
15 52 0.070 2 1
11 22 0.058 2 1
43 40 0.133 2 1
67 10 0.419 2 0
16 100 0.052 2 0
12 30 0.041 2 1
254 70 1.530 2 1
37 52 0.109 2 0
26 10 0.091 2 1
10 22 0.030 2 1
11 52 0.038 2 0
82 5 0.536 2 1
198 70 1.238 2 0
121 10 0.776 2 1
50 5 0.216 2 1
26 52 0.094 2 1
43 15 0.185 2 0
33 5 0.134 2 0
187 10 0.742 2 0
139 40 0.446 2 0
51 52 0.227 2 0
24 22 0.111 2 0
33 40 0.107 2 0
189 52 1.062 2 1
286 15 1.474 2 1
76 70 0.386 2 0
118 52 0.470 2 1
189 22 0.661 2 0
10 40 0.049 2 0
217 70 0.676 2 0
17 52 0.098 2 0
170 15 0.806 2 1
316 100 1.019 2 0
60 100 0.370 2 0
11 100 0.041 2 0
36 70 0.181 2 0
99 100 0.396 2 0
67 15 0.394 2 0
129 40 0.713 2 0
65 70 0.378 2 0
17 10 0.078 2 0
10 15 0.035 2 0
17 15 0.064 2 1
28 5 0.141 2 0
29 100 0.085 2 1
48 30 0.143 2 1
39 22 0.145 2 0
17 70 0.112 2 0
53 10 0.215 2 0
286 22 1.312 2 0
36 40 0.138 2 0
71 22 0.321 2 0
48 22 0.144 2 0
38 70 0.118 2 0
34 10 0.110 2 1
14 70 0.056 2 0
51 22 0.295 2 1
163 40 0.881 2 0
14 22 0.052 2 0
36 30 0.109 2 0
29 30 0.087 2 1
18 22 0.053 2 0
18 22 0.085 2 0
225 70 1.398 2 0
19 100 0.108 2 0
24 70 0.116 2 0
38 5 0.144 2 0
150 40 0.962 2 0
10 22 0.064 2 0
15 15 0.093 2 1
199 15 1.301 2 0
301 30 0.968 2 0
88 40 0.561 2 1
28 70 0.086 2 0
48 5 0.302 2 0
174 52 0.888 2 0
20 5 0.114 2 0
45 30 0.241 2 1
58 15 0.335 2 0
165 40 0.740 2 0
46 52 0.150 2 0
16 30 0.086 2 1
205 10 0.798 2 0
43 10 0.140 2 0
28 22 0.152 2 0
18 70 0.064 2 1
235 100 1.169 2 0
164 5 0.481 2 0
14 100 0.053 2 0
23 10 0.075 2 1
48 22 0.145 2 0
136 10 0.627 2 0
85 100 0.407 2 1
18 22 0.089 2 0
19 40 0.086 2 0
14 10 0.068 2 0
193 40 0.737 2 0
87 52 0.293 2 0
74 30 0.238 2 0
17 52 0.055 2 0
38 40 0.128 2 1
91 15 0.419 2 1
19 70 0.125 2 0
14 52 0.044 2 0
103 30 0.340 2 0
11 52 0.047 2 0
48 15 0.262 2 1
16 30 0.072 2 0
246 10 0.778 2 0
23 22 0.067 2 0
270 52 1.071 2 0
23 30 0.077 2 0
18 70 0.111 2 1
139 70 0.921 2 0
19 40 0.056 2 0
171 100 0.830 2 1
19 10 0.064 2 0
15 5 0.048 2 0
27 70 0.122 2 0
18 5 0.063 2 1
64 5 0.218 2 0
33 10 0.166 2 0
278 52 1.065 2 1
19 22 0.092 2 0
17 22 0.062 2 1
336 15 1.741 2 0
43 10 0.253 2 1
70 15 0.215 2 1
48 5 0.216 2 0
21 52 0.066 2 1
15 15 0.054 2 1
116 22 0.485 2 1
102 10 0.358 2 0
85 100 0.545 2 0
298 22 1.164 2 1
169 22 0.549 2 0
120 10 0.759 2 0
100 52 0.474 2 0
22 22 0.070 2 0
16 52 0.070 2 1
34 30 0.112 2 0
12 22 0.041 2 0
21 15 0.073 2 0
158 10 0.898 2 0
55 22 0.353 2 0
246 70 1.200 2 1
65 5 0.196 2 1
133 15 0.463 2 0
53 10 0.214 2 1
307 5 1.218 2 0
36 30 0.109 2 0
15 5 0.060 2 1
33 100 0.199 2 0
138 15 0.537 2 1
91 70 0.290 2 0
17 40 0.106 2 0
61 52 0.286 2 1
38 100 0.172 2 0
157 30 0.536 2 1
41 40 0.120 2 0
28 15 0.098 2 0
33 15 0.157 2 1
26 100 0.117 2 0
185 100 0.819 2 0
77 100 0.260 2 0
26 15 0.124 2 1
85 30 0.436 2 0
10 10 0.030 2 0
81 10 0.263 2 1
39 52 0.132 2 0
144 15 0.576 2 0
120 15 0.597 2 1
33 15 0.110 2 0
158 22 0.629 2 0
34 100 0.147 2 0
245 40 1.601 2 1
25 52 0.087 2 1
16 15 0.052 2 1
11 40 0.038 2 0
23 10 0.106 2 1
17 70 0.087 2 0
21 100 0.117 2 0
21 100 0.099 2 1
192 52 1.185 2 1
162 10 0.585 2 1
38 100 0.208 2 1
17 70 0.052 2 1
107 40 0.502 2 0
19 22 0.117 2 0
12 52 0.043 2 1
104 5 0.693 2 0
107 70 0.317 2 1
77 40 0.242 2 0
215 40 0.824 2 1
207 22 0.611 2 1
166 10 0.761 2 0
104 40 0.528 2 0
77 30 0.263 2 0
75 5 0.288 2 1
236 30 1.168 2 0
48 100 0.177 2 1
207 22 1.335 2 0
37 100 0.193 2 0
18 52 0.110 2 0
199 100 0.638 2 0
161 52 0.641 2 0
204 10 0.618 2 1
84 10 0.454 2 0
14 40 0.044 2 1
152 40 0.993 2 0
82 100 0.340 2 0
12 22 0.047 2 0
13 30 0.056 2 0
86 10 0.274 2 0
69 100 0.280 2 1
64 52 0.350 2 0
27 22 0.149 2 0
59 22 0.268 2 0
38 5 0.122 2 0
39 30 0.234 2 1
138 52 0.402 2 0
16 10 0.103 2 0
157 100 0.636 2 1
34 100 0.131 2 0
11 22 0.040 2 0
101 22 0.358 2 0
13 5 0.068 2 1
22 30 0.094 2 0
29 100 0.112 2 0
161 15 0.805 2 1
46 30 0.222 2 0
166 52 0.769 2 0
69 100 0.367 2 0
92 22 0.395 2 1
11 15 0.040 2 1
90 100 0.341 2 1
267 40 1.242 2 0
157 100 0.545 2 0
51 52 0.164 2 1
198 30 1.294 2 0
20 5 0.070 2 0
260 15 0.807 2 0
59 5 0.189 2 0
52 10 0.157 2 1
12 22 0.048 2 0
242 10 1.095 2 0
64 10 0.220 2 1
19 70 0.058 2 0
28 5 0.101 2 0
18 10 0.057 2 0
53 100 0.299 2 1
96 30 0.539 2 1
20 22 0.085 2 0
189 30 0.677 2 0
143 15 0.659 2 0
15 70 0.053 2 1
42 15 0.181 2 1
70 100 0.258 2 0
15 70 0.044 2 0
57 30 0.261 2 1
18 30 0.062 2 0
176 52 0.743 2 0
37 40 0.216 2 0
101 15 0.647 2 0
186 100 0.635 2 0
206 30 0.626 2 0
30 15 0.125 2 1
25 22 0.124 2 0
39 22 0.182 2 1
176 15 0.599 2 1
15 100 0.047 2 0
141 100 0.465 2 1
23 15 0.094 2 0
48 70 0.188 2 0
46 15 0.148 2 1
67 30 0.364 2 0
31 30 0.150 2 0
15 22 0.046 2 0
10 40 0.030 2 0
18 52 0.065 2 0
237 5 0.956 2 0
171 40 0.919 2 0
48 15 0.146 2 0
16 100 0.062 2 0
30 70 0.106 2 0
60 40 0.187 2 1
61 52 0.180 2 1
37 15 0.139 2 0
20 52 0.100 2 1
60 52 0.226 2 0
17 40 0.061 2 0
31 40 0.129 2 1
185 52 0.589 2 0
158 22 0.566 2 0
27 22 0.134 2 1
77 70 0.336 2 1
33 15 0.102 2 0
30 100 0.095 2 0
167 30 0.635 2 0
18 22 0.073 2 0
75 22 0.444 2 0
36 40 0.108 2 0
11 22 0.035 2 1
20 15 0.062 2 1
236 10 0.781 2 0
76 30 0.299 2 0
299 10 1.680 2 0
16 30 0.060 2 1
61 70 0.221 2 1
17 22 0.060 2 1
111 40 0.649 2 0
17 15 0.096 2 0
35 70 0.179 2 1
114 10 0.397 2 1
11 10 0.042 2 1
136 52 0.630 2 1
20 22 0.115 2 1
197 52 0.696 2 0
65 70 0.314 2 0
30 40 0.110 2 1
85 52 0.276 2 0
42 15 0.256 2 1
58 40 0.309 2 0
161 22 0.694 2 1
37 70 0.113 2 1
60 15 0.247 2 0
27 100 0.137 2 0
329 40 1.009 2 0
10 52 0.048 2 0
15 70 0.063 2 1
333 52 2.081 2 1
12 52 0.064 2 0
35 40 0.139 2 0
88 15 0.557 2 0
11 10 0.032 2 1
319 30 1.335 2 0
221 15 1.047 2 1
35 15 0.226 2 0
52 22 0.182 2 1
60 15 0.199 2 0
26 5 0.080 2 0
73 5 0.215 2 0
248 100 0.969 2 1
162 15 0.651 2 0
64 30 0.430 2 1
157 22 0.766 2 0
29 22 0.137 2 0
29 52 0.085 2 1
38 10 0.170 2 0
74 70 0.400 2 0
304 30 1.114 2 0
150 52 0.598 2 1
14 5 0.051 2 0
105 70 0.467 2 0
65 40 0.316 2 0
112 70 0.419 2 0
58 5 0.188 2 0
43 70 0.289 2 0
65 15 0.258 2 1
35 5 0.135 2 0
27 52 0.092 2 0
42 5 0.134 2 0
181 15 0.573 2 1
24 100 0.079 2 1
19 5 0.059 2 0
12 10 0.040 2 1
40 10 0.134 2 0
36 10 0.118 2 0
13 52 0.039 2 0
60 40 0.267 2 1
151 52 0.807 2 0
229 10 1.258 2 0
12 100 0.035 2 1
14 40 0.095 2 0
17 100 0.077 2 0
17 15 0.063 2 0
131 100 0.398 2 1
19 5 0.058 2 0
85 52 0.266 2 1
57 15 0.183 2 1
147 70 0.742 2 1
111 30 0.380 2 1
16 100 0.076 2 0
264 100 1.217 2 1
60 100 0.230 2 0
281 70 0.909 2 0
11 10 0.036 2 0
195 100 0.903 2 1
49 15 0.193 2 1
19 40 0.118 2 1
19 40 0.061 2 0
13 10 0.052 2 0
61 30 0.399 2 1
69 30 0.404 2 1
71 40 0.231 2 1
11 10 0.043 2 0
196 52 0.975 2 0
79 10 0.497 2 0
79 52 0.239 2 0
14 40 0.049 2 0
58 5 0.203 2 0
158 15 0.827 2 0
42 10 0.251 2 0
61 40 0.182 2 0
191 15 0.697 2 0
43 52 0.169 2 1
28 10 0.156 2 0
67 5 0.435 2 0
24 15 0.070 2 0
70 30 0.255 2 1
21 5 0.090 2 0
90 15 0.280 2 0
30 5 0.120 2 0
45 70 0.190 2 0
59 100 0.259 2 0
224 70 0.757 2 1
55 30 0.350 2 0
108 10 0.358 2 0
279 10 0.979 2 1
15 15 0.066 2 0
17 70 0.051 2 0
151 100 1.020 2 0
35 40 0.143 2 0
161 40 0.488 2 1
291 52 0.954 2 0
154 22 0.945 2 0
10 70 0.030 2 0
124 52 0.405 2 1
37 70 0.145 2 1
21 22 0.092 2 0
63 52 0.303 2 0
28 52 0.117 2 1
182 100 0.636 2 0
64 30 0.189 2 0
29 70 0.095 2 1
26 30 0.112 2 0
126 10 0.550 2 1
90 30 0.372 2 0
193 30 0.739 2 0
104 100 0.341 2 0
34 5 0.147 2 1
29 5 0.099 2 0
52 52 0.177 2 0
96 40 0.545 2 1
23 40 0.090 2 1
16 52 0.099 2 0
178 15 0.774 2 0
61 100 0.205 2 1
70 100 0.227 2 0
13 22 0.071 2 0
165 5 0.575 2 0
249 22 0.743 2 0
22 30 0.064 2 1
32 5 0.110 2 1
316 30 0.940 2 1
84 10 0.309 2 1
26 22 0.099 2 1
37 10 0.112 2 0
12 5 0.045 2 0
260 70 0.867 2 0
325 10 1.012 2 0
137 100 0.439 2 0
64 22 0.327 2 0
19 70 0.090 2 0
91 22 0.308 2 0
13 22 0.070 2 1
42 15 0.212 2 0
16 40 0.053 2 0
122 10 0.437 2 1
66 22 0.295 2 0
138 5 0.667 2 0
68 40 0.330 2 0
232 70 1.506 2 1
60 30 0.321 2 1
22 100 0.072 2 0
196 30 0.763 2 0
68 40 0.374 2 1
14 30 0.067 2 0
11 52 0.043 2 0
88 70 0.268 2 0
58 70 0.182 2 0
24 70 0.095 2 0
14 40 0.057 2 1
71 30 0.423 2 0
45 70 0.214 2 1
14 100 0.077 2 0
44 5 0.190 2 1
10 10 0.045 2 0
15 70 0.063 2 0
47 40 0.196 2 0
16 30 0.047 2 0
31 15 0.099 2 0
19 22 0.118 2 0
54 40 0.254 2 0
71 5 0.268 2 1
52 70 0.197 2 1
58 15 0.237 2 0
21 40 0.101 2 0
13 22 0.072 2 0
24 22 0.070 2 1
270 15 0.993 2 0
62 52 0.343 2 0
116 15 0.362 2 0
54 15 0.174 2 1
74 100 0.347 2 0
337 30 1.971 2 0
73 30 0.225 2 0
228 70 0.800 2 0
97 30 0.375 2 0
314 22 0.981 2 0
200 100 0.837 2 0
46 100 0.217 2 0
34 15 0.113 2 0
22 5 0.067 2 1
25 5 0.112 2 0
36 10 0.243 2 0
44 10 0.180 2 0
34 22 0.118 2 0
63 40 0.234 2 0
36 52 0.123 2 1
12 100 0.055 2 0
108 15 0.701 2 0
56 5 0.224 2 1
23 5 0.106 2 1
39 30 0.185 2 1
78 10 0.257 2 0
135 52 0.794 2 0
37 100 0.129 2 0
38 30 0.139 2 1
12 15 0.049 2 1
94 30 0.461 2 0
61 10 0.219 2 0
52 30 0.192 2 0
46 15 0.170 2 0
66 40 0.199 2 1
55 10 0.226 2 0
78 40 0.380 2 1
191 30 0.620 2 1
19 40 0.057 2 1
25 40 0.090 2 0
129 22 0.376 2 0
34 10 0.159 2 0
65 15 0.339 2 1
15 15 0.059 2 1
39 30 0.252 2 0
28 70 0.100 2 0
14 30 0.047 2 1
262 100 1.440 2 0
202 52 1.255 2 0
22 40 0.113 2 0
28 22 0.133 2 0
16 52 0.052 2 0
169 52 0.949 2 0
22 70 0.139 2 0
13 70 0.062 2 1
83 22 0.550 2 0
42 5 0.155 2 1
76 22 0.245 2 1
33 40 0.099 2 0
30 52 0.098 2 1
154 40 0.870 2 0
189 30 1.189 2 0
70 15 0.308 2 0
13 70 0.082 2 0
13 30 0.060 2 0
32 30 0.139 2 1
79 15 0.436 2 0
47 15 0.157 2 1
171 5 0.807 2 0
14 52 0.069 2 1
199 30 1.236 2 0
13 30 0.066 2 0
11 40 0.038 2 0
39 15 0.125 2 1
175 52 0.515 2 1
11 100 0.074 2 1
45 40 0.148 2 0
56 22 0.189 2 1
53 70 0.159 2 1
38 22 0.125 2 0
19 22 0.119 2 0
16 100 0.068 2 0
22 30 0.089 2 0
25 22 0.103 2 0
35 70 0.148 2 0
179 52 0.579 2 0
192 22 0.580 2 0
79 100 0.248 2 1
15 22 0.067 2 0
14 10 0.056 2 1
42 52 0.141 2 0
13 15 0.041 2 0
96 30 0.505 2 1
25 10 0.086 2 1
45 5 0.144 2 0
11 70 0.064 2 0
295 10 1.126 2 0
59 5 0.248 2 0
146 15 0.756 2 0
25 100 0.076 2 0
29 52 0.174 2 1
39 100 0.156 2 0
120 10 0.374 2 0
25 5 0.123 2 0
194 70 0.614 2 0
71 22 0.324 2 0
124 22 0.705 2 0
39 52 0.236 2 0
33 52 0.165 2 1
66 100 0.412 2 1
10 52 0.034 2 1
125 5 0.579 2 1
11 22 0.042 2 1
34 100 0.120 2 0
314 52 1.246 2 0
208 70 1.396 2 0
32 70 0.098 2 0
308 40 1.925 2 0
10 30 0.038 2 0
55 10 0.160 2 0
52 40 0.161 2 0
35 5 0.127 2 1
178 10 0.761 2 1
135 40 0.446 2 0
17 15 0.052 2 0
266 10 0.811 2 0
35 5 0.161 2 0
36 30 0.205 2 0
198 52 0.710 2 1
17 30 0.104 2 0
197 40 0.773 2 1
68 70 0.356 2 0
45 22 0.140 2 0
39 100 0.155 2 0
78 5 0.295 2 0
57 100 0.201 2 0
11 100 0.035 2 1
11 22 0.071 2 0
23 30 0.086 2 0
47 10 0.137 2 0
156 40 0.788 2 0
11 15 0.037 2 0
19 5 0.089 2 0
163 52 0.773 2 1
19 22 0.080 2 0
21 52 0.113 2 0
231 15 1.079 2 1
331 30 1.025 2 1
192 100 0.759 2 0
26 100 0.083 2 0
42 5 0.179 2 0
49 100 0.182 2 0
172 22 0.526 2 0
178 70 0.840 2 0
95 10 0.480 2 0
19 70 0.122 2 0
292 52 1.659 2 0
126 15 0.387 2 0
198 40 0.753 2 1
12 10 0.041 2 0
43 15 0.234 2 0
231 22 0.947 2 1
170 40 0.739 2 0
91 30 0.511 2 1
212 22 1.247 2 1
320 70 1.339 2 1
18 15 0.060 2 1
243 10 0.779 2 0
27 40 0.155 2 0
98 5 0.375 2 0
203 15 0.707 2 0
62 22 0.187 2 0
79 52 0.279 2 0
24 52 0.136 2 0
53 100 0.207 2 1
47 30 0.198 2 0
280 15 0.883 2 0
10 10 0.051 2 1
11 10 0.060 2 0
34 10 0.162 2 0
58 10 0.220 2 0
37 15 0.130 2 1
50 70 0.153 2 1
110 15 0.356 2 0
147 70 0.648 2 0
17 30 0.051 2 0
23 15 0.099 2 1
151 70 0.444 2 0
78 10 0.479 2 1
19 52 0.079 2 0
16 30 0.103 2 0
65 100 0.422 2 0
216 22 0.745 2 0
18 100 0.094 2 1
39 52 0.162 2 0
37 30 0.117 2 0
199 100 1.053 2 0
19 5 0.084 2 1
22 30 0.099 2 0
78 40 0.331 2 1
74 5 0.216 2 0
37 100 0.186 2 0
25 70 0.129 2 0
16 40 0.061 2 1
73 10 0.217 2 0
138 30 0.521 2 0
11 40 0.064 2 1
134 15 0.431 2 0
170 15 0.599 2 1
88 30 0.512 2 1
15 30 0.096 2 0
48 40 0.202 2 1
130 15 0.461 2 1
57 40 0.221 2 0
28 100 0.141 2 1
30 10 0.105 2 1
56 22 0.239 2 0
20 100 0.104 2 1
11 15 0.044 2 0
32 10 0.110 2 0
26 22 0.113 2 0
70 40 0.308 2 0
18 10 0.087 2 0
18 10 0.054 2 0
133 100 0.414 2 0
65 22 0.297 2 0
13 10 0.050 2 0
21 15 0.107 2 0
174 52 0.576 2 1
65 15 0.239 2 0
26 52 0.113 2 0
154 70 0.672 2 1
118 100 0.570 2 0
161 5 0.709 2 0
12 52 0.050 2 1
41 5 0.146 2 0
57 30 0.303 2 0
133 40 0.723 2 0
23 5 0.087 2 0
11 22 0.056 2 0
26 22 0.121 2 0
58 30 0.331 2 0
33 10 0.171 2 0
132 70 0.863 2 1
43 70 0.251 2 0
20 40 0.061 2 0
178 100 0.767 2 1
13 22 0.042 2 1
121 70 0.531 2 0
63 5 0.223 2 1
24 22 0.086 2 0
133 52 0.550 2 0
33 22 0.100 2 0
16 22 0.062 2 1
31 22 0.159 2 0
156 70 0.862 2 1
65 10 0.325 2 0
183 100 0.796 2 1
18 70 0.066 2 0
63 30 0.268 2 0
77 10 0.258 2 0
67 70 0.249 2 1
17 15 0.051 2 0
50 70 0.269 2 1
280 40 1.134 2 0
57 22 0.176 2 0
129 10 0.506 2 1
10 40 0.031 2 0
12 40 0.044 2 0
61 70 0.290 2 0
26 15 0.079 2 0
26 100 0.120 2 0
77 5 0.344 2 0
80 52 0.503 2 0
100 100 0.408 2 0
12 22 0.068 2 0
10 40 0.060 2 0
29 52 0.096 2 0
14 52 0.090 2 0
21 22 0.061 2 1
33 100 0.106 2 1
35 10 0.119 2 0
38 40 0.119 2 0
103 30 0.589 2 0
13 10 0.039 2 0
39 5 0.199 2 0
215 70 0.668 2 1
113 15 0.447 2 1
32 15 0.186 2 0
100 52 0.341 2 1
174 15 1.067 2 0
42 10 0.149 2 0
60 22 0.186 2 0
61 70 0.191 2 0
27 52 0.091 2 1
62 10 0.231 2 0
25 10 0.105 2 1
33 100 0.123 2 0
53 70 0.177 2 0
34 100 0.186 2 0
63 70 0.203 2 1
10 10 0.038 2 0
53 70 0.173 2 1
19 70 0.094 2 1
90 10 0.466 2 0
16 70 0.066 2 1
48 10 0.306 2 1
24 15 0.076 2 1
285 40 1.686 2 0
47 22 0.147 2 1
36 40 0.180 2 0
13 22 0.042 2 0
36 15 0.170 2 0
23 30 0.069 2 0
76 15 0.306 2 0
184 5 0.811 2 1
161 30 0.603 2 0
14 40 0.048 2 0
231 10 0.675 2 0
126 15 0.417 2 0
80 5 0.245 2 1
26 30 0.133 2 0
26 70 0.129 2 0
123 30 0.508 2 0
78 22 0.363 2 1
29 40 0.196 2 1
108 22 0.425 2 1
32 40 0.175 2 1
172 15 0.659 2 0
162 22 0.640 2 0
131 70 0.494 2 1
53 52 0.176 2 0
11 5 0.058 2 0
247 100 0.961 2 0
155 40 0.994 2 1
13 10 0.054 2 1
11 22 0.035 2 0
14 100 0.049 2 1
16 10 0.070 2 0
12 52 0.051 2 0
184 40 0.687 2 0
52 100 0.214 2 0
69 22 0.229 2 0
294 52 1.205 2 1
26 30 0.149 2 1
109 22 0.367 2 0
307 52 1.476 2 1
20 22 0.132 2 1
16 40 0.048 2 0
290 15 0.993 2 1
35 10 0.138 2 0
83 40 0.386 2 0
49 30 0.299 2 1
13 52 0.067 2 1
11 52 0.066 2 0
163 52 0.780 2 0
15 70 0.090 2 1
138 70 0.537 2 0
10 30 0.066 2 1
42 100 0.175 2 1
76 30 0.241 2 0
54 100 0.300 2 0
51 40 0.192 2 0
58 10 0.331 2 1
19 40 0.097 2 0
129 5 0.381 2 0
268 52 0.882 2 0
59 70 0.215 2 0
16 22 0.091 2 1
178 30 1.072 2 0
79 5 0.263 2 0
26 15 0.095 2 1
66 22 0.429 2 0
80 10 0.245 2 0
13 70 0.059 2 0
131 22 0.775 2 0
