20 15 0.076 0 2
37 15 0.131 0 1
30 22 0.190 0 1
77 30 0.363 0 2
11 30 0.042 0 1
38 52 0.119 0 1
15 40 0.047 0 1
33 40 0.131 0 2
90 52 0.356 0 2
49 10 0.187 0 1
33 100 0.183 0 1
139 30 0.618 0 2
127 22 0.658 0 1
54 5 0.179 0 1
48 22 0.191 0 1
54 40 0.249 0 1
154 22 0.664 0 2
18 10 0.077 0 2
182 5 1.159 0 1
19 70 0.096 0 1
131 10 0.460 0 2
11 15 0.041 0 1
14 5 0.084 0 2
71 10 0.351 0 2
165 70 0.503 0 1
125 10 0.434 0 1
72 22 0.271 0 1
74 22 0.338 0 2
31 70 0.133 0 1
59 22 0.263 0 2
37 15 0.177 0 1
15 100 0.052 0 1
15 30 0.086 0 2
39 70 0.156 0 1
42 15 0.264 0 2
249 10 1.004 0 2
13 15 0.053 0 1
204 5 1.214 0 2
19 40 0.099 0 1
33 70 0.135 0 1
48 52 0.189 0 1
75 70 0.472 0 1
61 100 0.384 0 2
34 70 0.192 0 1
42 52 0.130 0 2
19 40 0.093 0 1
73 30 0.422 0 2
190 30 0.785 0 1
67 15 0.283 0 2
63 5 0.326 0 2
36 10 0.142 0 1
17 40 0.083 0 1
33 15 0.123 0 2
17 10 0.077 0 1
131 22 0.851 0 1
50 70 0.175 0 1
111 5 0.539 0 1
168 5 0.573 0 1
245 100 0.854 0 2
13 70 0.053 0 2
38 70 0.188 0 2
16 100 0.076 0 2
18 22 0.054 0 2
93 70 0.351 0 1
247 22 0.892 0 1
192 40 0.877 0 1
73 100 0.406 0 1
18 22 0.056 0 2
42 10 0.164 0 2
13 22 0.053 0 1
249 10 1.311 0 1
23 70 0.122 0 2
67 100 0.277 0 2
29 40 0.091 0 2
46 100 0.135 0 2
28 100 0.187 0 1
34 40 0.179 0 1
34 52 0.140 0 1
26 100 0.119 0 1
72 30 0.245 0 1
279 10 1.130 0 2
154 10 0.661 0 2
193 22 0.970 0 2
11 30 0.056 0 1
60 52 0.306 0 1
77 100 0.365 0 1
23 70 0.091 0 1
30 10 0.140 0 1
14 70 0.042 0 2
39 5 0.133 0 2
323 22 1.141 0 2
188 5 0.655 0 1
37 70 0.187 0 2
27 5 0.087 0 1
10 5 0.029 0 2
79 15 0.342 0 1
45 22 0.158 0 2
67 10 0.387 0 2
78 70 0.235 0 2
18 40 0.070 0 2
108 22 0.371 0 2
279 15 0.959 0 1
158 5 0.940 0 2
28 100 0.130 0 2
25 15 0.084 0 1
26 100 0.154 0 2
38 40 0.245 0 2
87 22 0.486 0 1
24 5 0.119 0 2
213 15 0.819 0 2
37 5 0.186 0 1
247 30 0.748 0 1
31 52 0.146 0 1
60 10 0.297 0 2
62 40 0.239 0 1
24 40 0.149 0 2
41 30 0.184 0 2
19 70 0.070 0 1
76 40 0.313 0 1
78 15 0.247 0 1
198 10 0.606 0 2
86 40 0.251 0 1
31 52 0.093 0 2
202 40 1.020 0 1
163 5 0.741 0 1
40 15 0.182 0 2
16 15 0.062 0 1
194 70 0.898 0 1
330 15 1.166 0 2
30 40 0.091 0 2
69 52 0.217 0 1
17 10 0.107 0 2
18 52 0.053 0 2
163 10 0.498 0 2
156 52 0.825 0 1
33 30 0.146 0 2
37 52 0.153 0 1
41 10 0.148 0 1
122 100 0.385 0 1
280 70 1.697 0 2
199 10 0.591 0 2
43 30 0.144 0 2
14 15 0.060 0 2
22 15 0.074 0 2
333 70 1.601 0 2
23 70 0.135 0 2
24 52 0.091 0 1
70 15 0.280 0 1
127 70 0.396 0 2
33 70 0.129 0 2
20 100 0.110 0 1
22 52 0.072 0 1
182 52 0.569 0 2
135 70 0.542 0 1
11 22 0.056 0 2
40 70 0.147 0 2
78 52 0.292 0 2
12 15 0.053 0 2
17 100 0.080 0 1
12 70 0.045 0 2
182 30 0.621 0 1
158 52 1.013 0 2
77 5 0.247 0 2
16 22 0.048 0 2
69 100 0.247 0 1
70 22 0.278 0 1
18 10 0.053 0 2
18 52 0.122 0 2
25 70 0.096 0 2
13 100 0.055 0 2
68 100 0.234 0 2
30 52 0.095 0 1
13 40 0.039 0 1
11 30 0.068 0 2
31 15 0.106 0 1
19 10 0.057 0 2
174 10 0.685 0 2
20 30 0.096 0 1
67 22 0.438 0 1
320 5 1.584 0 1
34 22 0.126 0 2
63 10 0.394 0 2
127 15 0.825 0 2
19 70 0.092 0 2
30 5 0.112 0 1
18 70 0.079 0 1
61 40 0.288 0 1
330 52 1.213 0 1
173 100 0.920 0 2
22 30 0.095 0 2
10 100 0.039 0 2
21 40 0.072 0 2
170 40 0.733 0 2
127 15 0.760 0 2
237 100 0.952 0 1
214 30 0.781 0 2
37 100 0.155 0 1
48 22 0.208 0 2
150 70 0.694 0 2
270 30 1.216 0 2
17 70 0.096 0 2
42 5 0.186 0 1
56 40 0.170 0 2
302 22 1.899 0 1
37 30 0.108 0 1
38 40 0.138 0 2
15 15 0.058 0 2
269 100 0.937 0 1
28 40 0.109 0 2
48 100 0.198 0 1
14 40 0.086 0 2
37 40 0.199 0 2
177 10 0.728 0 2
119 70 0.583 0 1
56 40 0.185 0 2
10 5 0.041 0 2
15 70 0.071 0 2
23 70 0.104 0 1
14 22 0.056 0 1
150 5 0.453 0 2
179 30 0.728 0 1
36 30 0.125 0 2
283 15 0.934 0 1
57 100 0.284 0 2
38 100 0.196 0 2
243 52 0.721 0 2
46 100 0.245 0 2
102 22 0.429 0 1
32 22 0.100 0 2
192 30 0.885 0 1
49 22 0.239 0 1
14 40 0.067 0 1
27 30 0.106 0 1
48 30 0.245 0 1
19 100 0.063 0 2
126 30 0.382 0 1
12 52 0.065 0 1
22 40 0.086 0 1
270 5 0.831 0 2
32 5 0.103 0 2
24 52 0.088 0 1
69 10 0.423 0 1
10 22 0.049 0 1
22 40 0.066 0 1
19 22 0.119 0 2
11 100 0.073 0 2
22 10 0.097 0 2
121 5 0.409 0 1
49 40 0.188 0 2
10 52 0.060 0 1
30 30 0.090 0 2
34 5 0.157 0 2
67 30 0.211 0 2
48 22 0.182 0 2
17 5 0.066 0 1
251 100 1.146 0 2
12 70 0.045 0 1
56 10 0.206 0 1
13 5 0.059 0 1
37 30 0.109 0 1
13 10 0.047 0 2
150 30 0.852 0 1
53 10 0.216 0 1
38 40 0.153 0 2
252 70 1.605 0 2
71 15 0.281 0 2
15 30 0.049 0 2
221 52 0.742 0 2
17 40 0.088 0 2
34 5 0.193 0 2
25 10 0.132 0 1
34 100 0.155 0 1
15 15 0.050 0 1
126 30 0.381 0 1
73 22 0.248 0 1
34 5 0.108 0 2
36 22 0.171 0 2
184 100 0.646 0 2
14 70 0.055 0 1
32 10 0.111 0 2
15 40 0.057 0 2
224 5 0.669 0 1
313 40 1.267 0 1
56 40 0.199 0 2
47 30 0.251 0 1
117 5 0.344 0 1
47 10 0.164 0 1
19 5 0.114 0 1
27 15 0.132 0 1
175 15 0.956 0 1
21 22 0.093 0 1
39 40 0.220 0 1
114 30 0.444 0 2
17 5 0.052 0 1
233 30 0.685 0 2
164 10 0.828 0 2
54 30 0.329 0 1
29 15 0.105 0 2
178 40 0.685 0 1
89 30 0.287 0 1
23 40 0.089 0 1
61 52 0.296 0 2
33 100 0.116 0 2
13 70 0.072 0 1
306 40 1.074 0 2
73 40 0.243 0 2
182 5 1.221 0 1
23 52 0.075 0 2
23 15 0.088 0 1
74 22 0.333 0 2
53 70 0.248 0 1
175 15 0.714 0 2
329 15 1.300 0 1
18 5 0.107 0 1
50 5 0.244 0 1
192 100 0.560 0 2
19 52 0.081 0 1
172 100 0.548 0 1
51 40 0.323 0 1
54 40 0.258 0 2
72 10 0.295 0 2
47 40 0.141 0 2
21 70 0.094 0 2
57 10 0.178 0 2
68 22 0.238 0 2
14 5 0.050 0 1
11 70 0.051 0 1
35 100 0.233 0 2
160 22 0.672 0 2
16 10 0.047 0 1
19 100 0.075 0 1
71 30 0.265 0 2
71 30 0.326 0 2
12 100 0.057 0 1
34 52 0.119 0 2
142 52 0.615 0 2
309 40 1.136 0 2
40 70 0.214 0 1
246 15 0.851 0 2
13 52 0.087 0 1
18 30 0.108 0 2
74 30 0.363 0 1
42 52 0.129 0 1
158 40 0.648 0 1
165 10 0.559 0 2
111 70 0.716 0 1
27 40 0.152 0 1
35 70 0.114 0 1
17 30 0.052 0 1
103 40 0.328 0 2
56 40 0.180 0 1
158 10 0.845 0 2
29 40 0.093 0 2
22 30 0.082 0 2
20 40 0.061 0 2
51 100 0.187 0 2
72 15 0.282 0 1
22 100 0.103 0 1
207 30 1.169 0 1
75 70 0.221 0 2
32 70 0.188 0 1
62 70 0.320 0 1
74 15 0.407 0 1
180 100 0.594 0 2
147 15 0.735 0 1
50 5 0.216 0 2
46 70 0.171 0 1
32 10 0.211 0 1
161 52 1.088 0 1
124 100 0.582 0 2
13 10 0.054 0 2
22 30 0.077 0 1
84 70 0.327 0 1
68 40 0.263 0 1
208 40 1.246 0 2
280 22 1.037 0 2
191 5 0.932 0 1
90 30 0.310 0 1
22 52 0.146 0 2
37 100 0.117 0 1
27 70 0.081 0 1
13 5 0.041 0 1
135 5 0.462 0 2
25 22 0.156 0 1
20 52 0.124 0 1
234 5 0.907 0 2
78 22 0.356 0 1
17 30 0.067 0 2
183 22 1.181 0 2
292 52 0.912 0 1
31 30 0.130 0 1
74 10 0.454 0 1
29 5 0.134 0 1
213 22 0.807 0 2
52 40 0.237 0 1
318 15 1.104 0 2
10 40 0.036 0 1
17 10 0.083 0 1
43 22 0.157 0 2
22 40 0.116 0 1
31 5 0.095 0 1
139 15 0.618 0 2
23 70 0.079 0 2
70 100 0.278 0 2
83 15 0.280 0 1
19 70 0.109 0 2
13 70 0.053 0 1
332 100 1.243 0 2
57 10 0.339 0 2
147 22 0.880 0 1
196 30 0.966 0 2
120 52 0.674 0 2
22 5 0.094 0 2
166 10 0.814 0 1
150 22 0.773 0 2
77 10 0.376 0 2
181 40 0.808 0 1
26 30 0.096 0 1
40 15 0.151 0 2
25 5 0.148 0 1
17 100 0.061 0 1
151 100 0.799 0 2
114 100 0.695 0 1
39 52 0.191 0 1
254 40 1.004 0 1
85 10 0.541 0 2
98 22 0.508 0 2
18 10 0.119 0 2
19 40 0.077 0 1
23 70 0.095 0 2
38 52 0.113 0 1
295 100 1.432 0 2
16 22 0.058 0 2
78 52 0.382 0 1
66 40 0.375 0 1
52 100 0.347 0 1
80 70 0.440 0 2
46 52 0.164 0 2
115 15 0.363 0 1
75 5 0.326 0 1
83 5 0.264 0 2
59 22 0.214 0 1
59 30 0.266 0 2
321 22 1.294 0 2
77 30 0.425 0 2
10 100 0.047 0 1
19 5 0.064 0 1
192 5 0.877 0 1
15 40 0.049 0 1
49 40 0.222 0 2
16 5 0.063 0 2
316 52 1.557 0 1
69 10 0.240 0 1
54 70 0.217 0 1
27 22 0.178 0 1
199 52 0.585 0 1
17 30 0.050 0 1
212 10 1.211 0 2
79 5 0.506 0 1
21 52 0.061 0 1
37 22 0.146 0 2
43 40 0.132 0 2
13 22 0.044 0 1
74 5 0.316 0 2
137 10 0.539 0 2
27 22 0.109 0 1
76 30 0.478 0 1
28 30 0.130 0 1
14 5 0.065 0 2
10 52 0.046 0 2
179 30 0.673 0 2
109 10 0.378 0 1
61 10 0.194 0 1
117 15 0.453 0 2
50 40 0.238 0 2
25 100 0.080 0 1
21 52 0.130 0 1
30 30 0.199 0 1
29 22 0.087 0 1
40 30 0.148 0 1
189 10 0.848 0 2
79 70 0.510 0 1
24 100 0.130 0 2
31 70 0.144 0 2
83 70 0.469 0 1
97 40 0.288 0 2
194 5 0.924 0 1
69 52 0.385 0 1
12 52 0.043 0 2
30 30 0.103 0 2
189 10 0.892 0 2
24 40 0.110 0 2
194 22 0.924 0 1
18 30 0.115 0 2
141 52 0.435 0 2
125 30 0.510 0 1
19 100 0.110 0 2
51 70 0.198 0 2
78 40 0.348 0 1
77 22 0.226 0 1
83 10 0.350 0 1
183 15 1.220 0 1
171 10 1.082 0 2
20 52 0.098 0 2
32 10 0.150 0 1
169 22 0.849 0 2
17 40 0.063 0 2
14 40 0.041 0 1
16 70 0.049 0 1
27 15 0.091 0 1
87 10 0.478 0 2
14 22 0.044 0 1
138 10 0.642 0 2
302 70 1.313 0 2
105 30 0.475 0 2
46 30 0.159 0 2
60 15 0.385 0 2
21 15 0.127 0 1
145 15 0.642 0 2
152 30 0.589 0 1
136 40 0.477 0 1
170 70 0.802 0 2
54 5 0.266 0 1
73 40 0.278 0 2
62 52 0.249 0 2
14 30 0.058 0 1
29 40 0.170 0 2
71 15 0.335 0 1
64 52 0.193 0 2
19 5 0.076 0 1
71 40 0.428 0 1
17 40 0.104 0 1
54 5 0.235 0 2
54 30 0.179 0 2
126 15 0.589 0 2
191 10 0.718 0 2
224 70 0.918 0 1
172 40 0.664 0 1
17 22 0.060 0 1
114 40 0.452 0 2
192 40 0.646 0 1
45 15 0.231 0 2
12 10 0.049 0 1
196 100 0.580 0 1
19 22 0.066 0 1
59 5 0.381 0 1
268 15 0.795 0 1
16 100 0.053 0 2
142 70 0.683 0 2
11 40 0.051 0 1
199 100 0.661 0 1
72 15 0.254 0 2
73 30 0.259 0 1
53 100 0.286 0 2
28 15 0.101 0 2
49 5 0.165 0 1
117 22 0.506 0 1
10 70 0.032 0 1
10 40 0.062 0 1
164 70 0.545 0 2
48 22 0.155 0 2
18 40 0.112 0 2
122 15 0.537 0 1
37 30 0.162 0 1
14 52 0.043 0 1
265 70 1.056 0 2
28 10 0.157 0 2
320 100 1.119 0 2
70 40 0.380 0 1
10 22 0.062 0 1
28 70 0.125 0 2
60 22 0.186 0 1
29 40 0.105 0 1
20 52 0.071 0 1
62 52 0.209 0 2
133 100 0.842 0 1
77 5 0.238 0 1
23 10 0.092 0 1
13 52 0.039 0 1
34 5 0.177 0 1
23 10 0.072 0 1
21 10 0.085 0 2
36 70 0.231 0 1
10 5 0.037 0 1
269 22 1.293 0 1
19 22 0.061 0 2
89 70 0.274 0 2
64 100 0.207 0 1
68 15 0.327 0 2
15 5 0.045 0 2
43 52 0.244 0 2
35 100 0.132 0 1
41 5 0.177 0 1
12 40 0.062 0 2
37 5 0.141 0 2
184 52 0.692 0 2
15 40 0.097 0 2
15 22 0.047 0 1
58 10 0.236 0 2
19 52 0.096 0 2
18 15 0.055 0 1
44 40 0.179 0 1
55 5 0.247 0 2
245 100 1.178 0 1
14 70 0.076 0 1
17 30 0.058 0 1
29 5 0.105 0 1
276 100 0.989 0 1
18 40 0.095 0 1
21 22 0.071 0 1
247 52 1.314 0 1
73 70 0.218 0 2
218 100 1.141 0 2
44 40 0.146 0 2
173 15 0.678 0 1
71 10 0.397 0 2
36 100 0.145 0 1
140 22 0.417 0 1
35 40 0.236 0 2
189 70 0.670 0 1
36 100 0.110 0 1
124 52 0.370 0 2
17 40 0.089 0 1
32 10 0.138 0 2
25 10 0.123 0 1
71 52 0.401 0 2
35 22 0.142 0 1
19 100 0.067 0 2
19 40 0.064 0 1
40 40 0.131 0 2
12 30 0.036 0 2
29 40 0.094 0 1
38 22 0.156 0 1
31 5 0.097 0 1
74 70 0.347 0 1
35 40 0.125 0 1
53 70 0.351 0 2
178 15 1.203 0 1
39 22 0.117 0 2
79 70 0.261 0 2
36 10 0.132 0 2
42 22 0.210 0 2
48 10 0.233 0 2
194 22 1.244 0 1
55 15 0.279 0 1
87 70 0.473 0 1
54 70 0.210 0 1
150 10 0.450 0 1
204 40 0.753 0 2
44 40 0.239 0 1
22 40 0.111 0 1
123 52 0.618 0 2
99 70 0.324 0 2
10 22 0.054 0 2
143 22 0.514 0 1
95 5 0.583 0 1
18 70 0.064 0 2
193 100 1.142 0 2
219 30 1.048 0 1
21 10 0.086 0 2
25 15 0.079 0 1
83 70 0.421 0 1
93 15 0.454 0 1
71 100 0.455 0 1
156 22 0.719 0 2
11 40 0.038 0 2
14 100 0.092 0 1
129 52 0.540 0 2
270 22 1.274 0 2
263 22 1.154 0 2
25 10 0.117 0 2
35 5 0.164 0 2
79 100 0.333 0 1
20 22 0.114 0 2
145 70 0.890 0 1
79 40 0.332 0 1
10 10 0.040 0 1
12 30 0.055 0 2
37 40 0.147 0 1
169 52 0.858 0 1
111 52 0.411 0 2
38 10 0.123 0 1
13 22 0.065 0 1
18 52 0.054 0 2
37 5 0.166 0 1
85 100 0.459 0 2
23 100 0.069 0 2
11 52 0.039 0 1
36 5 0.143 0 2
36 10 0.243 0 2
167 15 0.525 0 1
239 15 0.703 0 1
146 5 0.646 0 2
60 22 0.294 0 1
13 40 0.042 0 2
19 40 0.112 0 1
295 15 1.505 0 1
54 10 0.358 0 2
65 10 0.363 0 1
122 70 0.356 0 1
34 70 0.165 0 1
22 15 0.086 0 1
190 5 0.674 0 1
103 5 0.479 0 2
73 10 0.427 0 1
275 100 1.590 0 2
100 100 0.392 0 1
68 15 0.240 0 2
238 5 1.150 0 2
73 22 0.237 0 2
54 10 0.186 0 1
17 40 0.075 0 1
17 100 0.084 0 1
10 70 0.032 0 2
157 22 0.621 0 2
37 30 0.115 0 1
17 40 0.073 0 1
38 15 0.165 0 1
12 100 0.069 0 2
49 30 0.215 0 1
72 22 0.256 0 2
46 100 0.287 0 1
25 30 0.116 0 1
146 22 0.652 0 1
19 5 0.074 0 2
108 70 0.386 0 1
99 15 0.454 0 1
14 70 0.068 0 2
30 30 0.150 0 1
40 70 0.206 0 2
10 15 0.037 0 2
36 40 0.136 0 2
19 5 0.059 0 1
37 10 0.140 0 2
206 15 0.662 0 1
83 100 0.258 0 1
65 30 0.305 0 1
46 10 0.140 0 1
20 22 0.120 0 1
317 52 1.771 0 1
19 5 0.063 0 2
21 52 0.082 0 2
22 70 0.093 0 2
36 70 0.243 0 2
76 5 0.514 0 1
18 40 0.060 0 2
17 40 0.050 0 1
33 52 0.145 0 1
23 30 0.081 0 2
316 5 0.991 0 1
153 30 0.481 0 1
49 52 0.266 0 1
78 52 0.239 0 1
16 40 0.094 0 2
10 15 0.037 0 1
67 100 0.335 0 2
29 52 0.085 0 1
61 22 0.318 0 2
72 70 0.222 0 2
36 10 0.126 0 1
36 15 0.228 0 2
22 100 0.067 0 1
11 30 0.055 0 1
17 30 0.093 0 1
69 70 0.244 0 2
98 10 0.417 0 1
78 52 0.318 0 2
28 52 0.102 0 1
16 15 0.068 0 1
79 15 0.482 0 2
37 15 0.140 0 2
210 30 0.719 0 2
44 52 0.256 0 2
53 70 0.190 0 2
37 5 0.242 0 2
16 10 0.054 0 1
24 30 0.075 0 2
63 15 0.280 0 2
147 5 0.778 0 2
17 10 0.085 0 1
234 100 0.851 0 1
10 30 0.037 0 1
61 22 0.201 0 2
36 10 0.141 0 1
12 100 0.056 0 1
19 40 0.104 0 1
30 22 0.159 0 1
26 10 0.077 0 1
50 100 0.221 0 2
11 100 0.042 0 1
141 15 0.656 0 1
193 40 0.569 0 1
18 15 0.085 0 1
255 52 0.785 0 2
60 100 0.185 0 1
72 15 0.251 0 1
179 10 1.065 0 2
37 70 0.194 0 1
33 5 0.219 0 1
66 22 0.267 0 1
74 30 0.233 0 2
16 10 0.092 0 1
15 10 0.090 0 1
40 30 0.190 0 2
67 52 0.362 0 2
25 52 0.126 0 2
155 10 1.040 0 1
82 5 0.282 0 2
17 52 0.062 0 1
75 10 0.369 0 2
195 10 0.595 0 1
37 22 0.194 0 2
15 5 0.056 0 1
205 5 1.030 0 2
64 22 0.296 0 1
17 70 0.075 0 2
36 70 0.155 0 1
41 40 0.191 0 2
38 40 0.125 0 2
42 70 0.196 0 2
183 10 0.538 0 1
24 100 0.075 0 1
13 52 0.059 0 1
17 40 0.077 0 2
10 10 0.045 0 1
52 10 0.162 0 1
17 70 0.094 0 2
17 100 0.052 0 1
50 52 0.316 0 2
11 30 0.054 0 2
194 5 1.096 0 2
70 40 0.438 0 2
90 5 0.375 0 1
195 15 0.637 0 2
18 40 0.072 0 1
174 22 0.554 0 2
25 40 0.075 0 1
169 5 1.006 0 2
74 10 0.352 0 2
138 5 0.616 0 1
18 40 0.084 0 2
99 5 0.458 0 1
22 40 0.109 0 1
10 40 0.050 0 1
32 30 0.190 0 1
61 70 0.285 0 2
12 40 0.055 0 2
247 52 0.755 0 2
159 22 0.903 0 1
83 100 0.444 0 2
120 40 0.465 0 2
269 52 1.098 0 2
37 70 0.200 0 2
147 100 0.936 0 2
160 22 0.559 0 1
192 15 0.946 0 1
222 10 1.480 0 1
35 22 0.203 0 2
115 40 0.650 0 2
38 5 0.189 0 2
11 5 0.034 0 1
14 40 0.059 0 2
197 40 1.322 0 2
12 40 0.076 0 1
13 15 0.067 0 2
34 15 0.215 0 2
194 5 1.268 0 2
29 15 0.087 0 1
34 40 0.121 0 2
172 52 1.012 0 2
95 22 0.348 0 1
319 10 1.164 0 1
16 10 0.057 0 1
25 30 0.115 0 1
17 40 0.071 0 2
15 5 0.063 0 2
35 15 0.127 0 2
35 100 0.114 0 1
132 5 0.427 0 2
162 52 0.549 0 1
13 22 0.081 0 2
195 100 0.789 0 2
11 52 0.062 0 1
258 40 0.822 0 2
52 40 0.172 0 2
55 22 0.335 0 1
24 10 0.139 0 2
93 15 0.429 0 1
30 70 0.127 0 2
71 5 0.401 0 1
13 22 0.073 0 1
72 70 0.239 0 1
145 70 0.980 0 2
15 70 0.074 0 1
86 10 0.475 0 2
80 15 0.257 0 1
18 52 0.067 0 1
129 30 0.694 0 1
75 22 0.355 0 2
96 30 0.585 0 1
10 100 0.051 0 2
24 10 0.093 0 1
30 40 0.127 0 2
26 10 0.158 0 2
37 52 0.233 0 1
60 52 0.345 0 1
10 100 0.029 0 2
239 22 1.414 0 1
99 40 0.363 0 1
36 30 0.180 0 2
28 30 0.102 0 2
22 5 0.083 0 2
22 30 0.086 0 1
41 10 0.144 0 2
18 22 0.058 0 2
11 70 0.073 0 2
21 100 0.085 0 2
12 5 0.078 0 1
25 30 0.088 0 2
10 70 0.035 0 2
270 70 1.089 0 1
63 15 0.284 0 2
233 10 0.759 0 2
25 70 0.120 0 2
25 52 0.091 0 1
10 10 0.041 0 1
15 70 0.074 0 1
197 5 1.194 0 1
338 5 1.910 0 1
275 5 0.911 0 1
34 52 0.126 0 2
139 5 0.577 0 2
289 52 0.863 0 2
84 70 0.354 0 1
29 5 0.132 0 2
141 70 0.627 0 2
29 5 0.134 0 2
33 30 0.109 0 1
65 40 0.382 0 2
54 15 0.307 0 2
57 40 0.365 0 2
12 100 0.081 0 1
15 15 0.071 0 2
32 5 0.152 0 1
335 52 1.763 0 1
42 52 0.125 0 2
19 52 0.080 0 1
19 22 0.058 0 2
79 30 0.322 0 1
37 10 0.129 0 2
10 52 0.037 0 2
39 52 0.225 0 1
20 100 0.135 0 1
55 22 0.169 0 1
190 15 0.611 0 2
47 30 0.142 0 2
45 100 0.170 0 1
32 70 0.098 0 1
42 10 0.124 0 1
11 40 0.037 0 1
58 22 0.170 0 2
58 22 0.275 0 2
76 52 0.295 0 2
39 100 0.134 0 2
50 100 0.228 0 1
29 22 0.128 0 1
77 22 0.245 0 1
38 52 0.127 0 1
72 10 0.330 0 1
160 5 0.506 0 2
22 52 0.079 0 1
165 40 0.829 0 1
157 22 0.503 0 2
76 100 0.386 0 1
290 5 1.000 0 1
336 40 1.436 0 2
288 52 1.933 0 2
28 100 0.169 0 1
31 100 0.201 0 2
10 30 0.051 0 2
13 5 0.075 0 2
150 15 0.448 0 1
16 10 0.049 0 2
17 10 0.061 0 2
189 5 0.959 0 1
25 15 0.103 0 2
22 100 0.066 0 1
59 10 0.174 0 1
71 70 0.241 0 1
229 52 1.363 0 2
66 22 0.193 0 2
74 40 0.224 0 2
14 15 0.048 0 2
30 30 0.133 0 1
203 52 0.910 0 2
45 100 0.204 0 2
121 22 0.812 0 2
36 40 0.131 0 1
15 100 0.073 0 2
335 70 1.345 0 1
167 15 0.949 0 1
11 22 0.047 0 2
50 52 0.167 0 2
14 22 0.055 0 2
20 22 0.067 0 2
182 52 1.230 0 1
33 40 0.102 1 2
165 70 1.107 1 0
19 5 0.092 1 0
29 5 0.168 1 2
36 30 0.221 1 0
26 5 0.102 1 0
336 30 1.723 1 0
10 5 0.040 1 0
283 15 0.976 1 0
197 22 1.101 1 0
175 10 0.534 1 2
56 15 0.331 1 0
100 22 0.568 1 0
137 40 0.878 1 2
24 22 0.103 1 0
180 70 0.636 1 0
174 22 0.888 1 0
153 15 0.702 1 0
56 10 0.346 1 0
16 40 0.105 1 0
12 22 0.079 1 0
77 40 0.225 1 0
12 22 0.041 1 2
12 70 0.065 1 0
183 52 0.598 1 0
115 5 0.423 1 2
50 15 0.265 1 0
237 15 1.000 1 0
133 100 0.559 1 0
183 52 0.651 1 2
18 10 0.061 1 2
38 40 0.114 1 0
32 5 0.152 1 0
24 40 0.121 1 0
136 100 0.786 1 0
119 100 0.431 1 0
190 5 0.742 1 0
37 52 0.169 1 0
44 30 0.139 1 0
180 52 0.732 1 0
13 100 0.053 1 0
30 22 0.158 1 2
80 40 0.324 1 0
231 52 0.700 1 2
25 22 0.073 1 2
83 52 0.407 1 0
78 5 0.456 1 0
104 100 0.310 1 2
229 5 0.939 1 2
107 30 0.512 1 0
34 100 0.183 1 0
18 70 0.061 1 0
32 10 0.119 1 0
65 40 0.191 1 2
11 15 0.047 1 0
18 5 0.111 1 0
63 52 0.325 1 2
17 10 0.065 1 0
72 5 0.285 1 2
56 5 0.333 1 0
19 15 0.120 1 0
17 40 0.071 1 0
14 100 0.048 1 2
66 5 0.308 1 0
166 5 0.741 1 0
45 40 0.201 1 0
64 10 0.366 1 2
19 30 0.074 1 0
157 70 0.547 1 0
90 40 0.372 1 0
269 40 0.900 1 2
36 40 0.134 1 0
40 52 0.212 1 0
120 70 0.741 1 0
11 22 0.034 1 2
68 52 0.250 1 2
41 5 0.153 1 2
14 70 0.042 1 0
25 70 0.081 1 0
48 5 0.189 1 2
10 10 0.049 1 0
165 22 0.552 1 0
32 52 0.113 1 0
64 10 0.364 1 0
76 70 0.240 1 0
276 52 1.272 1 2
12 30 0.059 1 2
279 52 0.818 1 0
17 10 0.090 1 0
27 70 0.144 1 0
37 70 0.198 1 0
60 52 0.395 1 0
17 100 0.057 1 2
332 52 0.994 1 0
68 70 0.202 1 0
178 22 0.733 1 0
190 10 0.751 1 2
65 10 0.323 1 0
19 5 0.066 1 2
84 10 0.275 1 0
171 52 1.140 1 0
35 5 0.102 1 0
55 30 0.161 1 2
27 22 0.089 1 0
11 15 0.039 1 0
86 22 0.354 1 0
11 70 0.051 1 0
45 70 0.198 1 0
11 30 0.045 1 0
220 15 0.651 1 2
35 70 0.235 1 2
33 40 0.107 1 2
63 70 0.317 1 0
96 5 0.419 1 2
33 22 0.192 1 0
58 5 0.197 1 0
36 40 0.231 1 0
30 100 0.092 1 0
274 30 0.913 1 2
60 100 0.278 1 2
77 30 0.467 1 2
10 70 0.036 1 2
17 52 0.058 1 0
199 40 0.594 1 0
84 40 0.318 1 0
170 52 0.588 1 2
22 5 0.145 1 2
132 70 0.868 1 2
12 30 0.043 1 2
198 10 0.750 1 0
14 52 0.042 1 0
122 30 0.365 1 0
147 52 0.728 1 0
165 70 0.660 1 0
52 70 0.295 1 0
131 30 0.693 1 0
86 70 0.288 1 0
19 5 0.064 1 0
21 15 0.098 1 0
41 100 0.168 1 0
20 52 0.060 1 2
42 5 0.200 1 0
59 5 0.190 1 0
25 100 0.112 1 2
11 70 0.065 1 0
44 40 0.214 1 0
16 10 0.073 1 0
62 70 0.380 1 0
12 30 0.064 1 0
39 10 0.219 1 0
40 70 0.265 1 0
303 40 1.629 1 0
284 52 0.907 1 0
10 15 0.031 1 2
60 52 0.223 1 2
20 22 0.083 1 0
135 10 0.399 1 0
79 70 0.292 1 0
23 52 0.068 1 0
20 10 0.091 1 2
182 30 0.778 1 0
17 22 0.058 1 0
16 70 0.053 1 0
49 52 0.176 1 0
79 22 0.271 1 2
24 15 0.090 1 2
79 10 0.359 1 0
19 100 0.098 1 0
19 52 0.128 1 2
16 15 0.054 1 2
15 70 0.051 1 0
59 30 0.232 1 0
72 22 0.419 1 0
216 100 1.113 1 2
20 100 0.090 1 0
30 22 0.106 1 0
19 15 0.069 1 2
164 70 0.896 1 0
50 22 0.244 1 0
25 15 0.163 1 0
127 100 0.756 1 2
71 30 0.467 1 2
25 100 0.108 1 0
14 100 0.081 1 2
11 70 0.070 1 0
36 5 0.157 1 0
64 5 0.220 1 0
31 30 0.095 1 0
49 70 0.167 1 2
12 52 0.055 1 0
20 10 0.065 1 0
146 70 0.948 1 0
193 30 1.261 1 2
19 52 0.083 1 2
95 15 0.343 1 0
185 100 0.688 1 2
71 40 0.268 1 0
113 70 0.689 1 0
37 30 0.151 1 0
11 10 0.071 1 0
17 30 0.053 1 0
70 40 0.449 1 0
11 5 0.039 1 0
175 52 0.651 1 0
17 30 0.071 1 0
37 30 0.120 1 0
336 22 1.867 1 0
17 70 0.056 1 0
17 40 0.086 1 2
30 100 0.132 1 2
146 70 0.772 1 2
79 70 0.242 1 2
68 40 0.234 1 2
53 15 0.282 1 0
158 15 0.712 1 0
58 15 0.204 1 0
15 10 0.065 1 2
130 22 0.637 1 0
12 100 0.047 1 2
37 22 0.116 1 0
37 52 0.180 1 0
37 70 0.111 1 2
26 40 0.077 1 2
32 100 0.157 1 2
13 10 0.053 1 2
73 5 0.317 1 0
39 22 0.128 1 0
54 100 0.211 1 0
67 10 0.233 1 2
30 30 0.159 1 0
129 30 0.385 1 0
36 30 0.164 1 0
49 5 0.302 1 2
68 22 0.322 1 0
155 15 0.891 1 0
15 15 0.047 1 0
19 40 0.061 1 0
19 22 0.087 1 2
21 10 0.077 1 0
25 22 0.078 1 0
19 22 0.059 1 0
67 15 0.237 1 0
227 5 1.290 1 2
163 52 0.578 1 0
96 40 0.294 1 0
39 10 0.155 1 0
34 15 0.169 1 2
24 40 0.094 1 0
37 40 0.125 1 2
29 10 0.143 1 2
11 30 0.039 1 0
192 22 0.950 1 0
51 22 0.309 1 0
140 30 0.483 1 0
181 22 0.624 1 0
18 22 0.068 1 2
31 30 0.111 1 2
171 70 0.525 1 0
80 100 0.342 1 0
10 70 0.043 1 0
301 15 1.881 1 0
11 15 0.043 1 2
71 5 0.260 1 0
25 5 0.117 1 0
42 30 0.222 1 0
10 40 0.034 1 2
46 30 0.167 1 0
180 10 0.638 1 0
138 100 0.437 1 0
10 22 0.034 1 0
10 15 0.052 1 0
91 22 0.314 1 0
32 70 0.127 1 0
188 40 0.720 1 0
127 5 0.492 1 0
26 15 0.084 1 0
61 40 0.215 1 0
172 10 0.804 1 2
15 5 0.075 1 0
58 15 0.177 1 0
21 52 0.100 1 0
26 22 0.126 1 2
16 52 0.080 1 0
60 10 0.231 1 0
40 70 0.200 1 0
62 22 0.222 1 2
57 70 0.246 1 0
38 100 0.215 1 2
204 5 1.369 1 2
18 5 0.078 1 0
157 30 0.527 1 0
36 100 0.171 1 2
51 40 0.251 1 0
66 100 0.322 1 0
30 40 0.094 1 0
12 40 0.051 1 0
39 30 0.154 1 2
136 10 0.527 1 0
18 40 0.061 1 0
38 70 0.154 1 0
16 70 0.073 1 2
25 15 0.082 1 0
57 40 0.274 1 0
18 40 0.074 1 0
20 10 0.079 1 2
15 30 0.060 1 0
45 22 0.263 1 2
96 40 0.453 1 0
21 70 0.115 1 0
141 100 0.516 1 0
136 40 0.540 1 2
112 40 0.365 1 2
39 40 0.141 1 0
73 30 0.270 1 2
34 70 0.140 1 2
42 52 0.276 1 0
46 70 0.160 1 0
29 100 0.108 1 2
231 40 1.283 1 0
85 30 0.304 1 0
198 15 1.222 1 0
65 10 0.196 1 2
19 70 0.096 1 0
23 15 0.126 1 2
37 10 0.161 1 2
12 40 0.069 1 0
76 100 0.244 1 0
11 30 0.052 1 0
195 52 0.582 1 2
13 22 0.056 1 0
35 22 0.119 1 0
39 15 0.163 1 2
133 100 0.538 1 2
169 30 0.585 1 0
266 22 1.343 1 0
55 40 0.177 1 0
62 100 0.405 1 0
30 30 0.088 1 2
161 52 0.479 1 0
131 10 0.417 1 0
15 5 0.095 1 2
19 22 0.099 1 0
15 40 0.047 1 2
208 30 0.756 1 2
31 40 0.207 1 0
14 15 0.047 1 0
79 15 0.470 1 0
182 100 0.538 1 0
19 15 0.064 1 0
44 10 0.275 1 2
179 15 0.891 1 0
23 52 0.087 1 2
272 52 1.030 1 0
31 5 0.181 1 2
69 100 0.383 1 0
117 15 0.639 1 2
49 52 0.155 1 2
312 22 1.054 1 0
144 10 0.610 1 2
146 5 0.777 1 2
139 40 0.421 1 0
69 15 0.216 1 0
301 15 1.254 1 0
152 10 0.468 1 0
17 100 0.063 1 2
23 40 0.086 1 2
39 70 0.116 1 0
76 5 0.254 1 0
130 15 0.802 1 0
271 10 1.139 1 2
32 10 0.163 1 2
42 22 0.142 1 0
55 15 0.357 1 0
34 10 0.101 1 0
19 70 0.087 1 0
29 5 0.100 1 0
255 40 1.635 1 0
39 5 0.157 1 0
12 10 0.046 1 0
27 40 0.083 1 0
11 30 0.046 1 2
39 40 0.157 1 0
71 22 0.388 1 0
20 5 0.100 1 0
275 52 1.113 1 0
42 10 0.258 1 2
14 22 0.046 1 0
44 40 0.190 1 2
56 40 0.276 1 2
49 10 0.207 1 0
41 52 0.138 1 2
243 30 1.381 1 0
198 40 0.884 1 2
46 70 0.235 1 0
75 30 0.490 1 2
25 100 0.095 1 0
163 30 1.052 1 2
266 10 1.162 1 0
133 5 0.887 1 2
61 15 0.284 1 2
37 5 0.147 1 2
78 40 0.289 1 0
14 15 0.077 1 0
65 10 0.195 1 2
66 100 0.219 1 2
134 100 0.456 1 2
45 15 0.146 1 2
11 70 0.034 1 0
78 22 0.255 1 0
260 10 1.135 1 0
21 15 0.074 1 0
81 5 0.238 1 2
19 22 0.099 1 0
271 100 0.869 1 2
139 5 0.785 1 2
18 30 0.108 1 0
13 100 0.069 1 0
99 40 0.508 1 0
230 100 1.337 1 0
27 5 0.095 1 2
37 22 0.198 1 2
17 5 0.081 1 0
70 5 0.250 1 0
73 40 0.371 1 2
141 10 0.855 1 0
41 40 0.128 1 0
55 40 0.206 1 2
10 100 0.044 1 2
28 5 0.115 1 0
16 40 0.047 1 2
12 40 0.054 1 0
68 52 0.407 1 0
30 40 0.103 1 0
24 22 0.102 1 2
94 70 0.531 1 2
79 70 0.350 1 2
86 30 0.262 1 0
203 10 1.080 1 2
12 70 0.062 1 2
13 40 0.041 1 0
73 5 0.474 1 0
18 10 0.100 1 0
50 40 0.174 1 2
164 40 0.502 1 0
38 5 0.221 1 0
14 52 0.045 1 0
158 52 0.527 1 0
12 52 0.052 1 0
35 22 0.146 1 2
209 15 1.066 1 2
93 22 0.567 1 0
18 22 0.061 1 0
17 40 0.052 1 2
53 70 0.169 1 0
61 100 0.199 1 2
28 40 0.099 1 0
50 40 0.294 1 0
33 5 0.099 1 0
16 70 0.051 1 0
21 40 0.104 1 0
55 40 0.284 1 2
100 52 0.298 1 0
121 70 0.486 1 0
200 22 0.709 1 0
17 22 0.056 1 2
10 5 0.050 1 0
17 5 0.052 1 0
112 15 0.541 1 0
61 22 0.295 1 2
14 100 0.083 1 0
66 5 0.229 1 2
55 22 0.297 1 0
50 10 0.223 1 2
39 15 0.123 1 0
16 52 0.082 1 0
16 40 0.060 1 2
38 30 0.248 1 2
95 10 0.411 1 0
117 100 0.504 1 0
73 22 0.390 1 2
152 10 0.459 1 0
34 100 0.130 1 0
53 30 0.218 1 2
33 70 0.142 1 0
35 100 0.205 1 0
12 5 0.048 1 0
79 70 0.239 1 0
72 100 0.226 1 0
18 100 0.063 1 0
78 10 0.245 1 0
57 30 0.192 1 2
12 5 0.060 1 0
180 22 0.529 1 0
23 15 0.120 1 0
45 22 0.135 1 0
18 100 0.070 1 0
195 100 0.569 1 0
215 100 0.830 1 2
120 5 0.533 1 2
195 100 0.725 1 0
51 5 0.198 1 0
177 70 1.047 1 0
15 22 0.050 1 0
92 30 0.561 1 0
14 100 0.043 1 0
11 10 0.033 1 0
70 5 0.323 1 2
337 30 1.822 1 0
13 52 0.080 1 0
207 22 0.784 1 0
140 52 0.586 1 2
25 5 0.119 1 0
308 5 1.760 1 2
18 10 0.076 1 0
19 100 0.097 1 2
16 15 0.054 1 0
72 10 0.351 1 0
34 15 0.127 1 0
22 30 0.126 1 0
54 10 0.290 1 0
23 52 0.112 1 2
94 52 0.591 1 2
44 5 0.155 1 2
240 10 1.463 1 0
193 70 0.569 1 2
38 40 0.197 1 0
121 70 0.781 1 0
37 30 0.197 1 2
49 5 0.234 1 2
14 30 0.078 1 0
87 5 0.279 1 2
268 10 1.301 1 0
92 30 0.544 1 2
188 52 0.908 1 2
30 30 0.179 1 2
23 40 0.111 1 2
18 5 0.101 1 2
99 5 0.321 1 2
336 30 1.826 1 2
10 30 0.031 1 2
62 22 0.373 1 0
146 5 0.723 1 0
148 30 0.467 1 0
47 70 0.199 1 0
303 52 1.464 1 0
70 22 0.412 1 0
239 15 0.952 1 0
10 40 0.042 1 0
49 15 0.218 1 0
74 30 0.418 1 0
26 40 0.079 1 0
21 40 0.077 1 0
27 40 0.155 1 2
28 22 0.156 1 0
191 30 0.813 1 2
11 22 0.047 1 2
10 40 0.037 1 2
15 52 0.052 1 0
13 22 0.040 1 0
295 100 1.069 1 2
77 100 0.440 1 2
12 100 0.041 1 0
10 15 0.062 1 2
65 10 0.301 1 2
32 70 0.094 1 0
32 52 0.103 1 0
12 30 0.077 1 0
29 10 0.113 1 2
213 100 1.005 1 2
185 22 0.619 1 2
327 15 1.493 1 2
199 30 1.137 1 0
18 5 0.065 1 2
19 70 0.066 1 2
14 15 0.051 1 2
19 15 0.060 1 0
34 40 0.173 1 0
27 5 0.119 1 0
71 5 0.346 1 0
57 10 0.352 1 0
19 5 0.063 1 2
143 30 0.450 1 0
18 40 0.085 1 0
49 40 0.213 1 2
33 52 0.183 1 0
101 22 0.363 1 2
88 5 0.440 1 0
17 100 0.080 1 0
56 5 0.230 1 0
146 30 0.673 1 0
134 5 0.580 1 0
29 15 0.109 1 2
11 70 0.049 1 0
30 5 0.146 1 0
40 100 0.215 1 0
69 22 0.354 1 0
74 10 0.298 1 2
46 70 0.234 1 2
15 5 0.045 1 0
53 70 0.250 1 0
267 52 0.918 1 2
10 30 0.030 1 2
19 100 0.061 1 0
22 22 0.108 1 0
14 52 0.081 1 2
176 70 0.718 1 2
13 52 0.059 1 0
77 70 0.425 1 0
63 22 0.199 1 2
25 40 0.110 1 0
39 22 0.138 1 0
73 15 0.221 1 0
43 100 0.168 1 0
77 15 0.233 1 0
27 52 0.089 1 2
195 52 1.309 1 0
13 100 0.060 1 0
146 30 0.502 1 0
132 40 0.576 1 0
38 52 0.135 1 0
58 22 0.216 1 2
67 22 0.245 1 0
39 22 0.163 1 2
18 70 0.090 1 2
22 30 0.097 1 2
16 70 0.049 1 0
42 10 0.195 1 0
162 40 0.866 1 0
79 5 0.302 1 0
68 100 0.238 1 2
162 10 0.707 1 0
13 5 0.038 1 0
15 52 0.079 1 0
140 40 0.619 1 0
141 22 0.898 1 0
64 10 0.366 1 0
25 70 0.076 1 0
36 100 0.158 1 0
277 22 0.952 1 0
43 100 0.128 1 0
13 22 0.043 1 0
18 30 0.055 1 0
38 22 0.130 1 0
77 15 0.393 1 0
44 52 0.228 1 0
42 5 0.241 1 0
20 70 0.135 1 0
193 70 0.970 1 0
25 22 0.155 1 2
118 22 0.399 1 0
62 30 0.265 1 0
31 70 0.138 1 0
29 100 0.142 1 0
32 30 0.129 1 0
23 30 0.077 1 2
12 22 0.080 1 0
26 5 0.107 1 0
67 100 0.392 1 0
211 100 0.986 1 0
99 100 0.318 1 0
158 5 0.473 1 0
118 70 0.413 1 2
32 100 0.140 1 0
78 100 0.348 1 0
161 5 0.752 1 0
141 100 0.470 1 2
46 70 0.192 1 0
26 100 0.078 1 2
36 40 0.153 1 0
18 52 0.068 1 2
23 100 0.073 1 0
69 30 0.421 1 0
79 5 0.238 1 0
145 10 0.780 1 0
56 52 0.253 1 2
12 70 0.065 1 2
42 5 0.194 1 0
16 30 0.060 1 2
76 15 0.293 1 2
148 5 0.860 1 0
19 10 0.088 1 0
27 15 0.096 1 0
294 15 1.035 1 2
14 30 0.051 1 0
36 30 0.207 1 2
194 10 0.655 1 2
29 70 0.104 1 0
19 52 0.094 1 0
35 5 0.143 1 0
24 10 0.158 1 0
29 15 0.103 1 0
16 40 0.057 1 0
15 52 0.072 1 0
12 100 0.055 1 2
127 15 0.455 1 2
38 40 0.233 1 2
15 5 0.077 1 2
310 30 1.455 1 0
31 30 0.112 1 0
28 40 0.166 1 2
12 10 0.041 1 2
72 15 0.267 1 2
14 10 0.082 1 0
57 5 0.186 1 2
245 5 0.793 1 2
67 30 0.222 1 2
16 70 0.091 1 0
170 22 0.525 1 0
60 70 0.185 1 0
150 100 0.754 1 0
74 10 0.307 1 0
326 70 1.062 1 0
54 15 0.228 1 0
145 100 0.509 1 2
101 100 0.302 1 0
73 30 0.243 1 0
11 30 0.064 1 0
70 52 0.208 1 0
69 40 0.262 1 0
46 15 0.149 1 0
205 100 0.603 1 0
195 10 0.684 1 2
174 15 0.580 1 0
68 10 0.209 1 0
110 22 0.426 1 0
18 70 0.066 1 0
17 5 0.070 1 0
192 70 1.215 1 0
38 10 0.244 1 2
38 5 0.180 1 0
20 70 0.084 1 2
148 70 0.529 1 0
148 70 0.658 1 0
29 30 0.136 1 2
12 22 0.037 1 2
116 22 0.655 1 0
109 30 0.699 1 0
117 40 0.468 1 0
18 10 0.059 1 2
26 22 0.080 1 2
29 10 0.159 1 0
15 10 0.046 1 0
190 100 0.805 1 0
30 100 0.098 1 2
18 100 0.058 1 0
81 22 0.279 1 2
23 5 0.126 1 0
16 30 0.072 1 0
261 15 1.074 1 0
42 15 0.185 1 0
132 100 0.543 1 0
25 52 0.103 1 2
10 40 0.041 1 0
40 30 0.146 1 0
35 15 0.107 1 0
111 10 0.363 1 0
91 52 0.345 1 2
18 15 0.063 1 0
80 22 0.283 1 2
18 100 0.064 1 2
43 100 0.209 1 2
17 5 0.050 1 0
72 5 0.486 1 0
32 100 0.118 1 2
22 22 0.091 1 0
16 30 0.057 1 0
64 22 0.246 1 0
14 15 0.061 1 2
28 52 0.140 1 0
160 22 0.914 1 2
55 52 0.268 1 0
127 15 0.481 1 0
14 70 0.048 1 0
134 70 0.556 1 0
142 30 0.478 1 0
144 100 0.486 1 2
255 70 1.016 1 2
28 30 0.091 1 0
333 22 1.405 1 0
40 15 0.148 1 0
66 5 0.237 1 2
19 100 0.064 1 0
13 22 0.040 1 0
165 10 0.481 1 0
158 5 0.585 1 0
37 22 0.124 1 0
148 30 0.509 1 0
37 5 0.156 1 0
154 30 0.890 1 2
11 10 0.038 1 0
32 5 0.127 1 2
338 100 1.142 1 0
36 100 0.137 1 0
97 22 0.284 1 0
10 100 0.038 1 0
43 15 0.156 1 0
35 22 0.205 1 0
237 40 0.853 1 0
73 40 0.287 1 0
304 22 1.024 1 0
10 52 0.042 1 0
18 100 0.093 1 2
41 100 0.186 1 0
44 40 0.151 1 0
66 5 0.386 1 2
20 52 0.094 1 0
186 22 0.669 1 0
178 70 0.664 1 0
47 5 0.153 1 0
68 30 0.273 1 0
60 52 0.242 1 0
131 40 0.645 1 2
149 22 0.931 1 0
33 5 0.124 1 2
178 30 0.640 1 0
130 70 0.798 1 0
39 5 0.155 1 0
82 30 0.264 1 0
102 22 0.449 1 0
93 100 0.381 1 2
32 40 0.212 1 2
60 100 0.180 1 0
10 5 0.056 1 0
35 15 0.164 1 0
34 22 0.177 1 0
39 52 0.122 1 0
12 40 0.040 1 2
22 70 0.086 1 2
54 22 0.353 1 0
14 5 0.092 1 0
130 40 0.583 1 0
19 22 0.078 1 0
17 22 0.057 1 2
57 70 0.237 1 2
15 10 0.067 1 0
32 40 0.137 1 0
161 70 0.619 1 2
16 40 0.061 1 0
15 30 0.066 1 2
31 10 0.134 1 2
140 52 0.515 1 0
87 22 0.544 1 2
109 5 0.454 1 0
14 15 0.051 1 2
77 100 0.304 1 0
37 52 0.123 1 2
13 52 0.038 1 0
76 100 0.248 1 0
92 70 0.310 1 0
110 5 0.547 1 0
160 5 0.625 1 0
190 52 0.763 1 0
50 10 0.237 1 0
77 70 0.487 1 2
29 10 0.098 1 0
116 52 0.644 1 0
22 15 0.112 1 0
46 30 0.236 1 2
134 52 0.409 1 0
19 100 0.127 1 0
193 100 0.766 1 2
69 30 0.262 1 0
180 100 0.545 1 0
72 22 0.350 1 0
58 10 0.209 1 0
145 52 0.457 1 0
49 40 0.168 1 2
150 40 0.932 1 0
55 30 0.348 1 2
82 40 0.554 1 0
32 10 0.095 1 2
21 52 0.088 1 0
10 30 0.030 1 2
38 52 0.117 1 2
15 15 0.062 1 2
18 40 0.093 1 0
11 5 0.043 1 2
36 100 0.220 1 0
60 22 0.179 1 0
10 22 0.056 1 0
231 70 0.840 1 0
318 15 1.120 1 0
34 15 0.105 1 0
34 15 0.200 1 0
62 30 0.199 1 0
60 40 0.274 1 2
78 5 0.263 1 0
30 100 0.105 1 0
103 52 0.381 1 0
54 5 0.180 1 0
22 15 0.079 1 0
14 5 0.042 1 2
164 70 0.488 1 2
13 52 0.088 1 2
16 10 0.063 1 0
163 100 0.652 1 2
48 52 0.159 1 2
21 70 0.130 1 0
78 5 0.470 1 0
17 52 0.069 1 0
66 52 0.296 1 0
26 10 0.086 1 2
17 100 0.059 1 0
172 15 0.869 1 0
24 30 0.092 1 0
19 22 0.073 1 0
192 22 0.850 1 0
50 5 0.153 1 0
13 70 0.077 1 2
51 40 0.180 1 0
268 100 0.865 1 0
50 10 0.187 1 0
37 70 0.143 1 2
69 5 0.437 1 0
96 70 0.366 1 2
14 30 0.059 1 0
171 22 0.533 1 0
55 22 0.186 1 0
232 100 0.737 1 0
331 5 1.770 1 0
39 10 0.124 1 2
11 30 0.071 1 2
12 70 0.046 1 2
120 15 0.453 1 0
17 30 0.060 1 0
42 40 0.148 1 0
15 52 0.061 1 0
210 5 1.082 1 2
163 10 0.807 1 0
166 100 0.539 1 0
111 40 0.725 1 2
50 40 0.163 1 0
25 15 0.078 1 2
131 5 0.565 1 0
242 52 1.260 1 2
39 52 0.239 1 2
11 40 0.036 1 2
53 10 0.179 1 0
36 30 0.150 1 0
62 40 0.186 1 0
15 40 0.053 1 2
36 5 0.120 1 2
17 15 0.074 1 0
171 30 0.552 1 2
38 52 0.121 1 0
80 5 0.269 1 0
17 70 0.062 1 2
36 100 0.126 1 2
30 100 0.107 1 0
23 22 0.154 1 2
26 40 0.080 1 2
88 30 0.311 1 0
90 70 0.347 1 0
119 40 0.763 1 0
12 70 0.056 1 0
19 52 0.083 1 0
31 15 0.114 1 0
14 30 0.093 1 2
224 100 0.734 1 0
13 5 0.039 1 0
188 100 1.056 1 0
83 52 0.317 1 0
76 10 0.315 1 2
16 40 0.069 1 0
15 52 0.097 1 0
16 5 0.051 1 0
21 40 0.131 1 0
16 100 0.048 1 0
18 70 0.062 1 2
50 15 0.238 1 2
61 22 0.367 1 0
10 52 0.049 1 0
133 52 0.621 1 0
16 10 0.058 1 0
85 15 0.252 1 2
159 100 0.556 1 0
15 52 0.076 1 0
17 70 0.050 1 2
249 22 1.233 1 0
15 10 0.091 1 0
12 70 0.062 1 2
315 52 1.969 1 0
54 15 0.168 1 0
213 40 0.910 1 2
30 10 0.091 1 2
13 15 0.041 1 2
104 52 0.378 1 2
27 70 0.164 1 0
47 22 0.280 1 2
179 100 0.653 1 2
31 52 0.114 1 0
264 10 0.868 1 2
33 10 0.100 1 0
16 15 0.083 1 0
297 5 1.147 1 0
20 5 0.112 1 2
30 40 0.174 1 2
53 100 0.222 1 0
13 40 0.040 1 2
321 52 1.151 1 0
18 5 0.055 1 2
72 52 0.291 1 0
10 52 0.043 1 0
134 22 0.398 1 2
65 40 0.226 1 0
31 15 0.128 1 0
17 10 0.071 1 0
17 30 0.067 1 0
17 100 0.102 1 0
10 10 0.063 1 2
10 10 0.056 1 2
12 52 0.049 1 0
14 40 0.060 1 0
32 70 0.188 1 0
22 100 0.124 1 0
46 5 0.165 1 0
29 10 0.107 1 2
39 52 0.131 1 0
11 40 0.063 1 2
19 40 0.098 1 0
39 52 0.223 1 0
75 40 0.493 1 0
59 15 0.345 1 0
49 15 0.174 1 2
105 70 0.495 1 2
68 40 0.231 1 0
58 100 0.235 1 0
29 22 0.168 1 2
65 70 0.226 1 0
303 70 1.478 1 0
166 30 1.107 1 0
11 30 0.040 1 2
10 5 0.043 1 2
31 100 0.127 1 2
64 10 0.383 1 0
144 100 0.453 1 0
11 10 0.034 1 0
55 5 0.276 1 0
25 5 0.109 1 2
139 70 0.545 1 0
30 10 0.101 1 0
36 15 0.212 1 2
25 10 0.115 1 0
57 52 0.210 1 2
142 30 0.467 1 0
23 40 0.145 1 0
45 10 0.181 1 0
179 30 0.670 1 0
19 30 0.082 1 0
17 100 0.054 1 2
54 40 0.184 1 2
77 40 0.294 1 0
111 100 0.487 1 0
21 100 0.062 1 2
13 30 0.064 1 0
43 40 0.149 1 0
66 52 0.196 1 2
146 70 0.488 1 0
29 15 0.185 1 0
115 30 0.381 1 2
16 40 0.057 1 0
98 52 0.301 1 0
10 15 0.041 1 0
210 100 0.658 1 0
23 5 0.095 1 2
120 22 0.400 1 2
102 100 0.483 1 0
181 10 0.823 1 0
12 10 0.079 1 2
56 70 0.352 1 0
100 5 0.461 1 0
76 70 0.484 1 0
59 10 0.393 2 1
154 5 0.484 2 0
76 15 0.422 2 1
135 15 0.799 2 1
17 100 0.051 2 0
59 15 0.173 2 0
60 5 0.186 2 0
22 52 0.074 2 0
20 40 0.093 2 0
35 10 0.144 2 0
85 30 0.336 2 1
133 70 0.599 2 0
29 100 0.116 2 1
187 5 0.656 2 0
140 100 0.513 2 1
79 5 0.254 2 0
107 5 0.489 2 0
132 100 0.473 2 1
16 100 0.062 2 0
195 40 0.915 2 0
151 70 0.521 2 0
293 30 1.320 2 0
19 5 0.064 2 0
174 52 0.674 2 0
92 100 0.319 2 0
52 70 0.174 2 0
240 5 1.395 2 1
10 5 0.030 2 0
15 52 0.082 2 0
137 22 0.895 2 0
13 22 0.067 2 0
47 5 0.221 2 0
197 100 0.831 2 1
324 52 0.985 2 0
50 10 0.318 2 1
65 52 0.244 2 1
18 10 0.091 2 1
194 15 0.581 2 0
29 22 0.176 2 0
204 40 0.810 2 0
173 100 1.000 2 0
23 30 0.144 2 1
70 30 0.467 2 0
32 5 0.161 2 0
19 22 0.112 2 0
133 100 0.504 2 1
153 10 0.939 2 0
256 15 0.776 2 0
163 100 0.522 2 1
128 52 0.736 2 0
18 10 0.061 2 0
32 30 0.126 2 0
17 100 0.061 2 0
15 15 0.057 2 0
28 52 0.161 2 0
32 70 0.116 2 1
164 100 0.695 2 0
53 22 0.290 2 1
21 52 0.110 2 0
121 5 0.766 2 1
31 30 0.091 2 0
65 70 0.193 2 0
42 10 0.164 2 0
52 22 0.218 2 1
28 15 0.161 2 0
11 52 0.061 2 1
151 100 0.602 2 0
10 22 0.037 2 1
16 40 0.051 2 1
194 22 0.622 2 1
175 30 0.603 2 0
62 5 0.194 2 0
68 100 0.207 2 1
47 15 0.147 2 1
16 15 0.068 2 0
11 30 0.033 2 0
15 52 0.050 2 0
12 5 0.052 2 0
229 5 0.927 2 1
16 30 0.050 2 0
94 5 0.277 2 0
26 52 0.174 2 0
61 15 0.241 2 0
18 22 0.069 2 0
31 40 0.109 2 0
78 5 0.366 2 1
31 30 0.105 2 0
48 40 0.211 2 1
69 40 0.205 2 0
11 15 0.050 2 0
14 100 0.042 2 0
15 22 0.058 2 1
45 100 0.158 2 0
57 15 0.377 2 1
52 100 0.225 2 0
13 70 0.053 2 1
54 52 0.221 2 0
29 22 0.091 2 0
144 10 0.541 2 1
19 30 0.090 2 0
141 100 0.524 2 1
24 5 0.156 2 0
73 52 0.238 2 0
195 22 0.995 2 0
26 15 0.167 2 1
254 10 0.812 2 0
164 40 0.531 2 1
53 100 0.213 2 0
175 40 1.012 2 0
218 15 0.673 2 0
29 52 0.133 2 0
329 5 0.976 2 1
31 15 0.127 2 0
79 15 0.322 2 1
106 100 0.397 2 0
124 40 0.368 2 0
32 15 0.162 2 0
11 100 0.043 2 1
14 30 0.046 2 0
14 70 0.054 2 0
132 22 0.398 2 0
70 40 0.278 2 1
234 15 1.500 2 0
33 30 0.198 2 0
15 100 0.066 2 1
12 40 0.062 2 1
17 40 0.062 2 1
19 15 0.062 2 0
13 100 0.042 2 0
18 40 0.107 2 0
63 5 0.254 2 1
62 15 0.330 2 0
20 10 0.110 2 1
204 10 0.879 2 0
26 5 0.133 2 1
40 22 0.171 2 1
34 15 0.163 2 1
13 22 0.041 2 0
128 52 0.595 2 0
41 5 0.151 2 1
18 5 0.067 2 0
108 22 0.543 2 1
11 70 0.044 2 0
30 22 0.102 2 0
37 5 0.146 2 0
83 15 0.244 2 0
32 5 0.143 2 0
25 22 0.079 2 0
32 5 0.109 2 0
174 30 0.554 2 0
62 10 0.186 2 0
174 15 0.558 2 0
19 100 0.109 2 1
26 22 0.110 2 0
31 100 0.205 2 0
85 100 0.397 2 0
96 52 0.490 2 1
68 52 0.262 2 1
164 5 0.619 2 1
47 52 0.148 2 0
16 100 0.103 2 1
16 52 0.050 2 1
110 22 0.354 2 1
198 22 0.643 2 0
38 40 0.153 2 0
33 22 0.127 2 0
29 40 0.106 2 0
193 30 0.814 2 0
13 22 0.051 2 0
150 15 0.993 2 1
26 70 0.115 2 0
16 70 0.059 2 1
16 5 0.049 2 1
185 22 0.670 2 1
320 10 1.088 2 0
133 15 0.652 2 0
30 70 0.118 2 0
24 100 0.097 2 1
32 30 0.179 2 1
182 10 1.167 2 0
78 15 0.348 2 1
12 40 0.065 2 0
50 40 0.287 2 1
15 5 0.046 2 0
246 5 1.218 2 1
12 30 0.047 2 1
72 10 0.324 2 0
34 70 0.107 2 0
194 22 0.951 2 1
127 70 0.403 2 1
170 5 0.717 2 0
16 22 0.063 2 0
17 5 0.102 2 0
14 22 0.074 2 1
134 52 0.677 2 1
130 15 0.496 2 0
68 10 0.395 2 0
13 5 0.052 2 1
41 5 0.255 2 1
14 100 0.084 2 0
13 15 0.084 2 0
186 40 0.710 2 0
47 5 0.237 2 0
32 15 0.208 2 0
158 70 0.534 2 1
70 70 0.385 2 1
188 30 0.612 2 1
114 10 0.514 2 0
178 10 0.881 2 0
28 22 0.170 2 0
205 22 0.683 2 1
160 10 0.947 2 0
53 52 0.170 2 0
24 10 0.076 2 0
18 100 0.093 2 0
15 30 0.044 2 1
74 100 0.477 2 0
25 5 0.145 2 0
22 22 0.071 2 0
171 22 0.506 2 0
11 30 0.035 2 0
165 5 0.511 2 0
44 5 0.153 2 0
171 22 0.710 2 0
148 22 0.725 2 1
110 100 0.382 2 0
11 5 0.036 2 0
44 30 0.164 2 0
25 10 0.127 2 0
135 15 0.587 2 0
66 15 0.250 2 0
18 52 0.077 2 1
58 10 0.185 2 0
13 100 0.046 2 1
99 30 0.317 2 1
45 10 0.155 2 1
320 10 1.155 2 0
70 5 0.263 2 0
138 30 0.481 2 0
35 10 0.112 2 1
46 10 0.175 2 0
18 5 0.082 2 0
97 40 0.301 2 0
24 100 0.148 2 0
17 22 0.079 2 0
10 52 0.034 2 0
37 30 0.167 2 0
12 100 0.074 2 0
26 22 0.119 2 1
12 40 0.043 2 0
99 22 0.399 2 0
14 30 0.043 2 1
335 70 1.872 2 1
206 52 0.675 2 0
21 52 0.092 2 1
47 5 0.160 2 1
18 52 0.103 2 0
13 5 0.044 2 0
164 22 0.868 2 0
159 100 1.032 2 0
100 5 0.332 2 0
83 15 0.339 2 1
144 70 0.571 2 0
42 22 0.219 2 0
48 30 0.324 2 0
212 22 1.309 2 0
108 5 0.361 2 0
10 5 0.047 2 0
19 15 0.109 2 1
47 40 0.263 2 1
15 22 0.062 2 0
39 10 0.131 2 0
68 5 0.232 2 1
11 5 0.044 2 0
13 30 0.045 2 0
104 15 0.486 2 0
23 15 0.087 2 0
16 100 0.074 2 1
103 10 0.384 2 1
20 10 0.061 2 0
39 5 0.150 2 1
22 30 0.068 2 0
228 15 0.797 2 1
21 15 0.127 2 0
35 22 0.113 2 1
156 40 0.487 2 0
34 15 0.182 2 0
261 10 1.728 2 0
18 10 0.095 2 0
41 22 0.168 2 0
14 52 0.043 2 0
48 40 0.279 2 1
302 10 0.959 2 0
173 22 0.655 2 0
12 40 0.048 2 0
105 30 0.434 2 1
21 5 0.089 2 1
79 10 0.497 2 0
104 40 0.327 2 0
166 40 0.664 2 0
38 40 0.112 2 1
72 52 0.338 2 0
199 5 0.591 2 0
38 5 0.156 2 0
105 5 0.530 2 0
12 40 0.048 2 0
81 52 0.316 2 0
97 100 0.394 2 1
21 100 0.127 2 1
47 30 0.224 2 0
145 5 0.668 2 1
48 70 0.203 2 1
102 15 0.351 2 0
12 30 0.055 2 0
36 30 0.136 2 0
29 52 0.094 2 1
79 10 0.280 2 0
181 70 1.207 2 0
47 15 0.201 2 0
73 100 0.247 2 0
10 30 0.030 2 1
14 70 0.041 2 0
259 100 0.780 2 0
182 30 0.897 2 1
23 52 0.103 2 1
90 30 0.354 2 0
47 5 0.211 2 0
57 22 0.213 2 0
260 15 0.855 2 1
179 22 0.932 2 1
72 40 0.286 2 0
60 30 0.216 2 0
14 15 0.065 2 0
251 100 1.641 2 0
83 5 0.516 2 0
28 22 0.137 2 1
164 40 0.763 2 0
25 70 0.079 2 0
48 15 0.270 2 0
194 52 0.924 2 0
74 100 0.277 2 0
29 30 0.117 2 0
24 100 0.129 2 0
16 52 0.048 2 1
337 15 1.043 2 0
49 100 0.198 2 1
19 100 0.107 2 0
30 30 0.087 2 0
18 22 0.067 2 0
72 40 0.277 2 0
107 40 0.522 2 1
17 15 0.081 2 0
17 5 0.059 2 1
14 70 0.052 2 1
41 100 0.128 2 1
46 5 0.237 2 1
184 40 1.219 2 0
31 5 0.164 2 0
327 100 1.220 2 1
24 52 0.088 2 1
23 10 0.078 2 0
120 100 0.444 2 1
23 10 0.135 2 0
11 5 0.042 2 1
38 15 0.151 2 1
184 5 1.102 2 0
28 22 0.140 2 0
17 30 0.061 2 0
12 100 0.035 2 0
137 5 0.830 2 0
24 70 0.091 2 1
65 40 0.210 2 0
166 30 0.580 2 0
43 30 0.214 2 0
46 70 0.153 2 1
113 100 0.368 2 0
216 40 0.663 2 0
75 40 0.299 2 1
118 15 0.771 2 0
31 30 0.101 2 1
27 100 0.112 2 0
167 30 0.739 2 0
48 10 0.145 2 0
33 100 0.147 2 0
53 22 0.203 2 0
183 70 0.821 2 1
36 100 0.196 2 0
16 10 0.056 2 0
33 10 0.162 2 0
179 70 0.613 2 0
153 22 0.508 2 0
61 40 0.367 2 0
17 30 0.070 2 0
70 52 0.268 2 0
176 52 0.876 2 0
28 22 0.095 2 0
38 30 0.162 2 0
16 5 0.049 2 0
221 15 0.648 2 0
94 30 0.370 2 0
14 15 0.045 2 0
131 40 0.406 2 0
21 52 0.089 2 0
43 100 0.242 2 0
12 5 0.044 2 0
149 5 0.788 2 1
57 40 0.315 2 0
60 30 0.237 2 1
15 22 0.088 2 0
19 40 0.065 2 1
18 15 0.091 2 0
39 52 0.199 2 0
24 52 0.084 2 0
64 5 0.317 2 0
100 30 0.332 2 0
23 70 0.146 2 0
10 30 0.054 2 0
183 30 0.753 2 1
237 70 1.082 2 0
10 30 0.067 2 0
77 30 0.360 2 0
59 40 0.206 2 1
192 70 0.906 2 1
57 30 0.205 2 1
31 100 0.183 2 0
36 30 0.132 2 0
31 40 0.129 2 0
37 10 0.109 2 1
19 40 0.059 2 0
168 30 1.006 2 0
168 30 1.077 2 0
13 22 0.073 2 0
57 10 0.261 2 0
169 22 0.934 2 1
39 40 0.169 2 0
24 15 0.099 2 0
79 70 0.252 2 1
70 70 0.338 2 0
162 10 0.508 2 0
33 30 0.125 2 0
13 52 0.064 2 1
83 15 0.497 2 0
207 15 1.203 2 0
313 100 1.094 2 0
51 52 0.255 2 1
35 30 0.131 2 1
18 10 0.079 2 1
162 52 0.536 2 1
97 40 0.485 2 1
17 100 0.053 2 0
81 22 0.252 2 1
185 5 0.771 2 0
10 5 0.041 2 1
78 100 0.335 2 1
19 70 0.079 2 0
110 100 0.440 2 1
17 100 0.052 2 0
29 30 0.139 2 0
28 15 0.124 2 0
71 40 0.210 2 0
183 10 0.568 2 0
70 10 0.235 2 0
15 70 0.061 2 0
26 52 0.160 2 0
87 10 0.325 2 1
18 52 0.103 2 1
36 70 0.129 2 0
69 52 0.240 2 0
19 70 0.064 2 0
180 5 0.641 2 0
77 30 0.475 2 0
70 15 0.256 2 0
73 70 0.292 2 1
14 5 0.051 2 1
126 70 0.660 2 0
85 70 0.321 2 0
26 30 0.157 2 1
18 5 0.063 2 0
124 70 0.488 2 0
194 100 0.792 2 0
231 52 0.767 2 0
11 52 0.039 2 0
45 100 0.153 2 0
189 100 1.000 2 0
38 52 0.225 2 0
66 10 0.238 2 1
60 15 0.249 2 1
229 30 1.371 2 0
34 10 0.221 2 1
173 40 0.994 2 0
32 70 0.198 2 0
79 100 0.446 2 0
56 15 0.230 2 0
173 52 0.906 2 0
43 15 0.198 2 0
199 40 0.686 2 1
103 22 0.318 2 1
14 15 0.067 2 0
18 22 0.060 2 0
101 30 0.334 2 0
30 22 0.105 2 1
29 22 0.101 2 0
10 22 0.053 2 0
15 70 0.096 2 0
181 22 0.675 2 1
185 30 0.631 2 0
15 10 0.047 2 0
32 22 0.135 2 0
186 22 0.738 2 0
10 5 0.038 2 0
70 52 0.233 2 0
31 100 0.134 2 1
11 52 0.045 2 0
19 5 0.083 2 1
32 15 0.106 2 0
25 30 0.100 2 0
125 30 0.806 2 1
16 22 0.070 2 1
168 22 0.836 2 0
94 70 0.580 2 0
26 30 0.089 2 0
18 100 0.059 2 0
18 10 0.061 2 1
92 100 0.342 2 0
21 22 0.074 2 0
10 70 0.041 2 0
32 15 0.111 2 0
17 40 0.067 2 0
18 22 0.067 2 0
86 15 0.541 2 1
15 100 0.074 2 0
59 10 0.265 2 1
24 10 0.079 2 0
141 100 0.946 2 1
33 30 0.134 2 0
25 10 0.106 2 0
319 100 1.089 2 1
38 40 0.127 2 0
66 5 0.262 2 0
15 30 0.045 2 1
12 10 0.037 2 0
40 22 0.175 2 0
110 22 0.537 2 0
15 22 0.077 2 0
68 40 0.370 2 0
106 5 0.325 2 1
25 30 0.140 2 0
19 15 0.126 2 0
101 22 0.345 2 0
108 5 0.369 2 0
43 70 0.195 2 0
18 5 0.053 2 1
79 40 0.290 2 0
16 22 0.081 2 1
73 5 0.233 2 0
38 30 0.132 2 0
28 5 0.120 2 0
19 40 0.074 2 0
16 40 0.076 2 0
69 100 0.202 2 0
32 40 0.161 2 1
40 30 0.146 2 0
31 70 0.099 2 0
37 70 0.185 2 1
174 5 0.617 2 0
24 15 0.100 2 0
14 40 0.054 2 0
18 15 0.064 2 1
33 10 0.156 2 0
289 30 1.829 2 1
19 10 0.063 2 1
217 40 1.064 2 0
11 22 0.040 2 0
10 15 0.059 2 0
275 5 0.811 2 1
54 30 0.266 2 0
61 70 0.268 2 0
70 22 0.366 2 1
248 52 1.112 2 0
116 52 0.344 2 0
14 70 0.047 2 0
329 52 1.183 2 0
48 100 0.214 2 0
39 10 0.131 2 1
80 30 0.473 2 1
174 5 0.594 2 0
35 15 0.129 2 1
17 70 0.072 2 0
208 22 0.732 2 0
44 22 0.148 2 0
126 100 0.555 2 1
293 10 1.118 2 0
82 100 0.327 2 1
42 70 0.132 2 0
24 22 0.076 2 0
176 5 0.838 2 0
51 30 0.174 2 0
19 30 0.060 2 0
16 100 0.077 2 0
139 40 0.470 2 1
14 10 0.085 2 0
29 15 0.171 2 0
65 22 0.275 2 0
129 15 0.581 2 1
17 40 0.095 2 0
69 52 0.454 2 1
211 15 0.653 2 0
135 100 0.754 2 0
90 30 0.301 2 0
64 5 0.203 2 0
16 40 0.047 2 1
69 100 0.244 2 0
11 100 0.048 2 1
15 30 0.050 2 0
104 70 0.405 2 1
51 22 0.221 2 0
76 52 0.293 2 0
186 52 1.170 2 0
13 5 0.062 2 0
26 15 0.123 2 1
24 30 0.113 2 1
317 70 1.258 2 0
40 30 0.157 2 0
191 70 0.620 2 1
101 15 0.523 2 0
145 30 0.480 2 0
11 10 0.074 2 0
21 40 0.124 2 1
17 70 0.072 2 1
70 100 0.446 2 0
182 22 0.652 2 0
325 10 1.720 2 0
14 10 0.046 2 1
10 40 0.048 2 0
19 15 0.123 2 1
98 10 0.300 2 0
68 15 0.289 2 1
258 40 0.893 2 0
157 100 0.695 2 1
74 22 0.385 2 0
21 22 0.068 2 0
68 40 0.273 2 1
187 52 0.570 2 1
26 5 0.104 2 0
143 15 0.443 2 0
257 22 1.539 2 0
23 5 0.116 2 0
33 5 0.208 2 0
129 30 0.390 2 0
68 100 0.312 2 0
68 40 0.228 2 0
166 70 0.535 2 0
33 5 0.189 2 1
77 15 0.362 2 0
68 10 0.313 2 0
198 5 0.921 2 0
109 10 0.677 2 0
120 22 0.412 2 0
25 70 0.084 2 0
219 30 0.716 2 1
13 100 0.078 2 0
100 10 0.336 2 0
196 70 0.594 2 0
49 5 0.194 2 0
27 70 0.105 2 0
28 100 0.124 2 1
29 5 0.141 2 0
19 30 0.128 2 0
14 10 0.070 2 0
12 15 0.077 2 0
109 70 0.394 2 0
103 5 0.592 2 0
34 22 0.183 2 0
28 10 0.172 2 0
44 30 0.202 2 1
56 100 0.316 2 0
76 70 0.292 2 1
55 52 0.359 2 1
133 52 0.696 2 0
27 22 0.081 2 1
134 100 0.583 2 0
30 52 0.165 2 0
173 40 0.579 2 0
19 100 0.102 2 0
25 70 0.088 2 1
15 70 0.051 2 1
14 5 0.048 2 0
14 10 0.056 2 1
169 100 0.569 2 0
176 22 0.685 2 0
195 10 0.657 2 0
106 30 0.393 2 0
300 30 1.158 2 1
61 70 0.204 2 0
93 30 0.282 2 1
34 22 0.139 2 0
94 5 0.337 2 0
10 10 0.044 2 0
10 52 0.043 2 0
74 40 0.225 2 1
47 15 0.141 2 0
102 70 0.297 2 0
60 10 0.181 2 1
109 10 0.341 2 0
55 52 0.205 2 1
68 10 0.211 2 0
187 40 1.120 2 0
41 70 0.141 2 0
19 100 0.067 2 0
39 10 0.245 2 0
166 70 0.772 2 0
137 40 0.578 2 1
171 30 1.006 2 0
191 30 0.918 2 0
45 5 0.238 2 0
50 22 0.183 2 1
29 52 0.127 2 0
199 15 1.112 2 0
26 40 0.091 2 1
210 30 0.805 2 0
29 22 0.104 2 1
114 70 0.498 2 0
50 70 0.157 2 1
49 15 0.166 2 0
12 22 0.041 2 1
77 10 0.310 2 1
17 15 0.066 2 0
42 52 0.247 2 0
77 22 0.372 2 0
39 30 0.152 2 1
135 70 0.431 2 1
29 10 0.161 2 1
262 30 1.588 2 0
61 100 0.242 2 0
46 5 0.297 2 0
140 30 0.464 2 0
154 30 0.631 2 1
46 100 0.143 2 1
18 5 0.113 2 1
26 100 0.098 2 1
16 15 0.050 2 0
64 100 0.190 2 0
17 52 0.111 2 0
121 15 0.393 2 1
250 15 1.543 2 0
162 100 0.474 2 0
168 30 0.875 2 1
15 52 0.070 2 1
30 30 0.130 2 1
43 22 0.274 2 0
182 22 0.574 2 0
153 40 0.595 2 0
37 5 0.172 2 0
36 52 0.108 2 1
212 10 0.673 2 0
13 5 0.044 2 0
37 40 0.112 2 1
75 52 0.364 2 0
29 52 0.170 2 1
19 5 0.057 2 0
14 100 0.066 2 0
27 22 0.101 2 1
27 5 0.119 2 0
70 40 0.461 2 1
156 22 0.632 2 0
113 52 0.748 2 1
30 40 0.097 2 1
48 40 0.245 2 1
31 10 0.095 2 0
55 15 0.192 2 0
142 10 0.592 2 0
246 10 0.817 2 1
77 15 0.277 2 0
53 52 0.226 2 0
147 15 0.485 2 1
19 22 0.083 2 1
10 52 0.031 2 1
73 30 0.290 2 0
15 40 0.086 2 1
303 100 2.020 2 1
75 52 0.484 2 1
23 22 0.154 2 1
98 5 0.452 2 0
161 70 0.475 2 0
42 40 0.169 2 1
178 10 0.836 2 1
61 30 0.205 2 1
204 5 0.782 2 0
38 22 0.183 2 0
66 22 0.320 2 0
298 10 1.851 2 0
12 5 0.037 2 0
21 15 0.085 2 0
11 30 0.064 2 1
31 30 0.099 2 1
73 15 0.384 2 0
42 5 0.169 2 0
67 40 0.222 2 0
83 100 0.259 2 1
29 52 0.100 2 0
44 10 0.228 2 0
171 5 0.891 2 0
37 5 0.128 2 0
71 15 0.220 2 0
129 52 0.586 2 1
16 5 0.060 2 0
74 70 0.411 2 0
42 15 0.131 2 0
16 40 0.085 2 1
152 15 0.647 2 0
20 15 0.087 2 1
52 40 0.169 2 0
19 100 0.058 2 1
30 100 0.144 2 0
94 40 0.287 2 0
142 5 0.582 2 1
134 30 0.486 2 1
164 22 0.828 2 1
77 52 0.339 2 1
131 52 0.388 2 0
15 100 0.069 2 1
263 40 1.223 2 1
70 15 0.294 2 0
144 52 0.960 2 0
58 30 0.183 2 0
35 52 0.144 2 1
36 100 0.143 2 0
58 5 0.188 2 0
189 22 0.647 2 0
142 40 0.793 2 1
13 70 0.075 2 1
18 40 0.059 2 1
17 70 0.115 2 0
12 100 0.050 2 0
152 15 0.450 2 0
34 70 0.228 2 0
33 30 0.106 2 1
18 5 0.095 2 0
213 52 0.839 2 1
28 30 0.120 2 0
35 5 0.103 2 1
83 70 0.297 2 0
316 15 1.197 2 0
112 100 0.381 2 1
124 10 0.391 2 0
65 22 0.209 2 1
36 5 0.129 2 0
12 100 0.041 2 0
26 100 0.078 2 0
18 10 0.070 2 0
157 22 0.867 2 0
124 100 0.397 2 0
29 15 0.114 2 0
184 15 0.580 2 1
90 22 0.386 2 1
10 40 0.032 2 0
192 10 0.653 2 1
31 5 0.194 2 0
15 100 0.076 2 1
59 5 0.198 2 0
86 5 0.500 2 0
81 40 0.519 2 0
49 100 0.190 2 0
176 22 0.654 2 0
18 52 0.097 2 1
10 15 0.064 2 0
14 100 0.055 2 1
15 100 0.067 2 1
20 52 0.090 2 1
21 5 0.112 2 1
12 100 0.037 2 1
45 5 0.250 2 1
12 40 0.057 2 0
245 15 1.601 2 0
59 100 0.175 2 0
337 40 1.971 2 1
26 100 0.097 2 1
22 5 0.091 2 1
19 40 0.070 2 1
281 100 0.884 2 1
195 40 0.765 2 0
337 100 2.133 2 0
15 30 0.048 2 1
83 40 0.328 2 0
312 10 1.300 2 0
67 52 0.206 2 0
181 30 0.528 2 0
20 15 0.062 2 1
45 52 0.158 2 0
122 30 0.731 2 1
54 5 0.182 2 1
70 40 0.432 2 0
106 5 0.328 2 0
68 70 0.327 2 0
111 10 0.326 2 0
26 40 0.167 2 0
32 52 0.121 2 0
16 15 0.073 2 0
78 22 0.248 2 0
25 10 0.131 2 0
162 22 1.038 2 0
137 30 0.488 2 0
39 10 0.210 2 1
11 5 0.037 2 0
51 22 0.213 2 0
150 30 0.478 2 0
11 40 0.047 2 0
170 70 0.854 2 0
92 30 0.369 2 0
38 30 0.148 2 0
84 52 0.301 2 0
109 22 0.545 2 1
17 5 0.109 2 0
60 100 0.176 2 0
17 70 0.053 2 0
177 70 0.766 2 0
17 15 0.093 2 0
68 30 0.218 2 1
31 10 0.134 2 1
12 70 0.054 2 0
74 40 0.224 2 0
108 100 0.420 2 0
75 70 0.281 2 0
176 15 0.649 2 0
72 52 0.348 2 0
13 5 0.043 2 1
76 40 0.247 2 1
13 15 0.075 2 1
207 40 1.247 2 0
18 22 0.085 2 0
36 30 0.141 2 0
19 22 0.092 2 0
52 15 0.205 2 0
38 100 0.203 2 0
61 52 0.335 2 0
11 100 0.059 2 0
88 5 0.344 2 0
26 30 0.104 2 1
231 100 0.773 2 0
339 30 1.119 2 0
116 30 0.362 2 1
145 10 0.522 2 0
29 10 0.133 2 0
43 10 0.272 2 0
14 30 0.042 2 1
16 40 0.086 2 0
120 22 0.376 2 0
65 40 0.215 2 0
27 10 0.130 2 0
127 52 0.676 2 0
30 52 0.093 2 0
47 22 0.176 2 1
211 5 0.909 2 1
269 10 1.217 2 1
13 70 0.048 2 0
73 5 0.349 2 0
75 22 0.261 2 0
132 22 0.584 2 1
12 15 0.072 2 0
183 52 0.836 2 0
28 70 0.113 2 1
273 22 0.812 2 0
92 15 0.495 2 1
21 70 0.070 2 0
79 70 0.414 2 0
63 40 0.420 2 0
334 22 1.931 2 0
38 70 0.187 2 0
133 10 0.452 2 1
54 10 0.263 2 0
147 10 0.642 2 0
15 30 0.097 2 1
22 15 0.086 2 1
59 22 0.263 2 1
31 40 0.187 2 0
214 15 1.281 2 0
30 30 0.109 2 0
94 10 0.381 2 1
112 5 0.612 2 1
11 40 0.037 2 0
269 70 1.217 2 1
62 70 0.203 2 0
37 40 0.123 2 0
83 100 0.249 2 1
95 22 0.302 2 0
44 5 0.193 2 0
35 10 0.108 2 1
38 70 0.132 2 0
42 100 0.144 2 0
49 5 0.160 2 1
158 5 0.642 2 0
71 5 0.353 2 0
11 70 0.040 2 0
84 5 0.459 2 1
15 52 0.054 2 0
22 30 0.082 2 0
84 40 0.384 2 0
47 70 0.173 2 0
36 40 0.122 2 0
13 100 0.063 2 0
97 5 0.527 2 0
28 100 0.135 2 1
167 40 0.570 2 0
19 30 0.064 2 0
197 40 0.938 2 1
68 30 0.266 2 0
23 70 0.079 2 0
44 40 0.133 2 0
13 52 0.046 2 1
17 40 0.050 2 0
10 15 0.032 2 0
114 52 0.713 2 0
15 5 0.045 2 0
76 5 0.318 2 1
17 10 0.059 2 0
129 52 0.469 2 1
22 22 0.113 2 1
86 30 0.355 2 0
33 100 0.117 2 1
28 100 0.168 2 0
36 5 0.242 2 1
89 52 0.432 2 0
