10 10 0.030 0 1
16 10 0.065 0 2
11 5 0.040 0 1
66 40 0.313 0 2
19 15 0.095 0 2
112 5 0.423 0 1
28 40 0.134 0 2
72 100 0.343 0 2
285 15 1.319 0 1
15 30 0.049 0 1
107 70 0.512 0 2
48 40 0.284 0 1
15 15 0.071 0 2
69 10 0.345 0 2
209 40 1.357 0 2
276 15 1.314 0 2
69 22 0.321 0 1
15 10 0.049 0 1
32 30 0.193 0 2
23 5 0.131 0 1
48 15 0.216 0 1
94 5 0.276 0 1
323 5 1.545 0 1
181 100 1.175 0 2
266 22 0.829 0 2
29 70 0.108 0 2
66 22 0.317 0 2
12 70 0.052 0 1
19 15 0.095 0 2
48 30 0.179 0 2
335 10 1.450 0 1
30 40 0.173 0 1
59 100 0.391 0 2
43 40 0.277 0 1
293 15 1.263 0 2
15 100 0.044 0 2
32 40 0.094 0 2
17 10 0.064 0 1
15 22 0.071 0 1
45 22 0.151 0 2
95 100 0.380 0 2
11 10 0.042 0 2
34 10 0.106 0 1
81 5 0.450 0 2
45 40 0.168 0 2
17 100 0.064 0 1
16 15 0.098 0 2
26 15 0.126 0 1
100 30 0.395 0 1
155 100 0.856 0 1
68 40 0.442 0 1
10 30 0.042 0 2
26 70 0.095 0 1
20 52 0.121 0 2
17 15 0.077 0 1
24 30 0.105 0 1
53 15 0.323 0 2
13 100 0.080 0 2
47 5 0.147 0 2
44 22 0.270 0 2
30 52 0.203 0 1
74 100 0.484 0 1
243 15 1.221 0 2
79 5 0.271 0 2
186 10 1.134 0 1
160 100 0.615 0 2
62 40 0.183 0 1
23 5 0.131 0 1
176 30 0.609 0 2
204 40 0.919 0 1
15 5 0.075 0 2
17 22 0.068 0 1
117 22 0.574 0 1
31 70 0.109 0 2
25 40 0.103 0 1
46 22 0.205 0 1
13 52 0.053 0 2
25 15 0.129 0 2
16 40 0.100 0 1
49 22 0.160 0 2
41 52 0.142 0 2
33 5 0.219 0 1
34 52 0.121 0 1
101 22 0.381 0 1
62 10 0.304 0 1
190 5 0.844 0 1
78 52 0.494 0 1
25 70 0.078 0 2
169 5 0.643 0 1
39 5 0.194 0 2
87 22 0.422 0 2
115 100 0.446 0 1
36 30 0.178 0 2
115 5 0.456 0 1
74 15 0.281 0 1
18 40 0.094 0 2
14 40 0.049 0 2
11 10 0.040 0 2
300 10 0.906 0 1
14 40 0.044 0 2
19 15 0.122 0 2
245 40 1.219 0 1
333 5 1.982 0 1
10 100 0.060 0 1
10 10 0.036 0 1
59 15 0.230 0 1
50 30 0.183 0 2
38 5 0.125 0 1
19 15 0.072 0 1
33 52 0.148 0 2
134 40 0.547 0 2
49 30 0.193 0 2
216 52 0.742 0 1
300 5 1.357 0 2
11 40 0.042 0 1
79 30 0.367 0 1
75 22 0.318 0 2
91 70 0.535 0 1
14 40 0.054 0 1
59 15 0.236 0 1
12 10 0.055 0 2
29 70 0.107 0 1
67 5 0.300 0 1
46 70 0.192 0 2
83 30 0.279 0 1
77 22 0.389 0 1
13 10 0.081 0 1
11 30 0.035 0 2
34 100 0.103 0 1
42 40 0.158 0 1
12 15 0.037 0 2
22 100 0.118 0 2
48 5 0.150 0 2
287 70 0.935 0 1
130 10 0.807 0 2
174 100 0.617 0 2
16 22 0.082 0 2
14 22 0.045 0 1
333 70 1.220 0 2
28 52 0.091 0 2
14 15 0.054 0 2
23 22 0.136 0 2
19 30 0.115 0 1
27 100 0.095 0 1
21 100 0.104 0 2
48 100 0.193 0 2
45 100 0.196 0 2
18 52 0.065 0 2
194 40 0.798 0 2
184 40 1.235 0 1
185 52 0.808 0 2
34 30 0.118 0 2
11 10 0.040 0 1
57 70 0.275 0 2
86 100 0.446 0 1
174 10 0.747 0 1
36 15 0.143 0 2
10 100 0.036 0 2
289 15 0.938 0 1
39 40 0.115 0 2
54 15 0.300 0 2
11 52 0.071 0 2
137 15 0.535 0 1
24 100 0.139 0 1
273 40 1.606 0 1
12 22 0.063 0 1
141 70 0.458 0 2
13 5 0.058 0 2
282 22 1.142 0 2
62 100 0.215 0 2
39 5 0.165 0 1
284 5 1.327 0 2
30 100 0.110 0 2
95 22 0.625 0 2
181 5 0.536 0 2
336 40 1.109 0 1
103 40 0.334 0 2
39 10 0.185 0 1
21 30 0.110 0 2
66 100 0.258 0 1
175 15 0.803 0 2
31 22 0.119 0 1
134 52 0.431 0 2
34 30 0.102 0 2
15 15 0.052 0 2
282 22 1.288 0 2
61 30 0.289 0 2
86 10 0.398 0 2
31 5 0.095 0 1
63 5 0.260 0 1
10 70 0.040 0 2
321 15 2.140 0 2
130 30 0.413 0 2
36 40 0.114 0 1
71 100 0.293 0 2
29 5 0.099 0 2
18 52 0.055 0 2
69 5 0.229 0 1
21 100 0.127 0 2
42 52 0.157 0 1
55 10 0.281 0 1
37 22 0.171 0 2
15 10 0.064 0 1
10 15 0.061 0 1
80 100 0.523 0 2
57 10 0.180 0 2
22 15 0.115 0 2
121 5 0.796 0 1
36 52 0.139 0 1
11 40 0.055 0 2
167 15 0.861 0 2
25 10 0.168 0 2
54 15 0.197 0 2
62 15 0.282 0 1
11 10 0.070 0 1
92 10 0.377 0 2
180 40 0.928 0 1
64 52 0.197 0 1
167 70 0.619 0 2
22 15 0.144 0 1
113 40 0.348 0 2
92 40 0.484 0 2
21 70 0.124 0 2
30 40 0.203 0 1
132 100 0.737 0 2
103 22 0.545 0 1
66 52 0.251 0 2
18 5 0.057 0 1
85 40 0.260 0 2
66 70 0.373 0 1
96 22 0.505 0 1
13 15 0.071 0 1
19 70 0.071 0 2
123 22 0.435 0 1
11 5 0.042 0 1
12 40 0.055 0 2
37 52 0.119 0 2
134 100 0.460 0 2
64 30 0.322 0 2
71 70 0.265 0 1
29 10 0.191 0 2
10 15 0.042 0 2
326 5 1.436 0 2
91 52 0.351 0 1
47 30 0.281 0 1
123 10 0.486 0 1
28 100 0.085 0 1
32 22 0.093 0 2
18 40 0.067 0 2
70 5 0.380 0 2
20 10 0.082 0 1
19 22 0.087 0 2
63 100 0.330 0 1
74 22 0.310 0 2
18 100 0.067 0 2
17 52 0.089 0 2
76 100 0.373 0 2
41 52 0.181 0 2
10 100 0.042 0 1
28 15 0.123 0 2
64 100 0.223 0 2
24 22 0.139 0 1
10 70 0.057 0 1
197 30 0.581 0 2
16 40 0.073 0 1
12 30 0.044 0 1
95 30 0.309 0 2
16 5 0.101 0 2
56 5 0.352 0 1
75 40 0.391 0 1
195 10 0.712 0 2
190 70 0.900 0 1
255 5 0.948 0 2
15 52 0.047 0 2
189 100 0.608 0 2
199 22 1.021 0 1
46 15 0.136 0 2
185 10 1.088 0 2
30 52 0.116 0 2
31 10 0.171 0 1
27 15 0.092 0 2
37 5 0.187 0 1
240 22 1.039 0 2
56 30 0.209 0 1
17 100 0.068 0 1
14 52 0.054 0 2
39 40 0.155 0 2
321 70 1.638 0 1
187 10 1.255 0 1
163 52 0.533 0 2
14 70 0.051 0 2
136 5 0.751 0 2
23 52 0.100 0 2
75 15 0.426 0 2
18 52 0.067 0 2
15 10 0.047 0 1
11 100 0.059 0 2
55 10 0.372 0 2
109 52 0.321 0 1
36 15 0.119 0 1
16 5 0.058 0 1
42 5 0.125 0 2
69 5 0.335 0 2
78 5 0.240 0 2
318 5 1.267 0 1
38 70 0.114 0 1
19 30 0.075 0 2
34 10 0.104 0 2
66 5 0.332 0 2
37 40 0.136 0 2
186 5 0.547 0 2
147 5 0.454 0 2
177 30 0.927 0 1
163 15 0.715 0 1
21 10 0.065 0 1
16 5 0.063 0 1
224 30 0.767 0 1
19 52 0.066 0 2
32 15 0.136 0 1
77 22 0.347 0 1
15 22 0.069 0 2
120 100 0.686 0 2
199 52 0.650 0 2
185 70 0.860 0 1
13 30 0.053 0 2
145 70 0.469 0 1
58 70 0.176 0 1
23 40 0.072 0 1
54 15 0.274 0 2
17 30 0.072 0 2
22 10 0.078 0 2
15 10 0.055 0 1
15 5 0.051 0 1
237 5 0.933 0 1
184 22 0.601 0 1
21 40 0.087 0 1
10 40 0.036 0 2
64 40 0.366 0 1
32 100 0.199 0 1
189 100 0.559 0 1
29 52 0.156 0 2
44 15 0.176 0 1
64 5 0.403 0 1
22 40 0.079 0 2
185 40 0.668 0 2
81 40 0.315 0 2
45 22 0.276 0 2
45 10 0.211 0 2
23 100 0.103 0 1
10 40 0.043 0 2
35 22 0.109 0 2
140 10 0.683 0 1
154 40 0.647 0 1
34 10 0.114 0 1
79 22 0.272 0 2
37 100 0.131 0 2
144 70 0.774 0 1
24 52 0.082 0 1
178 100 0.877 0 1
101 52 0.396 0 1
39 52 0.157 0 2
13 15 0.086 0 1
12 22 0.046 0 2
25 100 0.156 0 1
11 40 0.048 0 1
134 70 0.424 0 1
10 15 0.039 0 1
13 15 0.046 0 2
51 100 0.185 0 1
76 70 0.271 0 1
10 100 0.030 0 2
12 40 0.062 0 2
42 52 0.167 0 1
111 52 0.735 0 1
53 15 0.282 0 1
52 52 0.261 0 2
330 5 1.187 0 2
131 5 0.615 0 2
10 30 0.035 0 1
194 30 0.608 0 2
15 52 0.089 0 2
107 30 0.398 0 1
32 52 0.105 0 2
26 22 0.157 0 2
19 5 0.064 0 1
11 15 0.037 0 2
29 100 0.156 0 1
77 10 0.247 0 2
36 70 0.109 0 1
50 100 0.270 0 1
55 10 0.309 0 1
66 22 0.363 0 2
45 52 0.157 0 1
193 52 0.684 0 2
139 10 0.621 0 1
20 100 0.063 0 1
190 40 0.868 0 1
11 5 0.064 0 2
61 100 0.264 0 1
19 52 0.113 0 1
204 40 0.654 0 1
19 15 0.096 0 2
21 100 0.124 0 1
16 22 0.078 0 2
58 30 0.384 0 2
30 15 0.158 0 1
36 70 0.178 0 2
257 40 0.889 0 2
32 5 0.105 0 2
15 70 0.049 0 1
28 100 0.101 0 1
323 70 0.947 0 1
24 100 0.117 0 2
165 100 0.508 0 2
11 30 0.047 0 2
147 22 0.459 0 2
25 5 0.157 0 2
18 40 0.059 0 1
58 22 0.185 0 1
61 40 0.296 0 1
19 40 0.067 0 1
59 10 0.236 0 1
23 15 0.098 0 2
62 100 0.234 0 1
17 5 0.083 0 2
263 22 1.159 0 1
62 5 0.246 0 2
194 70 0.638 0 2
15 15 0.056 0 1
12 100 0.046 0 2
45 70 0.281 0 1
278 10 1.299 0 1
36 70 0.158 0 2
83 52 0.291 0 1
32 40 0.145 0 2
79 30 0.516 0 1
39 52 0.250 0 1
17 52 0.064 0 2
33 22 0.162 0 1
18 22 0.105 0 1
59 5 0.381 0 1
17 40 0.086 0 1
25 40 0.079 0 1
54 30 0.216 0 2
26 40 0.077 0 2
253 5 1.246 0 2
74 5 0.294 0 2
60 5 0.270 0 2
54 5 0.178 0 2
84 10 0.255 0 1
32 5 0.176 0 2
27 5 0.095 0 2
14 52 0.071 0 2
32 22 0.129 0 1
191 5 0.721 0 1
90 52 0.398 0 2
11 40 0.034 0 2
12 10 0.069 0 2
104 5 0.335 0 1
187 22 0.782 0 2
19 70 0.095 0 1
27 70 0.108 0 1
26 10 0.082 0 2
48 22 0.196 0 1
196 15 0.891 0 2
66 22 0.210 0 1
24 70 0.074 0 2
202 5 0.719 0 1
24 40 0.090 0 2
52 22 0.180 0 1
190 5 0.679 0 2
10 100 0.064 0 2
130 10 0.783 0 2
62 40 0.183 0 1
10 5 0.030 0 1
14 22 0.042 0 2
34 10 0.125 0 2
49 52 0.157 0 1
32 52 0.109 0 1
12 40 0.070 0 1
23 70 0.069 0 1
29 5 0.100 0 1
128 70 0.848 0 2
195 70 0.586 0 1
14 52 0.069 0 1
186 15 0.842 0 1
31 100 0.092 0 2
62 5 0.337 0 2
174 30 0.586 0 2
55 30 0.236 0 1
217 40 1.456 0 1
77 5 0.316 0 2
37 52 0.218 0 2
10 30 0.042 0 1
64 10 0.381 0 2
11 22 0.045 0 2
69 52 0.325 0 1
76 70 0.252 0 2
198 5 0.947 0 1
18 40 0.090 0 1
54 10 0.286 0 1
35 40 0.156 0 1
10 22 0.036 0 1
14 22 0.080 0 2
14 100 0.043 0 2
192 5 0.950 0 1
18 100 0.060 0 1
120 70 0.755 0 2
77 15 0.278 0 2
193 22 0.635 0 1
166 30 0.508 0 2
25 10 0.168 0 2
51 30 0.161 0 2
20 30 0.096 0 2
11 30 0.053 0 2
132 15 0.493 0 1
15 30 0.070 0 2
187 52 0.870 0 1
193 52 1.163 0 1
254 5 1.045 0 1
38 40 0.209 0 2
162 52 0.848 0 2
240 52 0.702 0 2
69 22 0.273 0 1
15 40 0.064 0 2
61 52 0.213 0 2
216 30 1.064 0 1
59 15 0.296 0 2
40 15 0.178 0 1
14 15 0.080 0 1
17 15 0.096 0 2
31 52 0.121 0 2
67 10 0.273 0 2
76 22 0.266 0 2
78 15 0.247 0 2
12 100 0.075 0 2
126 100 0.370 0 2
33 52 0.201 0 1
322 10 1.872 0 2
23 30 0.068 0 1
38 5 0.239 0 2
255 40 1.645 0 2
15 40 0.062 0 1
16 40 0.094 0 2
80 15 0.479 0 2
76 30 0.309 0 2
14 5 0.042 0 1
118 70 0.465 0 2
15 70 0.061 0 1
92 52 0.352 0 1
93 10 0.295 0 2
48 15 0.149 0 1
20 52 0.063 0 2
32 5 0.201 0 1
15 15 0.079 0 2
159 40 0.513 0 1
278 10 1.135 0 1
29 22 0.113 0 1
18 10 0.109 0 2
54 52 0.309 0 2
76 5 0.358 0 2
123 22 0.755 0 1
144 15 0.686 0 2
38 70 0.149 0 2
51 10 0.181 0 2
11 5 0.045 0 1
37 70 0.194 0 1
10 10 0.045 0 1
33 15 0.181 0 1
169 40 0.671 0 2
67 40 0.366 0 1
14 10 0.062 0 2
86 52 0.327 0 2
26 70 0.089 0 1
26 100 0.152 0 2
18 15 0.066 0 1
212 100 0.652 0 1
66 100 0.221 0 1
136 100 0.456 0 2
13 100 0.087 0 1
90 30 0.314 0 1
20 5 0.066 0 1
24 15 0.076 0 1
14 100 0.094 0 2
167 100 0.588 0 2
54 52 0.233 0 2
43 52 0.212 0 1
29 70 0.161 0 1
90 70 0.364 0 1
19 30 0.058 0 1
10 100 0.051 0 2
34 40 0.218 0 2
37 5 0.186 0 1
16 15 0.077 0 1
34 100 0.192 0 2
188 40 0.575 0 2
145 30 0.531 0 1
51 52 0.245 0 2
210 30 1.099 0 2
208 22 0.773 0 1
54 52 0.169 0 1
95 15 0.337 0 1
325 40 2.124 0 1
56 15 0.163 0 1
128 70 0.479 0 2
50 22 0.168 0 1
23 10 0.139 0 1
53 70 0.204 0 1
72 70 0.344 0 2
252 30 0.790 0 2
11 10 0.064 0 1
94 100 0.531 0 2
70 22 0.249 0 2
80 30 0.240 0 2
33 70 0.169 0 2
14 30 0.056 0 1
118 30 0.738 0 1
34 52 0.122 0 1
28 30 0.097 0 2
17 52 0.099 0 1
49 10 0.225 0 1
119 30 0.427 0 2
36 100 0.111 0 2
278 15 0.810 0 2
25 100 0.092 0 1
26 30 0.092 0 1
12 100 0.071 0 1
18 5 0.068 0 2
49 30 0.288 0 2
143 15 0.647 0 1
37 5 0.155 0 1
125 52 0.468 0 2
19 52 0.066 0 2
297 15 1.125 0 1
24 15 0.071 0 2
22 70 0.091 0 1
52 5 0.267 0 1
58 10 0.216 0 2
21 15 0.072 0 2
29 15 0.114 0 2
53 10 0.288 0 2
141 30 0.701 0 2
10 15 0.066 0 2
10 15 0.055 0 2
27 52 0.090 0 1
46 30 0.178 0 1
111 70 0.485 0 1
175 70 0.711 0 2
12 100 0.041 0 2
16 70 0.083 0 1
336 5 1.787 0 1
109 15 0.342 0 2
21 22 0.073 0 2
19 40 0.067 0 2
105 40 0.677 0 1
30 70 0.121 0 1
41 70 0.147 0 2
61 30 0.213 0 1
60 30 0.303 0 2
253 15 0.966 0 1
17 40 0.058 0 2
325 100 1.684 0 2
120 52 0.446 0 1
146 70 0.456 0 1
73 100 0.223 0 2
32 30 0.110 0 1
69 15 0.216 0 2
13 22 0.046 0 2
268 5 0.862 0 1
60 5 0.226 0 2
12 5 0.041 0 1
14 52 0.045 0 2
62 10 0.204 0 1
44 10 0.154 0 1
57 100 0.308 0 2
57 100 0.273 0 1
70 30 0.330 0 2
11 100 0.043 0 1
19 5 0.063 0 2
36 15 0.150 0 2
169 22 0.597 0 2
190 30 0.562 0 2
18 5 0.062 0 2
14 40 0.048 0 2
143 22 0.678 0 1
20 70 0.092 0 2
10 52 0.032 0 2
189 40 0.665 0 2
60 100 0.188 0 2
186 15 0.606 0 1
41 70 0.178 0 2
20 70 0.068 0 2
55 52 0.299 0 1
12 52 0.039 0 1
246 5 1.640 0 1
257 15 1.190 0 2
188 5 1.229 0 1
295 30 0.955 0 2
19 5 0.070 0 2
22 30 0.115 0 1
19 52 0.094 0 1
39 22 0.173 0 2
78 15 0.307 0 1
17 70 0.057 0 2
18 22 0.054 0 2
21 15 0.098 0 1
26 15 0.096 0 1
15 70 0.090 0 1
154 10 0.540 0 1
198 5 0.783 0 1
226 40 1.183 0 2
19 5 0.060 0 2
17 40 0.058 0 1
60 30 0.176 0 2
16 15 0.107 0 1
301 22 1.750 0 1
327 10 1.668 0 2
58 70 0.283 0 2
16 70 0.062 0 1
73 40 0.360 0 2
71 15 0.444 0 2
12 5 0.073 0 1
32 15 0.141 0 1
35 40 0.124 0 2
34 30 0.147 0 2
81 30 0.260 0 2
18 10 0.104 0 1
16 22 0.059 0 2
11 10 0.058 0 2
95 5 0.335 0 2
15 15 0.079 0 2
55 15 0.340 0 1
16 52 0.066 0 2
67 30 0.243 0 1
36 52 0.147 0 2
45 52 0.247 0 2
10 10 0.033 0 1
30 100 0.129 0 1
165 52 0.655 0 1
48 52 0.234 0 2
60 22 0.194 0 2
196 5 0.929 0 2
68 40 0.378 0 1
148 5 0.630 0 2
37 52 0.139 0 2
78 10 0.341 0 1
15 15 0.045 0 2
13 30 0.052 0 1
17 100 0.098 0 1
68 100 0.263 0 1
73 22 0.343 0 2
26 30 0.111 0 1
43 70 0.272 0 1
11 70 0.038 0 2
280 5 1.152 0 1
155 22 0.492 0 2
18 52 0.115 0 1
222 100 0.730 0 2
95 15 0.552 0 2
174 100 0.845 0 1
33 5 0.125 0 1
61 22 0.230 0 1
77 40 0.342 0 1
28 40 0.172 0 1
59 10 0.206 0 1
22 30 0.087 0 2
18 5 0.068 0 1
64 52 0.196 0 2
19 52 0.090 0 2
17 100 0.058 0 1
69 30 0.325 0 1
248 22 0.954 0 2
65 30 0.359 0 2
26 52 0.096 0 1
15 100 0.059 0 2
36 70 0.184 0 2
151 5 0.559 0 2
63 5 0.341 0 1
117 100 0.368 0 2
181 22 0.770 0 1
13 22 0.039 0 1
50 100 0.323 0 1
15 10 0.099 0 1
131 100 0.401 0 1
45 40 0.136 0 1
40 15 0.128 0 1
65 15 0.202 0 2
36 100 0.132 0 1
59 22 0.181 0 1
134 100 0.770 0 1
37 10 0.134 0 1
16 5 0.057 0 1
27 30 0.118 0 1
17 30 0.077 0 1
59 15 0.246 0 1
65 30 0.207 0 2
191 22 1.067 0 1
132 30 0.437 0 2
16 5 0.086 0 2
127 30 0.809 0 1
103 15 0.536 0 1
32 40 0.148 0 1
29 52 0.167 0 2
25 15 0.116 0 2
73 52 0.238 0 1
73 22 0.247 0 1
114 30 0.630 0 1
11 10 0.040 0 1
27 22 0.095 0 1
115 52 0.356 0 1
66 100 0.287 0 2
121 15 0.448 0 1
76 52 0.224 0 1
55 15 0.249 0 1
56 15 0.223 0 1
137 30 0.895 0 1
30 70 0.156 0 2
27 40 0.121 0 1
16 10 0.061 0 1
250 70 1.050 0 2
37 5 0.135 0 2
12 100 0.041 0 2
14 22 0.055 0 1
29 100 0.173 0 1
58 5 0.254 0 1
44 15 0.180 0 2
80 5 0.238 0 1
14 22 0.075 0 1
57 52 0.182 0 1
271 5 0.877 0 2
177 15 0.617 0 1
12 15 0.036 0 2
287 22 1.939 0 2
28 100 0.159 0 1
36 70 0.148 0 2
160 15 0.516 0 1
59 30 0.366 0 2
319 70 1.587 0 1
47 22 0.247 0 1
96 22 0.323 0 1
28 22 0.083 0 2
144 30 0.442 0 2
17 52 0.059 0 1
52 70 0.160 0 2
121 40 0.471 0 2
28 30 0.108 0 2
15 10 0.046 0 1
33 52 0.118 0 1
144 40 0.673 0 1
16 70 0.083 0 1
16 40 0.069 0 1
151 5 0.551 0 1
35 22 0.113 0 2
69 15 0.204 0 1
178 30 0.918 0 2
17 30 0.059 0 2
97 5 0.416 0 1
222 100 0.910 0 2
25 10 0.080 0 2
50 100 0.166 0 2
10 30 0.043 0 1
138 100 0.445 0 1
54 5 0.230 0 2
184 30 0.594 0 2
75 40 0.436 0 1
134 70 0.793 0 2
81 15 0.312 0 2
78 15 0.517 0 2
61 5 0.244 0 1
193 40 1.010 0 1
65 5 0.332 0 2
45 22 0.179 0 2
12 15 0.036 0 2
15 100 0.050 0 2
172 15 0.989 0 1
160 40 1.026 0 1
13 10 0.045 0 2
15 52 0.073 0 2
190 30 0.644 0 2
79 15 0.326 0 2
41 40 0.188 0 2
40 15 0.195 0 2
15 40 0.069 0 1
98 100 0.374 0 1
277 5 1.319 0 1
22 30 0.073 0 2
174 40 0.750 0 2
19 70 0.099 0 1
338 5 1.888 0 1
201 52 0.620 0 2
64 5 0.211 0 1
66 100 0.319 0 2
53 15 0.161 0 2
20 30 0.082 0 1
12 100 0.039 0 2
244 40 1.162 0 1
184 30 0.958 0 2
14 100 0.076 0 1
70 22 0.245 0 1
18 15 0.057 0 2
15 15 0.075 0 1
72 22 0.282 0 2
11 10 0.036 0 2
23 100 0.073 0 2
95 15 0.508 0 1
12 10 0.066 0 1
73 52 0.353 0 1
126 22 0.447 0 2
60 40 0.316 0 1
192 10 1.247 0 1
215 52 1.009 0 1
196 100 0.590 0 1
71 10 0.326 0 1
55 15 0.183 0 2
116 100 0.434 0 1
151 5 0.987 0 2
155 5 0.896 0 2
17 100 0.062 0 2
50 10 0.174 0 2
64 40 0.393 0 2
42 5 0.139 0 1
19 100 0.084 0 1
169 10 0.816 0 2
55 70 0.162 0 2
158 5 0.467 0 2
116 5 0.614 0 2
164 30 0.911 0 1
183 52 1.011 0 2
66 40 0.238 0 2
135 15 0.668 0 1
78 15 0.453 0 2
37 70 0.152 0 1
17 40 0.079 0 2
16 10 0.107 0 1
107 5 0.418 0 2
45 5 0.210 0 2
13 5 0.069 0 1
74 15 0.315 0 2
25 15 0.073 0 1
207 10 0.623 0 2
52 15 0.166 0 2
45 100 0.183 0 2
55 30 0.199 0 1
63 30 0.281 0 1
48 5 0.179 0 2
27 22 0.085 0 1
64 40 0.196 0 1
49 10 0.202 0 2
151 52 0.722 0 1
26 70 0.138 0 1
122 5 0.395 0 1
235 100 1.130 0 2
72 5 0.434 0 2
14 70 0.051 0 2
55 22 0.329 0 2
21 52 0.125 0 2
42 70 0.249 0 2
92 52 0.313 0 1
59 22 0.230 0 2
22 5 0.127 0 2
155 100 0.581 0 1
10 15 0.039 0 1
272 22 0.916 0 2
146 100 0.529 0 1
97 40 0.401 0 2
12 22 0.065 0 2
11 5 0.068 0 2
91 22 0.565 0 1
153 40 0.773 0 1
10 40 0.036 0 2
158 5 0.775 0 1
16 15 0.059 0 2
48 5 0.230 0 2
26 52 0.152 0 2
179 52 0.778 0 1
40 52 0.142 0 1
77 15 0.416 0 1
72 30 0.223 0 1
16 15 0.088 0 2
40 30 0.219 0 1
30 40 0.110 0 2
124 15 0.569 0 2
59 30 0.183 0 2
159 40 0.964 0 1
172 22 0.612 0 1
23 70 0.093 0 1
104 15 0.523 0 1
87 100 0.451 0 1
35 40 0.105 0 2
104 52 0.360 0 1
34 10 0.227 0 2
16 40 0.075 0 1
36 10 0.113 0 2
21 52 0.077 0 1
12 40 0.038 0 1
52 40 0.301 0 2
326 70 1.762 0 1
268 40 1.276 0 2
193 5 0.846 0 1
31 40 0.112 0 1
164 70 0.716 0 1
61 15 0.357 0 1
24 40 0.134 0 2
71 30 0.208 0 2
26 52 0.078 0 2
70 40 0.289 0 1
52 5 0.157 0 2
27 40 0.176 0 2
42 30 0.132 0 1
124 70 0.697 0 2
30 5 0.195 0 2
40 5 0.121 0 2
19 40 0.085 0 1
49 100 0.318 0 1
22 22 0.087 0 1
11 10 0.047 0 1
24 22 0.114 0 1
19 40 0.120 0 1
162 15 0.635 0 1
43 70 0.164 0 1
68 10 0.294 0 1
66 15 0.195 0 1
12 22 0.057 0 2
57 10 0.195 0 2
97 22 0.495 0 1
101 22 0.567 0 1
62 40 0.244 0 2
16 52 0.096 0 2
28 70 0.181 0 1
141 40 0.566 0 1
46 15 0.192 0 2
23 10 0.113 0 1
233 100 0.795 0 2
29 100 0.105 0 2
30 5 0.169 0 2
71 52 0.350 0 2
50 22 0.262 0 2
12 30 0.057 0 1
35 40 0.183 0 1
11 100 0.039 0 1
273 52 1.665 0 1
93 5 0.288 0 2
177 40 0.989 0 1
35 5 0.102 0 2
13 10 0.076 0 1
211 100 0.887 0 1
186 22 0.608 0 2
15 15 0.051 0 1
153 70 0.987 0 1
14 52 0.084 0 2
25 10 0.102 0 1
66 15 0.194 0 1
39 5 0.123 0 1
21 70 0.073 0 1
55 70 0.272 0 2
40 22 0.140 0 1
134 100 0.421 0 1
11 70 0.069 0 2
77 15 0.272 0 2
56 70 0.177 0 2
74 5 0.365 0 1
297 40 1.151 0 1
37 52 0.114 0 2
317 5 1.945 0 1
196 40 0.713 0 1
27 22 0.109 0 1
137 15 0.682 0 1
135 100 0.423 0 1
71 100 0.350 0 2
42 30 0.160 0 1
34 15 0.128 0 1
140 22 0.409 0 1
155 52 0.478 0 2
18 22 0.114 0 2
61 52 0.229 0 1
150 22 0.515 0 1
213 5 0.745 0 2
34 40 0.099 0 1
34 70 0.135 0 2
27 15 0.138 0 1
108 5 0.340 0 2
43 70 0.160 0 1
16 100 0.055 0 1
18 15 0.112 0 1
143 52 0.495 0 1
32 5 0.140 0 1
76 30 0.437 0 2
215 22 0.827 0 1
132 70 0.543 0 1
149 10 0.466 0 2
51 15 0.212 0 2
18 15 0.096 0 2
68 10 0.259 0 2
39 10 0.170 0 1
225 52 0.755 0 2
75 10 0.377 0 1
29 70 0.095 0 2
27 52 0.088 0 1
13 5 0.045 0 2
86 30 0.524 0 2
19 100 0.078 0 1
68 40 0.232 0 2
15 22 0.053 0 2
37 70 0.109 0 2
26 10 0.084 0 2
21 52 0.133 0 2
18 52 0.067 0 2
30 100 0.163 0 2
190 100 1.044 0 2
114 22 0.518 0 1
17 30 0.097 0 2
50 40 0.228 0 2
45 10 0.285 0 2
41 5 0.197 0 1
75 40 0.346 0 2
330 10 1.264 0 2
54 70 0.205 0 2
149 10 0.616 0 2
30 70 0.095 0 1
27 100 0.136 0 2
59 5 0.386 0 1
45 100 0.280 0 2
80 100 0.235 0 2
20 15 0.065 0 2
62 5 0.320 0 1
22 5 0.099 0 1
72 10 0.369 0 2
15 52 0.067 0 1
85 30 0.261 0 1
71 52 0.362 0 1
15 52 0.067 0 2
72 15 0.398 0 2
34 22 0.141 0 1
11 30 0.037 0 1
193 22 0.631 0 2
333 15 1.198 0 2
86 10 0.331 0 2
122 52 0.547 0 1
35 22 0.212 0 1
24 5 0.079 0 2
75 10 0.290 0 2
20 30 0.104 0 2
11 52 0.057 0 2
16 100 0.078 0 2
110 5 0.400 0 1
10 52 0.052 0 2
22 40 0.073 0 1
35 10 0.110 0 2
84 100 0.341 0 1
258 40 0.754 0 1
219 5 0.658 0 1
280 52 0.867 0 1
70 52 0.246 0 2
200 70 1.170 0 1
195 22 0.956 0 2
267 22 1.500 0 1
11 100 0.033 0 1
24 52 0.110 0 2
96 10 0.390 0 2
42 30 0.268 0 2
112 5 0.732 0 1
54 100 0.166 0 1
53 100 0.183 0 2
78 15 0.497 0 2
51 15 0.186 0 2
37 100 0.121 0 1
47 22 0.311 0 2
19 22 0.119 0 1
339 70 2.093 0 1
82 10 0.539 0 1
49 5 0.157 0 2
338 22 1.733 0 2
38 22 0.162 0 2
11 15 0.059 0 2
295 22 0.942 0 2
16 40 0.060 0 1
70 52 0.277 0 2
38 5 0.226 0 1
110 5 0.696 0 1
21 30 0.091 0 1
30 70 0.093 0 2
263 22 1.392 0 1
85 100 0.421 0 2
44 100 0.137 0 1
141 52 0.665 0 1
42 22 0.171 0 2
72 5 0.377 0 1
20 22 0.079 0 1
22 30 0.118 0 1
38 100 0.136 0 2
38 10 0.141 0 1
174 100 0.845 0 1
31 15 0.135 0 2
290 10 0.918 0 2
180 70 0.766 0 1
41 15 0.241 0 2
10 100 0.037 0 2
136 52 0.429 0 1
14 100 0.047 0 2
55 30 0.314 0 2
124 10 0.532 0 1
75 100 0.229 0 2
138 30 0.448 0 1
131 5 0.601 0 2
159 10 0.898 0 2
55 22 0.182 0 1
45 15 0.197 0 1
62 100 0.240 0 2
36 40 0.114 0 1
69 100 0.324 0 2
33 10 0.130 0 2
59 15 0.286 0 2
17 22 0.067 0 2
147 30 0.519 0 1
20 5 0.119 0 2
150 15 0.838 0 1
74 30 0.428 0 2
20 40 0.069 0 2
39 30 0.175 0 1
32 40 0.134 0 1
36 5 0.169 0 2
23 70 0.101 0 2
139 10 0.629 0 1
46 15 0.162 0 2
26 22 0.126 0 1
300 52 2.027 0 2
62 100 0.221 0 2
13 40 0.083 0 2
17 10 0.063 0 1
58 100 0.186 0 2
248 52 1.046 0 2
15 5 0.060 0 1
14 30 0.057 0 1
170 70 0.950 0 1
76 52 0.497 0 2
36 100 0.135 0 2
65 22 0.378 0 1
205 70 0.827 0 2
61 100 0.215 0 2
39 5 0.215 0 2
56 52 0.290 0 2
16 15 0.055 0 2
12 52 0.075 0 2
24 10 0.088 0 2
27 70 0.093 0 2
13 15 0.056 0 2
51 70 0.163 0 2
92 40 0.307 0 2
317 5 1.742 0 1
284 70 1.764 0 1
293 40 1.211 0 2
27 30 0.103 0 1
25 70 0.106 0 2
32 15 0.116 0 2
38 70 0.118 0 1
132 70 0.468 0 2
332 100 1.627 0 2
55 52 0.270 0 2
114 5 0.623 0 1
31 10 0.139 0 1
102 40 0.507 0 1
37 22 0.228 0 1
143 15 0.485 0 1
45 52 0.263 0 1
294 70 1.826 0 1
18 100 0.064 0 2
319 52 1.227 0 1
20 22 0.109 0 1
11 15 0.066 0 1
21 70 0.112 0 2
53 70 0.319 0 2
182 70 0.595 0 2
29 15 0.088 0 1
47 100 0.143 0 2
72 10 0.426 0 1
86 100 0.337 0 1
23 30 0.075 0 2
58 10 0.314 0 1
56 15 0.306 0 2
74 10 0.231 0 1
15 5 0.074 0 2
38 70 0.248 0 2
49 10 0.164 0 1
26 70 0.163 0 2
54 5 0.251 0 2
20 40 0.101 0 2
44 5 0.157 0 2
36 100 0.135 0 1
130 5 0.549 0 2
21 22 0.076 0 1
66 100 0.306 0 1
41 52 0.201 0 2
138 10 0.548 0 2
26 10 0.125 0 2
225 70 0.690 0 1
65 22 0.219 0 2
198 5 1.207 0 2
17 5 0.068 0 1
59 5 0.335 0 2
192 5 0.914 0 1
171 30 0.725 0 2
13 70 0.049 0 2
217 70 0.919 0 1
174 40 0.613 0 2
22 40 0.065 0 1
72 70 0.453 0 1
60 52 0.175 0 1
79 70 0.269 0 1
70 22 0.267 0 2
115 70 0.719 0 2
12 100 0.061 0 2
122 22 0.504 0 2
18 5 0.076 0 2
72 52 0.411 0 2
17 5 0.054 0 2
73 70 0.408 0 2
31 10 0.096 0 1
335 70 2.161 0 1
51 70 0.315 0 2
179 70 0.752 0 2
183 5 0.585 0 1
36 70 0.110 0 2
14 70 0.070 0 1
138 10 0.570 0 1
10 5 0.040 0 1
51 30 0.195 0 1
100 22 0.474 0 1
37 70 0.145 0 1
249 70 1.046 0 2
52 30 0.294 0 1
18 22 0.103 0 2
198 40 0.633 0 1
63 5 0.420 0 1
71 40 0.226 0 1
106 22 0.345 0 1
42 15 0.142 0 1
89 10 0.291 0 1
27 5 0.129 0 2
49 5 0.202 0 2
16 10 0.055 0 2
323 30 1.369 0 1
161 100 0.682 0 2
19 70 0.084 0 2
95 100 0.370 0 2
63 52 0.204 0 2
20 30 0.064 0 2
17 40 0.109 0 2
166 100 1.122 0 1
17 40 0.084 0 1
14 70 0.065 0 2
64 22 0.400 0 1
10 100 0.048 0 2
39 40 0.182 0 1
46 30 0.154 0 2
72 100 0.306 0 2
16 70 0.057 0 2
103 22 0.415 0 2
31 30 0.102 0 1
285 40 1.239 0 1
21 30 0.079 0 2
107 52 0.512 0 1
10 70 0.041 0 2
23 70 0.069 0 2
117 30 0.341 0 2
299 22 0.929 0 1
56 15 0.168 0 2
11 15 0.052 0 2
23 5 0.067 0 2
15 70 0.044 0 2
152 100 0.497 0 1
155 22 0.957 0 2
70 22 0.294 0 1
14 100 0.059 0 2
10 15 0.035 0 1
23 10 0.111 0 1
48 100 0.164 0 1
70 30 0.391 0 1
190 70 0.960 0 1
31 70 0.116 0 1
39 15 0.160 0 2
72 52 0.319 0 2
177 100 0.816 0 2
16 22 0.049 0 1
19 5 0.089 0 1
16 30 0.088 0 2
20 5 0.085 0 2
22 52 0.100 0 2
142 5 0.617 0 2
288 5 1.021 0 2
77 15 0.500 0 2
58 5 0.194 0 2
13 30 0.087 0 2
16 70 0.052 0 1
162 30 0.628 0 2
18 70 0.053 0 2
47 22 0.228 0 2
228 40 0.797 0 2
38 15 0.184 0 2
16 52 0.047 0 1
245 70 1.012 0 2
52 15 0.265 0 1
15 70 0.090 0 1
48 70 0.187 0 2
72 15 0.474 0 2
175 5 0.758 0 1
21 70 0.089 0 2
11 40 0.040 0 2
42 40 0.140 0 1
28 40 0.137 0 1
14 100 0.063 0 1
213 5 0.681 0 2
47 22 0.208 0 2
45 22 0.157 0 2
211 40 0.868 0 1
177 15 0.630 0 1
11 30 0.049 0 2
11 22 0.035 0 1
22 22 0.075 0 2
29 22 0.159 0 2
38 30 0.202 0 2
16 52 0.051 0 2
18 30 0.054 0 2
58 15 0.234 0 2
72 100 0.411 0 2
10 10 0.033 0 2
18 70 0.064 0 2
10 10 0.041 0 2
16 70 0.052 0 1
134 40 0.650 0 2
70 100 0.254 0 2
193 22 1.295 0 1
29 40 0.160 0 2
18 10 0.076 0 2
60 52 0.208 0 2
75 40 0.294 0 1
78 70 0.335 0 1
83 22 0.376 0 2
66 52 0.242 0 1
11 52 0.069 0 1
123 100 0.401 0 2
47 10 0.236 0 2
154 70 0.583 0 1
12 15 0.045 0 2
182 22 0.778 0 1
21 22 0.080 0 1
45 10 0.254 0 2
43 70 0.164 0 1
305 30 1.826 0 2
31 40 0.105 0 1
13 100 0.088 0 1
15 100 0.080 0 2
49 100 0.209 0 1
13 70 0.083 0 1
49 30 0.195 0 2
165 22 0.565 0 1
125 15 0.584 0 1
46 10 0.249 0 2
306 52 1.901 0 2
121 15 0.647 0 2
12 10 0.049 0 1
11 70 0.047 0 2
53 52 0.176 0 1
289 22 1.225 0 1
128 5 0.538 0 1
12 5 0.040 0 2
160 5 0.653 0 1
210 15 1.207 0 1
180 10 0.942 0 1
76 10 0.306 0 1
17 100 0.052 0 2
200 22 0.629 0 1
19 100 0.084 0 1
210 15 0.677 0 2
168 52 0.789 0 1
55 30 0.318 0 1
15 22 0.080 0 2
28 70 0.115 0 2
336 30 1.339 0 1
56 30 0.181 0 1
12 22 0.044 0 1
38 10 0.165 0 1
163 30 0.762 0 2
10 15 0.055 0 2
34 70 0.207 0 2
74 10 0.218 0 2
75 15 0.399 0 2
29 100 0.164 0 1
171 40 0.582 0 2
16 40 0.052 0 2
24 52 0.095 0 1
76 15 0.352 0 2
54 5 0.186 0 2
15 100 0.049 0 1
125 40 0.644 0 1
16 40 0.073 0 2
18 10 0.104 0 1
30 15 0.126 0 2
319 22 0.973 0 1
17 22 0.065 0 1
112 22 0.424 0 1
246 5 1.608 0 2
35 10 0.161 0 2
232 52 1.126 0 1
132 70 0.423 0 2
160 5 0.669 0 2
16 10 0.066 0 1
48 10 0.158 0 2
27 5 0.102 0 2
202 5 0.838 0 1
36 70 0.209 0 2
15 70 0.062 0 2
38 5 0.119 0 2
33 15 0.096 0 2
53 30 0.196 0 2
53 22 0.238 0 1
27 5 0.081 0 2
89 52 0.571 0 1
68 40 0.203 0 2
321 100 1.521 0 2
137 52 0.436 0 1
32 70 0.148 0 1
31 30 0.129 0 2
16 40 0.105 0 1
183 40 0.683 0 2
49 52 0.202 0 1
70 15 0.211 0 2
14 30 0.058 0 1
19 22 0.067 0 2
328 100 1.585 0 1
13 10 0.045 0 1
75 52 0.493 0 1
22 5 0.113 0 2
15 22 0.057 0 1
38 10 0.159 0 1
11 52 0.057 0 2
37 52 0.145 0 2
181 70 0.601 0 2
42 40 0.153 0 1
275 52 1.038 0 1
18 100 0.061 0 1
132 70 0.534 0 2
197 22 0.798 0 2
203 52 0.621 0 2
47 22 0.148 0 2
148 10 0.510 0 2
12 5 0.057 0 2
77 70 0.260 0 1
10 22 0.067 0 1
41 40 0.165 0 2
169 22 0.775 0 1
128 52 0.520 0 2
100 10 0.388 0 1
51 70 0.295 0 2
14 10 0.047 0 2
14 70 0.058 0 2
35 70 0.142 0 1
11 15 0.061 0 2
34 40 0.218 0 2
11 15 0.043 0 1
19 100 0.112 0 2
157 5 0.463 0 1
126 40 0.490 0 1
37 52 0.204 0 2
225 5 0.776 0 1
92 5 0.296 0 2
21 10 0.078 0 2
339 22 2.245 0 1
20 15 0.093 1 0
15 22 0.047 1 2
16 100 0.064 1 0
36 22 0.188 1 0
50 40 0.265 1 0
14 100 0.063 1 0
79 10 0.465 1 0
57 22 0.192 1 0
191 100 0.880 1 0
71 100 0.217 1 0
12 22 0.077 1 2
126 70 0.656 1 2
55 30 0.170 1 0
78 52 0.260 1 2
35 10 0.193 1 0
23 15 0.129 1 2
50 40 0.222 1 0
13 10 0.038 1 0
40 40 0.169 1 0
79 5 0.278 1 0
35 22 0.109 1 0
22 70 0.066 1 2
30 70 0.132 1 0
12 5 0.048 1 0
29 15 0.139 1 0
34 100 0.148 1 2
58 40 0.259 1 2
56 10 0.238 1 2
32 15 0.098 1 0
22 40 0.094 1 0
15 70 0.066 1 0
22 22 0.130 1 0
31 10 0.190 1 2
20 15 0.073 1 0
164 40 0.538 1 0
151 52 0.524 1 0
62 100 0.221 1 0
14 5 0.047 1 0
37 5 0.183 1 0
238 10 1.092 1 0
30 22 0.196 1 0
76 70 0.332 1 2
18 100 0.066 1 0
75 52 0.299 1 0
229 5 1.013 1 0
66 30 0.382 1 0
11 15 0.044 1 2
46 100 0.209 1 2
39 70 0.238 1 0
14 40 0.047 1 0
190 22 0.623 1 0
187 10 1.039 1 2
30 70 0.128 1 0
35 10 0.104 1 0
16 15 0.089 1 0
51 52 0.244 1 0
135 22 0.646 1 0
117 52 0.643 1 0
51 100 0.199 1 2
12 100 0.063 1 0
56 15 0.329 1 2
42 40 0.233 1 2
21 30 0.116 1 0
61 30 0.253 1 2
52 52 0.227 1 2
186 100 1.240 1 0
24 15 0.094 1 0
116 100 0.362 1 0
246 30 1.224 1 2
189 40 1.260 1 0
35 22 0.182 1 0
93 10 0.505 1 2
72 70 0.218 1 0
35 5 0.113 1 0
14 100 0.054 1 2
21 22 0.100 1 0
65 70 0.325 1 0
15 100 0.080 1 2
31 5 0.101 1 2
30 22 0.099 1 2
72 15 0.254 1 0
16 40 0.062 1 0
26 52 0.078 1 0
19 40 0.059 1 0
213 10 0.653 1 2
98 70 0.370 1 0
235 70 0.685 1 0
184 22 1.028 1 0
18 22 0.056 1 2
18 70 0.066 1 0
16 100 0.054 1 2
30 10 0.188 1 2
159 70 0.636 1 0
81 70 0.305 1 0
128 10 0.374 1 0
166 52 0.810 1 0
79 40 0.269 1 2
37 30 0.147 1 2
17 15 0.094 1 0
15 5 0.085 1 0
23 15 0.102 1 0
71 5 0.287 1 0
30 40 0.127 1 0
91 30 0.285 1 2
34 30 0.123 1 2
72 70 0.305 1 0
50 22 0.177 1 0
35 40 0.192 1 0
58 30 0.258 1 0
34 30 0.130 1 2
139 22 0.933 1 2
114 15 0.511 1 0
135 40 0.506 1 2
70 22 0.461 1 0
21 15 0.066 1 0
52 10 0.210 1 2
23 100 0.144 1 0
62 22 0.209 1 0
14 15 0.048 1 0
29 5 0.106 1 0
29 100 0.090 1 2
36 70 0.160 1 0
126 100 0.754 1 0
11 52 0.061 1 2
130 22 0.404 1 2
63 52 0.243 1 0
14 10 0.065 1 2
64 10 0.229 1 0
12 52 0.063 1 0
101 15 0.325 1 0
16 70 0.052 1 0
19 5 0.069 1 0
71 15 0.278 1 2
63 40 0.186 1 2
61 70 0.412 1 0
18 40 0.054 1 0
113 70 0.509 1 0
10 15 0.043 1 0
71 15 0.338 1 0
152 70 0.822 1 0
24 22 0.070 1 2
11 5 0.062 1 0
10 40 0.036 1 0
62 52 0.196 1 0
14 10 0.058 1 0
39 5 0.158 1 0
63 70 0.373 1 0
72 22 0.393 1 0
11 15 0.036 1 0
11 5 0.043 1 0
130 15 0.551 1 0
29 15 0.086 1 0
11 5 0.038 1 0
26 22 0.097 1 0
10 52 0.034 1 2
16 100 0.064 1 0
16 30 0.059 1 0
101 52 0.295 1 0
10 22 0.041 1 0
142 40 0.573 1 0
28 30 0.167 1 0
96 100 0.293 1 0
20 5 0.087 1 2
90 40 0.268 1 0
57 100 0.186 1 0
54 70 0.284 1 2
138 15 0.442 1 0
163 100 0.595 1 2
47 100 0.193 1 0
155 5 0.459 1 0
90 52 0.395 1 0
34 15 0.100 1 2
50 100 0.279 1 2
16 10 0.052 1 0
22 15 0.078 1 0
29 22 0.111 1 0
32 15 0.167 1 2
22 30 0.081 1 0
47 10 0.168 1 0
30 15 0.090 1 0
50 10 0.239 1 0
69 40 0.201 1 0
70 52 0.424 1 0
15 5 0.066 1 0
39 5 0.126 1 0
10 100 0.032 1 0
142 30 0.940 1 2
158 40 0.725 1 2
160 5 0.842 1 2
52 52 0.179 1 2
21 70 0.071 1 2
17 10 0.060 1 0
134 15 0.547 1 0
58 30 0.199 1 0
36 70 0.109 1 0
61 70 0.295 1 0
32 10 0.174 1 2
189 15 0.900 1 0
18 10 0.078 1 0
54 5 0.329 1 0
39 15 0.124 1 0
33 100 0.206 1 0
75 22 0.336 1 0
67 52 0.200 1 0
184 40 0.650 1 0
240 15 1.194 1 2
65 22 0.239 1 0
179 15 1.155 1 2
32 100 0.139 1 0
17 100 0.096 1 0
138 22 0.479 1 0
82 10 0.300 1 0
162 40 1.025 1 0
11 10 0.032 1 0
201 15 0.824 1 0
110 100 0.647 1 0
21 52 0.129 1 2
60 40 0.222 1 0
41 40 0.153 1 2
24 5 0.089 1 0
53 10 0.206 1 2
13 15 0.047 1 2
52 5 0.342 1 0
167 52 0.726 1 0
218 30 0.978 1 0
14 40 0.087 1 0
12 10 0.041 1 2
158 70 0.913 1 0
44 40 0.219 1 0
14 10 0.055 1 0
35 52 0.223 1 0
270 52 1.720 1 0
61 5 0.290 1 0
184 15 0.605 1 0
14 100 0.054 1 0
85 5 0.438 1 0
153 5 0.535 1 0
45 40 0.132 1 0
10 5 0.043 1 0
112 30 0.541 1 0
26 5 0.146 1 2
111 40 0.669 1 0
186 70 0.583 1 2
163 15 0.674 1 0
150 22 0.512 1 2
15 10 0.054 1 0
56 5 0.260 1 2
32 40 0.200 1 0
26 5 0.149 1 0
39 10 0.220 1 0
59 10 0.306 1 2
151 100 0.597 1 0
14 22 0.080 1 0
277 70 1.859 1 2
272 40 1.220 1 2
12 5 0.041 1 0
118 52 0.747 1 0
52 5 0.224 1 2
10 30 0.036 1 0
62 10 0.206 1 0
11 100 0.062 1 2
153 70 0.654 1 0
16 100 0.097 1 0
35 40 0.125 1 2
59 15 0.249 1 0
322 15 1.211 1 2
69 100 0.232 1 0
49 15 0.184 1 0
22 5 0.083 1 0
28 10 0.085 1 2
154 70 0.481 1 0
64 15 0.216 1 0
165 30 0.767 1 2
190 5 0.640 1 0
148 30 0.855 1 0
58 70 0.240 1 0
14 10 0.043 1 0
296 100 2.000 1 0
14 30 0.059 1 0
127 52 0.388 1 2
33 30 0.135 1 2
108 30 0.330 1 2
56 40 0.186 1 0
279 40 0.830 1 2
19 15 0.061 1 2
40 100 0.141 1 2
76 5 0.232 1 0
36 10 0.224 1 2
21 52 0.066 1 0
14 5 0.077 1 0
36 70 0.114 1 2
103 70 0.348 1 2
120 10 0.421 1 2
129 70 0.430 1 0
69 10 0.442 1 0
34 100 0.215 1 0
265 40 1.027 1 0
83 30 0.290 1 0
321 100 1.681 1 0
145 100 0.529 1 2
19 100 0.061 1 0
17 5 0.052 1 2
153 22 0.480 1 0
48 52 0.291 1 0
21 100 0.119 1 0
66 100 0.208 1 0
87 5 0.299 1 0
36 10 0.167 1 0
64 15 0.295 1 0
16 22 0.084 1 0
178 100 0.709 1 2
26 100 0.140 1 0
14 22 0.055 1 0
128 15 0.740 1 0
12 15 0.067 1 0
171 52 1.148 1 2
88 15 0.413 1 2
15 22 0.094 1 2
17 40 0.110 1 2
35 100 0.212 1 0
43 70 0.137 1 0
13 70 0.047 1 0
162 30 0.574 1 0
32 15 0.116 1 0
193 22 0.563 1 0
74 70 0.220 1 2
22 30 0.071 1 2
165 22 0.607 1 0
68 10 0.301 1 0
17 100 0.067 1 0
152 52 0.443 1 0
37 52 0.231 1 2
51 5 0.178 1 0
327 40 1.480 1 0
22 15 0.079 1 0
44 100 0.273 1 0
140 15 0.567 1 0
166 15 0.654 1 0
18 70 0.075 1 0
236 52 0.846 1 0
31 10 0.209 1 2
66 30 0.327 1 0
65 100 0.204 1 2
13 100 0.052 1 0
198 15 0.723 1 2
27 22 0.117 1 0
15 40 0.051 1 0
52 70 0.199 1 0
16 15 0.101 1 2
38 40 0.111 1 0
87 40 0.310 1 0
117 40 0.669 1 2
65 30 0.221 1 2
17 30 0.057 1 0
39 70 0.179 1 0
146 15 0.719 1 2
127 22 0.770 1 0
74 22 0.477 1 2
34 5 0.117 1 0
26 5 0.080 1 0
12 15 0.054 1 0
185 15 0.539 1 2
91 40 0.355 1 0
67 100 0.199 1 0
48 15 0.210 1 2
124 100 0.795 1 0
70 15 0.213 1 0
28 100 0.126 1 0
24 15 0.126 1 2
57 30 0.289 1 0
51 40 0.228 1 0
16 30 0.050 1 0
113 100 0.711 1 0
25 30 0.144 1 2
16 40 0.056 1 2
103 30 0.371 1 0
42 70 0.141 1 0
42 40 0.190 1 2
221 15 1.009 1 0
77 30 0.309 1 2
50 52 0.275 1 0
24 5 0.078 1 0
25 5 0.098 1 0
54 15 0.244 1 0
11 40 0.043 1 0
77 40 0.232 1 0
52 15 0.190 1 2
55 40 0.194 1 0
34 15 0.157 1 0
36 40 0.114 1 0
16 5 0.048 1 2
10 70 0.053 1 0
13 10 0.044 1 0
23 22 0.096 1 0
21 100 0.109 1 0
47 40 0.170 1 0
11 70 0.056 1 0
37 100 0.236 1 0
91 22 0.298 1 0
27 22 0.112 1 0
185 70 0.934 1 0
122 100 0.674 1 2
58 10 0.193 1 2
20 22 0.072 1 2
12 100 0.054 1 0
37 40 0.142 1 0
89 70 0.410 1 0
65 70 0.250 1 0
146 52 0.741 1 2
21 70 0.127 1 2
28 30 0.163 1 2
30 40 0.162 1 0
68 15 0.366 1 2
38 52 0.170 1 0
13 22 0.056 1 0
167 10 0.723 1 2
62 70 0.234 1 0
143 70 0.960 1 2
116 70 0.542 1 0
77 5 0.262 1 0
288 70 0.860 1 0
31 22 0.095 1 2
33 5 0.161 1 2
294 70 0.907 1 2
38 70 0.169 1 0
25 10 0.088 1 2
133 30 0.485 1 2
54 30 0.329 1 0
19 10 0.111 1 2
237 22 0.790 1 0
163 5 0.703 1 0
12 22 0.044 1 0
130 40 0.793 1 0
10 30 0.038 1 2
23 70 0.103 1 2
324 52 0.985 1 0
32 40 0.127 1 0
108 15 0.655 1 0
144 52 0.429 1 2
16 22 0.061 1 0
75 30 0.258 1 0
269 15 1.503 1 2
53 10 0.226 1 0
59 22 0.178 1 2
13 52 0.068 1 0
65 5 0.193 1 2
71 22 0.207 1 0
53 10 0.164 1 0
18 40 0.092 1 0
19 40 0.065 1 0
13 15 0.059 1 0
38 15 0.161 1 2
44 70 0.153 1 0
180 30 0.698 1 0
195 15 0.985 1 2
212 30 0.942 1 0
57 70 0.185 1 0
281 5 0.972 1 2
15 10 0.080 1 0
63 30 0.283 1 2
12 5 0.066 1 2
66 15 0.225 1 2
115 22 0.569 1 2
17 5 0.067 1 2
79 30 0.516 1 0
82 52 0.247 1 0
69 40 0.256 1 0
14 100 0.043 1 0
12 22 0.060 1 0
181 100 0.710 1 2
142 100 0.420 1 2
14 40 0.057 1 0
38 10 0.127 1 0
27 15 0.100 1 2
13 40 0.066 1 0
16 70 0.049 1 0
61 22 0.247 1 0
22 15 0.120 1 0
32 52 0.115 1 2
47 22 0.246 1 2
29 22 0.091 1 0
24 22 0.126 1 0
67 15 0.207 1 2
46 100 0.136 1 0
17 70 0.071 1 0
14 10 0.094 1 0
149 30 0.861 1 0
39 52 0.239 1 0
43 22 0.186 1 0
134 5 0.620 1 2
19 40 0.065 1 0
325 10 1.585 1 2
19 10 0.102 1 2
35 100 0.174 1 2
207 30 0.852 1 2
208 100 0.722 1 2
155 40 1.047 1 0
11 22 0.041 1 2
34 5 0.122 1 2
38 70 0.148 1 0
51 5 0.252 1 0
113 5 0.669 1 0
124 40 0.437 1 0
17 100 0.093 1 0
37 52 0.149 1 0
34 22 0.157 1 0
22 40 0.069 1 0
40 70 0.121 1 2
30 5 0.093 1 0
73 70 0.252 1 0
173 22 0.601 1 0
68 5 0.201 1 2
101 40 0.474 1 0
48 52 0.146 1 2
27 40 0.180 1 0
71 52 0.247 1 2
128 30 0.502 1 0
17 100 0.061 1 0
48 100 0.171 1 0
80 100 0.349 1 0
274 70 0.890 1 2
18 10 0.069 1 2
10 15 0.037 1 0
22 30 0.074 1 0
39 22 0.143 1 2
34 100 0.188 1 0
60 22 0.178 1 0
73 15 0.285 1 0
69 15 0.223 1 0
33 22 0.143 1 0
36 100 0.129 1 2
62 5 0.341 1 0
85 52 0.305 1 0
107 10 0.415 1 0
125 22 0.744 1 0
120 30 0.387 1 0
177 100 1.054 1 0
33 10 0.133 1 0
163 15 0.644 1 2
156 22 0.918 1 0
11 30 0.032 1 0
301 70 1.224 1 2
39 30 0.225 1 0
32 15 0.115 1 0
218 10 0.779 1 0
15 15 0.046 1 0
119 40 0.380 1 2
53 10 0.178 1 0
19 40 0.072 1 0
14 22 0.072 1 2
33 52 0.110 1 0
14 10 0.043 1 2
59 22 0.255 1 0
26 52 0.078 1 0
21 15 0.095 1 2
61 100 0.235 1 2
11 70 0.047 1 0
39 40 0.141 1 0
170 100 0.601 1 0
18 70 0.072 1 2
50 10 0.152 1 2
11 15 0.038 1 0
14 70 0.085 1 2
165 10 1.115 1 0
138 15 0.734 1 0
198 40 0.756 1 2
57 40 0.284 1 0
26 5 0.120 1 2
88 70 0.553 1 0
11 15 0.055 1 0
177 30 0.753 1 0
133 100 0.442 1 0
18 70 0.056 1 2
12 10 0.050 1 0
309 30 1.153 1 0
20 15 0.078 1 0
163 10 0.765 1 0
68 40 0.256 1 2
12 40 0.035 1 0
168 22 0.918 1 2
58 30 0.173 1 0
23 5 0.111 1 0
27 10 0.079 1 0
137 70 0.405 1 0
11 15 0.037 1 0
10 52 0.034 1 0
63 70 0.279 1 0
15 22 0.071 1 0
11 22 0.040 1 0
256 22 0.931 1 0
65 100 0.216 1 2
300 30 1.115 1 0
11 40 0.042 1 2
141 10 0.473 1 0
21 40 0.137 1 0
23 52 0.126 1 0
96 70 0.447 1 2
14 40 0.042 1 2
205 52 1.108 1 0
37 30 0.214 1 2
13 70 0.053 1 0
51 70 0.194 1 0
142 70 0.816 1 2
17 5 0.059 1 2
68 15 0.282 1 0
10 30 0.032 1 0
34 22 0.192 1 2
95 10 0.452 1 0
11 5 0.036 1 2
154 52 0.590 1 0
14 70 0.055 1 0
34 15 0.155 1 2
64 5 0.358 1 2
17 22 0.075 1 0
57 30 0.315 1 0
31 100 0.091 1 0
19 5 0.100 1 0
37 5 0.162 1 2
62 40 0.365 1 0
13 10 0.047 1 2
73 22 0.243 1 0
29 15 0.191 1 2
20 100 0.073 1 0
337 40 1.994 1 0
22 15 0.074 1 2
16 30 0.087 1 2
197 40 1.331 1 0
16 5 0.063 1 0
13 15 0.077 1 0
62 15 0.371 1 0
10 30 0.066 1 0
50 40 0.183 1 0
17 70 0.111 1 0
43 70 0.141 1 0
38 22 0.135 1 0
147 10 0.799 1 0
115 100 0.669 1 0
20 70 0.127 1 2
189 5 1.038 1 0
13 5 0.052 1 2
147 70 0.790 1 0
16 100 0.066 1 0
307 5 1.120 1 0
19 5 0.076 1 2
12 22 0.058 1 2
43 70 0.215 1 2
17 22 0.057 1 2
73 52 0.367 1 0
197 10 1.088 1 0
37 100 0.166 1 2
72 22 0.243 1 0
24 22 0.074 1 0
44 30 0.144 1 2
265 100 1.688 1 0
14 100 0.071 1 2
197 15 0.621 1 0
56 22 0.277 1 0
11 5 0.035 1 0
10 30 0.061 1 2
136 40 0.557 1 2
49 100 0.149 1 0
65 40 0.353 1 0
70 30 0.398 1 0
34 5 0.178 1 0
128 15 0.379 1 2
121 22 0.369 1 0
60 30 0.269 1 2
53 70 0.193 1 0
77 40 0.399 1 2
19 15 0.092 1 0
173 52 0.721 1 2
12 5 0.050 1 0
61 22 0.394 1 0
29 100 0.182 1 0
50 40 0.284 1 2
29 22 0.196 1 2
18 10 0.091 1 2
91 40 0.326 1 0
132 30 0.512 1 0
67 5 0.358 1 0
38 5 0.161 1 0
64 30 0.416 1 0
94 30 0.364 1 2
18 10 0.091 1 2
12 22 0.077 1 2
233 100 0.749 1 0
26 70 0.087 1 0
70 70 0.282 1 2
47 30 0.209 1 0
19 52 0.078 1 0
243 70 0.792 1 0
246 52 1.337 1 0
170 40 0.594 1 0
18 70 0.101 1 0
17 40 0.061 1 0
81 30 0.270 1 0
150 10 0.485 1 0
116 30 0.682 1 2
30 5 0.126 1 2
79 100 0.457 1 0
60 70 0.233 1 2
12 15 0.042 1 0
260 100 1.126 1 0
21 10 0.065 1 0
19 10 0.092 1 0
152 70 0.563 1 2
60 10 0.316 1 0
32 30 0.168 1 0
17 30 0.112 1 2
27 30 0.155 1 2
21 40 0.083 1 0
196 30 1.107 1 2
271 22 0.852 1 0
155 10 0.468 1 0
31 40 0.110 1 0
34 5 0.227 1 2
13 15 0.044 1 2
10 70 0.042 1 0
93 100 0.277 1 2
85 5 0.262 1 0
87 100 0.494 1 0
16 100 0.057 1 2
78 30 0.278 1 2
32 100 0.094 1 0
66 30 0.233 1 2
176 40 0.819 1 0
65 22 0.378 1 0
88 22 0.591 1 2
217 40 0.861 1 0
314 100 1.083 1 0
180 5 0.679 1 2
114 10 0.467 1 0
196 40 0.571 1 0
194 22 0.858 1 2
15 22 0.093 1 2
10 70 0.036 1 2
29 40 0.101 1 0
11 70 0.037 1 0
116 22 0.388 1 2
28 30 0.145 1 2
18 52 0.072 1 0
14 10 0.058 1 0
44 5 0.140 1 0
36 10 0.148 1 2
29 30 0.099 1 0
274 5 1.435 1 2
83 5 0.252 1 2
21 100 0.132 1 2
134 100 0.454 1 0
54 40 0.185 1 2
47 22 0.235 1 2
14 40 0.045 1 2
133 70 0.439 1 0
88 52 0.353 1 0
77 70 0.295 1 0
28 52 0.115 1 0
14 40 0.053 1 2
23 40 0.121 1 0
28 5 0.137 1 0
298 5 0.906 1 2
29 10 0.096 1 0
141 5 0.797 1 0
16 5 0.055 1 0
88 10 0.272 1 0
13 22 0.052 1 2
13 100 0.087 1 2
45 70 0.184 1 0
12 5 0.050 1 0
36 30 0.113 1 0
20 52 0.100 1 0
121 10 0.425 1 0
34 22 0.100 1 0
63 10 0.216 1 0
18 5 0.098 1 2
24 40 0.073 1 0
14 70 0.067 1 0
52 5 0.211 1 2
199 52 0.584 1 2
54 40 0.202 1 2
40 52 0.126 1 0
124 22 0.816 1 0
90 15 0.359 1 0
120 15 0.635 1 0
18 70 0.070 1 2
86 22 0.384 1 2
48 70 0.158 1 0
12 30 0.065 1 2
19 52 0.103 1 0
57 40 0.228 1 2
33 5 0.178 1 0
95 52 0.383 1 0
167 40 0.795 1 0
15 22 0.069 1 2
16 5 0.063 1 0
175 70 0.634 1 0
30 70 0.194 1 0
38 52 0.114 1 0
170 15 0.601 1 2
37 70 0.182 1 0
18 70 0.071 1 0
16 70 0.059 1 2
40 10 0.169 1 0
149 30 0.485 1 0
189 15 0.871 1 0
178 10 0.543 1 2
32 15 0.149 1 2
15 22 0.060 1 0
111 10 0.411 1 0
126 15 0.633 1 2
123 15 0.369 1 0
40 100 0.148 1 0
142 52 0.740 1 2
25 10 0.079 1 0
17 100 0.077 1 2
94 30 0.333 1 0
208 100 0.748 1 0
222 30 1.269 1 0
59 22 0.182 1 2
121 70 0.565 1 2
21 52 0.104 1 2
35 5 0.170 1 2
17 22 0.058 1 0
49 22 0.193 1 2
54 52 0.312 1 2
27 10 0.138 1 0
50 52 0.211 1 2
57 15 0.234 1 0
67 10 0.264 1 0
106 15 0.325 1 2
33 52 0.202 1 0
25 15 0.093 1 0
56 10 0.163 1 0
35 40 0.117 1 0
31 40 0.144 1 2
32 15 0.176 1 2
10 40 0.030 1 2
10 15 0.033 1 2
47 30 0.163 1 0
124 30 0.386 1 0
18 10 0.112 1 2
23 70 0.067 1 2
69 100 0.460 1 0
197 10 0.864 1 2
18 40 0.067 1 2
253 40 0.872 1 0
45 10 0.288 1 0
100 52 0.306 1 0
39 100 0.123 1 2
184 10 1.082 1 2
31 40 0.146 1 2
40 5 0.129 1 2
212 30 1.010 1 0
71 10 0.284 1 2
10 15 0.030 1 0
38 40 0.207 1 2
152 30 0.641 1 0
15 40 0.069 1 2
32 40 0.173 1 0
31 40 0.137 1 2
22 5 0.089 1 0
206 100 0.866 1 0
15 40 0.046 1 2
132 10 0.729 1 0
12 70 0.052 1 2
17 40 0.059 1 2
13 100 0.068 1 0
37 5 0.152 1 0
18 52 0.065 1 0
134 5 0.728 1 2
10 70 0.052 1 2
188 5 1.087 1 0
56 15 0.269 1 0
12 5 0.042 1 0
30 70 0.128 1 2
311 52 1.037 1 0
39 5 0.215 1 0
28 15 0.106 1 0
35 5 0.110 1 2
207 5 0.603 1 2
71 10 0.362 1 0
37 15 0.242 1 0
153 5 0.466 1 0
163 100 0.634 1 2
17 5 0.065 1 2
98 5 0.576 1 0
133 30 0.388 1 2
23 15 0.067 1 2
11 10 0.038 1 0
16 40 0.069 1 2
242 5 1.163 1 2
27 10 0.169 1 2
10 5 0.032 1 0
24 100 0.076 1 0
44 52 0.238 1 0
199 15 1.292 1 2
15 40 0.057 1 2
86 10 0.531 1 2
90 70 0.273 1 0
39 15 0.125 1 2
126 52 0.768 1 0
27 30 0.082 1 0
28 22 0.164 1 0
19 22 0.074 1 0
26 5 0.124 1 0
133 10 0.470 1 0
164 100 0.832 1 0
39 10 0.115 1 2
98 52 0.620 1 0
156 15 0.494 1 0
35 5 0.126 1 0
26 70 0.079 1 0
185 40 0.984 1 2
17 15 0.053 1 0
62 52 0.207 1 2
99 5 0.334 1 0
170 30 1.024 1 2
73 52 0.493 1 0
195 100 0.733 1 2
68 52 0.407 1 2
21 30 0.089 1 0
13 40 0.045 1 0
26 22 0.087 1 2
180 100 1.023 1 0
16 100 0.058 1 0
33 30 0.163 1 0
303 5 0.886 1 0
30 100 0.090 1 0
43 10 0.251 1 2
93 30 0.578 1 0
78 5 0.451 1 2
132 52 0.514 1 2
47 10 0.139 1 0
64 5 0.215 1 0
22 70 0.111 1 0
18 52 0.055 1 0
203 52 0.825 1 2
34 40 0.186 1 0
220 5 0.924 1 2
193 22 0.578 1 0
31 22 0.117 1 0
18 10 0.093 1 0
32 52 0.152 1 0
148 40 0.484 1 0
10 10 0.061 1 2
21 52 0.100 1 0
177 52 0.594 1 2
28 30 0.161 1 0
296 15 1.109 1 0
13 5 0.067 1 0
12 10 0.053 1 0
33 15 0.156 1 0
156 15 0.981 1 0
31 30 0.132 1 0
18 30 0.095 1 0
94 100 0.294 1 0
76 52 0.392 1 0
169 52 0.837 1 2
107 10 0.442 1 2
28 5 0.184 1 0
56 30 0.185 1 0
16 15 0.090 1 2
73 70 0.285 1 0
274 15 0.881 1 0
42 30 0.160 1 0
27 100 0.108 1 0
150 52 0.514 1 0
35 40 0.117 1 2
58 22 0.170 1 2
19 22 0.057 1 2
27 22 0.088 1 2
19 70 0.079 1 2
22 5 0.067 1 2
45 10 0.211 1 2
27 30 0.134 1 2
58 40 0.267 1 0
19 30 0.073 1 0
10 15 0.055 1 0
120 30 0.805 1 0
15 52 0.045 1 0
55 52 0.256 1 0
61 100 0.272 1 0
103 15 0.551 1 2
171 70 1.125 1 0
45 100 0.253 1 2
18 40 0.081 1 2
22 5 0.100 1 2
30 70 0.140 1 2
24 15 0.145 1 0
28 15 0.144 1 0
163 40 0.588 1 0
13 15 0.084 1 0
158 22 0.735 1 0
100 40 0.306 1 2
32 100 0.209 1 0
135 10 0.459 1 0
27 52 0.097 1 2
15 100 0.073 1 0
69 5 0.260 1 0
164 52 0.490 1 2
13 70 0.088 1 2
97 22 0.297 1 2
318 10 1.144 1 0
18 5 0.054 1 0
135 40 0.582 1 2
158 40 0.763 1 2
15 30 0.060 1 0
157 100 0.762 1 0
149 40 0.851 1 0
11 30 0.056 1 2
197 5 1.255 1 0
27 5 0.155 1 2
198 30 0.591 1 0
139 70 0.450 1 2
50 22 0.181 1 0
32 40 0.213 1 0
15 30 0.072 1 2
149 22 0.442 1 0
175 15 0.660 1 2
29 10 0.196 1 0
48 10 0.145 1 2
27 10 0.173 1 2
23 22 0.152 1 2
11 70 0.061 1 2
66 10 0.415 1 0
52 15 0.205 1 2
77 5 0.270 1 2
73 40 0.230 1 0
294 15 1.097 1 0
147 70 0.535 1 0
69 40 0.381 1 0
11 40 0.034 1 0
12 22 0.038 1 0
164 30 0.901 1 0
35 30 0.113 1 0
53 5 0.215 1 0
67 15 0.262 1 0
114 10 0.365 1 0
29 5 0.108 1 0
214 52 0.740 1 0
66 30 0.227 1 0
68 10 0.283 1 0
57 30 0.385 1 0
318 30 0.944 1 0
296 30 1.473 1 0
13 30 0.071 1 0
34 52 0.153 1 0
26 52 0.151 1 0
83 15 0.325 1 2
67 22 0.245 1 0
71 30 0.268 1 0
16 22 0.052 1 2
33 100 0.149 1 0
134 30 0.506 1 0
28 30 0.106 1 2
135 52 0.577 1 0
24 15 0.074 1 0
11 40 0.032 1 0
242 70 1.158 1 0
118 100 0.444 1 0
82 100 0.418 1 0
173 70 0.592 1 0
50 52 0.256 1 2
17 100 0.052 1 2
113 52 0.352 1 0
10 15 0.038 1 2
26 22 0.172 1 2
61 70 0.313 1 0
106 52 0.453 1 0
22 22 0.146 1 0
42 70 0.157 1 2
21 15 0.116 1 0
50 10 0.189 1 0
31 70 0.156 1 0
70 100 0.217 1 0
18 5 0.112 1 0
85 15 0.306 1 2
63 10 0.197 1 0
243 30 0.907 1 0
24 30 0.076 1 0
157 100 0.530 1 0
313 40 1.944 1 2
77 40 0.445 1 0
14 22 0.055 1 2
184 40 0.713 1 0
141 5 0.656 1 0
13 30 0.038 1 0
82 10 0.516 1 2
203 40 0.894 1 2
51 52 0.287 1 0
25 30 0.158 1 0
14 40 0.081 1 0
178 10 0.784 1 2
77 52 0.448 1 2
172 52 0.768 1 0
12 5 0.052 1 0
127 70 0.588 1 0
91 70 0.595 1 0
18 10 0.109 1 0
36 40 0.119 1 2
19 70 0.059 1 2
58 100 0.200 1 0
21 30 0.135 1 0
36 30 0.178 1 2
33 70 0.136 1 0
32 5 0.209 1 0
36 30 0.153 1 2
70 22 0.257 1 0
30 15 0.153 1 2
49 22 0.154 1 0
29 40 0.106 1 0
79 30 0.235 1 0
218 10 0.715 1 0
48 22 0.208 1 0
15 22 0.052 1 0
40 10 0.144 1 2
31 70 0.149 1 2
30 52 0.102 1 2
28 100 0.108 1 0
46 52 0.156 1 0
12 30 0.081 1 0
17 70 0.059 1 2
46 5 0.168 1 0
14 10 0.049 1 2
36 22 0.234 1 0
16 15 0.058 1 2
176 5 0.532 1 0
19 30 0.116 1 0
84 100 0.278 1 2
21 10 0.069 1 0
76 70 0.289 1 2
16 15 0.079 1 2
33 15 0.144 1 0
320 100 1.416 1 0
10 30 0.032 1 2
257 40 1.680 1 2
39 100 0.133 1 0
14 52 0.073 1 0
114 5 0.415 1 0
10 15 0.053 1 0
14 10 0.043 1 0
256 22 0.959 1 0
44 5 0.295 1 0
44 52 0.177 1 0
17 10 0.082 1 2
25 70 0.134 1 0
116 70 0.396 1 2
111 70 0.384 1 0
73 40 0.349 1 0
42 15 0.140 1 0
24 30 0.121 1 0
38 30 0.175 1 2
73 15 0.296 1 0
150 30 0.602 1 0
135 10 0.472 1 0
56 52 0.295 1 2
17 70 0.068 1 2
242 5 0.957 1 0
11 100 0.064 1 2
27 30 0.083 1 0
35 70 0.126 1 0
197 100 0.581 1 0
25 15 0.088 1 0
13 15 0.055 1 0
18 40 0.111 1 0
33 10 0.108 1 0
43 70 0.261 1 2
75 5 0.241 1 0
16 30 0.049 1 0
14 15 0.063 1 0
43 15 0.137 1 0
175 5 0.692 1 0
49 52 0.222 1 2
73 40 0.249 1 0
50 40 0.147 1 0
65 15 0.271 1 0
17 10 0.102 1 2
13 15 0.044 1 0
245 30 1.012 1 0
171 5 0.499 1 0
76 10 0.394 1 2
62 5 0.211 1 0
126 52 0.708 1 2
210 15 0.864 1 0
73 52 0.239 1 2
19 30 0.084 1 0
15 30 0.074 1 0
12 40 0.051 1 2
31 5 0.161 1 2
11 22 0.042 1 0
22 40 0.097 1 0
154 22 0.911 1 0
174 10 0.547 1 0
151 5 0.515 1 0
63 30 0.341 1 0
233 40 1.259 1 2
73 52 0.323 1 0
38 10 0.170 1 0
100 15 0.442 1 0
138 70 0.489 1 0
161 30 0.489 1 0
54 15 0.214 1 0
37 10 0.125 1 2
111 30 0.354 1 0
15 15 0.052 1 0
18 15 0.097 1 0
167 40 0.580 1 0
156 70 0.658 1 2
79 70 0.264 1 0
67 22 0.310 1 0
14 100 0.080 1 2
180 10 0.695 1 0
145 40 0.450 1 2
77 52 0.304 1 0
38 10 0.201 1 0
70 22 0.213 1 0
49 100 0.153 1 2
58 22 0.328 1 0
15 40 0.085 1 0
70 10 0.266 1 0
31 52 0.150 1 0
192 40 1.200 1 0
79 15 0.405 1 2
12 40 0.037 1 0
40 22 0.226 1 2
41 15 0.200 1 0
20 22 0.062 1 0
48 52 0.294 1 2
14 5 0.093 1 2
36 15 0.177 1 2
264 5 0.895 1 0
188 5 0.949 1 2
80 70 0.365 1 0
21 52 0.091 1 2
13 22 0.041 1 2
19 70 0.074 1 2
57 52 0.277 1 2
21 52 0.134 1 0
23 70 0.087 1 0
15 30 0.063 1 2
71 15 0.215 1 0
52 10 0.308 1 0
19 52 0.071 1 0
15 30 0.070 1 0
31 100 0.173 1 2
13 30 0.050 1 2
16 52 0.074 1 0
19 40 0.106 1 0
126 10 0.463 1 2
111 52 0.712 1 2
60 15 0.351 1 0
86 22 0.294 1 0
169 22 0.619 1 0
42 30 0.236 1 0
153 5 0.539 1 0
18 100 0.067 1 0
74 40 0.244 1 2
13 40 0.051 1 0
23 70 0.108 1 0
20 70 0.068 1 0
139 22 0.572 1 0
78 10 0.331 1 2
74 10 0.310 1 0
41 30 0.163 1 0
51 22 0.220 1 0
49 70 0.155 1 0
26 10 0.123 1 2
15 40 0.064 1 0
134 52 0.451 1 0
66 5 0.301 1 2
123 52 0.430 1 2
202 40 0.716 1 0
16 70 0.089 1 0
19 5 0.117 1 0
40 52 0.144 1 0
56 40 0.210 1 2
272 15 1.353 1 0
69 52 0.305 1 2
188 22 0.974 1 0
153 15 0.761 1 0
130 22 0.430 1 0
124 22 0.401 1 2
19 40 0.119 1 0
106 40 0.445 1 2
13 30 0.045 1 0
66 30 0.344 1 0
194 30 0.634 1 0
12 100 0.045 1 2
36 15 0.189 1 2
25 10 0.086 1 2
18 15 0.069 1 2
28 100 0.123 1 0
47 15 0.216 1 0
37 15 0.130 1 0
252 22 1.691 1 2
37 30 0.143 1 2
138 22 0.473 1 0
44 100 0.196 1 0
20 30 0.080 1 2
126 15 0.696 1 0
301 30 1.275 1 0
76 70 0.238 1 2
10 70 0.041 1 0
312 10 1.507 1 0
15 40 0.086 1 0
333 40 1.321 1 0
37 52 0.161 1 0
14 70 0.047 1 0
16 52 0.065 1 2
198 30 0.892 1 2
156 10 0.617 1 2
36 22 0.197 1 0
12 52 0.043 1 2
46 40 0.165 1 0
18 40 0.099 1 0
38 22 0.253 1 2
79 15 0.485 1 2
61 52 0.207 1 0
38 15 0.181 1 2
154 10 0.604 1 0
150 30 0.877 1 2
306 5 1.749 1 0
37 22 0.147 1 0
44 70 0.148 1 2
34 100 0.120 1 0
46 70 0.253 1 2
20 22 0.090 1 0
69 30 0.207 1 0
315 22 1.500 1 2
78 5 0.241 1 0
179 30 1.047 1 2
169 100 0.542 1 0
58 5 0.258 1 0
38 5 0.186 1 2
21 70 0.138 1 2
116 100 0.500 1 0
56 22 0.344 1 2
68 5 0.287 1 0
39 30 0.189 1 2
10 5 0.051 1 0
175 70 0.529 1 0
11 52 0.035 1 2
12 15 0.056 1 2
78 70 0.238 1 0
312 52 1.099 1 0
13 5 0.055 1 0
122 10 0.440 1 0
61 15 0.182 1 0
21 30 0.129 1 2
286 22 1.932 1 0
55 52 0.204 1 0
13 30 0.043 1 0
197 5 0.716 1 0
17 10 0.095 1 0
310 30 1.462 1 2
75 70 0.357 1 0
165 40 0.627 1 2
14 100 0.055 1 0
16 15 0.060 1 2
38 15 0.122 1 0
152 52 0.512 1 2
48 40 0.185 1 0
97 40 0.353 1 0
17 15 0.063 1 0
198 52 0.731 1 0
23 5 0.078 1 0
64 52 0.206 1 0
255 22 0.970 1 2
11 15 0.070 1 2
49 15 0.162 1 0
126 52 0.378 1 0
10 10 0.037 1 2
16 100 0.060 1 0
62 15 0.411 1 0
53 15 0.233 1 0
155 15 0.951 1 0
52 100 0.301 1 0
192 15 0.919 1 0
81 10 0.261 1 0
131 40 0.879 1 0
48 15 0.187 1 2
150 100 0.551 1 0
129 10 0.668 1 2
15 30 0.079 1 0
61 100 0.274 1 2
22 70 0.116 1 0
23 52 0.147 1 0
31 5 0.122 1 0
33 15 0.168 1 0
38 5 0.125 1 0
125 30 0.424 1 0
24 5 0.110 1 0
27 15 0.121 1 2
238 5 1.053 1 0
69 52 0.413 1 2
145 22 0.445 1 2
15 100 0.045 1 0
69 15 0.416 1 0
32 40 0.164 1 0
21 5 0.075 1 0
65 40 0.223 1 2
190 15 1.188 1 0
51 10 0.230 1 2
56 30 0.251 1 0
115 10 0.344 1 0
15 40 0.058 1 0
16 10 0.054 1 0
14 30 0.042 1 0
54 10 0.261 1 0
108 30 0.320 1 0
212 5 1.301 1 0
78 52 0.426 1 2
32 15 0.196 1 0
106 70 0.596 1 0
62 40 0.239 1 0
20 100 0.071 1 0
227 52 1.297 1 0
12 10 0.057 1 2
120 52 0.622 1 2
22 52 0.070 1 2
140 40 0.881 1 0
72 52 0.477 1 0
25 52 0.130 1 0
331 100 1.465 1 2
103 70 0.644 1 0
139 70 0.785 1 0
56 30 0.194 1 0
174 15 0.787 1 0
23 10 0.128 1 2
36 40 0.191 1 2
169 100 0.601 1 0
37 10 0.126 1 0
267 40 0.887 1 2
30 15 0.160 1 0
150 40 0.551 1 0
49 40 0.247 1 0
51 5 0.167 1 0
153 30 0.607 1 2
34 15 0.130 1 0
64 5 0.239 1 0
65 30 0.215 1 2
17 100 0.051 1 2
168 40 1.098 1 0
27 52 0.114 1 2
31 30 0.153 1 0
24 5 0.095 1 2
116 22 0.420 1 2
31 100 0.096 1 0
94 70 0.429 1 0
59 15 0.304 1 0
192 5 1.297 1 0
130 52 0.568 1 0
74 5 0.226 1 0
18 30 0.112 1 0
66 5 0.261 1 0
315 5 1.358 1 0
53 70 0.333 1 0
54 10 0.166 1 0
86 15 0.404 1 0
11 10 0.037 1 2
56 5 0.326 1 0
180 10 1.161 1 0
34 30 0.210 1 2
16 10 0.054 1 0
192 40 0.627 1 0
146 52 0.673 1 0
13 70 0.060 1 2
33 40 0.125 1 0
11 10 0.040 1 2
221 40 0.658 1 0
206 5 1.120 1 0
125 15 0.455 1 0
10 15 0.048 1 0
229 5 0.746 1 0
68 15 0.210 1 0
48 22 0.153 1 2
13 30 0.083 1 2
57 10 0.213 1 0
25 15 0.083 1 2
247 30 1.182 1 0
15 70 0.082 1 0
15 30 0.064 1 0
152 10 0.800 1 0
164 70 0.552 1 0
38 100 0.144 1 2
57 40 0.380 1 0
87 30 0.377 1 0
103 40 0.620 1 2
35 10 0.151 1 2
14 100 0.061 1 0
53 5 0.356 1 0
35 30 0.171 1 0
20 5 0.123 1 0
23 10 0.078 1 0
14 70 0.044 1 0
14 70 0.065 1 0
94 30 0.519 1 0
102 30 0.423 1 2
102 30 0.368 1 0
10 40 0.042 1 0
60 5 0.178 1 0
158 5 0.883 1 0
99 22 0.527 1 2
42 30 0.184 1 0
13 70 0.043 1 0
37 10 0.198 1 2
152 70 0.465 1 0
151 40 0.763 1 0
45 30 0.213 1 0
37 40 0.132 1 0
16 100 0.080 1 0
270 30 0.860 1 2
178 40 0.541 1 0
29 100 0.112 1 0
39 100 0.191 1 0
73 5 0.245 1 2
98 52 0.445 1 0
124 52 0.577 1 0
36 100 0.180 1 0
28 52 0.111 1 0
23 5 0.104 1 2
23 100 0.082 1 0
51 10 0.173 1 0
16 52 0.057 1 0
12 10 0.050 1 0
15 100 0.044 1 2
96 100 0.384 1 0
144 22 0.600 1 2
17 52 0.065 1 0
72 5 0.215 1 0
153 30 0.680 1 0
14 5 0.071 1 2
13 22 0.050 1 2
167 30 0.522 1 0
53 10 0.190 1 0
55 40 0.322 1 2
69 40 0.232 1 0
115 40 0.447 1 0
33 52 0.136 1 0
34 52 0.201 1 2
22 100 0.103 1 0
34 22 0.112 1 0
40 30 0.145 1 0
36 40 0.108 1 0
258 5 0.912 1 0
73 70 0.264 1 2
159 10 0.779 1 0
11 40 0.073 1 0
191 30 0.604 1 2
13 52 0.062 1 0
28 22 0.117 1 0
73 5 0.228 1 0
24 52 0.097 1 0
237 5 0.891 1 2
157 10 0.643 1 2
48 30 0.270 1 0
32 10 0.130 1 0
63 52 0.191 1 2
68 10 0.349 1 0
35 10 0.109 1 0
16 30 0.086 1 2
109 70 0.509 1 0
77 30 0.412 1 0
50 40 0.254 1 2
23 40 0.078 1 2
49 10 0.170 1 2
196 30 0.614 1 2
329 70 1.653 1 2
22 40 0.105 1 0
40 22 0.216 1 2
39 30 0.186 1 0
31 5 0.117 1 2
38 100 0.143 1 0
187 70 0.742 1 0
174 15 0.549 1 0
18 10 0.077 1 2
238 22 1.408 1 2
51 10 0.158 1 0
24 15 0.083 1 2
31 70 0.095 1 2
29 5 0.105 1 0
72 40 0.383 1 0
87 70 0.254 1 0
71 5 0.436 1 0
69 100 0.390 1 0
117 70 0.657 1 0
32 5 0.118 1 0
33 100 0.180 1 0
266 100 0.924 1 0
67 22 0.208 1 0
87 15 0.572 1 0
159 40 0.700 1 0
141 15 0.564 1 0
33 40 0.128 1 0
31 70 0.108 1 0
39 70 0.135 1 0
25 40 0.137 1 0
12 100 0.038 1 0
186 22 0.930 1 2
60 5 0.306 1 2
151 100 0.609 1 0
162 5 0.970 1 2
49 15 0.163 1 2
16 52 0.090 1 0
77 22 0.320 1 0
55 100 0.248 1 0
16 5 0.094 1 0
155 30 0.613 1 0
157 15 0.987 1 0
171 5 0.767 1 0
141 40 0.815 1 0
12 5 0.040 1 2
270 10 1.111 1 0
14 5 0.053 1 2
13 70 0.042 1 2
43 70 0.130 1 0
50 5 0.164 1 2
172 30 0.778 1 0
30 70 0.123 1 0
15 22 0.054 1 0
37 30 0.108 1 0
17 52 0.064 1 0
54 30 0.245 1 0
56 5 0.185 1 0
45 30 0.216 1 0
65 30 0.250 1 2
13 52 0.040 1 2
24 100 0.078 1 2
42 22 0.123 1 0
66 70 0.201 1 0
14 10 0.069 1 2
303 30 1.010 1 0
21 30 0.080 1 0
59 15 0.173 1 2
146 5 0.523 1 0
13 52 0.078 1 2
36 52 0.124 1 0
222 22 0.929 1 0
19 52 0.086 1 0
316 22 0.994 1 0
42 40 0.148 1 0
14 100 0.055 1 2
163 5 0.487 1 0
16 30 0.086 1 0
190 40 1.188 1 0
22 100 0.079 1 0
35 15 0.113 1 0
73 15 0.346 1 0
169 10 0.560 1 2
77 52 0.227 1 2
170 52 0.867 2 1
11 10 0.038 2 1
309 5 1.635 2 0
16 22 0.065 2 0
37 5 0.219 2 0
61 100 0.261 2 0
25 22 0.090 2 0
32 30 0.118 2 0
182 100 0.774 2 1
36 100 0.107 2 0
281 52 1.313 2 1
32 40 0.102 2 0
61 52 0.374 2 1
70 10 0.338 2 0
35 100 0.141 2 1
24 10 0.073 2 0
21 70 0.099 2 0
80 100 0.473 2 0
149 40 0.489 2 0
50 5 0.169 2 0
113 70 0.338 2 0
286 30 0.957 2 0
16 22 0.072 2 1
153 22 0.860 2 0
29 52 0.156 2 0
17 22 0.050 2 0
302 40 1.841 2 0
19 10 0.088 2 0
70 30 0.265 2 1
23 52 0.141 2 0
12 100 0.049 2 0
19 10 0.056 2 0
102 22 0.307 2 1
174 52 0.611 2 0
48 52 0.145 2 0
14 100 0.045 2 0
25 100 0.125 2 0
242 52 1.458 2 0
14 30 0.047 2 1
163 5 1.079 2 0
33 70 0.107 2 1
40 100 0.187 2 0
152 70 0.476 2 1
103 100 0.682 2 1
152 15 0.446 2 0
66 30 0.437 2 1
66 52 0.365 2 0
45 100 0.231 2 0
39 15 0.157 2 0
25 15 0.120 2 0
35 100 0.119 2 0
138 70 0.926 2 0
35 30 0.128 2 0
145 100 0.469 2 0
105 5 0.484 2 0
96 100 0.623 2 0
10 70 0.050 2 1
187 100 1.100 2 0
11 40 0.037 2 0
34 30 0.214 2 0
166 5 0.686 2 1
56 40 0.311 2 1
149 30 0.882 2 0
103 100 0.321 2 1
60 52 0.181 2 0
11 15 0.037 2 0
16 30 0.077 2 0
48 40 0.217 2 1
24 100 0.124 2 1
20 5 0.079 2 0
137 30 0.682 2 0
141 30 0.723 2 0
134 5 0.684 2 0
226 52 0.753 2 0
19 52 0.071 2 1
17 15 0.076 2 1
45 52 0.222 2 0
117 30 0.574 2 0
74 52 0.468 2 0
32 30 0.096 2 0
56 40 0.224 2 0
43 70 0.173 2 1
26 30 0.105 2 1
87 70 0.268 2 1
17 40 0.063 2 0
21 22 0.134 2 1
153 70 0.777 2 1
189 70 0.955 2 0
11 70 0.040 2 1
171 5 0.552 2 0
70 40 0.270 2 0
130 52 0.417 2 1
73 100 0.361 2 0
41 40 0.157 2 1
46 52 0.247 2 1
129 5 0.496 2 1
111 15 0.338 2 1
37 22 0.123 2 0
115 100 0.489 2 0
18 100 0.061 2 0
69 52 0.381 2 1
11 40 0.036 2 0
158 70 0.963 2 0
307 10 1.668 2 1
96 5 0.430 2 0
157 22 1.006 2 0
15 15 0.044 2 1
45 100 0.133 2 0
19 22 0.128 2 1
60 22 0.267 2 1
143 100 0.470 2 0
291 22 1.173 2 0
18 30 0.062 2 0
64 5 0.238 2 0
39 52 0.212 2 1
27 40 0.094 2 1
14 100 0.071 2 0
25 40 0.151 2 1
11 10 0.048 2 1
51 15 0.177 2 1
186 100 0.552 2 0
151 10 0.539 2 0
66 5 0.402 2 0
11 15 0.041 2 0
120 10 0.392 2 0
216 5 1.440 2 0
33 30 0.110 2 0
20 70 0.061 2 0
10 22 0.047 2 0
158 22 0.767 2 0
26 40 0.077 2 1
12 52 0.051 2 1
16 70 0.088 2 0
19 22 0.069 2 1
26 22 0.099 2 0
32 100 0.113 2 1
39 5 0.129 2 0
44 40 0.240 2 1
205 10 0.697 2 1
73 70 0.349 2 1
17 40 0.062 2 1
324 15 0.970 2 0
57 15 0.368 2 0
70 10 0.217 2 1
59 10 0.276 2 0
235 22 1.487 2 0
18 70 0.053 2 0
30 52 0.156 2 0
16 10 0.080 2 0
10 10 0.042 2 0
35 5 0.115 2 0
138 52 0.701 2 1
15 22 0.074 2 0
15 5 0.074 2 0
11 70 0.035 2 0
12 52 0.047 2 0
175 70 0.931 2 1
10 5 0.046 2 1
98 40 0.295 2 1
181 40 0.724 2 0
228 100 0.763 2 0
13 10 0.051 2 1
90 52 0.588 2 0
167 100 0.690 2 0
32 5 0.137 2 0
15 30 0.057 2 1
17 52 0.056 2 0
12 15 0.074 2 0
14 15 0.062 2 0
10 10 0.050 2 1
100 22 0.543 2 0
211 22 0.661 2 1
28 100 0.130 2 0
30 100 0.129 2 0
19 10 0.126 2 0
12 40 0.044 2 0
170 10 0.829 2 1
101 70 0.402 2 0
94 15 0.543 2 0
279 52 1.860 2 1
274 70 1.350 2 0
11 52 0.061 2 0
37 70 0.173 2 1
169 40 0.816 2 1
17 22 0.062 2 0
276 5 1.468 2 0
36 40 0.190 2 0
44 5 0.155 2 0
16 52 0.054 2 0
110 40 0.632 2 0
29 52 0.135 2 1
18 22 0.056 2 0
61 10 0.248 2 0
329 70 2.043 2 1
29 10 0.139 2 0
31 100 0.119 2 0
173 100 0.752 2 0
32 22 0.122 2 0
108 40 0.356 2 1
25 40 0.100 2 0
14 30 0.059 2 0
81 40 0.296 2 1
36 15 0.225 2 0
240 22 0.774 2 0
13 10 0.044 2 0
36 15 0.149 2 0
74 22 0.265 2 0
71 22 0.296 2 1
105 10 0.378 2 0
156 40 0.464 2 0
11 10 0.066 2 1
70 5 0.417 2 0
74 40 0.257 2 0
25 5 0.122 2 0
193 100 0.611 2 0
47 70 0.137 2 0
13 70 0.045 2 0
40 10 0.167 2 0
138 15 0.402 2 1
10 70 0.042 2 0
30 22 0.156 2 0
18 15 0.055 2 0
11 52 0.041 2 1
22 5 0.086 2 0
25 30 0.082 2 1
23 40 0.124 2 0
34 5 0.116 2 1
142 10 0.620 2 1
58 5 0.276 2 1
48 100 0.148 2 1
33 10 0.143 2 0
232 10 0.768 2 0
60 70 0.219 2 0
32 22 0.166 2 1
19 5 0.062 2 0
11 10 0.034 2 0
16 52 0.066 2 0
69 5 0.373 2 0
57 15 0.380 2 0
31 10 0.108 2 0
16 100 0.047 2 0
163 5 0.758 2 1
31 15 0.201 2 0
55 100 0.198 2 0
29 40 0.085 2 0
166 30 0.493 2 1
65 40 0.208 2 1
57 22 0.252 2 0
18 100 0.057 2 0
214 15 0.704 2 0
102 40 0.383 2 0
75 40 0.410 2 0
15 52 0.063 2 1
74 5 0.433 2 0
62 5 0.279 2 1
64 40 0.248 2 1
32 10 0.094 2 0
13 5 0.044 2 0
67 5 0.335 2 0
16 5 0.061 2 0
21 52 0.077 2 0
90 30 0.508 2 1
21 10 0.101 2 0
286 15 0.897 2 0
16 5 0.047 2 0
109 70 0.545 2 1
10 40 0.062 2 0
11 70 0.035 2 0
15 40 0.082 2 0
145 52 0.912 2 1
182 22 0.652 2 0
15 40 0.068 2 0
140 5 0.493 2 1
63 5 0.185 2 0
32 40 0.118 2 0
16 100 0.067 2 1
246 15 1.597 2 1
51 15 0.158 2 0
14 100 0.051 2 1
74 100 0.298 2 0
69 40 0.284 2 0
10 40 0.032 2 1
14 100 0.077 2 0
182 22 0.978 2 1
36 10 0.151 2 0
67 22 0.290 2 0
333 100 1.271 2 0
38 52 0.193 2 0
208 22 0.889 2 0
72 10 0.404 2 1
47 100 0.261 2 1
213 5 0.692 2 0
45 70 0.254 2 0
103 52 0.536 2 0
42 15 0.228 2 0
50 5 0.179 2 0
45 10 0.209 2 0
293 70 1.940 2 1
14 22 0.045 2 0
10 52 0.042 2 1
279 30 1.107 2 0
15 70 0.065 2 0
14 15 0.073 2 0
18 10 0.110 2 0
17 30 0.114 2 0
16 10 0.106 2 0
25 5 0.111 2 1
148 22 0.841 2 1
165 100 1.093 2 1
76 15 0.357 2 0
17 15 0.059 2 0
37 10 0.128 2 1
16 22 0.095 2 0
129 10 0.480 2 0
99 100 0.291 2 1
100 15 0.355 2 1
144 22 0.692 2 0
30 10 0.194 2 1
64 5 0.211 2 0
76 22 0.228 2 0
19 40 0.079 2 1
10 100 0.052 2 0
19 30 0.081 2 0
77 100 0.367 2 1
209 70 1.298 2 1
54 100 0.218 2 1
13 52 0.041 2 0
10 5 0.038 2 0
41 40 0.133 2 0
15 5 0.094 2 0
22 70 0.101 2 0
34 22 0.160 2 0
36 100 0.181 2 0
27 70 0.089 2 1
181 70 0.777 2 0
23 70 0.093 2 0
94 10 0.335 2 0
120 70 0.490 2 1
154 40 0.751 2 1
19 40 0.085 2 0
47 10 0.292 2 1
67 10 0.313 2 1
64 30 0.342 2 0
13 70 0.038 2 0
110 5 0.332 2 0
16 52 0.067 2 0
59 70 0.204 2 1
67 22 0.252 2 1
170 40 0.540 2 0
34 15 0.124 2 0
65 40 0.195 2 1
219 10 1.159 2 0
25 15 0.091 2 0
71 22 0.307 2 0
27 5 0.179 2 0
16 5 0.058 2 1
117 70 0.459 2 0
157 40 0.689 2 1
32 40 0.107 2 1
36 40 0.218 2 0
13 22 0.063 2 0
41 22 0.135 2 0
25 22 0.095 2 0
132 70 0.477 2 0
15 30 0.047 2 0
309 5 1.256 2 0
43 40 0.146 2 0
17 100 0.104 2 0
13 52 0.052 2 0
122 70 0.502 2 1
37 100 0.180 2 0
41 5 0.160 2 1
58 5 0.261 2 1
25 40 0.153 2 1
51 70 0.246 2 0
135 22 0.547 2 0
281 22 0.993 2 0
25 10 0.137 2 0
66 30 0.367 2 1
34 5 0.165 2 0
31 70 0.118 2 1
39 52 0.130 2 0
185 10 0.593 2 1
138 52 0.582 2 1
77 70 0.301 2 0
178 22 0.558 2 0
67 30 0.206 2 1
68 15 0.240 2 0
256 52 0.970 2 0
40 5 0.147 2 1
11 40 0.039 2 0
31 15 0.134 2 1
100 15 0.337 2 1
50 70 0.169 2 1
277 5 1.522 2 1
295 52 1.065 2 0
85 22 0.265 2 0
32 10 0.122 2 0
43 100 0.247 2 1
12 40 0.053 2 0
10 5 0.057 2 1
18 10 0.104 2 1
27 100 0.094 2 0
15 40 0.052 2 0
68 30 0.274 2 1
27 15 0.079 2 1
20 70 0.100 2 1
17 52 0.066 2 1
92 5 0.362 2 0
23 22 0.085 2 0
53 70 0.317 2 1
226 15 0.840 2 1
10 52 0.050 2 1
13 22 0.039 2 0
324 100 1.415 2 0
16 30 0.108 2 0
17 30 0.062 2 1
61 100 0.271 2 1
146 40 0.431 2 1
183 10 0.876 2 0
179 70 0.556 2 1
40 22 0.205 2 0
52 10 0.210 2 1
36 52 0.228 2 0
72 52 0.324 2 1
235 22 0.706 2 1
31 22 0.205 2 0
195 40 0.611 2 0
120 40 0.795 2 0
33 40 0.196 2 0
93 52 0.315 2 1
69 5 0.352 2 0
286 52 1.546 2 1
100 22 0.437 2 0
131 30 0.639 2 1
10 22 0.035 2 1
121 52 0.807 2 1
64 40 0.249 2 0
61 22 0.180 2 1
17 30 0.078 2 1
190 52 0.653 2 0
79 30 0.262 2 0
132 5 0.571 2 0
143 40 0.426 2 1
29 30 0.150 2 0
62 10 0.181 2 0
151 52 0.981 2 1
79 15 0.243 2 1
54 30 0.166 2 0
179 22 0.803 2 0
35 100 0.198 2 0
29 70 0.139 2 1
59 5 0.341 2 0
24 52 0.078 2 0
53 100 0.173 2 1
33 10 0.140 2 0
78 52 0.446 2 0
70 30 0.238 2 0
10 5 0.038 2 1
46 100 0.180 2 1
74 10 0.288 2 0
69 100 0.367 2 0
133 52 0.428 2 1
172 15 0.520 2 0
11 30 0.033 2 0
14 40 0.071 2 1
54 52 0.353 2 1
148 10 0.612 2 0
17 22 0.051 2 1
12 52 0.057 2 1
336 40 1.287 2 1
93 15 0.604 2 1
102 40 0.349 2 1
223 70 0.666 2 0
274 52 1.269 2 0
15 5 0.068 2 0
184 22 1.095 2 0
71 10 0.287 2 1
161 22 0.674 2 0
176 52 0.884 2 0
70 10 0.330 2 0
310 10 1.975 2 1
28 10 0.183 2 1
99 5 0.332 2 0
14 40 0.045 2 0
36 70 0.137 2 0
51 100 0.153 2 0
27 5 0.084 2 0
12 100 0.038 2 0
85 5 0.289 2 1
14 5 0.058 2 1
69 100 0.210 2 0
20 70 0.068 2 0
32 30 0.169 2 0
10 10 0.060 2 0
10 52 0.031 2 0
48 100 0.141 2 1
252 70 1.091 2 1
61 100 0.381 2 0
98 40 0.563 2 0
15 100 0.084 2 1
205 22 0.709 2 0
45 52 0.281 2 0
181 70 0.566 2 1
274 5 0.843 2 0
184 70 0.543 2 0
87 52 0.473 2 1
169 10 0.526 2 0
273 70 1.197 2 0
11 10 0.058 2 0
167 30 1.006 2 1
12 30 0.063 2 0
84 100 0.365 2 0
46 5 0.172 2 1
38 100 0.236 2 0
13 22 0.044 2 1
23 40 0.098 2 0
11 52 0.034 2 0
189 22 1.118 2 0
75 100 0.233 2 0
38 22 0.127 2 1
13 40 0.055 2 0
20 5 0.098 2 1
76 40 0.432 2 0
12 40 0.049 2 1
19 5 0.074 2 1
11 5 0.034 2 0
183 5 0.693 2 0
35 40 0.167 2 1
30 22 0.138 2 0
27 100 0.098 2 0
61 52 0.216 2 0
26 10 0.097 2 1
255 52 1.401 2 0
45 70 0.238 2 0
121 30 0.640 2 1
152 52 0.468 2 1
71 5 0.333 2 0
46 52 0.183 2 0
152 10 1.000 2 0
130 22 0.392 2 0
50 52 0.269 2 0
17 30 0.059 2 1
29 15 0.087 2 0
98 10 0.421 2 1
221 10 0.784 2 0
125 22 0.610 2 0
14 30 0.043 2 0
14 40 0.072 2 1
115 22 0.498 2 1
152 40 0.522 2 0
56 70 0.163 2 0
205 70 0.707 2 0
114 15 0.511 2 1
91 70 0.336 2 0
79 10 0.288 2 1
122 40 0.459 2 1
188 30 0.836 2 0
62 70 0.321 2 0
181 22 0.808 2 0
71 30 0.467 2 0
92 22 0.594 2 1
15 15 0.088 2 1
15 40 0.057 2 1
170 52 0.859 2 0
13 30 0.073 2 0
49 30 0.245 2 0
72 70 0.295 2 0
16 10 0.073 2 0
36 30 0.140 2 1
10 5 0.037 2 0
193 15 0.889 2 0
76 5 0.303 2 0
12 100 0.073 2 1
68 40 0.242 2 0
105 40 0.312 2 0
22 30 0.103 2 1
30 10 0.102 2 0
93 40 0.358 2 0
154 100 0.901 2 0
290 15 1.847 2 0
57 100 0.170 2 0
28 5 0.151 2 0
89 40 0.366 2 0
11 22 0.066 2 1
58 10 0.232 2 1
16 70 0.078 2 0
180 15 0.837 2 0
53 52 0.163 2 1
82 5 0.347 2 0
155 10 0.568 2 0
38 70 0.130 2 1
62 5 0.196 2 0
15 30 0.059 2 0
114 22 0.377 2 0
171 100 0.818 2 0
13 70 0.058 2 0
159 40 0.489 2 0
68 70 0.222 2 1
36 100 0.202 2 1
48 40 0.195 2 1
15 5 0.053 2 0
69 100 0.411 2 1
185 70 0.787 2 1
185 40 0.675 2 1
25 100 0.159 2 0
38 15 0.205 2 0
187 5 1.051 2 0
14 10 0.056 2 1
27 70 0.104 2 0
13 5 0.058 2 0
184 52 0.543 2 0
157 52 0.489 2 0
70 52 0.335 2 0
11 15 0.046 2 0
23 40 0.149 2 1
14 40 0.086 2 1
14 100 0.041 2 1
12 5 0.042 2 1
66 10 0.237 2 0
13 40 0.064 2 0
93 70 0.354 2 1
38 40 0.116 2 1
18 15 0.067 2 1
22 40 0.067 2 1
45 10 0.172 2 1
11 15 0.041 2 0
177 70 0.600 2 1
24 70 0.078 2 1
29 70 0.132 2 0
31 52 0.194 2 0
12 40 0.065 2 0
137 30 0.830 2 0
26 40 0.114 2 1
169 52 0.547 2 0
46 100 0.191 2 0
14 15 0.048 2 0
16 5 0.049 2 0
14 5 0.046 2 1
158 15 0.627 2 1
104 52 0.414 2 0
10 52 0.035 2 0
74 40 0.400 2 1
298 15 1.226 2 0
24 30 0.095 2 0
50 40 0.276 2 1
17 40 0.050 2 0
12 52 0.053 2 1
57 70 0.242 2 1
194 15 1.244 2 0
145 52 0.948 2 1
189 52 1.086 2 0
72 22 0.283 2 0
109 40 0.619 2 1
17 100 0.114 2 1
18 52 0.061 2 0
46 30 0.222 2 1
179 100 0.546 2 0
18 15 0.073 2 1
63 5 0.186 2 0
321 100 1.221 2 1
88 22 0.348 2 0
55 52 0.276 2 0
252 22 1.615 2 0
12 5 0.042 2 1
18 100 0.117 2 1
19 30 0.071 2 1
173 10 0.709 2 0
10 70 0.037 2 0
77 40 0.279 2 0
16 5 0.102 2 0
18 10 0.060 2 0
11 22 0.067 2 1
71 70 0.321 2 0
103 40 0.409 2 1
44 70 0.169 2 0
37 70 0.108 2 0
207 15 0.750 2 0
30 100 0.174 2 0
36 52 0.147 2 0
21 15 0.100 2 0
33 52 0.113 2 1
61 30 0.280 2 0
37 15 0.137 2 1
84 100 0.258 2 1
58 40 0.213 2 1
12 30 0.070 2 0
12 22 0.053 2 1
42 52 0.133 2 1
158 100 0.664 2 1
14 22 0.048 2 0
16 10 0.073 2 1
28 40 0.160 2 0
18 10 0.064 2 0
176 52 0.762 2 1
73 10 0.290 2 1
155 52 0.497 2 0
63 52 0.348 2 0
21 30 0.063 2 0
29 22 0.105 2 0
182 15 0.847 2 0
29 30 0.182 2 1
14 70 0.093 2 1
12 52 0.044 2 1
12 40 0.057 2 0
79 30 0.245 2 0
27 15 0.178 2 0
141 40 0.491 2 0
177 52 0.823 2 0
209 70 0.613 2 1
45 10 0.146 2 0
198 52 0.707 2 0
190 70 0.872 2 1
82 70 0.474 2 0
75 15 0.385 2 0
46 5 0.165 2 0
300 40 1.376 2 0
123 22 0.373 2 0
312 15 1.773 2 0
21 30 0.071 2 0
123 22 0.394 2 1
61 10 0.241 2 1
29 40 0.088 2 0
61 70 0.258 2 0
77 15 0.507 2 1
74 15 0.284 2 1
122 22 0.457 2 0
73 5 0.487 2 1
21 22 0.109 2 0
160 30 0.874 2 1
37 100 0.149 2 0
29 30 0.180 2 0
17 10 0.075 2 1
248 52 1.265 2 0
26 5 0.113 2 0
23 70 0.092 2 0
185 22 0.640 2 0
53 40 0.202 2 1
28 22 0.135 2 0
38 22 0.178 2 1
35 52 0.123 2 1
28 100 0.088 2 1
14 100 0.056 2 0
106 22 0.364 2 1
16 70 0.047 2 1
20 30 0.063 2 0
54 5 0.305 2 0
15 15 0.070 2 0
11 70 0.036 2 0
21 100 0.119 2 1
15 30 0.047 2 1
129 70 0.377 2 1
77 5 0.435 2 0
261 22 0.796 2 0
75 10 0.225 2 1
40 70 0.175 2 1
14 22 0.058 2 0
293 70 1.940 2 0
38 40 0.167 2 0
20 70 0.096 2 0
10 52 0.034 2 0
236 10 0.811 2 0
66 40 0.295 2 0
132 100 0.498 2 0
64 22 0.314 2 1
179 40 0.581 2 1
34 100 0.131 2 0
39 5 0.176 2 1
15 15 0.055 2 1
24 70 0.139 2 1
28 30 0.136 2 0
56 22 0.223 2 0
42 70 0.202 2 1
74 15 0.219 2 0
183 15 0.910 2 0
172 10 0.688 2 0
334 100 2.075 2 1
31 30 0.139 2 0
181 40 0.566 2 1
76 100 0.322 2 0
77 100 0.233 2 0
14 40 0.062 2 0
10 22 0.052 2 1
39 100 0.133 2 0
41 52 0.142 2 1
59 52 0.175 2 1
45 15 0.198 2 0
87 52 0.269 2 0
30 30 0.174 2 1
36 5 0.133 2 0
32 15 0.107 2 0
41 40 0.205 2 0
32 70 0.104 2 0
18 100 0.087 2 1
67 30 0.232 2 0
12 5 0.051 2 0
145 40 0.525 2 1
16 10 0.052 2 0
20 30 0.126 2 1
33 30 0.195 2 1
54 22 0.168 2 0
73 40 0.420 2 0
15 22 0.073 2 0
183 40 0.995 2 1
60 5 0.215 2 1
184 5 0.659 2 0
15 10 0.089 2 0
35 100 0.136 2 0
55 10 0.208 2 0
84 100 0.297 2 0
43 70 0.185 2 0
179 5 0.563 2 1
157 70 0.844 2 1
25 15 0.098 2 1
110 5 0.400 2 0
76 5 0.472 2 0
129 52 0.639 2 0
35 15 0.110 2 0
44 30 0.159 2 1
62 5 0.238 2 1
13 100 0.043 2 0
31 15 0.105 2 0
269 40 1.431 2 0
21 22 0.131 2 0
246 52 0.972 2 1
41 100 0.229 2 0
164 52 0.558 2 0
173 40 0.869 2 0
173 15 0.588 2 1
35 5 0.179 2 1
37 22 0.119 2 1
10 15 0.052 2 0
15 40 0.048 2 0
56 52 0.255 2 0
15 10 0.045 2 0
46 70 0.254 2 0
85 30 0.500 2 0
11 100 0.038 2 0
24 22 0.104 2 0
38 30 0.148 2 1
57 70 0.171 2 0
77 30 0.270 2 1
63 40 0.401 2 0
17 100 0.051 2 0
22 52 0.092 2 1
185 30 0.543 2 1
155 52 0.692 2 0
21 15 0.095 2 0
16 15 0.061 2 1
61 10 0.224 2 0
13 100 0.061 2 0
85 5 0.427 2 0
293 70 0.864 2 0
46 15 0.251 2 1
39 10 0.138 2 0
121 10 0.801 2 0
16 40 0.086 2 1
75 52 0.399 2 1
38 52 0.212 2 0
338 70 1.724 2 0
78 70 0.261 2 0
25 52 0.093 2 0
168 100 0.547 2 1
164 22 0.610 2 0
50 40 0.203 2 1
20 100 0.102 2 0
274 40 1.593 2 0
73 100 0.333 2 0
23 15 0.144 2 1
15 52 0.077 2 0
17 100 0.081 2 0
29 52 0.140 2 1
188 5 0.847 2 0
15 52 0.048 2 0
24 5 0.077 2 1
47 52 0.232 2 0
161 30 0.553 2 0
43 15 0.221 2 1
76 15 0.422 2 0
15 22 0.092 2 0
135 15 0.412 2 0
16 100 0.072 2 0
70 70 0.238 2 0
69 15 0.267 2 1
16 40 0.054 2 1
210 10 0.929 2 0
150 100 0.545 2 0
31 5 0.151 2 0
169 5 0.515 2 0
96 15 0.287 2 0
10 70 0.036 2 1
36 100 0.143 2 1
80 52 0.400 2 0
32 15 0.111 2 0
37 70 0.179 2 0
123 10 0.741 2 1
133 70 0.524 2 0
18 22 0.054 2 0
19 70 0.102 2 0
60 100 0.214 2 0
77 30 0.278 2 0
32 100 0.211 2 0
76 40 0.273 2 1
35 30 0.158 2 1
20 22 0.091 2 1
73 52 0.252 2 1
164 30 0.800 2 0
16 40 0.062 2 0
11 100 0.068 2 0
160 22 0.681 2 0
24 30 0.090 2 0
43 40 0.208 2 1
117 5 0.415 2 0
213 52 0.826 2 0
33 5 0.104 2 1
16 22 0.049 2 0
57 40 0.175 2 1
12 15 0.051 2 0
17 40 0.089 2 0
29 52 0.090 2 0
138 100 0.890 2 0
18 15 0.073 2 0
239 5 0.810 2 0
147 10 0.790 2 0
191 40 0.767 2 1
188 15 0.949 2 0
15 22 0.050 2 0
23 40 0.106 2 1
35 22 0.199 2 1
102 70 0.642 2 1
11 52 0.038 2 0
176 5 0.566 2 0
124 15 0.521 2 0
28 5 0.085 2 0
170 22 0.988 2 1
296 22 1.125 2 1
19 52 0.059 2 0
34 15 0.189 2 0
13 52 0.055 2 0
41 5 0.232 2 1
278 70 1.598 2 0
33 30 0.104 2 1
20 70 0.059 2 0
48 40 0.173 2 0
24 100 0.119 2 1
10 70 0.039 2 0
21 10 0.096 2 1
11 100 0.069 2 0
261 100 0.831 2 0
77 52 0.227 2 1
137 100 0.851 2 0
45 30 0.144 2 0
275 15 0.955 2 1
62 70 0.267 2 1
60 70 0.283 2 0
11 22 0.040 2 0
20 22 0.064 2 0
143 70 0.457 2 1
191 22 0.606 2 0
10 5 0.043 2 0
40 10 0.142 2 1
98 30 0.287 2 0
73 5 0.283 2 0
74 40 0.438 2 0
171 5 1.140 2 0
137 5 0.468 2 0
65 30 0.224 2 1
97 30 0.622 2 1
27 100 0.165 2 0
16 100 0.065 2 1
49 100 0.181 2 1
38 10 0.213 2 1
15 52 0.098 2 0
34 70 0.108 2 1
55 52 0.350 2 0
53 22 0.159 2 1
37 22 0.220 2 0
32 5 0.127 2 1
37 10 0.137 2 1
16 30 0.099 2 0
174 70 0.813 2 0
37 40 0.133 2 0
111 40 0.339 2 0
41 40 0.160 2 1
29 40 0.153 2 0
18 30 0.075 2 1
159 100 0.607 2 0
26 30 0.078 2 0
10 10 0.037 2 0
24 100 0.111 2 1
166 22 0.629 2 1
51 15 0.173 2 0
27 5 0.128 2 0
37 30 0.247 2 0
18 22 0.054 2 0
12 40 0.074 2 0
149 22 0.805 2 0
11 70 0.039 2 0
323 30 1.170 2 1
72 15 0.236 2 1
36 5 0.139 2 1
188 10 0.644 2 1
22 30 0.066 2 0
130 100 0.402 2 0
63 52 0.220 2 0
77 52 0.513 2 0
50 5 0.263 2 0
61 40 0.394 2 0
44 22 0.153 2 0
37 5 0.139 2 1
42 52 0.275 2 0
14 5 0.044 2 0
16 30 0.053 2 0
17 15 0.053 2 1
42 5 0.140 2 0
20 5 0.094 2 0
73 30 0.453 2 0
24 15 0.128 2 1
51 100 0.233 2 0
12 5 0.038 2 0
64 52 0.220 2 1
37 100 0.132 2 0
178 10 0.647 2 0
27 70 0.134 2 1
156 5 0.467 2 0
34 70 0.209 2 1
36 5 0.185 2 0
94 70 0.304 2 0
10 5 0.033 2 0
251 15 0.875 2 0
33 52 0.143 2 0
58 5 0.314 2 0
13 22 0.050 2 0
33 52 0.114 2 1
265 15 1.194 2 1
14 70 0.047 2 1
28 52 0.188 2 1
75 100 0.446 2 0
106 10 0.323 2 1
25 15 0.091 2 1
109 10 0.447 2 1
82 10 0.268 2 0
294 70 1.699 2 0
25 40 0.118 2 0
34 100 0.118 2 1
17 22 0.114 2 0
30 70 0.098 2 0
29 40 0.086 2 1
38 100 0.119 2 1
93 5 0.272 2 1
76 70 0.243 2 0
153 22 0.558 2 1
21 70 0.088 2 0
18 70 0.054 2 0
64 30 0.292 2 1
24 22 0.139 2 0
180 22 0.596 2 1
119 22 0.672 2 0
11 52 0.039 2 0
56 100 0.371 2 1
181 22 0.761 2 0
13 15 0.041 2 0
14 5 0.042 2 1
55 52 0.174 2 0
66 30 0.221 2 0
37 100 0.112 2 0
72 5 0.404 2 0
26 70 0.116 2 0
68 100 0.210 2 1
77 30 0.416 2 1
79 52 0.500 2 0
66 5 0.226 2 1
17 30 0.057 2 0
285 70 0.944 2 1
56 10 0.241 2 0
303 15 1.027 2 1
19 30 0.064 2 0
225 70 0.856 2 0
39 15 0.124 2 0
64 15 0.309 2 0
139 22 0.447 2 1
74 15 0.229 2 0
11 100 0.056 2 0
328 52 1.262 2 0
38 30 0.117 2 0
67 70 0.409 2 0
125 40 0.772 2 0
16 100 0.050 2 0
19 15 0.115 2 1
146 40 0.480 2 1
29 100 0.147 2 1
79 5 0.274 2 0
192 100 0.814 2 1
145 52 0.445 2 1
38 5 0.150 2 1
22 15 0.108 2 0
266 10 0.844 2 0
28 15 0.103 2 0
33 70 0.150 2 1
36 40 0.232 2 0
36 100 0.156 2 0
285 22 1.250 2 0
49 52 0.191 2 1
38 15 0.196 2 1
52 52 0.286 2 0
73 30 0.227 2 0
69 30 0.416 2 0
169 52 0.988 2 1
136 70 0.432 2 0
45 30 0.157 2 0
118 52 0.348 2 0
16 5 0.060 2 1
139 100 0.724 2 0
333 10 1.881 2 0
26 70 0.092 2 0
41 70 0.190 2 0
17 22 0.057 2 0
35 5 0.108 2 0
24 70 0.099 2 0
32 100 0.103 2 0
75 15 0.275 2 1
79 15 0.247 2 0
53 70 0.166 2 1
26 22 0.084 2 1
31 15 0.117 2 0
24 100 0.077 2 1
16 100 0.054 2 0
13 22 0.052 2 1
18 70 0.075 2 0
50 15 0.336 2 1
92 5 0.368 2 0
306 52 1.308 2 0
54 70 0.161 2 0
87 70 0.512 2 0
111 52 0.339 2 0
15 100 0.049 2 0
261 5 1.611 2 1
190 70 1.195 2 1
219 52 0.646 2 0
199 10 0.620 2 0
27 70 0.178 2 1
44 10 0.265 2 0
96 100 0.369 2 0
44 10 0.173 2 1
120 52 0.585 2 0
276 40 1.353 2 0
55 40 0.236 2 1
77 52 0.266 2 0
59 100 0.224 2 0
65 22 0.192 2 0
10 100 0.031 2 1
106 100 0.616 2 0
307 30 0.925 2 0
153 5 0.722 2 0
24 22 0.090 2 0
13 52 0.053 2 0
14 22 0.061 2 0
166 10 0.669 2 0
33 52 0.138 2 0
46 100 0.274 2 0
38 40 0.244 2 0
28 10 0.105 2 0
11 100 0.044 2 1
25 15 0.103 2 1
111 10 0.544 2 1
29 70 0.146 2 1
18 30 0.057 2 0
19 30 0.107 2 0
73 5 0.223 2 0
191 100 0.786 2 1
38 15 0.111 2 0
307 30 1.335 2 0
47 70 0.160 2 1
47 40 0.275 2 1
130 70 0.473 2 1
11 100 0.049 2 0
169 15 0.809 2 0
102 70 0.580 2 1
61 30 0.217 2 0
155 5 0.866 2 0
189 22 0.741 2 0
41 30 0.122 2 0
99 100 0.290 2 0
49 15 0.213 2 0
57 22 0.335 2 0
258 22 0.819 2 1
187 5 0.763 2 0
243 22 0.871 2 0
30 5 0.111 2 0
204 70 0.673 2 1
15 30 0.071 2 1
23 10 0.127 2 0
11 15 0.052 2 0
59 15 0.258 2 1
17 70 0.065 2 1
72 15 0.320 2 0
183 10 0.762 2 0
59 15 0.319 2 1
12 70 0.058 2 0
16 70 0.106 2 0
75 5 0.299 2 1
103 40 0.572 2 1
71 5 0.268 2 0
12 30 0.039 2 0
21 22 0.061 2 0
68 100 0.354 2 0
39 100 0.151 2 1
39 40 0.155 2 1
30 10 0.185 2 0
329 100 2.223 2 1
13 10 0.043 2 1
16 100 0.058 2 0
15 30 0.062 2 1
13 22 0.063 2 0
57 22 0.178 2 1
159 70 0.710 2 0
44 5 0.201 2 0
35 30 0.158 2 1
177 40 0.536 2 0
45 22 0.167 2 0
14 10 0.052 2 0
87 10 0.408 2 0
17 30 0.072 2 0
34 70 0.118 2 0
28 100 0.156 2 1
251 5 0.878 2 0
171 30 0.512 2 0
13 52 0.073 2 1
84 70 0.402 2 0
109 10 0.507 2 0
85 40 0.359 2 1
119 100 0.564 2 0
221 70 1.315 2 0
39 100 0.152 2 0
10 15 0.033 2 0
16 100 0.098 2 0
14 52 0.049 2 1
28 52 0.109 2 0
25 22 0.155 2 0
12 100 0.053 2 0
16 30 0.057 2 0
67 40 0.267 2 0
197 70 1.077 2 1
101 100 0.635 2 0
30 40 0.089 2 1
26 15 0.129 2 1
24 100 0.136 2 1
16 40 0.050 2 0
196 22 1.233 2 0
16 22 0.066 2 1
299 15 1.378 2 1
22 40 0.112 2 0
185 15 0.564 2 0
14 100 0.043 2 0
169 100 0.500 2 0
185 52 0.811 2 1
11 40 0.065 2 1
23 100 0.079 2 0
293 52 1.820 2 1
47 100 0.218 2 0
19 40 0.084 2 0
98 5 0.645 2 1
15 52 0.059 2 0
14 10 0.067 2 0
57 5 0.377 2 0
25 10 0.074 2 0
181 22 0.754 2 1
47 15 0.233 2 0
23 15 0.077 2 0
224 70 0.957 2 0
16 70 0.060 2 0
34 15 0.228 2 0
27 30 0.087 2 1
15 70 0.059 2 0
32 15 0.112 2 0
14 22 0.059 2 0
117 10 0.380 2 0
36 70 0.150 2 0
79 100 0.441 2 0
70 70 0.352 2 0
65 100 0.297 2 1
63 40 0.251 2 1
25 30 0.100 2 1
146 30 0.582 2 0
60 70 0.274 2 0
323 100 1.553 2 1
80 100 0.494 2 1
156 5 0.527 2 0
163 5 0.657 2 0
151 30 0.510 2 0
105 70 0.318 2 0
24 30 0.076 2 0
81 40 0.256 2 0
61 100 0.249 2 0
30 30 0.189 2 0
38 100 0.147 2 1
82 15 0.369 2 1
50 70 0.245 2 0
17 30 0.083 2 0
50 30 0.256 2 0
66 100 0.325 2 0
16 100 0.073 2 0
29 40 0.141 2 0
182 30 0.597 2 0
161 5 0.530 2 0
36 70 0.110 2 0
15 15 0.059 2 1
31 40 0.146 2 1
145 15 0.556 2 0
28 40 0.138 2 0
40 15 0.137 2 0
18 40 0.066 2 0
17 10 0.089 2 1
14 5 0.085 2 0
335 5 1.959 2 0
48 52 0.310 2 1
62 52 0.367 2 1
22 52 0.075 2 0
51 70 0.242 2 0
31 10 0.167 2 1
180 15 0.537 2 0
79 100 0.281 2 1
14 5 0.070 2 0
38 70 0.144 2 0
49 22 0.156 2 0
26 5 0.141 2 0
83 70 0.246 2 0
234 40 1.401 2 0
142 5 0.861 2 0
129 22 0.606 2 1
48 70 0.264 2 0
33 70 0.111 2 1
91 22 0.318 2 0
12 22 0.070 2 0
185 5 0.709 2 0
223 10 1.037 2 1
64 5 0.234 2 0
65 10 0.219 2 0
14 52 0.041 2 0
264 40 1.320 2 0
70 52 0.389 2 1
35 30 0.103 2 0
37 100 0.151 2 1
31 52 0.091 2 0
14 70 0.069 2 1
68 22 0.312 2 0
194 5 1.205 2 0
11 30 0.033 2 1
18 22 0.093 2 0
203 70 1.068 2 1
32 5 0.112 2 0
74 22 0.383 2 1
19 70 0.081 2 0
17 52 0.050 2 0
17 22 0.094 2 0
87 10 0.455 2 1
10 70 0.052 2 1
120 30 0.529 2 1
36 40 0.133 2 0
18 10 0.053 2 1
18 15 0.113 2 0
190 5 0.627 2 0
52 30 0.195 2 1
70 100 0.412 2 0
89 22 0.392 2 0
183 22 0.606 2 0
109 100 0.460 2 0
31 5 0.098 2 0
22 100 0.070 2 1
25 30 0.168 2 0
11 52 0.034 2 1
11 52 0.061 2 1
104 70 0.346 2 1
36 22 0.111 2 0
96 100 0.403 2 0
62 30 0.199 2 1
38 15 0.218 2 1
118 40 0.621 2 0
26 10 0.089 2 1
133 100 0.417 2 1
143 15 0.905 2 1
25 5 0.124 2 0
13 40 0.077 2 0
40 30 0.124 2 0
51 100 0.304 2 0
72 5 0.223 2 0
20 52 0.074 2 1
46 30 0.147 2 0
25 100 0.114 2 0
312 22 1.295 2 1
30 40 0.101 2 0
62 70 0.328 2 0
15 100 0.058 2 0
34 15 0.170 2 0
118 15 0.518 2 0
34 15 0.142 2 0
37 100 0.142 2 0
67 30 0.206 2 0
166 10 1.031 2 0
332 100 1.068 2 0
27 30 0.084 2 1
82 10 0.412 2 0
31 30 0.133 2 0
35 52 0.150 2 1
300 10 1.923 2 0
33 10 0.157 2 0
43 40 0.203 2 1
11 52 0.047 2 1
111 70 0.466 2 1
12 10 0.049 2 1
18 22 0.053 2 1
18 15 0.076 2 0
35 30 0.160 2 0
14 40 0.087 2 0
155 15 0.546 2 0
28 30 0.082 2 0
27 10 0.158 2 0
15 40 0.088 2 1
37 40 0.129 2 0
108 15 0.417 2 1
28 70 0.124 2 1
46 40 0.194 2 1
171 15 0.695 2 0
158 15 0.518 2 1
66 5 0.280 2 0
21 30 0.088 2 0
79 52 0.414 2 0
133 15 0.624 2 0
82 22 0.241 2 0
122 5 0.639 2 1
12 22 0.037 2 0
188 10 0.922 2 1
197 70 1.048 2 0
19 22 0.063 2 1
19 30 0.091 2 0
13 70 0.053 2 0
16 52 0.079 2 1
41 30 0.133 2 1
19 22 0.079 2 0
196 15 0.630 2 0
193 10 0.862 2 1
17 52 0.059 2 0
13 52 0.057 2 1
12 100 0.045 2 0
39 52 0.138 2 0
15 22 0.047 2 1
76 10 0.236 2 0
36 10 0.105 2 1
16 5 0.075 2 0
244 100 1.070 2 0
102 15 0.580 2 0
11 22 0.047 2 1
22 52 0.066 2 0
11 15 0.067 2 0
26 30 0.139 2 0
59 10 0.248 2 1
11 5 0.070 2 0
304 5 1.670 2 1
330 10 1.793 2 1
11 30 0.038 2 1
17 52 0.065 2 0
38 70 0.200 2 0
15 22 0.048 2 0
35 40 0.112 2 1
59 30 0.257 2 0
11 30 0.061 2 0
42 70 0.165 2 0
37 30 0.123 2 0
81 15 0.237 2 0
20 10 0.077 2 0
125 10 0.437 2 0
12 30 0.041 2 0
18 52 0.059 2 0
304 52 1.448 2 0
47 40 0.141 2 0
32 10 0.113 2 0
25 70 0.073 2 0
82 22 0.245 2 1
71 52 0.392 2 0
18 5 0.065 2 0
11 15 0.037 2 0
112 100 0.347 2 0
80 30 0.419 2 1
12 22 0.079 2 1
192 22 1.247 2 1
34 22 0.131 2 1
67 10 0.379 2 1
70 100 0.259 2 1
23 70 0.119 2 0
39 15 0.181 2 0
64 22 0.189 2 0
25 10 0.099 2 0
196 5 0.695 2 0
34 10 0.131 2 0
124 22 0.537 2 0
26 70 0.144 2 1
39 52 0.242 2 0
86 10 0.548 2 0
18 15 0.053 2 1
180 22 0.878 2 0
148 15 0.493 2 0
72 22 0.298 2 1
105 5 0.422 2 0
15 22 0.062 2 0
60 100 0.405 2 0
161 5 0.485 2 1
99 100 0.384 2 1
25 70 0.077 2 1
39 52 0.250 2 0
79 22 0.251 2 1
106 52 0.445 2 1
68 30 0.305 2 1
186 10 0.921 2 0
43 15 0.250 2 0
17 70 0.114 2 0
78 30 0.282 2 0
10 100 0.042 2 0
13 70 0.053 2 0
12 30 0.047 2 1
12 5 0.037 2 0
17 22 0.064 2 0
26 52 0.080 2 1
116 52 0.768 2 0
98 15 0.415 2 1
37 30 0.158 2 0
159 5 0.726 2 1
146 5 0.468 2 0
11 40 0.064 2 1
175 5 1.087 2 0
48 52 0.167 2 1
73 22 0.284 2 0
278 5 1.121 2 1
19 52 0.075 2 1
302 10 1.302 2 1
134 100 0.843 2 0
13 40 0.041 2 0
157 5 0.486 2 0
12 100 0.076 2 0
11 70 0.041 2 0
16 5 0.061 2 0
78 5 0.328 2 1
151 22 0.774 2 1
34 40 0.178 2 0
170 70 0.603 2 0
12 5 0.058 2 0
38 52 0.180 2 1
38 40 0.202 2 0
267 10 0.778 2 0
14 5 0.073 2 0
132 30 0.526 2 0
99 70 0.414 2 0
13 30 0.040 2 0
17 52 0.065 2 0
38 30 0.229 2 1
10 52 0.035 2 1
12 5 0.069 2 0
64 100 0.201 2 0
24 52 0.144 2 0
16 100 0.058 2 1
44 10 0.154 2 0
11 52 0.048 2 0
239 30 0.909 2 0
65 70 0.307 2 0
225 40 1.037 2 1
13 15 0.053 2 0
21 100 0.101 2 1
19 52 0.113 2 0
240 100 1.127 2 0
18 30 0.098 2 1
22 15 0.122 2 0
50 5 0.165 2 0
62 52 0.225 2 1
41 15 0.167 2 0
306 100 1.052 2 0
18 30 0.054 2 1
37 70 0.204 2 0
218 52 0.820 2 0
15 30 0.081 2 1
27 70 0.135 2 0
116 100 0.444 2 1
61 5 0.189 2 0
73 10 0.335 2 0
30 22 0.190 2 0
33 52 0.152 2 1
172 22 0.515 2 0
70 15 0.299 2 0
291 30 1.347 2 1
24 10 0.088 2 1
11 40 0.072 2 0
57 10 0.292 2 0
17 5 0.077 2 0
35 100 0.137 2 1
155 22 0.467 2 0
186 5 0.555 2 0
14 52 0.058 2 0
160 30 0.672 2 0
13 52 0.058 2 1
32 100 0.152 2 0
38 40 0.184 2 0
288 100 1.565 2 0
