19 5 0.058 0 1
36 15 0.137 0 2
154 30 0.939 0 2
123 5 0.799 0 2
38 52 0.180 0 2
119 10 0.433 0 2
46 22 0.148 0 1
41 40 0.214 0 1
28 22 0.101 0 1
198 100 1.053 0 2
83 40 0.401 0 1
66 10 0.263 0 2
10 100 0.046 0 1
52 70 0.172 0 2
37 70 0.110 0 2
129 22 0.672 0 1
13 30 0.039 0 1
14 52 0.093 0 1
12 30 0.036 0 2
295 40 1.288 0 2
80 70 0.291 0 2
43 15 0.276 0 2
11 40 0.065 0 2
197 70 0.975 0 1
46 5 0.154 0 1
150 40 0.852 0 1
66 30 0.227 0 1
67 100 0.429 0 1
25 52 0.117 0 1
62 70 0.378 0 1
79 22 0.269 0 1
65 40 0.414 0 1
36 40 0.189 0 1
291 5 1.271 0 1
27 30 0.086 0 1
61 100 0.197 0 1
323 40 1.591 0 1
121 30 0.457 0 1
34 22 0.143 0 1
14 15 0.059 0 2
10 22 0.036 0 2
27 100 0.180 0 1
71 100 0.211 0 2
236 5 0.918 0 2
18 52 0.087 0 2
15 15 0.063 0 1
19 15 0.055 0 2
12 15 0.052 0 1
33 30 0.140 0 1
72 100 0.214 0 1
14 22 0.049 0 1
66 70 0.245 0 1
22 100 0.066 0 2
109 5 0.447 0 1
115 100 0.481 0 1
39 52 0.135 0 2
23 10 0.099 0 2
67 10 0.360 0 2
14 40 0.065 0 1
26 30 0.122 0 1
32 40 0.142 0 2
14 52 0.055 0 2
28 100 0.168 0 2
48 5 0.188 0 1
10 70 0.033 0 1
12 10 0.043 0 2
279 52 1.240 0 1
73 15 0.251 0 1
26 5 0.121 0 2
54 40 0.225 0 1
128 10 0.460 0 1
149 40 0.498 0 1
11 5 0.033 0 2
131 5 0.639 0 2
14 52 0.055 0 1
31 100 0.159 0 1
36 22 0.105 0 1
21 5 0.068 0 2
40 15 0.120 0 2
313 70 1.036 0 1
117 15 0.399 0 1
57 100 0.326 0 2
46 10 0.150 0 2
72 70 0.429 0 1
213 30 1.190 0 2
20 5 0.107 0 2
38 70 0.168 0 1
12 40 0.067 0 2
22 15 0.131 0 1
69 52 0.311 0 2
29 22 0.146 0 2
284 52 1.000 0 1
13 22 0.084 0 2
13 100 0.042 0 2
17 40 0.054 0 2
287 30 1.108 0 1
75 22 0.434 0 2
12 30 0.065 0 2
13 5 0.065 0 2
293 70 0.875 0 2
12 30 0.038 0 1
52 10 0.188 0 2
35 52 0.213 0 2
131 40 0.393 0 2
19 5 0.086 0 1
60 22 0.345 0 1
141 52 0.618 0 2
68 15 0.256 0 2
32 52 0.111 0 2
13 52 0.051 0 2
77 40 0.362 0 1
87 10 0.270 0 2
10 22 0.052 0 2
38 40 0.127 0 1
38 22 0.237 0 2
70 22 0.251 0 2
118 40 0.344 0 2
45 30 0.181 0 1
62 10 0.182 0 1
147 70 0.490 0 2
176 30 1.054 0 1
10 70 0.041 0 1
14 5 0.042 0 2
75 22 0.335 0 2
267 70 1.068 0 1
28 70 0.100 0 2
55 30 0.198 0 1
253 22 1.124 0 1
35 15 0.229 0 2
22 22 0.125 0 2
199 30 1.010 0 1
175 5 0.658 0 2
229 10 1.301 0 2
222 15 0.978 0 2
36 70 0.125 0 1
66 70 0.437 0 2
13 10 0.084 0 1
19 5 0.102 0 2
78 15 0.305 0 1
80 70 0.354 0 2
160 5 0.889 0 1
169 100 0.748 0 2
10 30 0.039 0 1
225 52 1.424 0 1
186 5 1.120 0 2
19 15 0.079 0 1
60 52 0.268 0 2
45 5 0.217 0 1
174 40 0.532 0 2
19 22 0.060 0 1
122 10 0.632 0 1
15 52 0.056 0 1
268 10 1.418 0 2
15 70 0.049 0 2
34 30 0.160 0 1
262 15 0.780 0 2
221 10 1.128 0 2
270 52 1.324 0 1
19 30 0.086 0 1
17 30 0.065 0 1
202 30 0.860 0 2
318 5 1.567 0 1
86 40 0.313 0 1
12 40 0.051 0 1
61 52 0.339 0 2
73 15 0.255 0 1
13 70 0.078 0 2
34 22 0.186 0 2
79 5 0.277 0 2
41 40 0.149 0 1
22 5 0.141 0 2
39 10 0.170 0 1
18 30 0.068 0 1
62 40 0.232 0 1
36 100 0.111 0 1
22 10 0.120 0 2
27 40 0.087 0 2
23 5 0.078 0 2
11 5 0.035 0 1
12 100 0.069 0 2
15 15 0.049 0 2
35 52 0.210 0 2
12 22 0.041 0 2
22 30 0.069 0 2
15 100 0.078 0 1
44 15 0.143 0 2
66 100 0.210 0 2
91 30 0.267 0 1
169 22 0.595 0 1
25 100 0.074 0 2
35 5 0.164 0 1
12 52 0.036 0 1
12 15 0.057 0 1
11 40 0.053 0 1
22 5 0.094 0 2
11 5 0.033 0 1
16 70 0.067 0 1
36 5 0.110 0 2
28 5 0.085 0 2
29 40 0.113 0 1
33 30 0.158 0 2
37 40 0.115 0 1
329 15 1.859 0 1
33 30 0.196 0 1
93 5 0.290 0 2
72 52 0.241 0 2
243 30 1.293 0 2
17 30 0.051 0 2
61 70 0.221 0 2
32 52 0.105 0 2
32 5 0.129 0 1
223 30 0.684 0 1
51 15 0.183 0 2
191 52 0.612 0 2
18 40 0.110 0 1
43 10 0.163 0 2
36 22 0.146 0 1
34 70 0.185 0 1
72 70 0.471 0 1
190 70 0.588 0 2
192 22 0.714 0 2
44 70 0.186 0 1
38 22 0.125 0 1
193 15 1.135 0 2
72 52 0.236 0 2
73 70 0.260 0 2
27 22 0.132 0 1
58 22 0.184 0 1
120 22 0.628 0 1
16 10 0.093 0 2
303 100 1.329 0 2
27 70 0.143 0 2
28 15 0.096 0 2
19 70 0.088 0 1
20 40 0.060 0 2
10 52 0.035 0 2
10 100 0.030 0 2
110 30 0.692 0 2
17 22 0.085 0 2
104 100 0.371 0 1
24 40 0.073 0 1
301 40 1.374 0 1
312 22 1.214 0 1
33 15 0.107 0 1
71 52 0.251 0 2
45 5 0.176 0 1
10 100 0.032 0 1
53 22 0.223 0 2
25 40 0.166 0 1
31 15 0.195 0 2
167 22 0.525 0 1
56 100 0.292 0 1
73 15 0.284 0 1
14 40 0.050 0 2
47 40 0.220 0 2
15 5 0.081 0 1
26 100 0.152 0 1
41 15 0.222 0 1
127 100 0.414 0 2
84 30 0.336 0 2
115 10 0.395 0 2
13 100 0.041 0 1
68 10 0.356 0 1
120 100 0.356 0 1
49 10 0.229 0 2
12 70 0.046 0 2
122 70 0.358 0 2
68 22 0.415 0 1
33 15 0.152 0 1
186 100 0.753 0 1
100 15 0.513 0 1
30 40 0.170 0 1
12 40 0.050 0 2
15 52 0.064 0 1
35 10 0.155 0 2
29 22 0.164 0 1
21 5 0.078 0 1
48 70 0.177 0 1
19 40 0.077 0 1
83 10 0.264 0 1
78 100 0.335 0 1
77 52 0.231 0 2
46 10 0.149 0 2
35 5 0.123 0 2
63 30 0.244 0 1
37 52 0.118 0 1
13 10 0.040 0 1
22 22 0.085 0 2
163 70 0.994 0 2
69 100 0.203 0 1
24 100 0.112 0 2
41 10 0.150 0 2
16 70 0.057 0 1
157 5 0.651 0 1
65 52 0.265 0 2
334 22 1.777 0 1
48 10 0.156 0 1
69 40 0.220 0 2
64 40 0.299 0 1
35 15 0.113 0 2
92 5 0.329 0 1
34 10 0.114 0 2
20 22 0.058 0 1
13 30 0.052 0 2
11 30 0.058 0 1
16 100 0.049 0 1
28 70 0.142 0 1
323 30 0.994 0 1
165 5 0.652 0 1
316 10 1.039 0 2
165 52 0.851 0 1
285 15 1.145 0 1
10 52 0.033 0 2
117 100 0.496 0 2
45 40 0.174 0 2
262 22 1.016 0 2
10 10 0.043 0 2
70 30 0.265 0 2
19 100 0.078 0 2
21 40 0.068 0 1
11 30 0.071 0 2
79 15 0.326 0 1
187 40 1.107 0 2
25 10 0.102 0 2
73 30 0.376 0 1
216 100 0.908 0 1
148 40 0.961 0 1
76 30 0.352 0 2
37 30 0.132 0 2
20 5 0.067 0 1
112 70 0.337 0 2
15 40 0.059 0 1
23 100 0.073 0 1
49 22 0.176 0 1
188 70 0.605 0 2
111 52 0.380 0 1
14 15 0.052 0 1
30 10 0.133 0 2
28 22 0.086 0 1
194 10 1.276 0 2
63 30 0.377 0 1
56 70 0.215 0 2
72 30 0.480 0 2
286 22 1.589 0 2
10 30 0.035 0 1
34 5 0.158 0 1
31 40 0.118 0 1
161 5 0.483 0 2
68 52 0.243 0 1
304 22 1.000 0 1
163 22 0.604 0 2
62 22 0.346 0 2
32 40 0.121 0 2
41 100 0.185 0 1
145 40 0.639 0 1
101 15 0.317 0 2
12 100 0.042 0 1
51 22 0.260 0 1
93 40 0.369 0 1
10 100 0.060 0 1
15 52 0.091 0 1
39 100 0.220 0 1
183 100 0.729 0 1
65 22 0.312 0 1
12 100 0.038 0 1
16 100 0.064 0 2
263 5 1.264 0 2
14 70 0.068 0 1
10 22 0.030 0 1
29 70 0.122 0 1
159 100 0.566 0 2
186 70 0.759 0 1
12 30 0.053 0 1
58 70 0.190 0 2
177 10 0.797 0 1
141 22 0.691 0 2
53 30 0.198 0 1
77 52 0.333 0 1
63 15 0.342 0 1
56 40 0.286 0 1
72 5 0.248 0 2
22 10 0.096 0 1
67 15 0.330 0 2
11 100 0.067 0 2
24 5 0.076 0 2
23 5 0.075 0 1
24 30 0.128 0 1
75 100 0.255 0 1
92 15 0.278 0 2
77 10 0.225 0 2
113 22 0.493 0 2
14 100 0.063 0 2
14 40 0.052 0 2
60 5 0.403 0 2
41 5 0.135 0 1
26 100 0.114 0 2
78 22 0.251 0 1
16 22 0.072 0 1
10 100 0.043 0 2
187 10 0.563 0 2
21 100 0.071 0 2
117 15 0.632 0 2
11 15 0.055 0 2
48 52 0.166 0 2
19 30 0.076 0 1
31 22 0.103 0 2
154 40 0.564 0 2
132 40 0.626 0 1
241 40 1.153 0 2
10 100 0.040 0 1
39 100 0.117 0 1
18 70 0.054 0 2
168 22 0.870 0 1
122 15 0.367 0 1
17 5 0.101 0 2
28 52 0.133 0 1
39 30 0.122 0 1
44 22 0.229 0 2
23 5 0.095 0 1
101 70 0.505 0 1
41 10 0.158 0 2
63 30 0.253 0 2
150 70 0.466 0 2
74 22 0.319 0 1
10 70 0.040 0 1
265 10 1.568 0 1
65 40 0.433 0 1
162 5 0.701 0 2
19 70 0.061 0 1
31 70 0.108 0 1
13 15 0.043 0 2
11 5 0.039 0 1
36 15 0.128 0 2
10 40 0.035 0 1
23 10 0.073 0 2
165 30 0.596 0 1
57 15 0.291 0 2
106 100 0.384 0 2
19 5 0.058 0 2
217 100 0.761 0 1
130 22 0.599 0 1
39 5 0.149 0 1
56 70 0.222 0 2
36 70 0.125 0 1
27 30 0.117 0 2
14 100 0.045 0 2
116 22 0.404 0 1
51 10 0.179 0 1
11 22 0.051 0 1
59 10 0.197 0 2
69 15 0.222 0 2
79 5 0.243 0 2
39 10 0.127 0 1
10 40 0.031 0 1
37 22 0.150 0 2
17 52 0.113 0 2
93 22 0.344 0 1
129 70 0.537 0 2
167 10 1.000 0 2
32 40 0.115 0 2
24 52 0.101 0 1
182 52 0.802 0 1
37 100 0.163 0 2
46 70 0.177 0 1
226 22 1.056 0 2
253 15 0.977 0 1
53 22 0.167 0 1
186 100 0.984 0 2
237 40 1.354 0 2
29 52 0.184 0 1
56 5 0.313 0 2
76 30 0.494 0 2
275 10 1.022 0 1
16 30 0.051 0 2
230 52 1.122 0 2
14 15 0.079 0 1
10 22 0.043 0 2
25 22 0.121 0 2
50 40 0.186 0 1
28 100 0.085 0 2
78 52 0.338 0 1
17 15 0.092 0 2
21 52 0.101 0 1
309 52 1.073 0 1
64 40 0.322 0 2
13 52 0.045 0 1
72 40 0.294 0 1
91 30 0.350 0 2
10 40 0.045 0 2
10 5 0.040 0 1
117 30 0.349 0 1
12 70 0.061 0 2
125 40 0.405 0 1
16 5 0.082 0 2
127 10 0.472 0 2
18 15 0.059 0 1
37 100 0.144 0 2
25 10 0.145 0 2
39 30 0.154 0 1
78 10 0.402 0 1
19 10 0.083 0 1
18 10 0.075 0 1
68 30 0.318 0 1
121 52 0.712 0 2
143 70 0.668 0 1
58 15 0.240 0 1
49 15 0.151 0 2
17 10 0.056 0 1
65 100 0.207 0 2
18 52 0.077 0 2
85 100 0.274 0 2
38 52 0.178 0 2
59 10 0.220 0 2
26 30 0.098 0 2
56 100 0.172 0 2
38 40 0.201 0 1
47 10 0.167 0 1
58 70 0.301 0 1
33 15 0.127 0 1
26 70 0.093 0 2
14 10 0.058 0 1
117 70 0.585 0 1
11 10 0.042 0 2
54 5 0.194 0 2
137 10 0.662 0 1
110 15 0.579 0 1
10 30 0.032 0 1
14 70 0.093 0 2
30 52 0.115 0 2
44 10 0.284 0 2
12 100 0.057 0 2
30 40 0.160 0 2
276 15 1.415 0 1
216 22 0.755 0 1
14 100 0.050 0 1
23 22 0.146 0 1
24 10 0.072 0 1
14 30 0.042 0 1
40 70 0.169 0 2
111 100 0.337 0 2
112 30 0.361 0 1
246 15 0.885 0 2
56 10 0.243 0 2
33 40 0.147 0 1
44 30 0.154 0 1
15 100 0.056 0 2
76 52 0.422 0 2
199 22 0.612 0 2
82 5 0.250 0 2
30 15 0.155 0 1
153 30 0.841 0 2
23 15 0.074 0 2
21 100 0.128 0 2
304 70 1.174 0 2
69 52 0.361 0 1
61 100 0.339 0 1
23 30 0.078 0 1
53 22 0.183 0 1
20 30 0.098 0 2
14 30 0.056 0 2
49 10 0.268 0 1
71 10 0.237 0 2
68 70 0.321 0 1
57 40 0.191 0 1
10 100 0.046 0 2
63 40 0.420 0 2
12 22 0.040 0 2
16 5 0.050 0 2
73 40 0.304 0 1
69 70 0.202 0 2
41 15 0.167 0 2
15 40 0.054 0 1
37 15 0.168 0 1
175 5 0.989 0 2
37 5 0.198 0 1
36 30 0.141 0 1
183 22 0.709 0 1
13 5 0.044 0 2
23 15 0.069 0 2
15 100 0.045 0 1
58 40 0.193 0 2
43 100 0.136 0 2
23 30 0.139 0 1
67 22 0.435 0 2
95 40 0.459 0 2
52 70 0.306 0 1
12 10 0.037 0 2
11 5 0.037 0 2
126 5 0.741 0 1
12 40 0.039 0 2
50 40 0.181 0 1
53 30 0.166 0 2
39 40 0.220 0 2
39 40 0.129 0 1
64 10 0.317 0 2
66 5 0.231 0 1
17 15 0.065 0 1
63 100 0.194 0 2
261 5 1.318 0 2
123 30 0.366 0 1
13 52 0.079 0 2
204 52 0.624 0 2
235 30 1.022 0 2
89 22 0.278 0 2
295 30 1.042 0 1
66 10 0.307 0 1
48 5 0.161 0 1
28 100 0.088 0 2
13 5 0.046 0 1
274 15 1.839 0 1
83 30 0.283 0 1
82 100 0.412 0 2
50 15 0.167 0 1
65 15 0.376 0 1
55 100 0.355 0 2
28 15 0.114 0 2
35 22 0.109 0 2
101 40 0.423 0 2
148 10 0.630 0 2
49 22 0.182 0 1
15 70 0.074 0 2
17 52 0.073 0 1
90 15 0.497 0 2
12 52 0.068 0 2
205 70 0.653 0 1
30 5 0.121 0 1
176 30 0.519 0 1
145 10 0.617 0 2
11 10 0.036 0 2
47 70 0.153 0 2
69 10 0.268 0 1
257 100 0.796 0 2
17 5 0.094 0 2
185 100 1.108 0 1
46 22 0.214 0 2
27 22 0.146 0 1
64 52 0.305 0 1
32 22 0.096 0 2
15 40 0.046 0 1
25 52 0.087 0 1
33 22 0.100 0 2
16 22 0.091 0 2
53 22 0.166 0 1
133 5 0.432 0 1
21 70 0.130 0 1
34 15 0.109 0 1
14 30 0.065 0 1
15 5 0.052 0 1
19 100 0.071 0 1
42 5 0.140 0 2
15 70 0.058 0 2
14 15 0.070 0 1
193 15 0.637 0 2
17 22 0.054 0 1
184 70 0.751 0 2
135 52 0.608 0 2
290 100 1.543 0 2
112 30 0.675 0 1
64 52 0.193 0 1
199 10 0.900 0 1
70 40 0.246 0 2
47 100 0.165 0 2
10 5 0.035 0 2
32 5 0.183 0 2
17 30 0.082 0 2
21 30 0.065 0 1
18 30 0.076 0 1
138 40 0.847 0 1
212 10 0.639 0 1
29 40 0.098 0 2
226 15 0.886 0 1
109 52 0.440 0 2
12 15 0.045 0 2
185 70 1.250 0 2
306 22 1.254 0 1
99 10 0.300 0 2
18 15 0.082 0 2
34 100 0.214 0 2
62 22 0.325 0 1
16 30 0.060 0 2
15 40 0.064 0 2
22 22 0.139 0 1
199 52 0.644 0 2
11 70 0.046 0 2
38 22 0.215 0 2
277 30 1.679 0 2
14 5 0.055 0 1
33 40 0.099 0 1
254 40 1.016 0 1
28 5 0.095 0 2
171 40 0.525 0 1
35 100 0.108 0 1
99 40 0.305 0 2
75 22 0.446 0 1
132 22 0.750 0 1
12 5 0.049 0 1
56 10 0.241 0 1
56 52 0.257 0 1
24 40 0.091 0 1
10 15 0.030 0 1
10 40 0.030 0 2
67 15 0.272 0 2
125 70 0.512 0 2
15 10 0.063 0 1
44 52 0.198 0 2
48 10 0.244 0 1
68 100 0.270 0 1
95 22 0.309 0 2
60 70 0.261 0 2
166 22 0.965 0 2
52 22 0.156 0 2
20 15 0.119 0 2
22 10 0.068 0 2
18 40 0.099 0 2
17 15 0.063 0 2
144 100 0.471 0 1
16 22 0.072 0 1
282 22 1.060 0 1
229 100 0.682 0 2
107 10 0.444 0 2
211 70 0.909 0 1
18 10 0.057 0 1
46 30 0.142 0 1
149 10 0.493 0 1
16 30 0.063 0 2
228 100 0.797 0 1
76 22 0.296 0 2
26 10 0.144 0 2
13 10 0.045 0 1
18 15 0.054 0 1
12 40 0.037 0 1
77 40 0.262 0 1
44 70 0.260 0 1
24 15 0.086 0 1
143 100 0.761 0 1
10 40 0.058 0 2
186 10 0.560 0 1
70 30 0.271 0 2
15 30 0.094 0 2
51 52 0.151 0 2
63 22 0.423 0 1
163 10 0.485 0 2
19 22 0.064 0 2
155 22 0.981 0 1
18 52 0.062 0 1
68 70 0.368 0 1
56 15 0.271 0 1
226 70 0.938 0 2
70 30 0.222 0 1
15 5 0.052 0 2
57 15 0.375 0 1
19 70 0.107 0 2
27 40 0.083 0 2
169 100 1.018 0 2
18 52 0.055 0 1
42 22 0.205 0 1
25 10 0.084 0 1
56 10 0.354 0 2
31 15 0.171 0 2
118 10 0.494 0 1
15 40 0.046 0 1
181 100 0.978 0 2
159 52 0.546 0 1
19 40 0.073 0 2
18 22 0.055 0 2
57 52 0.329 0 2
64 70 0.277 0 1
21 30 0.074 0 2
130 22 0.436 0 1
33 30 0.135 0 1
70 70 0.264 0 1
222 10 0.965 0 2
10 40 0.062 0 1
154 40 0.546 0 1
305 70 1.386 0 1
116 52 0.341 0 1
10 30 0.031 0 2
37 15 0.162 0 1
77 22 0.316 0 1
23 52 0.110 0 2
12 5 0.066 0 2
74 40 0.440 0 1
84 15 0.442 0 1
74 100 0.413 0 1
21 52 0.095 0 1
29 40 0.156 0 2
140 100 0.468 0 2
140 30 0.465 0 1
39 40 0.120 0 2
67 52 0.387 0 2
85 52 0.347 0 2
26 100 0.078 0 1
37 30 0.147 0 2
73 15 0.363 0 1
53 52 0.194 0 2
40 5 0.119 0 1
12 100 0.051 0 1
36 30 0.120 0 2
149 30 0.700 0 1
47 22 0.266 0 1
320 40 1.871 0 1
43 30 0.140 0 2
60 52 0.309 0 1
11 40 0.045 0 1
104 5 0.374 0 2
337 15 1.091 0 1
42 100 0.235 0 1
335 10 1.551 0 1
163 30 0.872 0 1
67 40 0.257 0 2
69 100 0.220 0 1
11 100 0.039 0 1
15 30 0.049 0 2
11 15 0.049 0 1
63 100 0.200 0 1
69 52 0.399 0 1
17 70 0.067 0 1
32 40 0.153 0 1
64 52 0.356 0 2
69 10 0.212 0 1
20 22 0.105 0 2
22 100 0.065 0 1
164 52 0.526 0 2
55 30 0.331 0 2
86 10 0.363 0 1
100 10 0.617 0 2
38 40 0.150 0 1
196 22 0.718 0 2
109 70 0.375 0 1
297 100 1.659 0 1
12 22 0.039 0 2
18 52 0.085 0 2
135 40 0.611 0 2
69 40 0.348 0 1
11 30 0.056 0 1
43 70 0.238 0 2
29 15 0.116 0 1
58 15 0.182 0 2
17 52 0.073 0 2
17 70 0.051 0 1
33 22 0.214 0 1
40 100 0.230 0 1
11 30 0.044 0 1
14 52 0.061 0 1
173 70 0.749 0 2
43 30 0.244 0 1
43 40 0.234 0 1
50 70 0.204 0 1
41 5 0.142 0 2
150 22 0.440 0 1
339 100 2.159 0 1
43 100 0.270 0 2
65 5 0.265 0 1
14 70 0.071 0 2
14 22 0.080 0 1
39 100 0.149 0 2
40 22 0.130 0 1
36 70 0.194 0 2
72 15 0.450 0 2
118 40 0.761 0 1
27 30 0.087 0 2
145 30 0.656 0 2
10 52 0.040 0 2
15 30 0.050 0 1
236 22 1.151 0 2
15 100 0.095 0 2
11 10 0.052 0 1
79 52 0.252 0 2
338 10 1.341 0 2
116 15 0.358 0 1
63 22 0.265 0 2
93 22 0.505 0 2
17 100 0.052 0 1
308 5 1.010 0 2
72 5 0.237 0 1
16 52 0.064 0 2
13 22 0.067 0 1
76 40 0.249 0 2
15 10 0.056 0 1
37 52 0.125 0 2
32 15 0.126 0 1
66 5 0.195 0 1
123 100 0.517 0 2
52 40 0.335 0 2
17 22 0.064 0 1
76 40 0.358 0 2
38 22 0.167 0 2
147 40 0.778 0 2
29 100 0.129 0 2
39 52 0.119 0 1
114 40 0.511 0 2
11 100 0.046 0 2
82 52 0.263 0 1
139 5 0.589 0 2
197 40 0.714 0 2
17 10 0.078 0 1
74 10 0.296 0 1
178 70 0.840 0 2
29 30 0.109 0 2
35 30 0.108 0 2
162 15 0.479 0 1
50 70 0.209 0 2
33 100 0.149 0 2
10 5 0.034 0 2
97 5 0.286 0 2
194 70 0.866 0 1
15 70 0.061 0 1
14 5 0.049 0 2
88 10 0.262 0 1
81 15 0.354 0 1
106 15 0.564 0 2
13 22 0.040 0 1
36 100 0.143 0 1
57 70 0.217 0 2
11 10 0.043 0 1
18 52 0.084 0 2
61 40 0.194 0 2
173 15 0.689 0 1
21 5 0.107 0 2
223 40 1.104 0 2
148 52 0.908 0 2
57 10 0.234 0 1
32 22 0.212 0 1
55 52 0.258 0 2
20 40 0.090 0 2
274 100 0.881 0 1
106 22 0.333 0 1
20 52 0.063 0 1
32 10 0.119 0 1
18 40 0.073 0 1
51 70 0.210 0 1
13 70 0.082 0 2
36 40 0.112 0 1
33 15 0.102 0 2
110 10 0.377 0 2
99 5 0.438 0 2
10 52 0.040 0 2
33 22 0.194 0 2
19 5 0.067 0 2
59 70 0.195 0 2
44 15 0.131 0 1
149 40 0.473 0 1
18 5 0.102 0 1
112 30 0.426 0 1
30 30 0.160 0 2
124 52 0.663 0 1
48 70 0.149 0 1
54 52 0.198 0 1
167 52 0.508 0 1
25 70 0.106 0 2
14 15 0.070 0 1
19 10 0.098 0 1
30 10 0.120 0 1
31 100 0.201 0 1
39 70 0.229 0 1
77 100 0.268 0 1
17 5 0.099 0 2
19 5 0.074 0 2
185 5 1.108 0 1
118 100 0.511 0 1
51 52 0.163 0 1
177 15 0.797 0 1
20 40 0.077 0 2
117 52 0.442 0 1
16 30 0.099 0 1
11 22 0.036 0 1
243 30 0.743 0 1
64 10 0.381 0 1
266 5 1.073 0 2
16 10 0.055 0 2
160 100 0.669 0 1
211 22 0.733 0 1
94 40 0.570 0 1
78 15 0.332 0 1
52 22 0.335 0 2
19 10 0.060 0 2
43 15 0.205 0 2
24 22 0.087 0 1
113 40 0.614 0 2
18 100 0.085 0 2
68 22 0.212 0 1
19 70 0.109 0 1
34 52 0.132 0 2
85 15 0.362 0 1
74 15 0.497 0 2
154 30 0.786 0 2
33 10 0.130 0 1
13 100 0.053 0 1
139 5 0.572 0 2
22 40 0.118 0 1
38 70 0.160 0 1
33 70 0.166 0 2
150 70 0.602 0 1
62 70 0.190 0 2
13 40 0.073 0 2
182 22 0.854 0 1
11 100 0.051 0 2
20 22 0.068 0 1
171 5 0.645 0 2
64 22 0.206 0 2
55 22 0.348 0 1
66 30 0.307 0 1
65 22 0.428 0 1
287 5 1.299 0 1
120 70 0.490 0 2
25 100 0.139 0 2
36 30 0.231 0 1
154 22 0.542 0 1
27 40 0.102 0 2
17 70 0.054 0 2
136 100 0.447 0 2
43 70 0.139 0 1
92 10 0.418 0 2
23 15 0.075 0 2
79 52 0.497 0 2
35 70 0.150 0 2
134 5 0.899 0 2
28 52 0.100 0 1
30 15 0.101 0 2
26 15 0.110 0 2
13 10 0.049 0 2
20 52 0.131 0 1
117 100 0.358 0 1
209 40 0.801 0 1
17 30 0.051 0 1
149 70 0.949 0 2
184 22 0.780 0 2
26 40 0.085 0 2
55 5 0.311 0 1
11 22 0.055 0 1
112 5 0.361 0 1
33 70 0.149 0 1
122 10 0.642 0 2
76 52 0.237 0 2
333 70 1.617 0 1
88 5 0.312 0 2
76 52 0.332 0 2
25 100 0.078 0 2
20 70 0.096 0 1
35 15 0.125 0 2
15 22 0.066 0 1
55 30 0.327 0 2
67 40 0.353 0 2
74 15 0.300 0 2
86 15 0.289 0 1
14 52 0.074 0 2
41 52 0.120 0 2
148 15 0.505 0 2
137 10 0.482 0 2
96 10 0.342 0 2
18 52 0.085 0 2
127 15 0.443 0 1
30 52 0.174 0 2
117 15 0.367 0 1
145 52 0.744 0 1
42 22 0.153 0 1
337 40 2.232 0 2
15 100 0.062 0 1
35 52 0.215 0 1
62 100 0.354 0 1
14 10 0.049 0 2
31 70 0.104 0 1
59 100 0.185 0 1
20 70 0.073 0 2
83 15 0.332 0 2
19 22 0.070 0 1
92 15 0.285 0 1
73 10 0.326 0 1
10 40 0.054 0 1
174 5 0.817 0 1
43 70 0.137 0 2
131 100 0.580 0 2
80 5 0.340 0 1
156 52 1.047 0 1
75 52 0.393 0 2
77 5 0.350 0 2
13 22 0.060 0 1
131 70 0.512 0 2
114 15 0.353 0 1
15 15 0.099 0 2
20 5 0.071 0 1
68 30 0.456 0 2
37 10 0.175 0 2
18 5 0.118 0 2
66 52 0.316 0 2
11 40 0.065 0 1
126 52 0.457 0 1
178 70 0.610 0 2
15 30 0.087 0 1
240 10 0.743 0 1
32 52 0.130 0 2
28 10 0.112 0 1
101 30 0.521 0 1
108 52 0.366 0 1
31 40 0.178 0 2
170 40 0.620 0 2
17 5 0.107 0 1
15 15 0.086 0 2
44 15 0.164 0 2
105 15 0.577 0 2
47 100 0.149 0 1
154 70 0.766 0 1
315 5 0.946 0 1
159 15 0.495 0 1
10 10 0.063 0 1
148 100 0.540 0 1
91 70 0.367 0 1
16 40 0.100 0 1
161 15 1.073 0 2
113 40 0.365 0 2
65 5 0.214 0 1
260 40 0.956 0 1
16 15 0.106 0 1
61 100 0.284 0 1
78 22 0.462 0 2
51 10 0.210 0 1
19 10 0.059 0 2
65 10 0.191 0 2
40 30 0.180 0 2
52 15 0.196 0 1
25 22 0.075 0 2
79 100 0.389 0 1
17 5 0.053 0 1
17 15 0.102 0 2
14 30 0.092 0 1
34 30 0.160 0 1
30 15 0.123 0 1
61 15 0.194 0 2
174 30 1.108 0 2
299 22 1.031 0 1
11 52 0.071 0 1
35 5 0.135 0 2
82 22 0.335 0 1
53 15 0.190 0 2
75 52 0.414 0 1
170 100 0.561 0 1
139 15 0.662 0 2
23 100 0.114 0 2
44 15 0.166 0 2
229 5 0.768 0 1
151 70 0.470 0 1
76 40 0.240 0 2
18 15 0.056 0 1
151 30 0.455 0 2
51 5 0.307 0 1
73 15 0.399 0 1
54 40 0.239 0 1
49 5 0.156 0 2
76 100 0.338 0 1
10 70 0.039 0 1
18 10 0.064 0 2
66 40 0.219 0 1
94 22 0.441 0 2
55 52 0.301 0 2
32 10 0.147 0 2
139 100 0.541 0 2
23 70 0.082 0 2
69 15 0.399 0 1
44 70 0.143 0 1
158 30 0.705 0 1
46 100 0.165 0 2
10 15 0.039 0 1
24 70 0.103 0 2
11 30 0.042 0 1
79 40 0.296 0 1
62 5 0.200 0 1
215 30 1.424 0 2
169 70 0.624 0 1
28 30 0.138 0 1
71 15 0.300 0 2
196 100 0.649 0 2
90 10 0.307 0 1
11 52 0.060 0 2
182 22 1.034 0 2
157 40 0.575 0 1
321 70 1.039 0 1
18 52 0.097 0 2
16 100 0.092 0 2
57 22 0.210 0 2
96 30 0.530 0 2
295 30 0.863 0 1
14 40 0.049 0 1
13 70 0.040 0 2
39 100 0.134 0 2
129 15 0.392 0 2
52 70 0.189 0 1
10 30 0.062 0 1
57 52 0.224 0 1
187 15 1.027 0 1
122 15 0.452 0 2
38 10 0.135 0 2
14 70 0.042 0 2
19 10 0.071 0 1
18 52 0.060 0 2
31 5 0.123 0 2
106 10 0.707 0 2
193 22 0.804 0 1
31 22 0.109 0 1
27 52 0.104 0 2
72 100 0.477 0 1
144 52 0.832 0 1
15 52 0.079 0 1
25 22 0.107 0 1
48 30 0.247 0 2
83 52 0.393 0 1
43 15 0.140 0 2
13 100 0.057 0 2
20 30 0.084 0 2
92 30 0.586 0 2
63 10 0.293 0 1
225 100 1.331 0 1
30 22 0.115 0 2
39 10 0.215 0 2
18 70 0.091 0 1
61 30 0.179 0 1
73 15 0.243 0 1
324 40 1.049 0 2
13 22 0.073 0 2
63 52 0.250 0 1
16 30 0.055 0 2
71 40 0.249 0 1
128 5 0.598 0 2
52 10 0.329 0 2
135 5 0.449 0 2
68 5 0.354 0 1
17 22 0.070 0 2
19 52 0.068 0 1
23 52 0.077 0 2
301 40 1.214 0 1
328 52 1.176 0 2
29 52 0.095 0 2
79 15 0.257 0 1
38 40 0.116 0 2
15 22 0.044 0 2
75 10 0.397 0 2
107 52 0.491 0 1
13 52 0.072 0 1
149 100 0.449 0 2
180 40 0.978 0 1
68 22 0.212 0 2
27 52 0.166 0 2
24 10 0.125 0 2
87 5 0.465 0 1
28 10 0.106 0 2
49 52 0.272 0 1
11 100 0.033 0 1
47 15 0.139 0 1
14 70 0.043 0 1
110 30 0.401 0 1
23 70 0.136 0 1
179 22 0.566 0 1
17 40 0.080 0 1
31 15 0.105 0 2
11 100 0.048 0 2
17 30 0.085 0 1
194 30 1.090 0 1
52 52 0.283 0 1
10 30 0.047 0 2
182 15 0.589 0 1
223 52 1.032 0 2
12 5 0.045 0 1
28 40 0.095 0 2
70 40 0.206 0 1
55 70 0.167 0 1
82 15 0.286 0 1
67 15 0.223 0 2
72 5 0.362 0 2
36 10 0.152 0 2
275 52 1.511 0 2
140 10 0.462 0 2
22 10 0.143 0 2
74 22 0.222 0 1
10 52 0.054 0 1
13 15 0.068 0 2
163 52 1.065 0 1
30 100 0.116 0 2
95 10 0.347 0 2
18 10 0.071 0 1
38 100 0.179 0 1
293 70 1.443 0 1
26 22 0.132 0 2
12 70 0.040 0 1
22 52 0.089 0 1
321 15 1.046 0 2
129 40 0.675 0 1
10 10 0.031 0 1
128 15 0.865 0 2
16 22 0.077 0 2
38 5 0.212 0 1
148 52 0.688 0 2
218 22 0.995 0 2
20 52 0.103 0 1
165 15 0.511 0 1
18 52 0.082 0 2
10 30 0.032 0 2
78 30 0.246 0 1
33 52 0.188 0 1
41 30 0.123 0 1
10 70 0.049 0 1
77 5 0.239 0 2
284 15 1.169 0 2
56 22 0.357 0 2
175 52 0.597 0 1
10 100 0.045 0 2
20 30 0.096 0 1
301 15 0.888 0 2
18 70 0.058 0 1
91 40 0.272 0 2
55 52 0.325 0 2
329 5 0.965 0 2
172 30 0.506 0 1
47 70 0.246 0 1
16 100 0.047 0 2
16 22 0.066 0 2
27 100 0.157 0 1
52 10 0.329 0 2
32 5 0.205 0 2
32 40 0.187 0 2
107 5 0.645 0 1
32 52 0.106 0 2
17 70 0.101 0 1
18 30 0.074 0 1
168 70 1.018 0 2
13 40 0.042 0 1
76 52 0.235 0 1
210 5 1.135 0 1
32 15 0.108 0 2
37 52 0.204 0 1
139 5 0.751 0 1
19 40 0.059 0 2
133 5 0.395 0 2
118 40 0.659 0 1
41 10 0.259 0 2
68 5 0.204 0 2
149 30 0.810 0 1
32 70 0.145 0 1
19 40 0.081 0 1
199 30 0.689 0 2
32 5 0.094 0 1
312 100 1.584 0 2
26 5 0.104 0 2
210 22 1.040 0 1
164 52 0.988 0 1
68 15 0.208 0 1
12 15 0.045 0 1
86 40 0.277 0 1
17 15 0.090 0 2
17 10 0.101 0 1
129 15 0.508 0 1
26 100 0.079 0 1
18 100 0.072 0 2
55 52 0.296 0 1
215 70 0.719 0 2
107 100 0.489 0 2
49 10 0.268 0 2
11 100 0.032 0 1
41 15 0.186 0 2
266 52 1.015 0 2
28 70 0.103 0 1
162 5 0.681 0 2
31 10 0.142 0 1
41 22 0.189 0 2
35 5 0.194 0 2
197 10 0.887 0 2
280 40 0.833 0 2
48 70 0.171 0 1
35 100 0.125 0 1
154 52 0.636 0 1
27 10 0.095 0 2
26 22 0.100 0 2
51 100 0.192 0 2
72 22 0.367 0 2
215 100 0.736 0 1
19 22 0.123 0 2
34 52 0.129 0 2
68 52 0.270 0 2
34 70 0.122 0 1
176 100 0.552 0 1
32 5 0.185 0 1
129 70 0.683 0 2
39 22 0.155 0 1
22 52 0.115 0 2
45 5 0.134 0 1
79 100 0.383 0 1
13 40 0.046 0 2
54 15 0.240 0 2
28 22 0.093 0 2
41 5 0.216 0 1
38 22 0.245 0 2
30 52 0.114 0 1
11 10 0.037 0 2
17 5 0.085 0 1
142 22 0.721 0 2
22 40 0.071 0 2
82 5 0.331 0 2
79 40 0.256 0 1
79 70 0.295 0 2
59 30 0.261 0 1
50 10 0.329 0 1
121 5 0.460 0 2
37 30 0.145 0 1
21 22 0.072 0 1
56 40 0.215 0 1
22 22 0.126 0 1
273 40 1.110 0 1
44 70 0.190 0 1
15 70 0.052 0 2
31 40 0.114 0 1
138 52 0.416 0 1
51 10 0.193 0 2
11 22 0.050 0 2
11 40 0.052 0 2
269 22 1.546 0 2
12 30 0.042 0 1
35 10 0.120 0 1
190 5 0.629 0 2
28 5 0.118 0 2
138 70 0.730 0 2
186 10 0.939 0 1
18 40 0.073 0 2
39 30 0.155 0 1
14 100 0.051 0 1
42 100 0.135 0 2
47 40 0.187 0 2
13 22 0.076 0 1
60 10 0.241 0 1
15 10 0.062 0 1
25 22 0.090 0 1
148 52 0.695 0 1
83 100 0.474 0 1
286 10 0.920 0 1
10 100 0.035 0 2
16 100 0.051 0 1
60 100 0.207 0 1
46 70 0.135 0 1
14 100 0.094 0 2
20 52 0.118 0 2
59 40 0.355 0 1
137 100 0.890 0 1
13 52 0.052 0 1
109 52 0.507 0 1
46 15 0.178 0 1
124 30 0.435 0 2
70 10 0.218 0 1
74 40 0.308 0 2
56 15 0.296 0 2
146 100 0.670 0 1
11 22 0.067 0 2
59 100 0.282 0 2
35 100 0.106 0 2
56 22 0.190 0 2
12 52 0.037 0 2
28 30 0.113 0 2
11 52 0.063 0 2
15 10 0.056 0 1
39 40 0.128 0 2
19 30 0.075 0 1
247 5 0.807 0 1
16 70 0.053 0 2
130 70 0.411 0 1
38 30 0.151 0 2
16 15 0.069 0 2
13 22 0.043 0 1
134 10 0.493 0 1
18 10 0.122 0 2
29 10 0.140 0 2
37 40 0.170 0 1
73 100 0.219 0 1
266 40 1.673 0 2
14 15 0.074 0 2
65 52 0.340 0 2
26 30 0.139 0 2
54 15 0.176 0 1
28 40 0.114 0 2
51 5 0.345 0 1
16 30 0.069 0 2
30 100 0.102 0 1
322 52 1.150 0 2
18 10 0.055 0 2
33 22 0.102 0 1
59 52 0.261 0 2
92 5 0.298 0 1
28 40 0.112 0 1
31 10 0.144 0 2
16 10 0.047 0 2
26 5 0.120 0 2
40 30 0.193 0 2
254 40 1.558 0 2
182 15 0.565 0 2
17 22 0.062 0 1
17 30 0.111 0 2
29 15 0.132 0 1
67 15 0.318 0 2
171 100 0.704 0 1
13 100 0.050 0 1
21 100 0.100 0 2
17 100 0.098 0 1
159 15 1.026 0 2
45 5 0.241 0 2
60 15 0.355 0 2
118 52 0.405 0 1
196 30 0.622 0 1
69 15 0.273 0 1
132 5 0.629 0 2
44 22 0.132 0 2
322 10 1.364 0 2
56 40 0.224 0 2
174 15 0.659 0 1
46 40 0.214 0 1
262 52 1.735 0 1
191 30 1.073 0 1
126 100 0.420 0 2
127 30 0.836 0 2
14 15 0.061 0 2
34 10 0.111 0 1
17 22 0.052 0 2
39 100 0.207 0 1
87 15 0.588 0 2
25 52 0.120 0 2
11 100 0.042 0 2
33 15 0.096 0 2
159 30 0.631 0 1
11 5 0.034 0 2
73 10 0.480 0 2
190 100 1.105 0 1
17 100 0.071 0 2
17 22 0.058 0 2
13 15 0.080 0 2
30 15 0.093 0 2
10 52 0.062 0 2
21 100 0.129 0 1
159 100 0.791 0 1
53 10 0.335 0 1
18 100 0.082 0 2
15 22 0.044 0 2
48 10 0.178 0 2
21 22 0.107 0 2
55 40 0.227 0 1
191 5 0.770 0 1
56 22 0.213 0 2
19 22 0.068 0 1
62 22 0.277 0 2
98 52 0.321 0 1
28 5 0.185 0 1
198 70 0.739 0 1
22 15 0.109 0 1
175 5 0.768 0 1
18 70 0.088 0 1
82 40 0.485 0 1
71 22 0.215 0 2
18 70 0.058 0 2
191 15 1.240 0 2
22 40 0.094 0 2
67 22 0.318 0 2
60 22 0.190 0 2
15 30 0.052 0 2
17 70 0.055 0 2
91 52 0.457 0 2
141 30 0.430 0 2
63 100 0.240 0 1
22 22 0.073 0 1
27 40 0.119 0 2
55 52 0.369 0 1
64 5 0.299 0 1
63 22 0.281 0 1
215 40 1.295 0 1
178 40 0.612 0 2
12 10 0.043 0 2
15 22 0.077 0 2
26 10 0.122 0 1
264 30 1.526 0 2
39 100 0.222 0 2
13 5 0.038 0 1
37 70 0.195 0 1
16 70 0.091 0 2
115 5 0.569 0 1
29 15 0.146 0 1
28 40 0.089 0 2
203 30 0.981 0 1
198 100 0.835 0 1
19 15 0.078 0 2
14 70 0.051 0 2
16 52 0.047 0 1
22 30 0.074 0 2
36 52 0.118 0 1
141 10 0.437 0 2
79 30 0.497 0 1
12 52 0.056 0 1
15 30 0.072 0 2
261 70 1.544 0 1
155 52 0.871 0 2
21 15 0.069 0 2
49 100 0.278 0 2
27 100 0.141 0 1
189 70 0.594 0 1
53 40 0.248 0 2
19 70 0.103 0 2
235 40 1.000 0 2
23 100 0.107 0 2
26 100 0.106 0 1
77 52 0.309 0 1
58 52 0.259 0 1
13 15 0.042 0 1
12 15 0.063 0 2
23 30 0.089 0 2
272 40 1.004 0 2
59 70 0.174 0 2
35 100 0.109 0 1
13 100 0.072 0 2
163 70 0.712 0 1
36 30 0.191 0 1
44 22 0.250 0 2
15 22 0.044 0 2
15 40 0.072 0 2
42 22 0.136 0 1
50 15 0.171 0 2
20 5 0.114 0 2
20 30 0.103 0 2
11 15 0.071 0 1
48 5 0.169 0 1
18 10 0.069 0 2
29 70 0.196 0 2
179 70 0.691 0 2
74 15 0.416 0 1
180 15 0.732 0 1
110 15 0.553 0 2
65 40 0.339 0 2
105 22 0.510 0 1
107 100 0.366 0 1
46 100 0.222 0 1
16 70 0.096 0 2
66 5 0.275 0 2
19 5 0.067 0 2
177 70 0.908 0 2
37 70 0.143 0 2
56 15 0.165 0 1
13 10 0.064 0 1
11 15 0.042 0 2
50 40 0.299 0 1
38 100 0.150 0 1
23 52 0.135 0 1
217 15 0.691 0 1
19 15 0.095 0 1
22 40 0.070 0 1
78 22 0.257 0 2
16 10 0.047 0 2
147 52 0.441 0 1
13 40 0.043 0 1
10 5 0.044 0 1
83 22 0.369 0 1
198 100 0.717 0 2
17 10 0.057 0 2
69 52 0.232 0 1
72 15 0.262 0 1
18 5 0.089 0 2
20 15 0.080 0 1
192 10 0.649 0 1
19 52 0.086 0 1
24 40 0.124 0 1
34 15 0.128 0 2
12 22 0.037 0 2
78 40 0.443 0 1
16 52 0.083 0 1
27 10 0.128 0 2
46 15 0.137 0 2
18 40 0.082 0 2
48 15 0.204 0 2
51 15 0.158 0 2
19 70 0.060 0 1
18 22 0.058 0 2
75 22 0.330 0 1
63 10 0.199 0 1
13 5 0.087 0 2
13 40 0.043 0 2
61 70 0.242 0 1
129 15 0.416 0 2
108 5 0.356 1 2
172 30 0.656 1 2
23 70 0.072 1 0
187 30 0.584 1 0
65 10 0.394 1 0
31 52 0.147 1 0
234 100 1.009 1 2
72 40 0.486 1 0
45 30 0.176 1 0
23 15 0.130 1 0
136 10 0.436 1 0
15 70 0.046 1 0
14 70 0.062 1 0
138 22 0.535 1 0
92 5 0.407 1 0
70 100 0.247 1 0
76 100 0.224 1 0
13 22 0.059 1 2
23 52 0.073 1 2
291 40 1.590 1 2
86 22 0.422 1 2
22 70 0.065 1 0
160 70 0.758 1 0
93 15 0.274 1 0
158 70 0.709 1 0
22 30 0.091 1 0
182 15 0.641 1 2
18 52 0.085 1 2
75 10 0.424 1 0
275 5 1.222 1 0
60 52 0.403 1 2
84 15 0.440 1 2
59 10 0.345 1 0
45 5 0.139 1 0
68 40 0.256 1 0
128 40 0.677 1 0
78 70 0.353 1 0
163 15 0.517 1 2
17 52 0.104 1 0
46 70 0.137 1 0
26 70 0.146 1 0
79 70 0.273 1 0
10 100 0.034 1 0
17 40 0.054 1 0
14 5 0.043 1 2
17 5 0.060 1 2
31 22 0.143 1 0
52 5 0.165 1 0
11 40 0.064 1 0
37 22 0.155 1 0
256 30 0.850 1 0
16 40 0.050 1 0
69 100 0.215 1 0
32 40 0.187 1 0
30 30 0.139 1 0
32 52 0.126 1 0
33 22 0.100 1 2
13 40 0.082 1 0
197 52 0.579 1 0
21 70 0.063 1 2
37 52 0.142 1 0
34 100 0.130 1 0
19 52 0.092 1 0
14 5 0.041 1 0
127 70 0.487 1 0
13 10 0.040 1 0
120 30 0.404 1 0
35 30 0.146 1 0
13 22 0.044 1 0
16 40 0.047 1 0
13 100 0.083 1 0
153 15 0.754 1 2
74 100 0.233 1 0
80 30 0.500 1 2
78 30 0.506 1 2
19 100 0.082 1 2
14 15 0.085 1 0
36 22 0.128 1 0
151 40 0.987 1 0
74 15 0.311 1 2
76 52 0.364 1 0
54 70 0.170 1 0
129 15 0.782 1 0
171 30 0.701 1 0
12 5 0.059 1 2
38 30 0.128 1 2
65 52 0.225 1 2
19 100 0.079 1 2
22 10 0.068 1 0
22 52 0.084 1 0
32 40 0.139 1 2
136 70 0.594 1 2
34 40 0.111 1 0
184 15 0.641 1 0
75 30 0.256 1 0
12 100 0.067 1 0
57 22 0.193 1 0
13 22 0.057 1 0
132 100 0.423 1 2
181 100 0.582 1 2
68 10 0.335 1 0
28 10 0.110 1 0
31 52 0.167 1 0
132 22 0.530 1 0
13 52 0.050 1 0
48 5 0.190 1 2
36 40 0.146 1 2
13 30 0.067 1 0
90 40 0.262 1 2
137 10 0.472 1 0
173 15 0.562 1 2
26 100 0.084 1 0
13 5 0.084 1 0
65 30 0.204 1 2
13 5 0.073 1 0
122 30 0.767 1 0
15 70 0.054 1 2
29 22 0.174 1 2
47 5 0.161 1 0
27 30 0.149 1 2
44 70 0.145 1 0
207 15 0.784 1 0
24 52 0.075 1 0
36 5 0.108 1 2
54 70 0.230 1 2
11 52 0.063 1 2
72 5 0.305 1 0
225 15 0.849 1 2
309 100 0.922 1 0
23 22 0.076 1 0
164 22 1.012 1 0
20 30 0.098 1 2
258 10 0.782 1 0
13 15 0.041 1 0
37 15 0.245 1 2
83 40 0.269 1 0
32 30 0.109 1 2
46 15 0.183 1 0
16 30 0.094 1 2
27 40 0.100 1 0
11 30 0.063 1 2
58 10 0.172 1 0
75 100 0.307 1 0
23 15 0.086 1 2
138 22 0.841 1 0
18 15 0.070 1 0
11 70 0.066 1 2
69 40 0.230 1 0
158 30 0.946 1 0
20 30 0.067 1 0
70 15 0.279 1 0
73 15 0.291 1 0
17 52 0.085 1 0
86 5 0.480 1 2
87 15 0.565 1 0
16 100 0.062 1 0
11 30 0.039 1 2
21 52 0.069 1 0
29 15 0.108 1 0
66 15 0.346 1 2
19 52 0.094 1 0
143 22 0.883 1 0
132 100 0.419 1 0
328 10 1.874 1 0
143 5 0.495 1 0
175 5 1.006 1 0
59 30 0.230 1 0
175 5 0.547 1 0
90 22 0.584 1 0
19 5 0.088 1 0
51 52 0.167 1 0
137 15 0.703 1 0
35 30 0.176 1 0
36 15 0.105 1 0
12 15 0.041 1 2
93 10 0.578 1 2
37 40 0.159 1 0
17 30 0.058 1 0
328 5 1.151 1 2
21 15 0.062 1 2
195 10 1.175 1 2
174 22 0.539 1 0
111 100 0.657 1 0
15 22 0.053 1 0
228 52 0.704 1 0
194 15 1.285 1 2
330 40 1.429 1 0
32 70 0.134 1 0
100 30 0.488 1 2
32 15 0.190 1 0
130 40 0.415 1 0
19 22 0.057 1 2
19 70 0.078 1 2
10 22 0.068 1 2
51 40 0.216 1 0
21 70 0.107 1 0
39 15 0.128 1 0
50 15 0.151 1 0
107 70 0.350 1 2
20 10 0.065 1 0
41 5 0.122 1 2
37 5 0.111 1 0
10 52 0.054 1 2
176 100 1.181 1 0
152 30 0.591 1 0
36 5 0.163 1 0
149 100 0.560 1 0
72 100 0.232 1 0
33 30 0.103 1 0
42 30 0.168 1 0
55 15 0.227 1 0
202 40 1.247 1 2
79 30 0.239 1 0
66 30 0.196 1 0
10 52 0.051 1 0
37 22 0.178 1 0
54 40 0.170 1 0
70 10 0.216 1 0
21 100 0.066 1 2
31 70 0.178 1 0
38 30 0.142 1 0
11 40 0.042 1 2
24 70 0.101 1 0
90 40 0.299 1 0
68 15 0.249 1 2
21 52 0.094 1 0
57 52 0.281 1 0
296 40 0.886 1 0
28 40 0.090 1 0
20 22 0.103 1 0
38 30 0.136 1 0
16 22 0.082 1 0
13 5 0.050 1 2
15 52 0.067 1 0
96 100 0.291 1 0
10 5 0.045 1 0
10 22 0.038 1 0
15 22 0.046 1 2
56 52 0.206 1 0
15 22 0.085 1 0
78 40 0.290 1 2
279 40 1.461 1 2
226 40 1.370 1 0
20 40 0.066 1 2
28 52 0.112 1 2
109 5 0.562 1 2
69 40 0.280 1 0
36 40 0.217 1 0
34 52 0.117 1 0
42 100 0.227 1 0
29 52 0.193 1 0
264 52 0.854 1 2
17 30 0.113 1 2
29 100 0.090 1 0
124 70 0.395 1 0
311 40 1.290 1 2
64 100 0.283 1 0
23 22 0.073 1 0
129 52 0.662 1 2
38 52 0.122 1 2
46 10 0.275 1 0
14 70 0.053 1 2
19 5 0.104 1 2
300 22 0.962 1 2
195 52 0.654 1 0
26 22 0.098 1 2
41 30 0.174 1 2
74 10 0.361 1 0
70 40 0.354 1 0
66 100 0.388 1 2
83 30 0.306 1 2
36 10 0.108 1 0
191 52 1.005 1 2
57 5 0.184 1 2
110 70 0.524 1 0
179 10 0.716 1 2
25 22 0.152 1 0
47 40 0.192 1 0
70 70 0.270 1 0
14 52 0.053 1 2
258 15 1.358 1 0
11 40 0.047 1 2
49 10 0.147 1 0
19 22 0.082 1 0
337 22 1.410 1 0
46 70 0.160 1 2
10 40 0.053 1 2
49 10 0.293 1 2
14 22 0.041 1 0
75 40 0.266 1 2
76 30 0.429 1 2
20 40 0.067 1 0
13 30 0.050 1 0
39 10 0.161 1 0
14 100 0.055 1 0
75 5 0.245 1 0
330 10 1.803 1 0
25 52 0.082 1 2
54 5 0.293 1 0
21 10 0.100 1 0
83 100 0.332 1 0
195 52 0.652 1 2
159 30 1.019 1 0
16 15 0.076 1 2
35 22 0.202 1 2
10 40 0.045 1 0
48 5 0.178 1 0
62 5 0.408 1 0
35 15 0.216 1 0
128 5 0.434 1 0
54 10 0.199 1 2
29 22 0.085 1 0
16 52 0.063 1 0
57 5 0.275 1 0
78 40 0.307 1 0
32 40 0.125 1 0
259 5 1.239 1 0
62 15 0.313 1 0
26 30 0.112 1 0
17 40 0.072 1 0
331 10 1.031 1 0
87 15 0.446 1 0
23 10 0.080 1 0
162 15 0.596 1 0
117 30 0.718 1 0
20 40 0.098 1 0
42 5 0.188 1 0
21 5 0.080 1 0
16 100 0.064 1 0
28 40 0.127 1 0
24 70 0.122 1 0
115 15 0.540 1 2
133 22 0.498 1 0
23 70 0.096 1 2
21 15 0.128 1 2
15 5 0.089 1 0
52 52 0.178 1 0
170 40 0.557 1 0
18 100 0.083 1 0
18 100 0.067 1 2
115 52 0.706 1 0
11 30 0.035 1 0
10 30 0.032 1 0
13 10 0.043 1 2
71 10 0.216 1 0
10 5 0.055 1 0
153 100 0.469 1 0
13 30 0.039 1 0
33 52 0.113 1 2
17 40 0.062 1 0
272 10 1.432 1 0
22 5 0.065 1 0
15 40 0.046 1 0
31 5 0.102 1 2
15 15 0.094 1 0
37 40 0.163 1 0
101 22 0.635 1 0
166 30 0.765 1 0
25 52 0.090 1 0
17 70 0.091 1 0
19 30 0.124 1 2
228 70 1.086 1 2
30 30 0.117 1 0
12 52 0.053 1 0
144 22 0.778 1 2
17 22 0.110 1 0
42 70 0.275 1 0
186 40 0.626 1 0
81 70 0.319 1 0
12 30 0.058 1 0
164 10 0.636 1 2
282 10 0.969 1 2
81 22 0.345 1 0
12 5 0.061 1 0
16 52 0.062 1 0
128 52 0.650 1 0
11 10 0.051 1 2
63 40 0.348 1 0
78 40 0.497 1 2
163 40 0.529 1 0
186 30 0.574 1 0
166 22 0.494 1 0
12 40 0.057 1 2
58 30 0.182 1 0
14 70 0.047 1 0
266 40 0.850 1 0
39 10 0.137 1 2
11 10 0.042 1 0
48 5 0.257 1 0
12 70 0.067 1 0
15 5 0.061 1 0
16 22 0.064 1 2
10 30 0.062 1 0
30 10 0.141 1 2
28 70 0.169 1 2
195 40 1.096 1 0
42 70 0.137 1 2
83 100 0.411 1 2
159 100 0.605 1 2
50 70 0.187 1 2
26 22 0.166 1 0
34 15 0.157 1 0
11 10 0.046 1 0
43 40 0.136 1 2
45 40 0.224 1 0
181 40 0.953 1 2
62 40 0.211 1 0
169 70 1.024 1 0
316 15 1.295 1 2
11 22 0.042 1 2
126 22 0.472 1 2
120 70 0.736 1 2
23 15 0.086 1 2
35 10 0.187 1 0
20 70 0.082 1 0
85 100 0.415 1 2
132 15 0.543 1 0
34 30 0.132 1 0
14 10 0.070 1 2
17 22 0.086 1 2
72 100 0.329 1 0
39 70 0.187 1 2
146 70 0.890 1 0
21 5 0.063 1 2
18 100 0.106 1 0
79 5 0.250 1 0
78 10 0.257 1 0
153 22 0.695 1 0
179 70 0.656 1 0
32 100 0.097 1 0
102 5 0.405 1 0
11 10 0.051 1 0
37 70 0.117 1 0
275 40 1.026 1 0
68 15 0.271 1 0
194 70 0.599 1 0
19 40 0.079 1 0
28 22 0.183 1 0
78 10 0.431 1 0
31 100 0.159 1 2
38 52 0.178 1 2
282 15 1.508 1 0
38 10 0.134 1 2
189 40 0.787 1 0
34 10 0.126 1 0
19 70 0.110 1 0
54 40 0.162 1 2
68 70 0.330 1 0
20 15 0.115 1 2
17 15 0.056 1 0
97 5 0.289 1 0
10 30 0.037 1 0
24 5 0.118 1 0
13 10 0.068 1 0
25 22 0.079 1 0
29 52 0.167 1 0
17 22 0.055 1 0
30 100 0.088 1 0
55 30 0.299 1 0
143 5 0.470 1 2
25 15 0.117 1 0
18 40 0.111 1 0
77 100 0.237 1 0
11 40 0.074 1 0
198 52 0.995 1 0
12 40 0.044 1 0
158 15 0.568 1 2
71 40 0.355 1 0
10 5 0.066 1 0
21 15 0.091 1 2
57 30 0.173 1 0
100 10 0.413 1 0
14 52 0.062 1 2
29 22 0.108 1 0
159 100 0.633 1 0
46 40 0.305 1 2
68 70 0.250 1 0
32 22 0.134 1 2
37 70 0.223 1 0
165 10 0.508 1 2
21 5 0.067 1 0
280 52 0.854 1 0
15 22 0.046 1 0
36 30 0.129 1 2
10 70 0.068 1 0
93 30 0.366 1 0
63 5 0.275 1 2
22 30 0.089 1 0
18 52 0.097 1 0
129 5 0.419 1 0
43 52 0.141 1 0
11 5 0.040 1 0
61 70 0.341 1 0
64 15 0.333 1 0
35 10 0.154 1 0
18 30 0.054 1 2
23 10 0.079 1 0
10 100 0.031 1 0
24 5 0.078 1 2
42 70 0.165 1 0
73 100 0.281 1 0
24 5 0.085 1 0
33 22 0.167 1 0
185 40 0.749 1 0
63 100 0.229 1 0
17 70 0.113 1 0
37 15 0.190 1 0
25 70 0.161 1 0
21 52 0.070 1 0
238 15 0.912 1 0
39 10 0.167 1 0
31 40 0.158 1 0
136 22 0.589 1 0
19 30 0.112 1 2
30 15 0.165 1 0
186 30 0.626 1 0
172 5 0.625 1 0
17 22 0.054 1 2
14 22 0.065 1 2
27 70 0.093 1 0
162 10 0.621 1 2
234 70 0.857 1 0
48 52 0.158 1 2
24 15 0.079 1 2
84 100 0.281 1 0
94 10 0.452 1 0
149 15 0.618 1 0
34 22 0.168 1 2
129 5 0.417 1 2
295 22 1.143 1 0
57 52 0.185 1 2
50 40 0.221 1 0
69 5 0.258 1 0
72 100 0.317 1 0
32 30 0.132 1 0
18 15 0.059 1 0
44 5 0.166 1 0
16 40 0.090 1 0
32 22 0.133 1 0
11 70 0.040 1 0
15 40 0.066 1 0
79 5 0.331 1 0
33 40 0.111 1 0
50 30 0.176 1 0
12 52 0.047 1 0
35 100 0.196 1 0
71 5 0.277 1 2
13 10 0.044 1 0
73 100 0.392 1 2
33 10 0.096 1 0
174 70 1.055 1 2
71 22 0.388 1 0
185 22 0.580 1 2
10 10 0.044 1 0
19 100 0.096 1 2
32 22 0.177 1 0
29 70 0.111 1 0
58 52 0.203 1 2
148 100 0.485 1 0
223 10 0.848 1 0
291 30 0.933 1 0
11 100 0.040 1 0
85 52 0.394 1 0
73 30 0.292 1 0
63 22 0.266 1 2
50 22 0.267 1 0
60 52 0.243 1 2
106 5 0.711 1 2
15 52 0.047 1 2
87 15 0.286 1 0
62 10 0.339 1 2
14 10 0.043 1 2
59 5 0.176 1 0
16 22 0.047 1 2
213 100 0.758 1 2
30 40 0.101 1 0
190 100 0.918 1 0
13 52 0.051 1 0
176 30 0.566 1 0
36 100 0.135 1 0
14 70 0.084 1 0
24 52 0.079 1 0
25 100 0.090 1 0
227 5 1.071 1 2
18 100 0.110 1 0
78 52 0.266 1 2
73 40 0.445 1 2
78 40 0.298 1 0
13 10 0.039 1 2
56 10 0.269 1 0
14 100 0.045 1 0
187 30 0.581 1 2
231 70 1.203 1 2
193 52 1.027 1 2
276 10 0.962 1 0
17 10 0.060 1 0
52 100 0.239 1 0
18 5 0.068 1 0
73 40 0.361 1 0
44 5 0.208 1 2
87 70 0.569 1 0
34 15 0.113 1 0
74 5 0.451 1 0
50 40 0.205 1 0
64 100 0.243 1 0
47 52 0.241 1 0
16 30 0.068 1 0
70 5 0.341 1 0
17 70 0.065 1 2
10 10 0.035 1 0
17 70 0.081 1 0
131 70 0.668 1 2
101 15 0.412 1 0
56 5 0.309 1 2
55 40 0.251 1 0
25 52 0.110 1 0
33 40 0.209 1 0
15 70 0.045 1 0
62 100 0.343 1 2
27 22 0.102 1 0
20 5 0.073 1 0
11 15 0.043 1 2
14 40 0.067 1 0
10 100 0.042 1 0
74 15 0.247 1 0
43 70 0.148 1 0
39 10 0.127 1 0
14 15 0.049 1 0
128 15 0.414 1 0
19 70 0.081 1 0
12 100 0.077 1 2
18 10 0.063 1 0
213 40 0.696 1 2
39 40 0.225 1 2
32 30 0.190 1 0
72 70 0.389 1 2
52 100 0.199 1 0
58 15 0.245 1 0
29 52 0.090 1 2
172 10 0.566 1 0
65 40 0.409 1 0
130 15 0.379 1 2
19 10 0.095 1 2
73 40 0.395 1 2
11 10 0.044 1 0
66 30 0.398 1 0
268 40 1.063 1 0
171 22 0.624 1 0
14 52 0.053 1 0
37 10 0.168 1 0
105 40 0.380 1 0
34 15 0.122 1 0
94 10 0.289 1 2
19 52 0.078 1 2
57 15 0.175 1 0
171 30 0.838 1 2
121 5 0.457 1 2
15 5 0.051 1 0
175 5 0.537 1 0
24 70 0.133 1 0
77 10 0.276 1 0
24 52 0.081 1 0
51 40 0.186 1 2
55 5 0.167 1 0
173 40 0.874 1 0
23 22 0.072 1 2
133 5 0.532 1 2
19 10 0.083 1 0
185 15 0.661 1 0
15 100 0.056 1 0
72 52 0.229 1 0
69 22 0.275 1 2
274 40 1.146 1 0
162 30 0.675 1 0
12 70 0.048 1 0
19 52 0.074 1 0
185 70 0.593 1 0
106 15 0.697 1 0
43 5 0.190 1 0
181 10 0.668 1 2
315 30 1.406 1 0
82 5 0.406 1 0
177 15 0.532 1 0
235 40 1.199 1 0
18 30 0.093 1 0
17 5 0.059 1 0
82 30 0.506 1 2
126 100 0.396 1 0
63 5 0.332 1 0
48 30 0.188 1 0
10 5 0.067 1 0
48 15 0.217 1 2
12 22 0.050 1 2
141 52 0.437 1 0
21 10 0.129 1 0
29 5 0.136 1 2
45 5 0.265 1 0
59 52 0.251 1 0
16 40 0.072 1 0
46 30 0.178 1 2
15 22 0.065 1 2
11 40 0.043 1 2
19 52 0.061 1 0
311 100 1.254 1 0
46 70 0.204 1 2
60 100 0.265 1 0
64 70 0.328 1 0
47 40 0.203 1 0
33 10 0.107 1 0
34 22 0.114 1 0
245 70 1.369 1 0
37 10 0.167 1 2
182 10 0.597 1 2
12 22 0.052 1 0
75 70 0.460 1 2
25 22 0.110 1 0
22 100 0.071 1 0
66 10 0.303 1 0
17 70 0.084 1 2
36 5 0.199 1 2
27 30 0.100 1 0
77 100 0.325 1 0
19 15 0.063 1 0
126 52 0.700 1 0
56 15 0.184 1 2
32 22 0.159 1 0
21 15 0.080 1 0
143 52 0.601 1 2
53 40 0.319 1 2
191 10 0.568 1 0
20 100 0.076 1 0
302 70 1.557 1 0
23 10 0.070 1 2
35 30 0.181 1 0
122 52 0.758 1 0
16 30 0.050 1 2
53 40 0.296 1 2
107 5 0.572 1 2
10 15 0.050 1 0
33 22 0.115 1 0
72 30 0.237 1 0
11 22 0.042 1 2
49 70 0.173 1 0
49 5 0.233 1 0
206 40 0.900 1 0
12 52 0.071 1 0
180 40 0.759 1 0
18 40 0.111 1 2
10 5 0.036 1 2
12 15 0.079 1 2
322 40 1.563 1 2
282 22 1.508 1 0
43 100 0.135 1 0
308 5 1.162 1 0
18 15 0.054 1 0
11 15 0.048 1 2
18 40 0.053 1 0
67 5 0.310 1 2
28 100 0.144 1 0
199 15 1.345 1 2
36 15 0.201 1 0
22 5 0.091 1 2
60 70 0.303 1 0
171 40 0.830 1 0
15 10 0.064 1 0
318 70 1.747 1 2
61 100 0.401 1 0
192 30 0.615 1 0
51 100 0.220 1 0
87 10 0.554 1 2
78 40 0.313 1 2
190 100 0.706 1 0
208 10 1.015 1 0
59 10 0.271 1 0
69 5 0.352 1 0
148 10 0.461 1 0
97 5 0.288 1 0
141 15 0.415 1 0
16 100 0.099 1 2
18 30 0.066 1 0
37 22 0.211 1 2
72 22 0.362 1 2
38 22 0.248 1 2
155 70 0.478 1 2
137 100 0.907 1 0
181 5 0.874 1 0
19 70 0.063 1 0
153 10 0.785 1 0
19 40 0.109 1 2
67 30 0.220 1 0
46 22 0.267 1 0
95 100 0.360 1 2
38 70 0.228 1 0
10 40 0.030 1 0
43 5 0.281 1 2
47 52 0.148 1 0
24 22 0.098 1 0
10 15 0.056 1 0
27 52 0.084 1 2
186 100 0.979 1 0
130 15 0.747 1 0
105 30 0.463 1 0
11 70 0.048 1 0
14 40 0.057 1 2
137 22 0.546 1 0
70 22 0.208 1 2
13 30 0.066 1 2
146 10 0.533 1 0
196 70 0.891 1 2
165 22 0.557 1 0
76 22 0.273 1 0
198 100 0.975 1 2
256 10 0.918 1 2
18 5 0.055 1 0
36 52 0.132 1 0
19 5 0.066 1 2
78 10 0.231 1 0
74 70 0.306 1 0
161 70 0.729 1 0
197 40 0.714 1 0
203 40 0.812 1 2
269 30 1.155 1 2
12 100 0.048 1 0
31 30 0.133 1 0
56 15 0.177 1 0
59 100 0.373 1 0
47 30 0.203 1 0
19 22 0.057 1 0
11 40 0.034 1 0
28 30 0.084 1 2
14 5 0.060 1 0
30 70 0.138 1 0
65 52 0.250 1 0
122 22 0.425 1 0
172 22 1.162 1 0
142 10 0.438 1 0
12 52 0.040 1 2
25 15 0.074 1 0
236 30 1.513 1 0
48 100 0.316 1 0
14 15 0.041 1 0
23 5 0.113 1 0
14 40 0.061 1 2
39 30 0.145 1 0
32 10 0.211 1 0
24 15 0.086 1 0
67 5 0.255 1 0
41 30 0.230 1 2
178 5 0.894 1 0
18 10 0.053 1 0
61 22 0.230 1 0
241 5 1.628 1 0
14 70 0.086 1 2
331 22 2.221 1 0
322 15 1.406 1 0
34 40 0.107 1 0
38 22 0.247 1 0
10 15 0.038 1 0
16 30 0.066 1 2
12 5 0.051 1 2
304 70 1.156 1 0
11 22 0.055 1 0
76 15 0.286 1 0
196 5 0.920 1 0
12 22 0.057 1 2
37 22 0.224 1 0
48 40 0.148 1 0
70 52 0.409 1 2
13 15 0.056 1 0
181 15 0.724 1 2
43 10 0.139 1 2
237 22 0.760 1 0
24 30 0.123 1 0
22 10 0.096 1 2
11 52 0.043 1 2
15 30 0.079 1 0
33 15 0.159 1 2
24 70 0.093 1 0
10 52 0.033 1 2
336 100 1.826 1 0
13 5 0.084 1 0
261 70 1.673 1 0
166 15 0.856 1 0
111 5 0.355 1 0
19 100 0.096 1 2
33 40 0.155 1 0
50 5 0.196 1 2
11 70 0.038 1 0
11 52 0.050 1 0
68 10 0.275 1 2
191 15 0.630 1 0
11 30 0.032 1 0
14 100 0.042 1 0
54 5 0.230 1 0
33 5 0.107 1 0
59 22 0.248 1 0
40 15 0.186 1 0
46 30 0.229 1 0
13 22 0.045 1 2
17 10 0.097 1 0
134 70 0.638 1 2
36 5 0.128 1 2
48 5 0.251 1 0
32 15 0.163 1 0
196 5 1.000 1 0
193 52 0.814 1 2
24 30 0.071 1 0
147 22 0.593 1 2
127 15 0.383 1 0
58 5 0.174 1 2
12 15 0.039 1 0
198 10 0.773 1 0
33 100 0.128 1 2
119 30 0.684 1 0
100 100 0.415 1 0
135 5 0.506 1 2
13 40 0.055 1 0
124 10 0.525 1 2
23 52 0.101 1 0
37 5 0.178 1 0
107 70 0.433 1 0
11 10 0.042 1 0
15 5 0.075 1 0
121 15 0.455 1 0
78 70 0.298 1 2
36 22 0.212 1 0
14 30 0.061 1 0
50 22 0.189 1 0
18 100 0.074 1 0
83 10 0.485 1 0
39 22 0.173 1 0
177 70 1.113 1 0
95 52 0.279 1 0
20 5 0.080 1 0
12 40 0.065 1 2
70 15 0.252 1 0
138 70 0.726 1 2
61 40 0.290 1 0
18 70 0.086 1 0
13 5 0.050 1 0
26 5 0.112 1 0
92 70 0.416 1 0
47 40 0.228 1 2
38 30 0.133 1 2
11 40 0.037 1 0
15 70 0.081 1 0
114 10 0.403 1 2
10 5 0.033 1 0
94 22 0.379 1 0
240 10 0.830 1 0
20 30 0.084 1 0
22 22 0.103 1 2
29 10 0.107 1 0
21 5 0.076 1 2
12 70 0.057 1 2
34 22 0.113 1 2
41 70 0.232 1 0
188 15 0.780 1 0
31 22 0.093 1 0
296 10 1.682 1 2
211 10 0.643 1 2
36 100 0.164 1 2
98 52 0.624 1 2
10 40 0.040 1 0
337 52 2.217 1 2
44 100 0.184 1 2
301 100 1.017 1 0
24 30 0.093 1 0
74 100 0.425 1 0
124 30 0.705 1 2
26 10 0.103 1 2
115 52 0.451 1 0
115 52 0.385 1 2
288 30 1.190 1 0
112 22 0.416 1 2
80 15 0.428 1 0
207 15 1.062 1 0
37 70 0.185 1 0
140 70 0.522 1 2
144 40 0.465 1 0
18 70 0.100 1 2
189 52 0.840 1 2
29 30 0.173 1 0
49 40 0.209 1 2
78 5 0.286 1 0
52 5 0.170 1 0
26 5 0.092 1 0
220 40 0.991 1 2
34 52 0.116 1 0
103 70 0.381 1 0
281 100 1.283 1 0
67 5 0.207 1 2
37 15 0.182 1 0
159 22 0.475 1 0
58 100 0.274 1 2
11 70 0.034 1 0
153 70 0.472 1 0
198 30 0.647 1 0
18 52 0.083 1 2
174 22 0.642 1 0
77 30 0.453 1 0
18 40 0.098 1 0
55 40 0.285 1 0
143 15 0.877 1 0
67 30 0.284 1 0
32 15 0.200 1 2
11 22 0.039 1 2
12 22 0.077 1 0
165 22 0.809 1 2
32 52 0.157 1 2
110 30 0.526 1 2
48 5 0.146 1 2
15 70 0.075 1 2
28 30 0.187 1 0
234 22 0.903 1 0
10 5 0.033 1 0
67 30 0.272 1 0
69 5 0.204 1 0
120 10 0.363 1 2
37 10 0.149 1 0
110 5 0.667 1 2
294 22 1.109 1 2
323 22 0.947 1 2
53 70 0.193 1 2
276 52 1.321 1 0
140 10 0.628 1 0
127 40 0.500 1 0
307 15 0.908 1 2
78 22 0.229 1 0
28 52 0.107 1 2
35 5 0.112 1 0
13 52 0.041 1 0
10 15 0.033 1 0
79 22 0.237 1 0
106 15 0.371 1 0
18 70 0.065 1 2
49 40 0.233 1 0
45 22 0.159 1 2
274 70 1.038 1 2
206 52 0.888 1 0
15 30 0.090 1 0
76 40 0.329 1 2
52 70 0.223 1 2
13 52 0.040 1 2
12 52 0.066 1 0
81 10 0.370 1 0
184 52 0.821 1 0
18 22 0.117 1 0
22 15 0.072 1 2
37 100 0.128 1 0
17 10 0.110 1 2
61 10 0.275 1 0
83 10 0.367 1 2
29 10 0.115 1 2
32 70 0.167 1 2
117 52 0.770 1 0
35 40 0.130 1 2
29 70 0.127 1 2
23 10 0.095 1 0
16 52 0.062 1 2
15 30 0.044 1 0
285 100 1.018 1 0
33 52 0.117 1 0
19 15 0.123 1 0
32 15 0.188 1 2
13 5 0.043 1 0
30 40 0.127 1 0
105 30 0.439 1 0
55 30 0.199 1 0
157 100 0.957 1 2
32 5 0.143 1 0
16 5 0.069 1 0
274 5 1.602 1 0
62 10 0.416 1 0
55 30 0.284 1 2
42 15 0.226 1 0
56 70 0.181 1 0
23 30 0.072 1 0
235 52 0.983 1 0
75 100 0.275 1 0
175 100 1.067 1 0
33 52 0.186 1 0
232 70 1.557 1 0
12 40 0.051 1 2
316 10 1.746 1 0
121 70 0.680 1 2
77 5 0.350 1 0
105 5 0.385 1 2
266 40 1.343 1 0
34 52 0.165 1 2
32 30 0.149 1 2
15 70 0.084 1 0
28 15 0.122 1 2
36 10 0.225 1 0
54 70 0.197 1 2
120 30 0.356 1 2
29 10 0.158 1 0
152 40 0.756 1 0
77 5 0.467 1 0
304 40 1.074 1 0
19 52 0.083 1 2
87 30 0.364 1 2
15 70 0.055 1 0
31 52 0.193 1 2
20 5 0.073 1 0
60 5 0.225 1 0
197 15 0.724 1 0
38 22 0.155 1 2
16 52 0.049 1 0
66 70 0.292 1 2
25 15 0.077 1 0
16 40 0.049 1 2
126 40 0.420 1 0
35 40 0.161 1 2
18 52 0.058 1 0
68 100 0.246 1 0
35 30 0.154 1 0
14 22 0.072 1 2
42 70 0.168 1 0
18 30 0.065 1 0
56 52 0.284 1 0
288 70 0.850 1 0
79 5 0.316 1 0
15 22 0.045 1 0
238 5 0.791 1 0
42 30 0.167 1 2
158 22 0.610 1 2
27 52 0.083 1 0
28 100 0.103 1 0
67 22 0.387 1 0
131 5 0.762 1 0
12 40 0.079 1 0
192 15 0.706 1 0
32 30 0.116 1 0
10 10 0.040 1 2
61 40 0.328 1 0
163 30 0.513 1 0
34 40 0.153 1 0
62 15 0.200 1 2
24 100 0.104 1 0
162 15 0.689 1 0
20 100 0.083 1 2
70 5 0.365 1 0
32 40 0.200 1 0
70 40 0.287 1 2
33 70 0.096 1 2
71 70 0.372 1 0
15 70 0.098 1 0
11 10 0.043 1 0
141 5 0.434 1 0
211 22 1.416 1 0
46 52 0.158 1 2
11 30 0.070 1 2
49 100 0.143 1 0
62 30 0.283 1 0
70 5 0.218 1 0
108 22 0.543 1 0
59 22 0.227 1 0
122 22 0.427 1 0
177 70 0.658 1 2
60 10 0.312 1 0
28 22 0.091 1 0
121 40 0.807 1 0
27 15 0.110 1 0
87 5 0.285 1 0
72 10 0.411 1 0
168 52 0.750 1 0
38 5 0.255 1 0
134 5 0.484 1 0
39 100 0.193 1 0
19 30 0.073 1 2
47 52 0.203 1 2
65 5 0.428 1 2
169 52 0.934 1 0
89 5 0.262 1 0
189 10 1.062 1 2
12 70 0.039 1 0
38 10 0.141 1 2
29 100 0.112 1 0
145 10 0.819 1 0
11 52 0.052 1 0
49 70 0.243 1 0
71 40 0.329 1 0
94 5 0.553 1 0
46 10 0.242 1 0
26 52 0.121 1 0
185 10 1.225 1 0
12 15 0.069 1 0
31 15 0.205 1 0
51 70 0.251 1 0
18 22 0.073 1 0
38 70 0.226 1 2
115 40 0.612 1 2
179 10 0.593 1 0
17 22 0.072 1 2
257 100 1.201 1 0
328 70 1.242 1 0
26 22 0.126 1 2
10 22 0.038 1 0
50 10 0.194 1 0
18 10 0.082 1 0
98 40 0.298 1 0
113 100 0.329 1 0
15 10 0.050 1 2
122 15 0.592 1 0
61 52 0.386 1 0
34 40 0.104 1 2
69 15 0.259 1 0
67 70 0.444 1 0
159 22 0.828 1 0
80 30 0.356 1 2
43 5 0.203 1 0
73 52 0.480 1 2
46 10 0.140 1 0
10 52 0.045 1 0
74 22 0.216 1 0
22 30 0.146 1 2
16 40 0.079 1 0
70 100 0.260 1 0
19 40 0.062 1 2
103 22 0.648 1 0
11 5 0.059 1 0
92 15 0.467 1 0
127 15 0.441 1 0
28 22 0.142 1 0
289 30 1.147 1 0
156 70 0.538 1 0
30 100 0.129 1 2
307 5 1.744 1 0
32 30 0.187 1 0
138 40 0.680 1 0
313 40 1.126 1 0
17 30 0.105 1 2
17 22 0.058 1 0
15 52 0.072 1 2
12 10 0.058 1 2
172 22 0.644 1 0
13 22 0.053 1 2
254 15 1.337 1 0
160 40 0.874 1 2
113 10 0.369 1 2
37 22 0.189 1 2
14 5 0.050 1 0
283 40 1.341 1 0
42 15 0.213 1 2
13 5 0.073 1 0
67 5 0.220 1 0
11 15 0.032 1 2
169 15 0.845 1 0
11 22 0.034 1 0
95 52 0.356 1 0
66 10 0.340 1 2
75 30 0.412 1 0
80 70 0.253 1 0
137 40 0.662 1 2
42 5 0.146 1 0
16 52 0.063 1 2
78 100 0.331 1 0
49 15 0.280 1 0
35 22 0.136 1 0
10 5 0.040 1 2
62 5 0.181 1 0
30 10 0.098 1 0
97 40 0.630 1 0
11 5 0.036 1 0
28 70 0.135 1 0
137 52 0.628 1 0
25 10 0.134 1 0
30 15 0.128 1 0
63 5 0.296 1 0
13 10 0.053 1 2
10 70 0.035 1 0
142 15 0.470 1 2
11 15 0.042 1 0
11 100 0.045 1 0
162 10 0.853 1 2
93 100 0.383 1 0
51 15 0.333 1 0
17 5 0.102 1 0
90 10 0.303 1 2
171 100 0.698 1 2
49 70 0.146 1 0
250 10 1.656 1 0
31 15 0.138 1 2
156 52 0.508 1 0
38 10 0.184 1 0
30 10 0.108 1 0
69 52 0.253 1 0
120 15 0.759 1 0
252 15 0.757 1 2
154 100 1.041 1 0
16 100 0.090 1 0
334 70 1.539 1 2
133 52 0.467 1 0
149 22 0.485 1 2
14 40 0.049 1 0
16 52 0.057 1 0
18 40 0.098 1 2
143 10 0.500 1 0
16 10 0.071 1 0
131 30 0.496 1 0
16 40 0.073 1 0
296 10 0.946 1 0
101 22 0.534 1 0
99 15 0.359 1 2
11 52 0.047 1 0
60 15 0.203 1 0
130 70 0.549 1 0
13 100 0.055 1 0
185 30 0.673 1 0
50 5 0.331 1 2
30 100 0.119 1 0
15 15 0.101 1 0
12 70 0.071 1 0
68 22 0.430 1 0
62 100 0.256 1 0
25 10 0.141 1 0
36 10 0.132 1 2
191 30 0.700 1 2
195 30 1.005 1 0
49 52 0.173 1 2
279 15 1.438 1 0
18 10 0.091 1 0
22 15 0.065 1 0
16 40 0.064 1 2
96 10 0.348 1 0
36 22 0.159 1 2
150 5 0.735 1 0
24 52 0.096 1 0
107 70 0.379 1 0
299 52 1.565 1 0
92 70 0.586 1 2
61 52 0.200 1 0
51 10 0.242 1 2
16 40 0.101 1 2
10 15 0.032 1 0
39 15 0.114 1 2
29 40 0.156 1 2
71 22 0.257 1 0
16 30 0.052 1 2
78 10 0.371 1 2
177 5 0.560 1 2
183 100 0.741 1 0
17 10 0.105 1 0
23 100 0.124 1 2
56 40 0.341 1 0
10 30 0.066 1 0
26 52 0.150 1 2
12 100 0.065 1 0
79 5 0.295 1 0
129 52 0.709 1 0
55 70 0.327 1 0
129 52 0.600 1 0
18 22 0.058 1 0
145 52 0.780 1 0
15 10 0.101 1 0
194 40 1.121 1 0
162 30 0.779 1 0
148 52 0.892 1 2
11 30 0.037 1 0
20 100 0.066 1 0
173 30 0.769 1 0
12 5 0.037 1 0
30 5 0.102 1 0
76 100 0.409 1 0
49 40 0.327 1 0
37 100 0.151 1 0
24 15 0.126 1 0
18 70 0.081 1 0
58 15 0.278 1 0
163 10 0.937 1 0
292 100 1.908 1 0
52 10 0.215 1 0
78 15 0.274 1 2
118 100 0.570 1 2
19 10 0.117 1 0
85 10 0.320 1 2
105 70 0.379 1 0
26 40 0.149 1 0
78 30 0.462 1 2
56 70 0.167 1 0
70 40 0.323 1 0
226 30 0.741 1 2
68 15 0.272 1 2
12 10 0.045 1 0
15 40 0.080 1 0
10 10 0.042 1 2
12 40 0.035 1 0
48 15 0.148 1 0
11 15 0.042 1 0
68 100 0.252 1 0
142 15 0.480 1 0
11 70 0.039 1 0
14 15 0.044 1 0
327 70 1.346 1 0
159 22 0.841 1 2
329 40 1.210 1 2
162 70 0.628 1 0
261 52 1.740 1 0
14 30 0.041 1 2
11 5 0.064 1 0
71 10 0.327 1 0
53 40 0.167 1 0
71 10 0.211 1 2
154 52 0.456 1 2
55 22 0.318 1 0
46 100 0.139 1 0
19 15 0.115 1 0
111 10 0.561 1 2
18 5 0.099 1 2
69 22 0.445 1 0
166 70 1.078 1 2
15 10 0.055 1 0
165 30 0.676 1 0
56 40 0.193 1 0
135 70 0.487 1 0
13 52 0.041 1 0
69 40 0.451 1 0
25 100 0.111 1 0
25 15 0.110 1 0
239 22 0.839 1 2
81 22 0.332 1 0
37 52 0.143 1 0
27 52 0.139 1 0
63 100 0.313 1 0
140 100 0.690 1 0
13 15 0.065 1 0
69 22 0.448 1 2
21 15 0.061 1 0
17 15 0.061 1 0
69 40 0.242 1 2
35 10 0.199 1 2
21 100 0.068 1 2
29 15 0.146 1 2
41 100 0.217 1 0
130 10 0.607 1 0
15 10 0.057 1 0
21 22 0.072 1 0
33 5 0.099 1 0
11 70 0.032 1 0
19 5 0.112 1 0
61 40 0.253 1 2
10 10 0.046 1 2
98 22 0.308 1 0
71 100 0.374 1 2
11 22 0.053 1 2
260 100 0.795 1 2
29 100 0.132 1 0
169 10 0.812 1 0
126 10 0.643 1 0
298 30 0.909 1 0
19 40 0.079 1 2
57 30 0.210 1 0
45 5 0.262 1 2
135 22 0.523 1 0
39 22 0.148 1 0
162 10 0.476 1 2
20 15 0.097 1 0
59 52 0.311 1 2
12 100 0.038 1 2
116 52 0.345 1 2
91 52 0.444 1 0
14 52 0.049 1 2
11 52 0.044 1 0
19 15 0.122 1 2
14 10 0.071 1 0
28 15 0.179 1 0
60 5 0.324 1 2
45 40 0.283 1 0
284 70 1.068 1 0
29 30 0.137 1 2
185 10 0.615 1 2
26 5 0.110 1 0
248 70 0.723 1 0
22 15 0.120 1 0
24 40 0.081 1 0
52 10 0.275 1 2
18 40 0.055 1 2
24 10 0.133 1 0
116 40 0.690 1 0
69 10 0.205 1 0
10 22 0.037 1 2
223 15 0.896 1 0
57 40 0.279 1 0
128 5 0.512 1 2
78 100 0.406 1 0
58 15 0.347 1 2
13 40 0.071 1 0
27 40 0.104 1 0
163 100 0.543 1 0
54 52 0.333 1 2
76 10 0.240 1 2
42 10 0.148 1 0
11 30 0.036 1 2
23 40 0.067 1 2
34 15 0.105 1 0
13 70 0.073 1 2
29 52 0.141 1 0
54 70 0.284 1 0
50 15 0.259 1 2
13 10 0.053 1 2
10 5 0.040 1 2
54 30 0.189 1 0
42 70 0.194 1 2
17 22 0.068 1 2
13 70 0.044 1 0
29 5 0.169 1 0
11 30 0.048 1 2
27 70 0.092 1 0
167 40 1.113 1 0
160 40 0.556 1 0
17 10 0.091 1 2
16 30 0.096 1 0
106 5 0.363 1 0
85 15 0.272 1 2
10 15 0.033 1 0
43 10 0.189 1 0
23 70 0.082 1 2
17 22 0.074 1 0
29 15 0.090 1 0
75 40 0.395 1 0
19 30 0.085 1 2
51 22 0.214 1 0
24 5 0.128 1 2
63 70 0.315 1 0
33 22 0.111 1 0
33 22 0.141 1 2
195 5 0.572 1 2
19 30 0.083 1 0
185 40 1.250 1 0
12 40 0.061 1 0
216 52 1.293 1 0
20 30 0.093 1 2
77 40 0.239 1 0
71 52 0.278 1 2
11 52 0.049 1 0
102 5 0.432 1 0
208 52 0.822 1 0
174 30 0.935 1 0
22 15 0.078 1 0
172 52 0.623 1 2
60 10 0.349 1 2
15 15 0.065 1 2
30 52 0.125 1 0
17 30 0.069 1 0
312 40 1.253 1 2
81 22 0.295 1 0
71 52 0.332 1 0
51 15 0.254 1 0
11 5 0.033 1 2
36 10 0.120 1 2
338 52 1.931 1 0
19 40 0.105 1 2
76 30 0.260 1 0
17 5 0.055 1 2
326 52 1.168 1 0
79 70 0.356 1 2
164 22 0.582 1 2
183 30 0.897 1 0
29 5 0.087 1 0
184 70 0.876 1 0
18 30 0.077 1 2
231 70 1.242 1 0
156 5 0.639 1 0
151 40 0.508 1 2
57 70 0.168 1 2
13 10 0.044 1 2
21 52 0.062 1 0
279 15 1.007 1 0
127 30 0.614 1 2
84 10 0.291 1 0
323 40 1.179 1 0
11 5 0.041 1 2
320 100 1.003 1 0
253 100 0.769 1 0
50 22 0.200 1 0
75 5 0.279 1 0
27 40 0.081 1 2
11 100 0.044 1 0
28 5 0.184 1 0
199 15 1.185 1 2
78 5 0.338 1 0
48 30 0.220 1 0
16 70 0.047 1 0
40 22 0.147 1 0
14 10 0.080 1 2
16 40 0.104 1 0
42 5 0.210 1 0
19 100 0.064 1 0
73 22 0.346 1 2
25 10 0.147 1 2
71 52 0.276 1 0
242 15 1.210 1 0
226 15 0.713 1 0
74 30 0.323 1 0
88 52 0.591 1 0
22 40 0.091 1 2
37 100 0.140 1 2
11 22 0.053 1 0
173 100 0.883 1 0
73 100 0.235 1 2
39 40 0.199 2 1
160 15 0.650 2 0
54 10 0.247 2 1
68 10 0.273 2 1
10 100 0.037 2 1
197 22 0.648 2 0
106 5 0.579 2 0
13 40 0.087 2 0
37 10 0.175 2 1
79 22 0.261 2 1
96 70 0.332 2 1
46 30 0.189 2 0
137 10 0.537 2 1
19 70 0.058 2 0
16 70 0.075 2 0
64 5 0.188 2 0
60 22 0.186 2 0
221 15 1.163 2 0
180 30 0.942 2 1
11 70 0.070 2 0
21 5 0.091 2 0
82 30 0.320 2 0
121 10 0.582 2 0
91 30 0.335 2 1
150 40 0.441 2 0
11 5 0.051 2 0
17 5 0.053 2 1
26 52 0.110 2 0
12 30 0.079 2 1
59 22 0.247 2 1
18 15 0.059 2 0
32 40 0.100 2 0
251 22 0.903 2 0
74 15 0.493 2 0
30 52 0.092 2 0
40 30 0.179 2 1
78 22 0.338 2 1
13 30 0.065 2 0
10 5 0.040 2 0
73 52 0.315 2 0
311 5 0.907 2 0
65 5 0.210 2 1
29 22 0.131 2 0
33 10 0.127 2 0
17 70 0.075 2 0
78 52 0.289 2 0
175 15 0.542 2 1
21 15 0.106 2 0
47 70 0.178 2 1
99 100 0.425 2 1
209 70 0.995 2 1
145 40 0.707 2 0
29 22 0.104 2 1
15 100 0.051 2 0
303 52 1.041 2 0
52 70 0.177 2 0
153 40 1.020 2 0
140 5 0.690 2 1
23 100 0.088 2 0
37 100 0.183 2 1
14 52 0.054 2 1
94 100 0.433 2 1
11 15 0.032 2 1
81 5 0.280 2 1
52 40 0.232 2 0
33 40 0.185 2 1
55 30 0.257 2 1
71 40 0.317 2 0
103 22 0.422 2 0
71 10 0.219 2 0
10 10 0.054 2 0
25 52 0.095 2 0
328 100 1.600 2 1
10 70 0.068 2 0
19 30 0.114 2 0
11 100 0.032 2 0
33 52 0.145 2 0
72 10 0.211 2 1
286 52 0.932 2 1
110 40 0.334 2 0
60 22 0.213 2 0
10 40 0.035 2 0
176 30 0.978 2 0
251 10 1.077 2 0
12 70 0.066 2 1
11 5 0.038 2 0
35 70 0.162 2 0
182 40 0.758 2 0
36 40 0.106 2 0
69 22 0.297 2 0
331 40 2.221 2 0
79 15 0.345 2 0
17 10 0.097 2 0
18 15 0.079 2 1
16 70 0.051 2 0
209 52 0.921 2 0
13 15 0.073 2 0
39 30 0.139 2 0
213 22 0.842 2 0
29 5 0.147 2 1
19 52 0.078 2 0
245 40 1.256 2 1
15 100 0.096 2 0
11 22 0.036 2 1
129 70 0.705 2 0
152 15 0.685 2 0
18 30 0.096 2 1
35 15 0.108 2 1
47 100 0.245 2 0
38 5 0.160 2 0
35 10 0.162 2 0
17 100 0.064 2 0
30 22 0.149 2 1
190 30 0.913 2 1
21 5 0.078 2 0
17 22 0.113 2 1
24 100 0.071 2 0
56 22 0.199 2 0
15 52 0.082 2 1
74 15 0.310 2 0
194 5 0.708 2 0
151 30 0.706 2 0
92 15 0.409 2 0
15 22 0.074 2 0
208 30 1.149 2 0
279 40 0.982 2 0
337 100 1.612 2 0
167 40 0.815 2 0
268 30 1.301 2 0
16 5 0.055 2 1
16 15 0.052 2 1
193 52 0.623 2 0
28 30 0.165 2 0
31 15 0.092 2 0
76 15 0.349 2 0
199 100 0.718 2 0
129 52 0.611 2 1
30 40 0.099 2 0
30 70 0.113 2 1
70 52 0.246 2 0
26 15 0.128 2 0
10 15 0.031 2 0
30 22 0.136 2 1
79 40 0.304 2 0
202 22 0.697 2 0
199 100 0.618 2 0
70 15 0.236 2 0
194 52 0.840 2 1
14 10 0.076 2 0
75 15 0.264 2 0
45 40 0.302 2 1
85 22 0.356 2 0
34 22 0.114 2 1
40 52 0.134 2 0
125 10 0.817 2 0
41 10 0.120 2 1
72 30 0.245 2 0
205 5 0.945 2 0
42 15 0.127 2 0
17 70 0.073 2 0
71 10 0.219 2 0
71 70 0.455 2 0
96 30 0.354 2 1
140 40 0.927 2 1
12 22 0.067 2 0
17 40 0.110 2 1
19 100 0.117 2 1
156 40 0.800 2 0
177 22 1.120 2 0
267 22 1.405 2 0
121 10 0.672 2 0
146 100 0.689 2 1
14 5 0.092 2 1
17 15 0.052 2 1
10 22 0.056 2 1
306 100 1.493 2 1
71 100 0.289 2 0
276 5 1.266 2 1
109 100 0.394 2 0
73 5 0.221 2 1
127 30 0.446 2 1
195 70 0.809 2 0
16 22 0.072 2 0
18 40 0.053 2 0
33 100 0.105 2 0
36 22 0.148 2 1
22 22 0.082 2 0
37 52 0.155 2 1
193 100 0.687 2 0
26 22 0.096 2 1
146 30 0.689 2 0
72 15 0.225 2 0
35 5 0.108 2 0
13 22 0.061 2 1
23 30 0.146 2 0
43 30 0.211 2 0
152 52 0.530 2 1
165 30 0.607 2 1
271 52 1.760 2 0
183 22 1.083 2 0
162 22 0.920 2 1
115 15 0.335 2 0
61 15 0.200 2 0
46 30 0.163 2 0
28 5 0.139 2 0
88 70 0.267 2 1
17 100 0.064 2 0
47 10 0.202 2 0
102 100 0.327 2 0
18 10 0.064 2 1
26 5 0.092 2 0
25 10 0.148 2 0
11 40 0.034 2 1
20 30 0.097 2 1
76 30 0.437 2 1
55 70 0.185 2 0
237 70 1.411 2 1
18 15 0.102 2 0
175 52 0.585 2 1
198 10 0.966 2 0
267 22 1.254 2 0
15 5 0.058 2 1
21 70 0.062 2 0
190 100 0.594 2 1
25 10 0.077 2 0
74 30 0.290 2 0
119 22 0.598 2 0
187 15 1.120 2 0
66 15 0.197 2 0
56 40 0.203 2 1
32 10 0.109 2 0
10 52 0.049 2 0
15 15 0.083 2 0
10 10 0.051 2 0
310 40 1.281 2 0
11 52 0.048 2 1
11 15 0.042 2 0
30 70 0.113 2 1
15 70 0.044 2 0
16 15 0.100 2 0
10 100 0.043 2 0
46 22 0.223 2 0
152 5 0.835 2 0
11 10 0.062 2 0
280 15 0.831 2 0
169 40 0.782 2 0
33 10 0.122 2 0
49 52 0.184 2 0
14 40 0.090 2 1
186 70 0.686 2 0
188 5 1.126 2 0
140 5 0.551 2 0
149 5 0.674 2 1
48 70 0.187 2 0
86 30 0.422 2 0
53 15 0.205 2 0
12 15 0.049 2 0
33 52 0.096 2 0
96 5 0.376 2 0
74 40 0.265 2 0
79 70 0.263 2 1
282 5 1.330 2 1
16 52 0.089 2 1
32 70 0.109 2 0
123 5 0.401 2 0
48 15 0.161 2 0
20 10 0.072 2 1
18 70 0.053 2 1
22 5 0.093 2 0
28 40 0.162 2 0
78 22 0.373 2 0
17 22 0.099 2 0
185 100 0.591 2 0
59 15 0.209 2 0
19 70 0.073 2 1
11 40 0.037 2 0
141 40 0.417 2 0
77 52 0.397 2 1
44 70 0.207 2 1
15 70 0.101 2 0
67 15 0.204 2 1
12 100 0.036 2 1
52 70 0.186 2 1
185 40 0.585 2 1
227 40 0.772 2 0
12 22 0.043 2 0
39 5 0.155 2 0
76 10 0.353 2 0
149 15 0.472 2 0
187 30 1.247 2 0
70 52 0.370 2 1
10 52 0.065 2 0
285 15 1.075 2 0
174 10 0.693 2 0
73 100 0.244 2 0
156 22 0.940 2 1
40 40 0.133 2 0
152 40 0.469 2 0
91 100 0.435 2 0
56 5 0.207 2 1
198 40 1.094 2 0
60 15 0.373 2 1
100 22 0.437 2 0
94 100 0.511 2 1
21 40 0.100 2 1
314 100 0.915 2 0
174 30 0.527 2 1
198 30 0.764 2 0
159 40 0.541 2 0
61 5 0.337 2 0
15 5 0.097 2 0
172 70 0.546 2 0
35 22 0.157 2 0
55 22 0.204 2 0
69 52 0.299 2 0
23 10 0.069 2 1
100 70 0.488 2 1
26 22 0.160 2 0
163 70 0.604 2 0
22 15 0.088 2 0
49 15 0.191 2 0
73 22 0.274 2 0
41 5 0.170 2 1
13 40 0.053 2 0
160 52 0.714 2 0
69 10 0.397 2 1
66 5 0.224 2 1
296 10 0.980 2 0
63 30 0.184 2 0
102 15 0.349 2 0
38 30 0.145 2 0
66 100 0.282 2 0
190 10 0.736 2 1
85 40 0.264 2 0
31 52 0.123 2 1
190 70 0.990 2 0
13 52 0.087 2 0
43 5 0.187 2 0
330 30 1.269 2 1
35 52 0.219 2 0
10 52 0.038 2 1
26 5 0.107 2 0
21 70 0.123 2 1
31 40 0.100 2 0
68 22 0.245 2 0
177 22 0.753 2 0
136 52 0.447 2 0
22 30 0.134 2 0
180 15 0.573 2 1
42 10 0.187 2 1
17 15 0.052 2 0
100 100 0.459 2 0
27 100 0.103 2 1
130 30 0.385 2 0
75 100 0.251 2 0
21 100 0.068 2 0
90 15 0.559 2 1
97 40 0.567 2 0
173 30 0.646 2 1
153 100 0.505 2 0
35 5 0.167 2 1
37 10 0.209 2 0
100 10 0.386 2 1
34 10 0.101 2 0
127 30 0.490 2 0
239 15 1.232 2 0
75 70 0.507 2 0
19 52 0.081 2 0
13 100 0.052 2 0
39 10 0.127 2 0
129 40 0.652 2 1
133 22 0.801 2 0
69 10 0.358 2 0
25 10 0.092 2 0
73 22 0.238 2 0
157 40 0.595 2 0
61 10 0.230 2 0
42 52 0.235 2 1
13 30 0.046 2 0
20 10 0.068 2 1
39 70 0.131 2 0
34 10 0.218 2 0
317 30 1.843 2 0
176 30 0.736 2 0
30 52 0.092 2 0
45 40 0.186 2 1
85 15 0.328 2 0
302 10 1.285 2 1
52 30 0.221 2 0
13 10 0.052 2 0
238 22 1.092 2 0
13 10 0.047 2 0
333 100 1.959 2 0
36 70 0.149 2 1
29 5 0.172 2 0
28 52 0.124 2 0
166 15 0.661 2 0
28 5 0.172 2 0
293 100 1.953 2 0
65 100 0.302 2 0
174 100 0.657 2 0
24 40 0.114 2 0
21 15 0.068 2 0
197 15 0.581 2 0
22 40 0.077 2 0
82 70 0.291 2 1
39 100 0.138 2 1
14 5 0.056 2 0
25 15 0.090 2 1
13 40 0.086 2 0
18 70 0.063 2 0
10 40 0.039 2 0
19 10 0.057 2 0
293 15 1.940 2 0
66 10 0.194 2 1
29 30 0.087 2 0
192 30 0.881 2 1
12 40 0.037 2 0
17 40 0.055 2 1
21 100 0.125 2 0
62 52 0.187 2 0
87 100 0.361 2 1
20 30 0.087 2 0
30 10 0.091 2 0
11 10 0.046 2 0
226 30 1.449 2 0
24 15 0.071 2 0
22 100 0.075 2 0
18 22 0.090 2 0
77 100 0.500 2 0
24 52 0.078 2 1
64 10 0.188 2 0
21 70 0.077 2 0
68 22 0.243 2 0
78 52 0.338 2 1
10 52 0.033 2 0
134 70 0.724 2 0
287 52 1.901 2 0
76 15 0.326 2 0
183 70 0.583 2 0
36 70 0.107 2 0
128 5 0.699 2 0
120 100 0.380 2 0
58 100 0.191 2 0
71 10 0.403 2 0
86 10 0.558 2 0
126 5 0.536 2 1
11 70 0.042 2 1
26 5 0.142 2 1
23 15 0.118 2 0
23 10 0.110 2 1
28 5 0.087 2 1
37 22 0.151 2 0
73 22 0.307 2 1
12 10 0.070 2 0
114 40 0.369 2 0
175 40 0.673 2 0
15 15 0.081 2 0
12 70 0.047 2 0
28 40 0.168 2 1
97 22 0.429 2 0
172 5 0.529 2 1
189 30 0.634 2 1
131 5 0.780 2 0
77 70 0.438 2 1
90 22 0.332 2 1
181 52 0.958 2 0
15 22 0.082 2 0
32 15 0.179 2 0
10 15 0.066 2 0
62 15 0.183 2 1
13 52 0.087 2 1
12 10 0.042 2 1
215 52 0.638 2 1
118 30 0.442 2 0
16 70 0.052 2 0
208 52 0.754 2 0
125 52 0.539 2 0
163 40 0.545 2 1
180 52 0.608 2 0
19 52 0.084 2 0
15 10 0.050 2 0
33 5 0.121 2 0
79 40 0.230 2 0
19 15 0.121 2 1
125 5 0.631 2 0
93 70 0.624 2 0
67 70 0.335 2 1
132 22 0.835 2 1
18 15 0.066 2 1
65 52 0.239 2 1
191 10 0.806 2 1
14 15 0.059 2 0
20 15 0.091 2 0
77 5 0.240 2 0
27 10 0.163 2 1
195 40 1.168 2 1
270 30 1.298 2 1
289 70 0.997 2 0
53 5 0.155 2 0
200 22 0.602 2 0
35 70 0.118 2 1
23 15 0.067 2 0
300 5 1.554 2 0
141 10 0.536 2 0
130 100 0.631 2 0
30 70 0.181 2 0
33 100 0.158 2 1
73 22 0.451 2 0
160 100 0.829 2 0
34 100 0.169 2 0
73 100 0.326 2 1
140 30 0.412 2 0
327 70 1.083 2 0
24 100 0.126 2 0
78 5 0.382 2 1
17 5 0.060 2 0
11 30 0.036 2 1
14 40 0.061 2 0
102 52 0.392 2 0
43 5 0.178 2 1
69 52 0.236 2 1
265 100 1.077 2 0
194 10 0.752 2 0
14 10 0.044 2 1
21 22 0.089 2 1
14 15 0.066 2 0
185 5 0.731 2 0
56 22 0.361 2 0
32 10 0.096 2 1
162 10 0.648 2 1
279 100 1.533 2 0
12 15 0.049 2 1
15 30 0.068 2 1
58 52 0.349 2 0
116 22 0.419 2 0
19 15 0.098 2 0
13 10 0.084 2 0
121 15 0.776 2 0
32 5 0.119 2 0
23 30 0.153 2 0
18 40 0.107 2 0
115 5 0.377 2 0
38 100 0.165 2 0
264 100 0.877 2 0
285 40 0.833 2 0
32 40 0.205 2 1
17 22 0.078 2 0
17 10 0.099 2 0
14 70 0.090 2 1
56 52 0.327 2 0
27 15 0.094 2 0
65 100 0.365 2 1
53 40 0.177 2 0
59 10 0.291 2 1
190 70 0.936 2 1
37 15 0.231 2 0
223 52 1.282 2 0
56 40 0.272 2 0
71 15 0.470 2 0
121 10 0.517 2 1
18 100 0.072 2 0
11 30 0.045 2 1
13 30 0.076 2 0
75 70 0.229 2 1
28 10 0.091 2 0
78 100 0.517 2 0
78 100 0.239 2 1
51 10 0.293 2 0
29 40 0.109 2 1
15 52 0.094 2 0
51 10 0.228 2 1
50 22 0.175 2 0
16 70 0.050 2 1
15 22 0.044 2 0
20 52 0.120 2 1
120 15 0.764 2 0
238 22 1.330 2 1
11 22 0.048 2 1
69 15 0.345 2 0
50 52 0.292 2 1
64 22 0.188 2 0
30 52 0.103 2 0
287 30 1.176 2 1
118 30 0.682 2 0
16 100 0.092 2 0
28 30 0.105 2 1
24 52 0.084 2 0
17 40 0.052 2 1
24 5 0.100 2 1
21 10 0.119 2 0
283 15 1.263 2 0
11 22 0.032 2 0
283 10 0.882 2 0
273 5 0.808 2 0
264 15 0.892 2 1
52 22 0.246 2 1
22 10 0.104 2 0
19 30 0.058 2 0
199 100 1.131 2 0
268 10 0.840 2 0
33 22 0.115 2 1
26 40 0.084 2 1
68 30 0.221 2 0
44 15 0.140 2 0
47 52 0.161 2 0
183 100 1.212 2 1
265 10 1.472 2 0
17 10 0.066 2 0
207 5 0.726 2 0
24 70 0.122 2 0
35 70 0.128 2 0
12 40 0.043 2 1
55 40 0.160 2 1
50 22 0.254 2 1
74 15 0.394 2 1
19 15 0.090 2 1
26 15 0.160 2 0
104 70 0.531 2 0
90 30 0.486 2 1
44 52 0.196 2 0
38 22 0.113 2 0
19 40 0.080 2 0
17 15 0.066 2 0
31 70 0.123 2 0
17 52 0.065 2 0
30 5 0.197 2 1
23 100 0.099 2 0
12 5 0.040 2 0
133 5 0.493 2 0
70 100 0.422 2 1
15 30 0.076 2 1
13 15 0.082 2 0
41 22 0.136 2 0
19 40 0.079 2 0
80 52 0.457 2 0
192 10 1.239 2 0
15 52 0.071 2 0
89 70 0.271 2 0
79 15 0.407 2 0
95 5 0.329 2 1
11 30 0.042 2 0
37 30 0.118 2 0
19 22 0.125 2 0
52 22 0.251 2 0
16 15 0.051 2 1
166 15 0.697 2 1
13 52 0.075 2 0
211 10 0.756 2 0
53 100 0.358 2 0
28 100 0.104 2 0
120 52 0.438 2 0
132 70 0.518 2 1
19 70 0.067 2 0
19 70 0.089 2 0
74 70 0.368 2 0
75 10 0.503 2 1
16 10 0.047 2 0
18 10 0.110 2 1
19 70 0.077 2 0
243 40 1.500 2 0
75 10 0.412 2 0
13 15 0.060 2 0
195 10 1.060 2 0
19 40 0.093 2 1
113 100 0.425 2 0
194 15 1.054 2 0
28 100 0.121 2 0
74 22 0.272 2 1
108 15 0.491 2 0
19 22 0.071 2 1
39 30 0.149 2 0
20 22 0.076 2 1
73 52 0.384 2 0
16 15 0.053 2 1
103 52 0.326 2 1
24 22 0.070 2 1
12 10 0.038 2 0
25 70 0.136 2 0
35 10 0.175 2 1
121 30 0.361 2 1
26 10 0.100 2 1
179 22 1.126 2 0
67 30 0.368 2 0
19 30 0.071 2 1
241 52 1.565 2 1
84 10 0.328 2 0
30 70 0.124 2 0
10 22 0.048 2 0
67 15 0.233 2 1
64 5 0.344 2 1
102 52 0.298 2 0
53 100 0.174 2 0
16 40 0.070 2 1
23 70 0.104 2 0
302 22 1.459 2 0
61 30 0.281 2 1
24 52 0.112 2 1
17 5 0.056 2 0
33 30 0.154 2 0
155 22 1.006 2 1
172 30 0.614 2 0
77 100 0.266 2 0
42 100 0.125 2 0
108 22 0.376 2 0
36 100 0.142 2 0
18 5 0.073 2 1
108 10 0.460 2 1
13 100 0.048 2 1
28 22 0.097 2 0
99 40 0.535 2 1
44 5 0.164 2 0
200 15 1.031 2 0
61 15 0.205 2 0
28 70 0.090 2 0
74 15 0.220 2 0
19 52 0.085 2 0
111 10 0.563 2 0
129 10 0.705 2 1
101 10 0.388 2 0
16 5 0.101 2 0
15 5 0.079 2 0
17 70 0.083 2 0
23 100 0.110 2 0
155 30 0.505 2 0
16 10 0.050 2 1
38 52 0.153 2 1
155 22 0.470 2 1
13 100 0.041 2 1
152 5 1.027 2 0
15 100 0.054 2 0
23 52 0.069 2 0
23 15 0.116 2 0
20 30 0.125 2 0
34 100 0.189 2 1
11 22 0.033 2 0
29 70 0.149 2 0
67 15 0.280 2 0
104 5 0.488 2 0
87 52 0.347 2 1
29 70 0.165 2 0
175 30 1.151 2 1
171 10 0.598 2 1
60 5 0.205 2 0
31 40 0.092 2 0
78 22 0.392 2 0
16 15 0.091 2 1
69 15 0.264 2 1
40 100 0.117 2 1
54 100 0.270 2 0
72 52 0.227 2 0
325 22 1.533 2 1
167 30 1.099 2 0
35 30 0.226 2 1
177 40 0.780 2 0
43 10 0.231 2 0
77 10 0.264 2 1
20 10 0.104 2 1
68 5 0.234 2 0
245 40 0.759 2 0
337 22 1.546 2 0
187 70 0.698 2 1
15 100 0.062 2 1
15 5 0.051 2 0
36 15 0.229 2 0
31 70 0.135 2 1
69 40 0.385 2 0
163 70 0.647 2 1
136 30 0.602 2 0
16 15 0.054 2 0
223 40 1.260 2 0
48 15 0.199 2 1
17 70 0.058 2 0
305 100 1.452 2 0
252 70 0.910 2 1
10 15 0.054 2 1
14 52 0.064 2 0
253 70 1.271 2 1
19 52 0.110 2 0
25 15 0.081 2 0
223 5 1.047 2 1
39 15 0.199 2 0
216 30 1.069 2 1
20 100 0.064 2 0
158 40 0.849 2 0
185 52 0.898 2 0
18 22 0.064 2 0
14 10 0.073 2 0
49 70 0.293 2 0
10 70 0.029 2 0
11 70 0.063 2 1
11 52 0.046 2 0
27 22 0.112 2 0
25 52 0.158 2 0
33 70 0.176 2 0
25 52 0.130 2 0
319 5 1.324 2 0
45 5 0.196 2 0
261 70 0.870 2 0
39 15 0.220 2 0
197 30 1.113 2 0
40 70 0.191 2 1
36 100 0.115 2 1
19 52 0.114 2 0
52 70 0.191 2 0
31 52 0.131 2 0
63 40 0.215 2 0
212 40 0.934 2 1
39 22 0.140 2 1
25 5 0.133 2 0
196 100 1.315 2 0
29 15 0.142 2 1
14 40 0.089 2 1
47 40 0.160 2 1
19 52 0.060 2 0
31 70 0.098 2 0
13 100 0.058 2 1
123 30 0.369 2 0
26 15 0.076 2 1
13 15 0.054 2 1
59 22 0.267 2 0
18 100 0.064 2 0
11 10 0.034 2 1
18 10 0.092 2 0
24 100 0.075 2 0
25 100 0.100 2 1
31 30 0.101 2 1
66 40 0.246 2 0
14 40 0.060 2 1
19 30 0.056 2 1
25 15 0.086 2 1
25 30 0.162 2 0
36 30 0.164 2 1
320 40 1.296 2 0
24 40 0.142 2 0
270 22 1.677 2 1
37 10 0.142 2 1
116 70 0.436 2 1
11 40 0.067 2 1
37 30 0.110 2 1
13 5 0.058 2 0
160 100 0.599 2 0
184 40 1.195 2 0
11 5 0.034 2 1
155 52 0.536 2 0
49 5 0.292 2 0
178 22 0.687 2 1
38 15 0.200 2 0
54 10 0.265 2 0
195 10 0.796 2 0
151 22 0.981 2 0
103 100 0.548 2 0
212 30 1.034 2 1
247 15 1.165 2 0
74 22 0.398 2 0
72 52 0.290 2 1
31 10 0.146 2 1
19 100 0.103 2 0
13 100 0.049 2 0
26 40 0.089 2 0
18 22 0.080 2 0
39 15 0.186 2 0
49 10 0.179 2 0
137 10 0.564 2 0
68 30 0.356 2 0
75 100 0.296 2 0
64 22 0.199 2 0
19 5 0.061 2 0
298 52 1.129 2 1
125 5 0.389 2 0
67 70 0.211 2 0
116 22 0.401 2 0
53 100 0.174 2 0
56 10 0.185 2 0
69 22 0.434 2 0
64 15 0.362 2 1
58 40 0.286 2 0
48 52 0.211 2 1
24 10 0.078 2 1
29 30 0.139 2 1
137 40 0.840 2 1
37 5 0.114 2 1
98 22 0.319 2 1
57 30 0.198 2 0
77 10 0.348 2 1
161 100 0.546 2 1
14 100 0.091 2 1
16 52 0.074 2 1
43 15 0.172 2 1
11 40 0.040 2 0
178 70 0.873 2 0
28 22 0.118 2 0
35 100 0.158 2 0
37 40 0.197 2 0
65 10 0.246 2 0
145 10 0.711 2 1
50 10 0.248 2 0
64 52 0.337 2 0
12 100 0.037 2 0
78 5 0.254 2 1
147 70 0.431 2 1
16 22 0.058 2 0
157 52 1.040 2 0
44 30 0.174 2 1
22 70 0.069 2 0
260 22 0.767 2 0
10 52 0.041 2 0
18 52 0.111 2 1
11 52 0.038 2 0
14 52 0.046 2 0
11 30 0.037 2 0
79 40 0.313 2 1
71 100 0.305 2 1
36 30 0.157 2 0
70 52 0.340 2 0
49 10 0.192 2 0
158 100 0.786 2 1
148 15 0.544 2 0
31 52 0.174 2 1
79 30 0.516 2 0
40 52 0.240 2 1
64 22 0.228 2 1
33 22 0.139 2 0
11 30 0.064 2 1
27 15 0.125 2 0
12 10 0.044 2 0
31 10 0.127 2 1
28 70 0.094 2 0
159 40 0.883 2 1
32 5 0.164 2 0
149 100 0.587 2 0
108 70 0.348 2 0
15 30 0.072 2 1
51 5 0.180 2 0
17 5 0.065 2 0
160 100 1.000 2 0
323 30 2.031 2 0
43 22 0.164 2 1
22 15 0.147 2 0
36 30 0.164 2 1
77 10 0.232 2 0
44 15 0.145 2 0
67 100 0.353 2 0
145 15 0.551 2 1
78 15 0.371 2 0
132 15 0.394 2 1
10 22 0.061 2 1
74 22 0.363 2 0
25 22 0.083 2 1
69 22 0.367 2 1
152 52 0.874 2 1
14 15 0.073 2 0
155 100 0.674 2 1
35 22 0.143 2 0
52 40 0.283 2 0
198 10 0.669 2 1
21 40 0.097 2 1
22 70 0.070 2 0
12 15 0.056 2 0
29 10 0.139 2 0
28 15 0.108 2 0
130 5 0.381 2 0
128 10 0.398 2 0
58 5 0.178 2 0
51 70 0.319 2 0
56 5 0.283 2 1
16 30 0.073 2 0
14 10 0.087 2 0
79 70 0.395 2 0
21 15 0.119 2 0
15 100 0.056 2 1
19 40 0.062 2 1
96 15 0.297 2 1
37 22 0.109 2 1
61 10 0.363 2 0
145 5 0.819 2 1
19 40 0.073 2 1
15 40 0.062 2 0
12 40 0.055 2 0
11 15 0.062 2 0
174 70 1.067 2 1
117 70 0.791 2 1
119 40 0.778 2 0
128 40 0.449 2 0
174 10 0.647 2 1
330 40 1.284 2 1
173 5 0.575 2 1
142 40 0.866 2 0
24 30 0.146 2 1
19 70 0.059 2 1
63 10 0.293 2 0
19 22 0.087 2 1
48 100 0.149 2 0
16 5 0.048 2 1
25 40 0.169 2 0
32 100 0.155 2 0
249 10 0.940 2 0
13 5 0.062 2 1
121 70 0.747 2 0
16 52 0.052 2 0
72 70 0.211 2 1
60 100 0.231 2 0
13 22 0.076 2 0
68 15 0.231 2 0
116 52 0.620 2 0
77 40 0.296 2 0
24 100 0.098 2 1
36 10 0.140 2 1
38 40 0.142 2 0
327 10 1.303 2 0
26 52 0.124 2 1
33 52 0.154 2 0
12 70 0.073 2 1
80 100 0.516 2 0
220 100 0.843 2 0
12 22 0.050 2 1
76 30 0.275 2 0
22 30 0.064 2 1
40 5 0.255 2 1
92 100 0.329 2 1
303 15 1.098 2 0
102 52 0.347 2 0
19 10 0.098 2 0
46 40 0.171 2 0
179 15 0.789 2 1
56 100 0.190 2 1
19 40 0.080 2 1
21 22 0.070 2 0
57 15 0.252 2 0
18 22 0.094 2 0
40 30 0.157 2 0
14 30 0.052 2 0
31 40 0.158 2 1
75 15 0.249 2 0
62 40 0.358 2 0
20 22 0.109 2 0
37 70 0.222 2 0
43 70 0.152 2 0
34 30 0.137 2 0
27 100 0.104 2 1
34 15 0.130 2 1
263 22 0.792 2 0
136 100 0.657 2 1
178 30 0.605 2 0
72 10 0.261 2 0
51 70 0.168 2 1
23 100 0.073 2 0
124 10 0.785 2 1
75 100 0.500 2 0
47 22 0.232 2 0
14 22 0.081 2 0
127 10 0.385 2 0
160 40 0.489 2 0
38 40 0.152 2 0
10 15 0.030 2 0
58 30 0.315 2 1
78 40 0.242 2 1
62 30 0.312 2 1
13 22 0.039 2 0
136 22 0.544 2 0
13 100 0.070 2 0
11 100 0.066 2 0
124 100 0.477 2 0
19 5 0.121 2 0
12 15 0.075 2 1
117 100 0.433 2 1
36 40 0.157 2 0
11 100 0.035 2 0
139 30 0.444 2 0
269 70 0.903 2 0
12 15 0.046 2 0
15 40 0.051 2 0
177 40 0.660 2 0
105 10 0.625 2 0
101 70 0.552 2 1
14 22 0.062 2 1
45 10 0.194 2 0
12 30 0.052 2 1
17 5 0.086 2 1
38 100 0.185 2 1
37 40 0.108 2 1
142 40 0.609 2 1
245 5 1.269 2 1
11 100 0.065 2 0
125 30 0.749 2 0
106 70 0.351 2 1
62 70 0.315 2 0
73 10 0.329 2 0
34 10 0.106 2 0
12 100 0.046 2 0
11 5 0.040 2 0
22 15 0.097 2 0
20 30 0.062 2 1
15 40 0.071 2 0
65 70 0.230 2 0
51 30 0.153 2 0
54 22 0.234 2 0
73 22 0.282 2 0
26 100 0.094 2 0
104 22 0.505 2 0
142 70 0.728 2 1
245 100 1.623 2 0
14 15 0.047 2 0
275 100 1.217 2 0
49 10 0.187 2 0
45 100 0.159 2 0
23 100 0.074 2 0
163 15 0.674 2 0
78 22 0.415 2 0
12 10 0.060 2 0
30 40 0.163 2 0
71 22 0.401 2 1
12 70 0.035 2 1
22 15 0.106 2 0
60 10 0.400 2 1
285 15 1.004 2 0
13 22 0.043 2 0
97 30 0.297 2 0
48 22 0.270 2 0
15 52 0.101 2 0
167 100 0.528 2 1
146 70 0.745 2 0
23 15 0.067 2 0
45 40 0.134 2 0
48 5 0.316 2 0
30 22 0.102 2 1
50 22 0.148 2 0
34 100 0.135 2 0
35 100 0.155 2 0
29 5 0.127 2 0
18 40 0.064 2 0
28 22 0.090 2 0
36 52 0.162 2 0
18 52 0.067 2 0
61 52 0.260 2 0
262 40 1.036 2 1
155 5 0.570 2 1
34 22 0.199 2 0
33 70 0.111 2 1
22 52 0.066 2 0
80 40 0.523 2 1
78 30 0.276 2 0
337 100 1.296 2 0
35 10 0.117 2 1
50 70 0.180 2 0
50 70 0.148 2 0
12 70 0.042 2 1
36 5 0.159 2 0
42 70 0.230 2 0
72 70 0.237 2 1
36 100 0.139 2 0
39 15 0.194 2 1
17 22 0.056 2 0
36 15 0.133 2 0
30 52 0.132 2 0
30 40 0.185 2 1
339 52 1.361 2 0
27 100 0.081 2 0
184 30 0.716 2 0
68 5 0.228 2 0
145 100 0.697 2 1
23 100 0.069 2 0
70 5 0.206 2 0
73 70 0.348 2 1
65 70 0.265 2 0
53 100 0.245 2 0
104 100 0.594 2 0
14 15 0.042 2 0
37 10 0.179 2 1
18 40 0.064 2 0
61 22 0.183 2 1
28 5 0.092 2 1
68 52 0.206 2 0
253 30 0.888 2 0
199 30 0.638 2 1
37 40 0.219 2 0
193 40 0.723 2 0
18 10 0.066 2 1
127 15 0.756 2 0
33 70 0.213 2 0
217 100 1.233 2 0
25 70 0.097 2 0
17 52 0.056 2 0
12 10 0.037 2 0
192 40 0.604 2 0
12 22 0.043 2 0
293 10 1.655 2 0
11 22 0.041 2 0
223 22 0.896 2 0
22 40 0.139 2 1
20 40 0.064 2 1
11 30 0.032 2 0
59 5 0.252 2 1
25 30 0.081 2 0
62 70 0.216 2 0
38 70 0.205 2 0
51 15 0.190 2 0
70 70 0.303 2 1
22 100 0.078 2 1
20 52 0.062 2 0
270 30 0.909 2 0
200 30 0.840 2 0
53 30 0.155 2 1
54 15 0.189 2 1
80 40 0.244 2 0
17 40 0.112 2 0
135 70 0.643 2 0
212 52 0.741 2 0
25 70 0.097 2 0
76 5 0.444 2 0
43 30 0.147 2 1
197 70 1.042 2 1
50 40 0.209 2 0
55 40 0.246 2 0
23 5 0.077 2 1
13 22 0.044 2 0
173 15 0.668 2 0
14 100 0.052 2 0
76 100 0.267 2 1
29 10 0.090 2 0
11 10 0.047 2 0
10 10 0.062 2 0
102 52 0.658 2 0
11 10 0.046 2 0
34 5 0.111 2 0
66 15 0.349 2 1
37 22 0.209 2 0
302 5 1.459 2 1
10 15 0.044 2 0
46 30 0.137 2 0
101 15 0.656 2 1
316 70 0.949 2 0
58 100 0.261 2 1
78 10 0.253 2 1
79 40 0.506 2 0
23 52 0.124 2 0
60 5 0.217 2 0
15 52 0.050 2 0
219 100 0.916 2 0
46 15 0.200 2 0
24 15 0.085 2 0
196 40 0.827 2 0
20 22 0.071 2 0
62 52 0.212 2 0
11 5 0.068 2 0
94 100 0.477 2 1
142 15 0.612 2 1
56 30 0.245 2 0
36 30 0.214 2 0
16 5 0.050 2 1
10 70 0.034 2 0
13 52 0.070 2 1
18 40 0.086 2 0
19 10 0.082 2 1
16 5 0.054 2 0
10 10 0.068 2 1
36 10 0.186 2 0
139 100 0.541 2 0
246 30 1.150 2 1
62 22 0.197 2 0
17 40 0.060 2 0
49 22 0.219 2 0
31 10 0.142 2 0
22 30 0.065 2 0
66 5 0.200 2 0
22 10 0.073 2 1
146 22 0.562 2 0
285 30 1.781 2 0
11 10 0.050 2 0
70 100 0.354 2 1
13 30 0.073 2 0
25 30 0.089 2 1
29 70 0.125 2 0
15 10 0.091 2 0
96 15 0.444 2 0
327 70 0.985 2 1
74 22 0.224 2 0
35 52 0.104 2 0
11 15 0.035 2 0
22 40 0.067 2 0
37 100 0.214 2 1
28 40 0.107 2 1
86 5 0.252 2 0
17 70 0.097 2 1
41 10 0.188 2 0
79 15 0.253 2 1
35 30 0.102 2 0
18 100 0.075 2 0
95 30 0.277 2 1
26 22 0.135 2 1
197 5 0.629 2 0
13 30 0.084 2 0
14 52 0.056 2 0
13 40 0.070 2 0
53 100 0.249 2 0
39 40 0.114 2 0
35 5 0.132 2 1
13 40 0.041 2 0
90 5 0.375 2 1
53 15 0.215 2 0
141 52 0.495 2 0
39 10 0.157 2 0
39 30 0.186 2 0
59 52 0.286 2 1
30 5 0.091 2 0
48 52 0.279 2 1
61 30 0.256 2 0
103 52 0.678 2 0
20 15 0.077 2 0
22 40 0.064 2 0
11 70 0.036 2 1
52 52 0.275 2 0
35 52 0.115 2 1
12 30 0.038 2 1
25 5 0.130 2 0
28 52 0.116 2 1
34 30 0.124 2 0
36 100 0.193 2 1
18 22 0.071 2 0
52 100 0.210 2 0
87 10 0.292 2 1
70 10 0.312 2 0
61 15 0.335 2 0
18 70 0.072 2 1
28 30 0.139 2 0
18 52 0.061 2 1
11 5 0.055 2 1
10 70 0.045 2 1
59 10 0.371 2 0
68 30 0.206 2 0
144 5 0.900 2 0
20 5 0.076 2 0
14 52 0.058 2 0
14 52 0.049 2 1
67 52 0.257 2 1
68 15 0.205 2 0
221 30 0.664 2 0
266 15 0.813 2 0
17 30 0.072 2 1
10 100 0.031 2 0
12 52 0.036 2 1
28 70 0.176 2 1
147 5 0.948 2 1
14 10 0.071 2 1
15 40 0.045 2 0
191 52 1.232 2 1
12 5 0.069 2 0
38 70 0.173 2 0
35 70 0.117 2 0
29 40 0.097 2 1
18 5 0.067 2 0
25 70 0.126 2 0
29 5 0.117 2 0
147 70 0.623 2 0
13 100 0.043 2 0
27 40 0.100 2 0
86 15 0.276 2 0
90 30 0.349 2 0
28 70 0.092 2 0
13 30 0.063 2 0
70 15 0.215 2 1
33 30 0.099 2 0
17 30 0.053 2 0
13 30 0.082 2 1
268 52 0.843 2 0
19 100 0.113 2 0
17 30 0.066 2 1
91 100 0.446 2 0
18 15 0.074 2 0
32 5 0.106 2 1
138 10 0.434 2 1
25 5 0.079 2 0
103 5 0.592 2 1
31 70 0.193 2 0
71 52 0.285 2 0
17 40 0.073 2 0
35 30 0.188 2 0
70 15 0.224 2 0
28 15 0.098 2 1
61 40 0.258 2 1
228 5 1.490 2 0
97 22 0.324 2 1
13 100 0.045 2 0
16 5 0.070 2 1
75 30 0.250 2 0
18 40 0.110 2 0
14 52 0.063 2 0
258 30 1.012 2 1
29 52 0.184 2 0
18 40 0.056 2 1
30 70 0.092 2 0
56 100 0.173 2 1
10 30 0.042 2 0
10 15 0.029 2 1
73 10 0.406 2 1
12 70 0.062 2 0
150 40 0.497 2 1
39 70 0.143 2 0
261 5 1.475 2 1
56 40 0.290 2 1
75 40 0.399 2 0
39 40 0.137 2 0
23 10 0.093 2 1
82 100 0.261 2 1
28 22 0.134 2 0
18 70 0.109 2 0
69 5 0.290 2 0
23 100 0.107 2 0
17 30 0.087 2 1
13 5 0.040 2 0
56 40 0.329 2 0
72 22 0.263 2 0
79 15 0.319 2 0
75 52 0.280 2 0
17 40 0.050 2 1
225 70 0.721 2 1
17 5 0.061 2 1
49 5 0.164 2 0
19 40 0.090 2 1
13 5 0.040 2 0
28 52 0.132 2 1
17 100 0.083 2 0
168 70 1.012 2 0
20 70 0.059 2 0
88 100 0.444 2 0
176 52 0.559 2 0
246 22 0.719 2 1
34 22 0.114 2 0
66 30 0.297 2 0
50 100 0.217 2 0
30 100 0.142 2 1
74 100 0.217 2 0
33 40 0.148 2 0
76 30 0.235 2 1
19 70 0.061 2 0
196 70 0.613 2 0
20 70 0.083 2 1
101 52 0.580 2 0
24 5 0.119 2 1
84 10 0.269 2 0
47 70 0.223 2 0
18 22 0.113 2 1
29 100 0.091 2 0
73 10 0.260 2 0
45 70 0.167 2 0
83 10 0.435 2 1
25 100 0.107 2 0
19 70 0.070 2 1
147 100 0.451 2 1
40 10 0.118 2 0
11 15 0.067 2 0
61 52 0.318 2 1
50 52 0.240 2 0
12 40 0.041 2 0
57 30 0.333 2 0
98 22 0.349 2 0
19 22 0.057 2 0
17 52 0.077 2 1
116 10 0.382 2 0
240 10 1.127 2 1
113 22 0.412 2 0
10 5 0.039 2 0
29 22 0.122 2 0
119 10 0.425 2 1
52 52 0.209 2 0
320 70 1.236 2 0
30 22 0.096 2 1
136 40 0.422 2 0
35 22 0.126 2 0
54 52 0.342 2 1
11 52 0.053 2 0
65 15 0.246 2 0
10 52 0.035 2 1
333 22 1.121 2 1
87 10 0.256 2 0
14 30 0.060 2 0
74 5 0.285 2 1
48 70 0.180 2 0
18 30 0.118 2 1
52 70 0.191 2 0
74 5 0.240 2 0
75 15 0.371 2 1
46 70 0.138 2 1
18 70 0.086 2 0
98 40 0.321 2 0
54 15 0.244 2 1
19 52 0.128 2 1
51 30 0.181 2 0
30 5 0.201 2 0
187 5 1.000 2 1
103 52 0.420 2 0
49 30 0.275 2 0
44 100 0.207 2 1
18 10 0.107 2 0
287 5 1.003 2 0
19 40 0.065 2 1
11 10 0.032 2 0
91 22 0.313 2 0
31 22 0.091 2 0
296 15 0.946 2 0
47 30 0.147 2 0
134 52 0.510 2 0
277 10 1.413 2 0
235 10 1.004 2 0
157 70 0.734 2 1
70 100 0.409 2 1
27 22 0.105 2 0
18 22 0.068 2 0
109 5 0.574 2 1
13 30 0.045 2 0
26 40 0.160 2 0
72 100 0.220 2 0
178 100 1.066 2 1
30 30 0.115 2 1
307 100 1.085 2 0
63 30 0.352 2 0
58 52 0.216 2 0
76 100 0.360 2 0
19 15 0.085 2 0
25 70 0.075 2 0
70 15 0.327 2 0
29 10 0.112 2 1
28 100 0.092 2 0
47 100 0.240 2 1
158 30 0.605 2 0
196 40 1.281 2 1
95 30 0.436 2 0
257 52 0.985 2 0
70 100 0.440 2 1
17 70 0.053 2 1
175 10 0.795 2 0
189 10 0.634 2 1
18 100 0.063 2 1
320 40 1.250 2 0
54 70 0.229 2 0
319 70 1.556 2 0
49 70 0.238 2 1
155 40 0.517 2 1
29 5 0.122 2 0
21 70 0.084 2 0
65 22 0.265 2 1
18 70 0.075 2 0
59 70 0.328 2 0
25 70 0.116 2 0
38 22 0.218 2 0
44 30 0.202 2 0
52 15 0.198 2 1
79 30 0.296 2 0
89 15 0.539 2 0
47 52 0.144 2 1
72 100 0.309 2 0
31 52 0.110 2 0
63 30 0.281 2 1
28 22 0.133 2 1
14 30 0.069 2 0
78 5 0.335 2 1
132 10 0.462 2 1
19 70 0.109 2 0
62 15 0.202 2 1
64 30 0.216 2 0
183 30 1.166 2 0
17 5 0.099 2 1
31 15 0.140 2 0
26 70 0.113 2 1
59 70 0.180 2 1
25 100 0.111 2 0
16 52 0.066 2 1
58 10 0.182 2 0
89 22 0.346 2 1
142 40 0.423 2 0
47 100 0.157 2 0
169 70 0.633 2 0
87 30 0.315 2 1
34 15 0.100 2 0
86 70 0.391 2 0
54 10 0.179 2 1
17 10 0.094 2 1
96 70 0.297 2 0
17 52 0.082 2 0
29 52 0.100 2 1
25 15 0.074 2 0
63 70 0.265 2 0
18 100 0.075 2 1
317 30 1.396 2 0
49 100 0.145 2 0
36 52 0.113 2 1
73 22 0.483 2 0
123 100 0.480 2 0
180 30 0.918 2 0
245 52 0.778 2 0
31 5 0.135 2 0
11 10 0.035 2 0
26 40 0.101 2 1
59 5 0.282 2 0
114 22 0.523 2 0
43 40 0.162 2 0
38 70 0.153 2 1
58 100 0.304 2 0
19 15 0.056 2 1
238 40 1.368 2 0
62 15 0.206 2 1
19 30 0.121 2 0
52 15 0.295 2 0
69 10 0.411 2 1
59 40 0.289 2 0
16 30 0.070 2 0
69 30 0.244 2 1
50 15 0.193 2 0
59 22 0.206 2 1
21 70 0.100 2 1
31 52 0.105 2 0
12 100 0.068 2 0
20 10 0.061 2 0
49 30 0.171 2 0
15 15 0.085 2 0
11 10 0.037 2 0
39 100 0.166 2 0
15 40 0.051 2 1
18 100 0.065 2 0
55 5 0.296 2 1
48 5 0.196 2 0
46 70 0.247 2 1
151 5 0.535 2 1
197 22 0.770 2 0
