211 70 1.397 0 2
18 10 0.074 0 1
63 10 0.247 0 3
12 70 0.042 0 2
20 5 0.066 0 1
25 5 0.085 0 3
12 10 0.050 0 1
13 15 0.066 0 3
25 15 0.078 0 3
163 100 0.744 0 2
20 70 0.075 0 1
110 22 0.567 0 1
150 10 0.524 0 1
46 22 0.197 0 1
106 100 0.376 0 3
18 52 0.085 0 3
257 10 0.941 0 2
14 22 0.082 0 1
11 22 0.060 0 2
11 30 0.046 0 3
74 70 0.272 0 3
10 15 0.030 0 2
26 70 0.118 0 3
10 15 0.066 0 1
17 22 0.052 0 3
103 5 0.352 0 2
16 5 0.061 0 3
71 30 0.224 0 2
336 100 1.371 0 2
38 52 0.160 0 3
22 40 0.067 0 1
124 52 0.396 0 3
15 5 0.051 0 3
34 15 0.114 0 3
36 10 0.221 0 3
196 100 0.947 0 1
93 5 0.525 0 1
44 5 0.209 0 3
10 40 0.034 0 3
11 40 0.065 0 1
201 22 0.609 0 3
119 100 0.399 0 1
26 22 0.129 0 3
27 15 0.125 0 3
178 100 0.781 0 1
28 40 0.126 0 3
65 5 0.406 0 1
10 22 0.050 0 3
14 5 0.054 0 1
52 10 0.286 0 1
13 40 0.052 0 1
100 100 0.309 0 2
79 100 0.261 0 1
231 70 0.736 0 3
11 5 0.033 0 2
158 100 0.702 0 1
23 5 0.070 0 3
93 22 0.514 0 1
11 100 0.064 0 3
165 100 0.587 0 1
28 22 0.175 0 3
25 10 0.084 0 3
74 10 0.468 0 3
24 100 0.105 0 2
30 70 0.113 0 2
32 15 0.162 0 3
11 15 0.038 0 2
47 30 0.183 0 2
30 40 0.135 0 1
71 40 0.268 0 3
135 70 0.525 0 3
16 100 0.053 0 2
18 40 0.054 0 3
30 100 0.108 0 1
328 100 2.089 0 1
91 5 0.448 0 3
12 30 0.045 0 3
10 22 0.042 0 1
225 15 0.904 0 1
75 52 0.231 0 3
23 100 0.075 0 1
14 100 0.078 0 3
75 5 0.252 0 1
288 40 1.099 0 3
12 100 0.081 0 2
22 40 0.115 0 3
41 100 0.156 0 3
14 52 0.059 0 1
144 10 0.533 0 3
62 15 0.190 0 1
13 30 0.048 0 3
67 10 0.225 0 3
30 22 0.093 0 1
128 10 0.653 0 2
63 100 0.246 0 3
104 22 0.316 0 2
40 40 0.151 0 2
68 30 0.275 0 3
22 40 0.077 0 3
62 70 0.278 0 3
153 40 0.736 0 1
177 15 0.831 0 3
83 10 0.283 0 2
105 100 0.371 0 1
59 15 0.226 0 1
28 5 0.172 0 1
191 22 0.853 0 3
90 15 0.481 0 1
16 30 0.068 0 3
19 70 0.080 0 2
11 100 0.033 0 1
28 100 0.178 0 3
60 100 0.265 0 1
13 100 0.070 0 1
11 15 0.039 0 1
187 5 0.601 0 2
76 22 0.478 0 2
36 70 0.122 0 2
67 15 0.358 0 3
13 5 0.048 0 3
46 52 0.197 0 2
14 5 0.051 0 2
34 22 0.163 0 2
29 30 0.128 0 1
43 15 0.217 0 1
18 52 0.090 0 3
42 30 0.182 0 2
286 30 0.993 0 1
30 22 0.103 0 2
170 70 0.654 0 1
76 40 0.260 0 1
161 70 1.073 0 1
117 70 0.422 0 3
31 100 0.100 0 2
219 10 0.839 0 3
12 22 0.042 0 3
192 100 0.623 0 3
14 10 0.042 0 2
75 22 0.375 0 2
58 15 0.202 0 3
38 15 0.118 0 1
66 100 0.223 0 2
230 40 0.970 0 2
39 22 0.139 0 3
66 40 0.353 0 3
57 22 0.264 0 1
17 15 0.058 0 2
31 40 0.150 0 2
15 15 0.095 0 3
15 70 0.073 0 2
77 52 0.379 0 1
128 10 0.785 0 1
153 10 0.535 0 2
153 5 0.939 0 1
28 22 0.119 0 3
169 40 1.142 0 3
63 100 0.309 0 3
28 52 0.112 0 3
156 10 0.696 0 3
69 10 0.247 0 2
72 52 0.224 0 2
28 22 0.137 0 1
54 70 0.189 0 2
64 30 0.370 0 1
30 100 0.089 0 1
31 5 0.092 0 1
19 52 0.062 0 3
75 52 0.325 0 3
26 100 0.096 0 2
29 5 0.120 0 3
39 5 0.190 0 3
152 100 0.921 0 3
13 10 0.072 0 2
74 100 0.280 0 2
13 22 0.080 0 1
74 30 0.435 0 3
54 22 0.238 0 2
33 10 0.180 0 2
115 70 0.509 0 2
33 52 0.133 0 3
18 30 0.082 0 1
93 100 0.332 0 2
37 52 0.211 0 1
257 40 1.486 0 3
53 5 0.163 0 2
64 30 0.325 0 3
45 10 0.152 0 3
56 100 0.264 0 3
52 70 0.183 0 3
121 30 0.688 0 2
19 15 0.056 0 3
30 10 0.090 0 3
32 52 0.196 0 3
10 10 0.045 0 1
31 22 0.113 0 1
139 22 0.688 0 3
100 10 0.422 0 1
28 22 0.123 0 2
12 10 0.043 0 1
142 70 0.511 0 2
27 22 0.108 0 2
23 5 0.124 0 3
317 22 1.064 0 3
29 52 0.134 0 3
92 22 0.548 0 1
106 70 0.390 0 1
53 30 0.189 0 1
97 52 0.333 0 3
332 30 1.502 0 3
332 70 1.015 0 3
207 52 1.270 0 2
101 52 0.605 0 1
102 40 0.394 0 1
125 30 0.590 0 2
15 15 0.063 0 2
17 100 0.070 0 1
148 5 0.574 0 3
78 40 0.232 0 3
10 22 0.044 0 1
110 15 0.615 0 3
15 10 0.090 0 1
33 10 0.176 0 1
59 40 0.326 0 2
79 5 0.230 0 2
50 5 0.325 0 3
76 22 0.450 0 2
23 22 0.132 0 1
19 15 0.086 0 3
47 100 0.170 0 1
24 30 0.070 0 2
26 52 0.172 0 1
31 40 0.209 0 2
19 22 0.103 0 3
74 10 0.310 0 1
45 22 0.195 0 3
86 70 0.500 0 2
76 22 0.371 0 1
14 10 0.064 0 1
54 22 0.170 0 3
71 10 0.410 0 3
13 100 0.060 0 1
10 15 0.031 0 1
23 100 0.111 0 3
51 5 0.327 0 2
309 70 1.157 0 2
18 40 0.065 0 3
123 100 0.375 0 2
18 100 0.069 0 1
29 15 0.125 0 2
29 5 0.113 0 2
16 40 0.055 0 2
17 30 0.058 0 1
16 5 0.074 0 2
51 70 0.193 0 1
10 5 0.047 0 3
101 40 0.302 0 3
58 22 0.226 0 1
53 15 0.191 0 3
28 30 0.139 0 2
58 40 0.224 0 2
37 30 0.132 0 1
63 10 0.227 0 1
132 30 0.657 0 3
44 52 0.162 0 1
18 100 0.117 0 3
34 15 0.194 0 1
52 22 0.160 0 1
52 22 0.342 0 2
319 5 1.910 0 1
42 52 0.159 0 3
321 100 1.046 0 3
14 40 0.048 0 2
101 40 0.682 0 3
38 40 0.248 0 2
79 5 0.397 0 1
60 100 0.187 0 3
35 10 0.133 0 1
30 70 0.121 0 1
36 40 0.207 0 3
71 5 0.470 0 1
11 40 0.040 0 3
40 30 0.250 0 1
77 10 0.248 0 1
17 52 0.101 0 3
188 10 0.755 0 3
21 10 0.096 0 1
10 22 0.039 0 2
162 70 0.614 0 3
35 15 0.152 0 2
188 22 0.734 0 3
157 15 0.813 0 1
34 22 0.103 0 1
194 40 1.043 0 2
39 40 0.200 0 1
19 30 0.067 0 3
10 22 0.061 0 3
321 22 0.955 0 2
28 10 0.095 0 2
37 5 0.153 0 3
10 10 0.039 0 1
30 5 0.103 0 3
26 40 0.117 0 2
18 40 0.054 0 3
109 15 0.427 0 2
178 30 0.685 0 1
17 22 0.054 0 2
13 52 0.041 0 1
100 5 0.412 0 3
21 40 0.061 0 2
109 70 0.440 0 2
110 5 0.558 0 3
66 10 0.373 0 1
32 22 0.121 0 3
116 15 0.716 0 1
134 70 0.570 0 2
23 30 0.080 0 1
28 70 0.136 0 1
64 5 0.242 0 1
31 40 0.110 0 2
77 100 0.401 0 3
176 5 1.121 0 3
180 52 1.023 0 1
10 40 0.034 0 3
37 30 0.163 0 1
28 30 0.097 0 1
16 5 0.106 0 1
32 40 0.129 0 2
14 10 0.054 0 3
24 100 0.103 0 2
30 40 0.142 0 2
296 22 1.244 0 1
16 30 0.062 0 2
138 22 0.451 0 1
18 100 0.087 0 2
26 15 0.092 0 3
338 100 1.770 0 2
12 100 0.080 0 2
57 30 0.191 0 1
121 100 0.443 0 2
31 40 0.171 0 3
143 5 0.417 0 1
208 30 1.246 0 2
20 100 0.068 0 3
18 40 0.097 0 1
249 70 0.838 0 1
38 70 0.239 0 2
27 10 0.088 0 2
52 52 0.263 0 2
38 10 0.116 0 3
19 15 0.107 0 3
188 100 1.270 0 3
14 10 0.043 0 2
122 22 0.619 0 2
159 5 0.500 0 3
54 52 0.260 0 3
291 22 1.288 0 2
25 100 0.082 0 2
70 5 0.232 0 1
159 22 0.548 0 1
27 30 0.090 0 1
338 22 1.050 0 1
25 52 0.142 0 2
61 22 0.359 0 2
23 22 0.118 0 2
17 40 0.084 0 3
56 30 0.194 0 3
192 22 1.289 0 1
24 15 0.071 0 1
47 15 0.160 0 1
62 5 0.203 0 1
45 15 0.132 0 1
22 5 0.108 0 3
74 52 0.254 0 3
26 15 0.165 0 2
18 30 0.067 0 2
51 15 0.173 0 3
184 52 0.902 0 2
14 22 0.043 0 3
99 10 0.651 0 1
21 40 0.063 0 3
119 100 0.650 0 3
35 40 0.201 0 3
137 40 0.509 0 3
116 52 0.513 0 2
105 40 0.644 0 2
61 52 0.209 0 3
149 5 0.460 0 2
21 5 0.102 0 3
45 10 0.220 0 1
70 100 0.391 0 2
24 15 0.078 0 3
19 15 0.069 0 2
25 40 0.092 0 2
33 40 0.096 0 1
65 22 0.192 0 2
12 10 0.078 0 3
11 52 0.056 0 2
63 52 0.278 0 3
49 40 0.254 0 3
59 100 0.280 0 3
18 22 0.121 0 1
213 52 0.859 0 1
128 5 0.502 0 2
59 5 0.239 0 3
226 52 1.527 0 2
56 100 0.368 0 1
18 5 0.053 0 2
26 30 0.088 0 2
51 70 0.244 0 3
10 30 0.033 0 1
133 52 0.655 0 3
16 10 0.056 0 2
63 5 0.243 0 1
13 40 0.040 0 1
162 15 0.518 0 1
11 100 0.042 0 3
104 52 0.374 0 3
53 70 0.162 0 2
14 30 0.042 0 3
44 100 0.183 0 1
182 30 0.929 0 1
49 52 0.186 0 2
17 30 0.097 0 2
13 52 0.065 0 2
78 100 0.256 0 1
38 22 0.113 0 3
15 40 0.048 0 2
28 5 0.153 0 2
107 15 0.493 0 3
46 22 0.297 0 3
13 52 0.040 0 3
32 52 0.200 0 1
10 52 0.047 0 2
51 52 0.186 0 2
17 52 0.061 0 2
32 15 0.155 0 3
13 5 0.041 0 1
69 100 0.207 0 2
16 52 0.066 0 2
267 30 0.824 0 1
17 10 0.073 0 2
11 30 0.046 0 2
55 70 0.249 0 1
45 100 0.167 0 3
10 30 0.068 0 2
18 5 0.069 0 2
299 5 1.993 0 3
53 40 0.325 0 3
22 22 0.103 0 1
163 10 1.012 0 1
107 40 0.467 0 2
72 30 0.272 0 3
78 70 0.527 0 1
87 52 0.494 0 3
198 22 1.059 0 3
11 30 0.037 0 1
220 40 0.753 0 2
47 15 0.245 0 2
26 30 0.088 0 3
18 70 0.090 0 2
126 15 0.474 0 3
31 22 0.182 0 1
14 5 0.054 0 2
49 15 0.254 0 3
19 10 0.077 0 1
11 52 0.051 0 2
28 15 0.097 0 2
14 70 0.080 0 2
33 5 0.122 0 1
173 52 0.790 0 3
31 15 0.141 0 1
166 15 0.765 0 1
223 15 1.368 0 1
32 100 0.102 0 1
184 10 0.575 0 2
26 15 0.148 0 3
106 100 0.321 0 2
11 22 0.033 0 1
185 30 0.562 0 3
18 100 0.099 0 2
75 30 0.279 0 2
276 70 1.200 0 2
127 52 0.371 0 2
22 52 0.067 0 3
81 22 0.519 0 3
33 10 0.217 0 3
75 10 0.261 0 1
38 30 0.161 0 1
174 22 0.888 0 2
10 70 0.062 0 1
104 15 0.364 0 2
39 10 0.120 0 3
74 15 0.233 0 3
141 5 0.448 0 3
137 10 0.901 0 1
332 70 1.443 0 2
37 30 0.188 0 1
12 30 0.067 0 3
68 52 0.300 0 2
287 5 0.960 0 2
305 10 1.276 0 1
11 100 0.032 0 1
20 5 0.061 0 3
12 10 0.057 0 3
14 52 0.065 0 2
12 100 0.038 0 1
44 30 0.192 0 2
14 22 0.063 0 3
61 100 0.274 0 1
170 100 0.705 0 3
14 5 0.047 0 2
18 5 0.060 0 2
37 100 0.202 0 1
301 40 0.896 0 2
78 30 0.271 0 1
49 5 0.162 0 2
38 10 0.184 0 2
58 52 0.186 0 2
72 70 0.218 0 2
12 15 0.044 0 3
142 15 0.568 0 3
157 5 0.929 0 1
53 5 0.338 0 1
168 15 0.903 0 3
55 52 0.333 0 1
264 5 1.168 0 1
76 15 0.270 0 3
114 70 0.380 0 2
51 5 0.287 0 1
27 70 0.112 0 3
245 15 0.768 0 3
35 100 0.219 0 1
51 22 0.207 0 1
204 5 0.706 0 1
11 15 0.062 0 1
16 70 0.047 0 2
192 52 0.937 0 3
197 100 0.849 0 3
11 40 0.058 0 2
89 10 0.589 0 1
132 22 0.698 0 1
25 5 0.078 0 3
57 70 0.245 0 2
46 40 0.232 0 1
13 40 0.040 0 1
70 22 0.341 0 3
42 52 0.225 0 1
33 70 0.121 0 1
67 52 0.414 0 1
132 22 0.886 0 2
26 100 0.106 0 2
60 40 0.181 0 2
79 100 0.289 0 1
275 30 1.211 0 2
68 10 0.209 0 1
25 5 0.118 0 3
28 22 0.103 0 2
121 5 0.445 0 2
52 5 0.269 0 3
25 15 0.142 0 3
20 15 0.078 0 2
334 30 1.074 0 1
32 52 0.134 0 3
21 5 0.062 0 3
74 70 0.433 0 3
21 15 0.103 0 1
58 15 0.258 0 1
17 40 0.051 0 1
31 70 0.116 0 3
253 10 0.835 0 3
19 100 0.056 0 2
70 100 0.383 0 2
316 22 1.756 0 3
17 30 0.098 0 2
25 10 0.098 0 3
10 40 0.033 0 2
12 70 0.068 0 3
17 30 0.054 0 2
34 40 0.157 0 2
74 15 0.261 0 2
186 70 0.785 0 1
100 22 0.474 0 1
102 22 0.376 0 1
21 100 0.093 0 3
21 10 0.073 0 2
179 30 0.523 0 2
194 70 1.260 0 2
220 40 0.859 0 3
16 100 0.061 0 2
38 5 0.150 0 1
302 10 1.776 0 3
281 40 1.391 0 3
54 40 0.358 0 1
93 22 0.309 0 1
132 30 0.638 0 3
65 5 0.254 0 2
78 70 0.268 0 2
61 10 0.244 0 3
35 22 0.111 0 2
15 22 0.046 0 3
148 15 0.527 0 3
56 70 0.354 0 2
50 5 0.168 0 3
32 10 0.105 0 3
179 100 0.556 0 2
11 30 0.048 0 1
171 100 0.972 0 2
206 52 0.718 0 2
10 40 0.067 0 2
194 22 0.669 0 3
154 40 0.623 0 3
63 30 0.362 0 1
96 100 0.338 0 3
12 10 0.065 0 3
172 22 0.882 0 2
44 10 0.206 0 2
50 5 0.152 0 1
274 40 1.412 0 3
109 52 0.514 0 3
12 70 0.076 0 2
49 100 0.283 0 2
70 100 0.238 0 2
27 5 0.119 0 2
76 22 0.420 0 2
41 40 0.120 0 2
38 100 0.151 0 1
12 100 0.043 0 2
12 30 0.042 0 1
17 10 0.073 0 2
266 22 1.632 0 2
18 30 0.054 0 1
41 52 0.123 0 3
315 15 1.821 0 3
40 5 0.247 0 2
15 70 0.091 0 3
16 22 0.050 0 1
173 10 0.861 0 3
42 22 0.124 0 3
18 10 0.060 0 2
37 10 0.155 0 2
39 70 0.121 0 3
35 10 0.116 0 1
35 100 0.178 0 1
245 40 0.822 0 2
10 10 0.043 0 3
74 70 0.316 0 3
54 30 0.289 0 1
29 30 0.085 0 3
114 100 0.362 0 2
28 100 0.125 0 3
229 22 0.702 0 1
21 10 0.106 0 2
159 5 0.888 0 2
108 70 0.350 0 1
14 100 0.058 0 2
61 15 0.179 0 2
197 70 0.864 0 3
68 10 0.356 0 2
75 40 0.364 0 1
145 5 0.775 0 3
19 40 0.097 0 3
104 52 0.303 0 1
18 52 0.080 0 3
67 30 0.200 0 3
173 30 0.584 0 2
29 10 0.089 0 2
206 10 0.990 0 3
14 52 0.043 0 2
52 40 0.267 0 2
14 52 0.043 0 3
191 10 0.796 0 1
38 10 0.148 0 1
58 70 0.171 0 2
34 10 0.108 0 1
67 15 0.322 0 2
129 22 0.480 0 3
12 70 0.039 0 2
18 52 0.092 0 2
13 40 0.041 0 1
17 15 0.099 0 3
34 70 0.110 0 2
72 10 0.226 0 2
10 5 0.032 0 1
100 15 0.415 0 1
12 10 0.041 0 1
14 5 0.056 0 3
261 10 1.352 0 1
15 70 0.066 0 1
10 30 0.031 0 2
43 70 0.135 0 2
73 52 0.249 0 1
28 5 0.171 0 1
21 15 0.120 0 1
212 30 0.883 0 3
19 5 0.070 0 1
38 100 0.111 0 3
37 30 0.211 0 1
52 22 0.170 0 1
60 100 0.314 0 2
132 15 0.419 0 3
54 22 0.303 0 1
10 30 0.063 0 3
207 70 1.353 0 1
42 30 0.132 0 2
40 70 0.179 0 2
29 15 0.167 0 1
30 10 0.103 0 1
226 30 1.228 0 3
22 15 0.087 0 3
22 10 0.109 0 3
31 40 0.097 0 3
62 30 0.212 0 3
31 52 0.155 0 1
75 22 0.224 0 3
25 70 0.122 0 3
216 40 1.168 0 1
15 52 0.071 0 3
10 22 0.056 0 1
18 15 0.101 0 2
75 100 0.342 0 2
32 10 0.160 0 2
78 5 0.379 0 3
66 52 0.322 0 2
11 30 0.033 0 1
16 5 0.054 0 1
67 52 0.213 0 2
339 10 2.042 0 3
24 22 0.071 0 3
39 10 0.146 0 1
61 70 0.280 0 3
108 15 0.617 0 1
181 10 0.874 0 1
31 40 0.138 0 3
45 70 0.150 0 2
138 40 0.580 0 2
26 15 0.121 0 1
55 22 0.286 0 2
54 30 0.199 0 1
160 40 0.678 0 2
234 10 0.992 0 2
117 52 0.527 0 3
14 100 0.041 0 2
194 10 1.121 0 3
12 100 0.039 0 3
31 10 0.117 0 1
89 5 0.567 0 1
40 30 0.172 0 1
76 5 0.463 0 2
26 10 0.100 0 2
127 70 0.555 0 1
11 52 0.048 0 3
151 100 0.460 0 2
196 70 0.742 0 2
27 100 0.082 0 2
178 15 0.520 0 2
98 52 0.333 0 1
22 40 0.143 0 2
26 15 0.109 0 2
129 15 0.860 0 2
10 70 0.052 0 2
32 15 0.180 0 1
144 15 0.491 0 2
192 5 0.651 0 1
62 52 0.290 0 2
24 40 0.148 0 3
19 5 0.109 0 2
127 30 0.426 0 1
142 30 0.877 0 2
10 100 0.052 0 2
134 30 0.657 0 1
16 70 0.048 0 2
10 30 0.041 0 1
34 10 0.190 0 2
110 30 0.719 0 2
11 30 0.036 0 3
74 10 0.244 0 3
11 30 0.059 0 2
15 5 0.090 0 3
165 5 1.000 0 1
37 100 0.245 0 3
32 5 0.117 0 1
20 5 0.096 0 2
108 5 0.404 0 2
11 15 0.042 0 1
10 100 0.054 0 2
333 22 1.348 0 2
18 100 0.066 0 3
15 70 0.051 0 3
242 100 1.021 0 2
67 22 0.441 0 2
13 70 0.049 0 3
52 22 0.169 0 2
92 40 0.290 0 3
136 5 0.467 0 3
47 40 0.185 0 3
12 52 0.074 0 3
221 10 1.105 0 2
185 30 0.755 0 1
194 52 0.767 0 3
91 52 0.552 0 3
16 10 0.105 0 3
11 40 0.035 0 3
14 5 0.044 0 2
60 40 0.278 0 1
30 40 0.088 0 1
44 22 0.286 0 2
64 100 0.302 0 3
21 52 0.069 0 2
184 5 0.643 0 3
48 70 0.213 0 1
79 70 0.231 0 2
49 10 0.158 0 3
18 52 0.076 0 1
203 22 1.036 0 3
51 30 0.189 0 1
70 40 0.224 0 3
10 30 0.056 0 2
28 52 0.129 0 1
12 5 0.037 0 3
61 30 0.240 0 2
15 70 0.050 0 2
19 15 0.061 0 2
13 10 0.046 0 1
14 10 0.060 0 2
25 70 0.119 0 1
13 5 0.079 0 2
59 100 0.177 0 1
36 70 0.122 0 3
181 100 0.790 0 3
130 22 0.788 0 3
121 30 0.602 0 2
10 40 0.045 0 3
12 40 0.036 0 3
18 15 0.076 0 1
34 5 0.189 0 2
11 30 0.065 0 3
211 70 1.147 0 3
120 100 0.628 0 1
154 22 0.655 0 3
13 52 0.081 0 1
138 5 0.505 0 2
167 52 0.637 0 2
56 100 0.344 0 1
134 100 0.441 0 1
135 5 0.477 0 3
22 52 0.109 0 3
12 52 0.055 0 3
19 22 0.073 0 1
17 40 0.051 0 3
31 52 0.105 0 2
321 70 1.092 0 1
18 5 0.093 0 2
99 40 0.566 0 1
42 52 0.278 0 3
19 5 0.114 0 2
15 30 0.068 0 1
39 30 0.213 0 2
13 30 0.060 0 2
104 30 0.598 0 1
305 5 0.993 0 1
32 15 0.181 0 3
40 15 0.169 0 1
29 52 0.153 0 3
72 30 0.230 0 2
11 100 0.036 0 3
42 100 0.139 0 1
173 10 0.515 0 2
10 100 0.039 0 3
105 30 0.571 0 1
79 15 0.380 0 2
77 52 0.284 0 1
11 22 0.058 0 2
55 22 0.274 0 3
17 10 0.067 0 1
130 15 0.844 0 3
164 15 0.882 0 1
17 15 0.071 0 1
65 22 0.361 0 3
36 15 0.172 0 2
12 70 0.051 0 3
18 100 0.069 0 3
27 22 0.097 0 2
90 30 0.303 0 3
39 40 0.147 0 1
191 22 1.240 0 1
41 100 0.155 0 3
130 10 0.415 0 1
19 30 0.114 0 1
111 70 0.344 0 2
30 52 0.174 0 1
17 40 0.094 0 2
76 15 0.365 0 1
30 5 0.095 0 2
315 15 1.364 0 2
10 10 0.053 0 2
70 22 0.262 0 1
64 10 0.340 0 2
44 70 0.131 0 1
51 10 0.156 0 1
27 40 0.091 0 2
301 10 1.190 0 3
16 10 0.063 0 3
29 5 0.120 0 3
56 5 0.248 0 2
302 70 1.354 0 3
39 100 0.127 0 2
241 70 0.840 0 1
24 22 0.087 0 2
19 5 0.104 0 3
70 22 0.387 0 1
88 70 0.388 0 2
77 22 0.520 0 1
232 100 0.829 0 1
192 30 0.838 0 1
19 5 0.128 0 1
20 40 0.066 0 1
76 40 0.382 0 1
47 5 0.240 0 2
41 30 0.155 0 1
19 15 0.064 0 1
49 30 0.266 0 1
52 15 0.289 0 3
17 52 0.063 0 2
54 15 0.314 0 1
315 70 1.957 0 2
11 30 0.071 0 2
126 5 0.670 0 3
108 10 0.371 0 3
10 40 0.032 0 3
90 40 0.269 0 2
14 52 0.044 0 2
190 52 0.995 0 3
295 22 1.347 0 2
26 15 0.131 0 3
13 15 0.040 0 3
35 52 0.183 0 3
260 70 1.327 0 2
20 40 0.061 0 3
20 10 0.083 0 1
41 22 0.208 0 3
44 52 0.250 0 3
52 52 0.241 0 3
112 22 0.444 0 1
233 70 0.769 0 2
256 52 0.798 0 3
13 52 0.048 0 3
33 22 0.162 0 3
298 15 0.920 0 2
283 100 1.408 0 3
31 52 0.110 0 2
48 52 0.147 0 2
22 30 0.076 0 2
47 52 0.211 0 2
24 22 0.091 0 1
91 52 0.300 0 2
12 22 0.052 0 1
51 30 0.163 0 2
22 30 0.097 0 1
23 30 0.084 0 1
141 30 0.439 0 2
39 30 0.209 0 1
29 30 0.133 0 1
11 5 0.037 0 2
73 10 0.415 0 2
27 5 0.176 0 3
116 30 0.614 0 2
71 100 0.324 0 1
14 100 0.045 0 3
37 30 0.172 0 2
40 40 0.133 0 2
227 40 0.791 0 3
46 100 0.161 0 3
12 40 0.045 0 2
38 30 0.222 0 1
38 10 0.114 0 3
26 100 0.118 0 2
136 15 0.502 0 3
39 40 0.144 0 1
61 22 0.307 0 1
38 15 0.185 0 1
174 52 0.588 0 2
55 52 0.253 0 2
140 22 0.426 0 3
47 100 0.245 0 1
22 10 0.073 0 1
25 15 0.075 0 2
35 70 0.152 0 2
17 10 0.071 0 3
14 100 0.090 0 2
228 22 0.691 0 3
67 40 0.269 0 3
217 10 1.307 0 3
196 15 0.916 0 3
33 100 0.166 0 1
32 30 0.135 0 1
31 5 0.104 0 2
119 70 0.643 0 3
113 52 0.352 0 2
189 5 0.592 0 1
101 5 0.321 0 2
17 10 0.065 0 3
31 70 0.152 0 1
10 15 0.038 0 3
241 5 0.980 0 3
63 22 0.275 0 2
21 52 0.077 0 3
49 22 0.154 0 1
63 52 0.235 0 2
14 15 0.043 0 1
53 15 0.212 0 3
61 70 0.228 0 2
144 40 0.539 0 3
57 22 0.298 0 2
139 5 0.914 0 2
14 52 0.084 0 1
139 70 0.419 0 2
46 70 0.260 0 3
333 15 1.047 0 3
196 5 1.315 0 3
202 5 0.612 0 2
66 22 0.338 0 2
48 70 0.146 0 3
192 70 1.055 0 3
63 40 0.218 0 3
12 5 0.068 0 1
29 22 0.113 0 3
64 15 0.284 0 2
33 5 0.110 0 3
34 22 0.100 0 1
83 52 0.355 0 3
219 70 0.855 0 3
43 15 0.225 0 3
215 52 0.892 0 2
77 10 0.242 0 1
263 70 1.223 0 2
171 52 0.526 0 2
41 100 0.133 0 3
303 5 1.071 0 2
44 40 0.139 0 1
41 22 0.185 1 0
18 100 0.092 1 0
30 15 0.088 1 3
54 52 0.163 1 0
130 22 0.492 1 2
46 70 0.198 1 3
50 10 0.236 1 3
58 22 0.365 1 3
115 40 0.561 1 2
13 30 0.038 1 3
24 15 0.091 1 0
69 10 0.345 1 0
56 10 0.273 1 2
11 100 0.054 1 0
147 40 0.620 1 3
52 5 0.281 1 0
49 70 0.302 1 0
182 15 0.725 1 0
15 5 0.044 1 2
93 40 0.384 1 3
166 5 0.709 1 0
54 22 0.289 1 2
308 30 1.167 1 0
284 70 1.018 1 0
13 40 0.055 1 2
30 100 0.103 1 0
38 70 0.233 1 0
33 100 0.111 1 2
155 100 0.601 1 0
298 70 1.116 1 0
55 5 0.197 1 0
207 15 1.005 1 2
48 5 0.186 1 2
257 5 1.108 1 0
49 40 0.297 1 3
176 70 0.889 1 0
186 30 0.576 1 2
11 22 0.037 1 3
11 5 0.064 1 2
305 10 0.902 1 2
11 40 0.037 1 0
11 5 0.037 1 2
243 5 1.328 1 2
27 52 0.106 1 3
13 100 0.071 1 3
26 15 0.161 1 0
38 52 0.189 1 0
28 70 0.144 1 0
14 15 0.086 1 3
131 10 0.512 1 3
39 22 0.214 1 3
136 40 0.586 1 3
60 70 0.380 1 0
124 70 0.515 1 2
109 100 0.394 1 0
260 30 0.996 1 0
75 100 0.277 1 0
21 40 0.119 1 3
194 40 0.711 1 0
10 100 0.059 1 0
210 70 1.391 1 3
161 40 1.039 1 0
23 30 0.082 1 2
38 22 0.153 1 0
22 70 0.100 1 3
187 5 0.558 1 0
29 40 0.193 1 3
15 10 0.067 1 0
45 70 0.174 1 3
30 70 0.087 1 0
184 52 0.995 1 0
14 15 0.049 1 0
34 52 0.111 1 3
298 70 1.910 1 0
38 5 0.175 1 2
10 30 0.033 1 0
76 10 0.475 1 3
56 52 0.165 1 3
121 10 0.428 1 3
12 100 0.041 1 0
60 30 0.252 1 2
10 22 0.034 1 2
98 22 0.329 1 0
12 30 0.049 1 0
18 5 0.058 1 0
10 100 0.029 1 0
319 52 1.152 1 0
130 5 0.628 1 2
14 100 0.042 1 0
15 100 0.057 1 2
64 52 0.240 1 0
189 70 0.855 1 0
10 40 0.030 1 3
23 5 0.132 1 0
305 40 1.452 1 3
24 15 0.085 1 3
46 52 0.149 1 0
16 15 0.057 1 3
30 30 0.151 1 2
97 40 0.328 1 0
13 30 0.078 1 0
47 5 0.307 1 3
26 5 0.171 1 0
70 10 0.303 1 0
79 40 0.359 1 3
28 15 0.108 1 3
33 100 0.204 1 0
42 70 0.183 1 3
40 22 0.137 1 0
72 70 0.273 1 3
57 70 0.264 1 3
49 5 0.222 1 3
14 15 0.045 1 0
20 22 0.106 1 2
11 100 0.042 1 2
27 15 0.105 1 0
36 5 0.121 1 2
315 30 0.949 1 0
63 22 0.239 1 2
16 40 0.062 1 0
21 70 0.112 1 0
307 100 0.930 1 0
78 100 0.527 1 0
29 10 0.105 1 2
144 100 0.447 1 3
61 15 0.308 1 0
143 40 0.761 1 0
15 15 0.099 1 2
13 10 0.080 1 2
190 70 0.751 1 0
34 15 0.125 1 3
116 15 0.707 1 3
168 22 0.511 1 2
49 5 0.167 1 0
34 52 0.113 1 3
61 100 0.323 1 2
33 40 0.183 1 0
33 100 0.129 1 0
22 52 0.088 1 0
124 52 0.396 1 3
87 100 0.367 1 2
139 30 0.437 1 3
16 30 0.061 1 0
27 30 0.079 1 0
54 40 0.175 1 0
12 10 0.048 1 0
42 10 0.184 1 0
84 70 0.373 1 3
74 22 0.259 1 0
72 100 0.424 1 3
22 10 0.073 1 0
198 10 0.617 1 3
14 10 0.073 1 0
14 10 0.041 1 0
12 30 0.043 1 2
36 22 0.113 1 0
72 22 0.407 1 3
21 15 0.130 1 2
12 52 0.054 1 3
15 70 0.083 1 3
25 100 0.091 1 3
19 52 0.084 1 0
19 52 0.122 1 3
71 100 0.291 1 0
90 5 0.352 1 2
90 52 0.383 1 2
15 52 0.045 1 0
34 22 0.131 1 0
70 5 0.461 1 3
74 70 0.230 1 3
79 52 0.251 1 0
61 5 0.332 1 3
72 10 0.299 1 2
150 15 0.530 1 0
116 15 0.502 1 0
41 5 0.121 1 3
61 22 0.194 1 0
11 100 0.047 1 2
71 15 0.343 1 0
22 40 0.074 1 2
196 40 0.598 1 0
19 30 0.070 1 3
322 52 1.840 1 0
15 52 0.069 1 2
17 70 0.075 1 0
231 70 1.255 1 3
54 40 0.163 1 3
63 100 0.375 1 3
160 52 0.556 1 3
18 30 0.092 1 0
77 52 0.376 1 2
20 15 0.089 1 0
12 52 0.060 1 0
48 70 0.281 1 3
115 15 0.618 1 0
66 40 0.202 1 0
55 30 0.346 1 2
19 70 0.056 1 0
31 30 0.168 1 0
181 15 0.826 1 2
16 100 0.088 1 2
12 10 0.038 1 3
135 10 0.718 1 0
36 52 0.146 1 0
201 100 0.736 1 3
12 30 0.036 1 0
45 10 0.157 1 0
116 30 0.485 1 0
23 5 0.139 1 2
18 22 0.067 1 0
156 15 0.672 1 0
34 40 0.111 1 2
14 5 0.051 1 3
19 40 0.067 1 0
19 52 0.079 1 0
37 22 0.189 1 0
13 15 0.054 1 3
28 22 0.089 1 3
295 100 1.148 1 2
15 22 0.062 1 2
77 100 0.253 1 3
183 30 0.665 1 0
30 10 0.165 1 0
15 52 0.050 1 2
185 52 0.647 1 0
54 15 0.284 1 3
219 22 1.090 1 2
16 22 0.048 1 2
28 70 0.169 1 3
337 70 1.073 1 0
260 30 1.079 1 0
16 5 0.057 1 0
130 52 0.684 1 0
70 52 0.427 1 3
79 10 0.488 1 2
173 15 0.643 1 0
76 15 0.318 1 3
79 30 0.376 1 0
53 22 0.191 1 3
325 40 1.087 1 2
43 52 0.289 1 0
176 30 0.515 1 2
244 30 1.061 1 0
245 52 1.231 1 0
153 10 0.497 1 0
12 15 0.056 1 0
37 30 0.172 1 2
274 10 1.079 1 0
25 100 0.105 1 3
70 52 0.236 1 0
26 52 0.090 1 0
15 70 0.090 1 3
337 100 2.247 1 3
43 70 0.162 1 3
163 30 0.547 1 2
300 10 1.027 1 0
153 40 0.607 1 2
37 22 0.152 1 0
33 5 0.198 1 0
39 5 0.222 1 2
330 52 1.019 1 3
38 100 0.138 1 2
62 22 0.230 1 3
25 100 0.080 1 2
65 22 0.291 1 0
16 22 0.081 1 0
10 22 0.034 1 2
286 52 0.926 1 2
34 52 0.175 1 0
196 5 0.772 1 3
150 10 0.581 1 0
43 30 0.129 1 3
151 30 0.532 1 0
162 40 0.857 1 3
16 15 0.056 1 0
79 22 0.449 1 3
40 15 0.122 1 0
69 15 0.216 1 0
57 5 0.202 1 3
141 40 0.502 1 2
70 52 0.227 1 2
138 15 0.511 1 0
40 10 0.230 1 0
19 40 0.079 1 0
21 70 0.103 1 0
30 15 0.146 1 3
144 40 0.655 1 0
161 100 0.671 1 0
21 30 0.086 1 2
16 15 0.057 1 0
137 40 0.571 1 3
19 30 0.093 1 3
59 15 0.333 1 3
23 30 0.096 1 2
14 10 0.064 1 2
257 70 1.469 1 0
74 30 0.269 1 2
36 40 0.179 1 0
35 10 0.156 1 0
182 52 0.643 1 3
257 30 1.190 1 3
15 40 0.087 1 3
11 22 0.066 1 3
57 30 0.196 1 0
182 40 0.578 1 2
19 70 0.063 1 0
244 5 0.805 1 0
62 52 0.197 1 3
55 22 0.302 1 0
184 100 0.730 1 0
289 10 1.214 1 2
35 70 0.174 1 0
51 15 0.329 1 0
57 52 0.279 1 0
12 52 0.036 1 0
255 30 1.238 1 0
28 40 0.111 1 3
68 5 0.255 1 0
175 5 0.593 1 0
24 15 0.085 1 0
91 10 0.615 1 0
72 40 0.402 1 0
46 70 0.152 1 0
16 15 0.105 1 3
339 10 1.389 1 0
14 5 0.043 1 3
17 100 0.052 1 2
23 30 0.095 1 2
123 52 0.569 1 0
10 10 0.035 1 2
171 52 0.509 1 3
147 15 0.623 1 0
52 30 0.205 1 2
48 30 0.284 1 0
118 100 0.351 1 3
25 100 0.109 1 2
44 52 0.272 1 0
16 40 0.062 1 2
15 40 0.055 1 3
131 15 0.475 1 2
31 15 0.116 1 0
35 5 0.126 1 3
21 100 0.111 1 0
128 40 0.452 1 0
292 40 1.321 1 0
19 30 0.128 1 2
30 10 0.156 1 3
107 100 0.350 1 3
64 100 0.398 1 2
97 70 0.451 1 3
79 15 0.513 1 3
18 22 0.097 1 2
15 70 0.070 1 0
48 70 0.145 1 0
31 22 0.104 1 0
124 22 0.471 1 2
12 10 0.046 1 2
62 40 0.390 1 2
21 52 0.112 1 0
280 30 1.116 1 3
246 15 0.988 1 0
37 5 0.108 1 0
135 30 0.849 1 0
184 30 0.893 1 0
303 5 1.450 1 0
151 100 0.812 1 0
177 70 0.594 1 0
11 22 0.040 1 0
10 5 0.045 1 2
30 70 0.109 1 2
256 70 1.524 1 0
19 5 0.057 1 3
12 22 0.058 1 3
19 15 0.059 1 3
45 5 0.296 1 0
89 10 0.283 1 0
10 30 0.034 1 0
65 100 0.222 1 2
43 40 0.223 1 2
14 52 0.053 1 2
310 30 1.732 1 0
46 40 0.229 1 2
74 30 0.457 1 0
18 15 0.120 1 0
43 15 0.251 1 2
50 22 0.207 1 3
106 5 0.433 1 3
124 70 0.397 1 2
11 70 0.037 1 0
76 5 0.263 1 2
38 15 0.118 1 3
192 52 0.636 1 0
76 40 0.257 1 0
195 52 0.725 1 3
190 22 0.681 1 0
62 40 0.197 1 3
222 52 0.819 1 0
163 70 0.921 1 0
63 22 0.420 1 3
34 22 0.104 1 3
26 40 0.083 1 0
18 22 0.099 1 0
131 40 0.575 1 3
11 52 0.036 1 0
314 15 1.474 1 3
105 30 0.587 1 3
31 40 0.118 1 0
27 40 0.080 1 0
12 30 0.047 1 0
87 5 0.554 1 0
22 30 0.076 1 0
23 30 0.070 1 2
37 52 0.218 1 0
77 30 0.231 1 3
25 100 0.114 1 0
13 70 0.086 1 3
13 100 0.073 1 2
189 5 1.219 1 0
47 15 0.222 1 2
71 70 0.234 1 0
66 15 0.212 1 3
19 70 0.094 1 2
159 70 0.469 1 0
49 52 0.240 1 2
43 40 0.152 1 0
196 22 0.966 1 2
16 10 0.071 1 3
180 5 0.887 1 2
12 70 0.046 1 0
16 100 0.085 1 0
191 30 0.796 1 2
151 40 0.683 1 0
97 70 0.404 1 3
15 5 0.077 1 0
56 70 0.218 1 0
65 52 0.382 1 2
51 22 0.191 1 0
150 100 0.962 1 0
55 52 0.289 1 3
58 100 0.382 1 3
321 52 1.035 1 2
179 52 0.722 1 2
81 52 0.280 1 2
60 40 0.186 1 2
61 30 0.210 1 3
17 15 0.075 1 0
100 10 0.386 1 0
136 10 0.576 1 0
314 10 1.725 1 3
37 30 0.116 1 0
13 10 0.081 1 0
24 52 0.076 1 0
79 100 0.479 1 0
22 70 0.067 1 0
224 5 0.987 1 0
19 15 0.067 1 0
109 30 0.372 1 2
150 10 0.833 1 0
24 30 0.081 1 3
71 10 0.264 1 2
24 100 0.116 1 0
218 100 0.852 1 3
38 15 0.181 1 2
155 5 0.866 1 2
33 22 0.112 1 2
39 22 0.180 1 0
125 100 0.475 1 2
90 22 0.344 1 2
12 70 0.056 1 0
49 22 0.304 1 3
37 30 0.151 1 3
79 15 0.245 1 2
10 30 0.034 1 0
115 5 0.432 1 0
96 70 0.281 1 2
137 70 0.443 1 3
36 10 0.179 1 3
236 52 0.959 1 0
28 40 0.139 1 2
129 52 0.403 1 0
225 22 1.203 1 0
22 30 0.095 1 0
32 70 0.208 1 0
106 10 0.403 1 3
146 15 0.543 1 3
69 22 0.207 1 2
97 70 0.348 1 0
17 70 0.081 1 0
11 100 0.050 1 2
115 70 0.523 1 2
12 30 0.066 1 0
22 10 0.067 1 3
80 15 0.471 1 2
245 10 1.008 1 0
27 40 0.079 1 0
81 40 0.243 1 2
71 22 0.447 1 3
179 40 1.126 1 2
31 5 0.177 1 2
38 30 0.125 1 2
106 70 0.363 1 2
56 5 0.170 1 0
79 100 0.378 1 3
63 15 0.412 1 0
33 15 0.223 1 0
177 70 1.011 1 2
13 10 0.069 1 0
47 5 0.233 1 3
145 5 0.763 1 0
73 22 0.311 1 0
32 10 0.104 1 0
312 40 1.037 1 0
33 100 0.109 1 2
195 5 0.882 1 3
170 15 1.111 1 3
284 30 0.899 1 3
207 30 0.828 1 0
284 30 1.097 1 3
153 40 0.761 1 0
39 70 0.196 1 2
16 100 0.067 1 0
62 15 0.218 1 2
73 100 0.453 1 3
12 22 0.039 1 0
186 5 1.148 1 0
188 40 0.599 1 2
14 22 0.042 1 0
10 52 0.035 1 0
45 30 0.156 1 0
79 40 0.312 1 3
50 22 0.287 1 2
154 15 0.522 1 2
15 15 0.084 1 0
208 40 0.748 1 2
33 52 0.130 1 0
12 100 0.053 1 2
38 52 0.193 1 0
38 100 0.195 1 2
67 22 0.310 1 0
29 52 0.097 1 0
46 10 0.241 1 0
97 100 0.508 1 3
147 70 0.684 1 0
16 5 0.105 1 2
19 100 0.087 1 0
103 52 0.512 1 3
54 70 0.358 1 2
127 22 0.765 1 0
19 30 0.072 1 0
13 30 0.075 1 0
188 52 0.803 1 2
28 100 0.101 1 2
322 40 1.175 1 0
53 10 0.321 1 0
102 40 0.363 1 3
29 52 0.144 1 2
21 15 0.062 1 0
14 100 0.052 1 0
162 22 0.602 1 2
21 52 0.071 1 3
312 22 1.537 1 2
109 40 0.433 1 0
49 70 0.199 1 2
119 30 0.470 1 3
60 70 0.264 1 0
99 70 0.527 1 0
132 30 0.491 1 2
54 30 0.166 1 0
64 5 0.213 1 0
55 22 0.369 1 0
113 30 0.435 1 3
65 10 0.236 1 3
11 70 0.054 1 0
242 22 1.541 1 2
61 22 0.271 1 2
37 22 0.200 1 3
28 30 0.095 1 0
85 30 0.359 1 0
54 40 0.228 1 2
10 40 0.045 1 0
41 40 0.134 1 0
23 30 0.153 1 0
238 5 0.778 1 2
41 70 0.227 1 0
16 40 0.082 1 3
49 15 0.168 1 3
103 22 0.466 1 2
30 40 0.131 1 0
26 100 0.087 1 2
123 5 0.676 1 2
21 70 0.112 1 2
16 40 0.068 1 0
45 100 0.152 1 2
101 30 0.365 1 3
66 52 0.241 1 3
21 22 0.078 1 0
18 10 0.068 1 0
104 40 0.536 1 0
191 30 1.085 1 0
124 30 0.585 1 0
58 5 0.236 1 0
41 10 0.135 1 0
16 10 0.048 1 2
176 70 0.893 1 0
13 22 0.040 1 0
13 15 0.066 1 0
77 10 0.229 1 0
17 22 0.084 1 0
53 22 0.319 1 3
211 30 0.790 1 0
32 15 0.116 1 0
37 100 0.194 1 0
20 40 0.094 1 0
176 52 0.568 1 0
296 22 0.934 1 0
12 10 0.080 1 2
88 15 0.550 1 3
73 22 0.311 1 2
35 22 0.134 1 2
44 70 0.178 1 2
11 52 0.049 1 2
189 22 0.784 1 0
226 100 1.153 1 3
80 22 0.286 1 0
239 52 1.390 1 0
33 52 0.107 1 0
51 22 0.198 1 0
37 52 0.131 1 0
21 52 0.094 1 0
174 70 0.857 1 2
22 22 0.096 1 0
12 70 0.043 1 0
13 70 0.040 1 2
33 52 0.120 1 0
24 30 0.106 1 2
13 40 0.064 1 0
76 70 0.293 1 3
29 70 0.106 1 0
165 30 0.846 1 0
41 40 0.157 1 2
32 40 0.118 1 0
12 52 0.037 1 3
51 30 0.215 1 3
26 10 0.156 1 0
53 100 0.205 1 2
15 10 0.067 1 0
335 52 1.438 1 2
48 52 0.183 1 0
202 40 0.596 1 0
26 100 0.090 1 0
167 40 0.532 1 3
13 15 0.074 1 0
166 5 1.044 1 0
26 5 0.121 1 0
136 100 0.670 1 0
11 15 0.044 1 2
40 100 0.201 1 3
73 30 0.222 1 3
72 22 0.304 1 0
271 22 0.869 1 3
22 52 0.075 1 3
38 30 0.119 1 2
72 15 0.252 1 0
40 52 0.120 1 2
35 10 0.187 1 0
20 15 0.091 1 2
21 70 0.061 1 0
37 5 0.152 1 2
17 5 0.079 1 3
14 40 0.070 1 0
201 52 0.770 1 0
37 22 0.242 1 2
69 52 0.408 1 0
54 70 0.194 1 0
275 30 1.310 1 0
13 10 0.056 1 0
171 40 1.110 1 0
14 15 0.047 1 0
137 100 0.482 1 0
54 52 0.160 1 2
191 70 0.601 1 0
16 15 0.055 1 0
218 40 0.696 1 2
21 52 0.096 1 3
39 22 0.159 1 2
75 70 0.326 1 0
68 22 0.398 1 2
79 30 0.473 1 0
22 15 0.082 1 2
39 70 0.142 1 3
13 10 0.040 1 2
151 70 0.657 1 3
28 30 0.088 1 0
31 22 0.114 1 0
56 15 0.354 1 2
168 5 0.828 1 0
47 70 0.162 1 3
14 40 0.045 1 0
36 5 0.171 1 2
45 52 0.151 1 3
159 52 0.486 1 0
87 100 0.385 1 3
69 10 0.356 1 2
75 52 0.306 1 3
62 5 0.413 1 2
18 15 0.107 1 3
48 100 0.270 1 2
11 5 0.050 1 0
89 100 0.426 1 0
33 30 0.123 1 3
17 10 0.081 1 0
35 40 0.103 1 2
11 100 0.034 1 2
112 100 0.671 1 0
182 22 0.714 1 2
11 10 0.042 1 3
13 22 0.063 1 2
126 15 0.420 1 2
212 52 0.855 1 3
12 40 0.039 1 0
117 30 0.459 1 0
192 40 1.103 1 3
168 5 0.889 1 2
13 15 0.073 1 2
10 15 0.044 1 0
16 22 0.094 1 0
107 15 0.682 1 3
64 40 0.277 1 0
174 15 0.967 1 3
58 15 0.169 1 0
20 40 0.073 1 2
14 5 0.058 1 0
65 40 0.304 1 0
10 22 0.041 1 0
19 22 0.110 1 0
18 70 0.110 1 3
16 22 0.065 1 3
23 40 0.083 1 2
290 30 1.895 1 0
16 22 0.092 1 2
173 10 0.709 1 2
16 70 0.086 1 0
61 100 0.399 1 2
151 70 0.686 1 2
78 5 0.289 1 0
25 52 0.127 1 2
19 5 0.082 1 3
22 52 0.065 1 3
13 22 0.076 1 0
305 40 1.439 1 0
17 22 0.052 1 0
10 30 0.039 1 0
98 22 0.590 1 2
83 52 0.290 1 0
26 40 0.107 1 0
14 52 0.084 1 0
71 10 0.335 1 2
19 70 0.075 1 0
16 22 0.057 1 0
64 10 0.247 1 0
92 100 0.287 1 0
12 15 0.055 1 2
22 22 0.065 1 0
182 70 0.774 1 2
20 70 0.080 1 0
254 52 1.045 1 2
17 40 0.062 1 2
162 15 0.476 1 0
187 52 0.613 1 3
292 40 1.669 1 0
42 30 0.196 1 3
194 40 1.000 1 0
39 15 0.129 1 0
16 22 0.052 1 2
323 52 1.052 1 0
194 15 0.579 1 2
65 5 0.392 1 2
111 52 0.575 1 0
13 10 0.060 1 2
60 22 0.339 1 0
17 30 0.111 1 0
126 40 0.374 1 0
34 22 0.209 1 3
37 15 0.216 1 3
198 10 0.880 1 3
12 10 0.069 1 0
74 22 0.387 1 3
67 52 0.247 1 0
61 10 0.213 1 3
15 22 0.046 1 3
19 100 0.062 1 0
50 10 0.156 1 0
40 70 0.211 1 2
38 40 0.167 1 2
47 52 0.159 1 0
18 15 0.059 1 0
60 22 0.189 1 2
33 5 0.124 1 0
11 100 0.062 1 0
162 70 0.848 1 0
11 52 0.039 1 0
38 5 0.177 1 3
53 70 0.214 1 0
59 15 0.388 1 3
55 5 0.200 1 0
43 22 0.181 1 0
61 52 0.196 1 2
63 100 0.224 1 0
35 52 0.135 1 0
17 22 0.090 1 0
68 30 0.300 1 0
265 10 0.833 1 0
241 22 0.726 1 2
17 5 0.069 1 0
331 15 1.130 1 0
35 52 0.185 1 3
37 10 0.120 1 2
31 5 0.137 1 0
105 10 0.355 1 0
171 15 0.546 1 3
39 22 0.209 1 0
260 5 1.294 1 0
234 70 1.049 1 0
20 22 0.116 1 0
39 22 0.114 1 0
10 22 0.030 1 3
189 5 0.964 1 3
151 15 0.719 1 3
69 5 0.399 1 3
82 70 0.342 1 3
24 70 0.099 1 0
64 5 0.350 1 0
35 40 0.117 1 0
148 15 0.617 1 0
36 15 0.152 1 0
173 30 0.759 1 3
24 22 0.136 1 0
167 15 0.773 1 0
17 30 0.063 1 2
24 100 0.129 1 3
70 30 0.217 1 3
30 10 0.152 1 0
43 100 0.274 1 2
193 70 0.619 1 2
249 100 0.776 1 2
195 10 0.863 1 0
15 40 0.073 1 3
70 15 0.376 1 0
74 100 0.251 1 0
18 70 0.077 1 2
35 10 0.174 1 0
51 40 0.327 1 0
21 100 0.062 1 3
55 40 0.166 1 0
153 22 0.486 1 2
19 30 0.088 1 0
317 10 1.229 1 0
71 40 0.423 1 2
39 22 0.225 1 0
189 22 0.585 1 2
72 40 0.285 1 0
28 52 0.100 1 0
76 10 0.371 1 0
46 100 0.154 1 3
30 15 0.096 1 0
34 70 0.158 1 0
12 5 0.073 1 3
61 100 0.194 1 2
27 30 0.091 1 0
185 10 0.853 1 0
50 100 0.173 1 0
89 70 0.266 1 0
242 100 0.949 1 3
43 5 0.231 1 0
47 40 0.162 1 3
32 30 0.137 1 2
18 10 0.118 1 0
123 70 0.504 1 0
39 70 0.122 1 0
34 40 0.218 1 0
304 70 1.052 1 0
47 10 0.313 1 2
36 22 0.116 1 0
18 5 0.075 1 2
122 100 0.515 1 0
154 70 0.681 1 0
14 5 0.080 1 0
90 5 0.439 1 2
61 5 0.218 1 0
16 10 0.058 1 2
15 100 0.066 1 2
141 70 0.448 1 0
18 70 0.119 1 3
17 15 0.072 1 3
166 5 0.622 1 0
11 70 0.036 1 3
159 10 0.723 1 0
10 52 0.058 1 0
149 40 0.584 1 0
38 10 0.178 1 0
127 40 0.502 1 3
325 100 1.121 1 0
310 70 1.348 1 0
70 100 0.308 1 2
203 100 1.301 1 0
42 10 0.139 1 2
125 5 0.762 1 0
38 22 0.233 1 0
12 22 0.046 1 0
10 10 0.056 1 3
223 5 1.297 1 0
43 15 0.173 1 3
16 10 0.054 1 2
144 52 0.493 1 0
60 30 0.225 1 0
34 15 0.148 1 0
49 10 0.192 1 0
12 22 0.037 1 2
226 22 0.671 1 3
16 30 0.062 1 0
50 52 0.281 1 2
76 70 0.400 1 3
24 30 0.150 1 0
70 40 0.314 1 2
157 70 0.781 1 2
157 30 0.737 1 2
61 10 0.248 1 2
19 10 0.059 1 3
49 100 0.206 1 2
29 70 0.094 1 2
14 15 0.042 1 0
23 70 0.124 1 3
14 40 0.049 1 2
93 70 0.292 1 2
232 40 0.725 1 0
78 22 0.411 1 0
17 5 0.060 1 0
71 5 0.428 1 2
17 5 0.069 1 0
20 15 0.063 1 0
168 5 0.848 1 0
231 22 1.262 1 3
76 22 0.369 1 2
17 15 0.053 1 0
20 70 0.067 1 0
11 5 0.038 1 2
133 5 0.639 1 3
28 52 0.100 1 0
67 10 0.387 1 3
35 52 0.105 1 2
48 10 0.197 1 0
165 100 0.600 1 2
141 10 0.605 1 2
94 30 0.492 1 3
46 52 0.224 1 3
205 100 1.323 1 3
16 100 0.084 1 2
26 100 0.079 1 3
53 5 0.310 1 3
38 10 0.188 1 2
128 40 0.637 1 0
15 100 0.099 1 3
108 30 0.545 1 3
152 100 0.720 1 3
155 100 0.492 1 3
16 5 0.051 1 2
11 30 0.041 1 3
339 100 1.104 1 0
22 15 0.081 1 3
18 30 0.060 1 0
11 22 0.071 1 3
34 30 0.140 1 0
49 30 0.211 1 2
123 10 0.372 1 3
59 10 0.345 1 0
28 10 0.151 1 0
176 40 0.772 1 3
66 22 0.201 1 0
54 5 0.270 1 2
74 22 0.239 2 0
78 100 0.234 2 0
47 15 0.290 2 3
63 40 0.409 2 1
30 30 0.131 2 3
65 10 0.302 2 0
34 15 0.130 2 0
12 100 0.055 2 0
45 70 0.271 2 0
77 5 0.314 2 0
48 5 0.265 2 3
15 100 0.055 2 1
17 5 0.076 2 0
57 30 0.279 2 1
99 10 0.505 2 3
13 10 0.051 2 3
39 70 0.172 2 1
18 15 0.108 2 3
13 30 0.080 2 1
17 15 0.062 2 0
78 15 0.252 2 1
41 22 0.144 2 3
41 22 0.154 2 1
193 100 0.828 2 1
11 15 0.072 2 0
18 10 0.085 2 0
26 15 0.141 2 3
188 30 1.068 2 3
17 5 0.050 2 0
60 40 0.183 2 1
11 10 0.042 2 0
36 10 0.178 2 0
70 10 0.246 2 1
54 100 0.199 2 3
188 52 0.746 2 1
167 52 0.723 2 3
48 22 0.164 2 0
142 40 0.542 2 3
329 5 1.621 2 3
24 10 0.102 2 0
14 5 0.055 2 0
308 70 1.453 2 0
287 100 0.905 2 0
251 5 0.763 2 0
35 52 0.224 2 0
64 52 0.256 2 0
218 15 0.960 2 0
93 22 0.322 2 3
147 40 0.492 2 0
130 22 0.402 2 0
33 5 0.219 2 0
37 10 0.190 2 0
141 30 0.413 2 3
25 30 0.137 2 0
30 70 0.179 2 0
75 10 0.228 2 0
50 100 0.309 2 1
17 22 0.059 2 0
186 100 0.869 2 0
39 30 0.130 2 0
13 52 0.049 2 0
11 52 0.039 2 0
145 40 0.751 2 1
13 15 0.040 2 3
10 5 0.038 2 0
61 70 0.222 2 1
28 30 0.129 2 0
48 70 0.158 2 0
118 10 0.576 2 0
19 10 0.086 2 0
32 70 0.113 2 0
19 40 0.092 2 0
41 52 0.149 2 3
78 5 0.316 2 0
161 30 0.561 2 0
54 30 0.231 2 1
23 30 0.145 2 0
58 100 0.180 2 3
265 40 1.743 2 1
11 5 0.042 2 0
33 15 0.156 2 1
13 10 0.051 2 3
18 15 0.103 2 1
74 22 0.484 2 1
110 40 0.386 2 3
55 15 0.329 2 0
11 30 0.044 2 0
24 52 0.099 2 0
281 5 1.536 2 0
126 70 0.429 2 1
15 30 0.066 2 0
66 40 0.204 2 1
59 22 0.267 2 1
28 40 0.112 2 1
48 5 0.205 2 0
18 30 0.096 2 0
82 40 0.446 2 0
36 70 0.127 2 0
113 10 0.589 2 1
72 100 0.398 2 0
14 22 0.041 2 0
30 10 0.133 2 3
113 40 0.341 2 0
10 30 0.049 2 3
23 10 0.111 2 1
172 10 0.570 2 0
176 52 0.545 2 1
27 100 0.182 2 0
19 10 0.057 2 1
18 5 0.054 2 0
152 15 0.533 2 1
61 100 0.275 2 1
62 70 0.250 2 0
18 22 0.056 2 3
46 15 0.211 2 0
19 40 0.062 2 0
133 10 0.426 2 1
18 10 0.054 2 3
47 10 0.292 2 3
19 30 0.096 2 0
66 22 0.319 2 0
15 40 0.044 2 0
40 40 0.120 2 0
160 52 0.748 2 0
12 30 0.050 2 0
68 5 0.329 2 1
88 22 0.300 2 0
34 70 0.122 2 1
18 52 0.055 2 0
52 10 0.319 2 3
13 100 0.042 2 3
142 100 0.520 2 3
19 30 0.066 2 3
18 5 0.098 2 3
15 70 0.087 2 1
34 70 0.135 2 1
21 15 0.063 2 1
13 15 0.045 2 0
72 22 0.224 2 0
78 70 0.232 2 0
26 22 0.122 2 0
47 70 0.174 2 1
15 10 0.061 2 0
111 30 0.440 2 0
10 22 0.040 2 0
18 40 0.093 2 3
208 70 0.816 2 0
33 40 0.130 2 0
87 40 0.527 2 3
292 10 1.497 2 1
14 15 0.056 2 0
12 40 0.062 2 0
20 22 0.072 2 0
19 100 0.076 2 3
13 5 0.069 2 1
38 40 0.120 2 3
17 40 0.101 2 0
38 15 0.117 2 0
19 22 0.078 2 0
26 40 0.103 2 0
17 22 0.053 2 1
15 22 0.088 2 0
119 30 0.551 2 0
49 5 0.157 2 0
17 22 0.090 2 3
12 52 0.046 2 3
186 100 0.869 2 0
18 22 0.067 2 3
17 70 0.083 2 3
16 30 0.053 2 1
26 15 0.123 2 1
197 70 0.732 2 3
159 15 0.564 2 0
78 22 0.368 2 0
102 5 0.658 2 0
37 22 0.109 2 3
13 22 0.074 2 1
22 70 0.087 2 0
19 5 0.092 2 3
68 40 0.256 2 0
28 30 0.137 2 1
14 5 0.060 2 3
42 5 0.227 2 3
15 70 0.099 2 0
10 40 0.045 2 0
22 10 0.103 2 0
21 5 0.087 2 0
23 40 0.072 2 3
170 22 0.680 2 3
20 100 0.072 2 3
21 40 0.062 2 3
15 5 0.063 2 1
143 40 0.761 2 0
17 52 0.067 2 1
55 100 0.177 2 3
191 100 0.586 2 0
35 30 0.170 2 0
66 22 0.194 2 0
213 100 0.661 2 0
13 10 0.045 2 1
28 52 0.108 2 3
42 52 0.163 2 0
52 22 0.168 2 3
183 5 0.738 2 1
17 100 0.087 2 0
26 10 0.161 2 1
34 5 0.116 2 0
36 10 0.185 2 0
198 100 0.579 2 0
66 100 0.266 2 1
16 10 0.077 2 0
12 5 0.062 2 1
62 70 0.209 2 3
59 10 0.349 2 0
19 70 0.121 2 3
51 10 0.319 2 1
22 40 0.094 2 0
335 22 1.463 2 0
14 30 0.048 2 1
150 10 0.721 2 0
194 10 0.698 2 1
34 5 0.123 2 1
36 10 0.216 2 0
197 15 0.576 2 0
41 30 0.219 2 0
80 22 0.316 2 0
159 10 0.580 2 0
19 22 0.059 2 0
41 30 0.252 2 0
86 15 0.386 2 0
292 10 0.866 2 3
30 52 0.185 2 1
35 40 0.162 2 0
68 70 0.333 2 0
22 100 0.139 2 3
38 70 0.199 2 0
137 52 0.626 2 0
49 15 0.188 2 0
16 30 0.049 2 0
19 15 0.076 2 3
196 30 0.636 2 0
62 15 0.249 2 0
25 30 0.145 2 3
56 5 0.186 2 0
28 52 0.097 2 3
150 22 0.802 2 0
44 22 0.277 2 1
93 22 0.592 2 3
31 5 0.161 2 3
42 70 0.142 2 0
25 40 0.115 2 0
46 100 0.194 2 1
13 10 0.043 2 1
55 10 0.301 2 3
58 100 0.230 2 0
40 22 0.141 2 3
13 52 0.041 2 1
133 22 0.624 2 0
77 70 0.257 2 0
10 22 0.033 2 0
35 22 0.125 2 0
36 10 0.124 2 3
10 10 0.057 2 0
210 22 1.077 2 0
28 15 0.096 2 3
18 40 0.099 2 1
290 70 0.861 2 1
61 10 0.218 2 0
40 70 0.132 2 0
30 52 0.091 2 3
18 30 0.066 2 3
48 40 0.140 2 3
36 5 0.177 2 1
21 22 0.068 2 3
68 100 0.297 2 0
219 70 1.480 2 1
25 30 0.132 2 0
20 30 0.071 2 0
14 70 0.046 2 1
228 70 1.288 2 1
217 10 0.861 2 0
65 52 0.192 2 3
235 10 0.708 2 0
136 30 0.861 2 0
179 30 0.663 2 0
39 100 0.224 2 3
21 15 0.088 2 0
26 30 0.112 2 3
31 70 0.116 2 0
189 10 0.900 2 1
14 5 0.042 2 0
12 30 0.046 2 1
28 22 0.100 2 1
11 30 0.032 2 0
59 52 0.247 2 0
142 52 0.488 2 0
72 52 0.295 2 0
14 40 0.055 2 0
11 30 0.032 2 0
129 22 0.768 2 1
28 30 0.119 2 0
14 52 0.069 2 3
12 22 0.046 2 1
108 40 0.502 2 0
30 30 0.115 2 0
53 40 0.250 2 0
11 40 0.045 2 3
61 15 0.396 2 0
12 30 0.039 2 0
25 15 0.079 2 0
17 100 0.050 2 1
13 10 0.081 2 0
27 52 0.096 2 0
38 52 0.140 2 0
75 40 0.478 2 0
196 52 0.813 2 3
190 70 0.646 2 3
178 100 0.764 2 0
54 22 0.194 2 0
11 22 0.043 2 0
14 40 0.058 2 3
316 40 1.149 2 0
29 10 0.139 2 0
186 5 1.232 2 0
11 30 0.064 2 3
24 52 0.108 2 1
319 5 1.213 2 3
12 22 0.057 2 0
317 30 1.219 2 0
276 22 1.476 2 0
159 100 0.893 2 3
39 52 0.241 2 0
78 22 0.388 2 0
23 10 0.068 2 1
302 10 1.669 2 3
33 22 0.097 2 3
51 30 0.273 2 0
41 40 0.158 2 0
17 52 0.051 2 0
330 40 1.269 2 3
13 52 0.042 2 1
23 70 0.071 2 3
257 15 0.988 2 1
18 30 0.068 2 0
109 40 0.534 2 0
11 15 0.054 2 0
35 70 0.115 2 3
119 15 0.492 2 0
16 52 0.089 2 0
10 52 0.038 2 3
100 5 0.498 2 0
200 40 1.258 2 0
70 22 0.224 2 0
29 10 0.104 2 3
59 40 0.175 2 0
30 15 0.107 2 0
26 15 0.080 2 0
173 5 1.048 2 3
125 40 0.731 2 0
35 40 0.153 2 3
111 15 0.410 2 0
129 52 0.461 2 1
15 5 0.052 2 0
61 10 0.285 2 1
327 22 1.048 2 1
149 22 0.514 2 0
33 10 0.184 2 0
312 22 1.122 2 0
73 30 0.218 2 0
28 70 0.172 2 1
15 100 0.092 2 0
15 100 0.058 2 0
208 15 1.000 2 0
16 22 0.060 2 0
261 30 0.876 2 3
253 22 1.115 2 0
49 30 0.144 2 3
20 100 0.119 2 0
78 52 0.277 2 0
30 22 0.134 2 0
13 10 0.053 2 0
25 40 0.143 2 0
122 10 0.381 2 3
12 30 0.067 2 3
144 22 0.541 2 3
221 22 0.902 2 1
41 100 0.177 2 0
22 100 0.106 2 0
218 10 1.416 2 0
68 100 0.305 2 0
79 40 0.356 2 1
12 15 0.062 2 0
238 22 1.266 2 0
70 30 0.303 2 0
16 40 0.056 2 3
13 22 0.046 2 1
77 70 0.262 2 1
25 52 0.081 2 3
33 5 0.104 2 1
11 15 0.055 2 0
109 22 0.637 2 3
235 30 0.699 2 0
93 70 0.391 2 3
187 40 0.766 2 0
339 5 1.206 2 0
50 15 0.181 2 0
158 52 0.601 2 3
10 70 0.042 2 0
31 5 0.096 2 1
308 5 0.954 2 0
65 30 0.195 2 0
38 15 0.114 2 0
319 100 1.135 2 3
31 52 0.093 2 0
77 70 0.301 2 3
214 100 0.799 2 0
52 40 0.218 2 0
30 22 0.122 2 0
12 5 0.065 2 3
39 70 0.119 2 0
30 10 0.181 2 0
101 40 0.314 2 0
73 40 0.243 2 1
16 5 0.059 2 1
97 10 0.495 2 3
14 10 0.062 2 0
48 70 0.176 2 0
21 100 0.111 2 0
26 40 0.117 2 0
81 15 0.318 2 0
12 5 0.041 2 0
185 22 0.587 2 0
31 5 0.106 2 0
59 5 0.204 2 1
65 5 0.195 2 0
297 40 1.275 2 0
35 5 0.207 2 1
28 100 0.084 2 1
74 5 0.500 2 1
185 52 1.039 2 0
315 70 1.445 2 0
26 70 0.085 2 3
61 100 0.307 2 0
15 5 0.070 2 0
11 22 0.073 2 0
56 30 0.267 2 3
150 52 0.773 2 1
321 40 1.452 2 0
38 40 0.191 2 3
55 22 0.288 2 1
59 52 0.229 2 0
17 30 0.067 2 3
18 5 0.054 2 0
13 30 0.071 2 3
56 22 0.196 2 0
129 70 0.566 2 0
55 70 0.246 2 3
168 5 0.796 2 3
30 5 0.130 2 0
48 15 0.142 2 0
47 22 0.217 2 3
21 52 0.069 2 3
98 22 0.426 2 0
21 5 0.124 2 3
15 30 0.053 2 0
19 5 0.084 2 1
18 30 0.060 2 3
20 15 0.073 2 0
120 40 0.526 2 1
58 22 0.193 2 0
223 100 0.814 2 0
26 30 0.099 2 0
19 40 0.120 2 0
26 52 0.169 2 1
286 30 0.836 2 0
44 70 0.170 2 0
239 70 1.044 2 3
72 52 0.313 2 3
294 22 1.556 2 0
138 30 0.595 2 0
152 15 0.603 2 0
55 100 0.248 2 1
19 5 0.060 2 0
29 15 0.147 2 3
26 5 0.091 2 0
153 70 0.736 2 0
27 10 0.084 2 3
86 5 0.335 2 0
132 15 0.603 2 1
31 5 0.127 2 0
111 70 0.725 2 0
155 30 0.923 2 0
294 40 1.572 2 0
17 100 0.058 2 1
53 70 0.266 2 1
95 30 0.540 2 0
39 100 0.204 2 1
15 22 0.064 2 0
110 40 0.495 2 3
226 22 0.890 2 0
104 5 0.327 2 1
56 15 0.277 2 3
291 15 1.732 2 0
15 40 0.086 2 0
46 100 0.178 2 0
55 5 0.224 2 3
16 100 0.066 2 0
19 10 0.101 2 3
285 30 0.960 2 3
15 40 0.051 2 1
204 100 1.025 2 1
40 70 0.119 2 0
24 22 0.095 2 3
118 22 0.667 2 0
307 5 1.190 2 1
171 30 1.043 2 0
70 100 0.239 2 1
76 30 0.406 2 3
150 70 0.490 2 1
76 40 0.235 2 3
158 40 0.988 2 0
169 52 0.558 2 0
75 5 0.284 2 0
121 40 0.508 2 0
300 30 1.449 2 3
134 52 0.663 2 0
94 30 0.372 2 1
85 52 0.403 2 1
87 70 0.264 2 1
63 52 0.300 2 3
131 40 0.388 2 1
66 40 0.281 2 1
155 15 0.657 2 1
11 5 0.034 2 1
20 15 0.062 2 3
43 22 0.125 2 0
13 10 0.055 2 3
132 40 0.702 2 1
18 100 0.094 2 0
78 52 0.411 2 0
12 100 0.037 2 0
338 70 1.770 2 1
124 22 0.539 2 1
63 5 0.234 2 3
52 15 0.172 2 0
162 70 0.492 2 1
30 15 0.118 2 3
90 40 0.573 2 1
27 100 0.152 2 1
24 30 0.146 2 1
332 30 1.302 2 0
21 5 0.092 2 1
16 10 0.096 2 3
19 30 0.057 2 1
38 100 0.113 2 1
56 30 0.333 2 0
107 5 0.402 2 3
24 5 0.074 2 0
15 30 0.070 2 3
76 100 0.241 2 0
13 5 0.067 2 1
20 30 0.088 2 1
334 15 1.722 2 0
324 22 1.714 2 0
14 5 0.085 2 0
89 5 0.410 2 1
15 52 0.054 2 0
28 10 0.092 2 0
47 40 0.264 2 0
52 40 0.191 2 0
55 15 0.198 2 0
56 40 0.352 2 3
62 52 0.405 2 0
212 52 0.760 2 0
24 100 0.091 2 0
18 22 0.067 2 1
10 30 0.035 2 3
100 15 0.599 2 1
51 10 0.210 2 0
45 70 0.137 2 3
32 22 0.122 2 0
65 10 0.288 2 1
154 15 0.631 2 1
77 10 0.339 2 0
64 22 0.213 2 3
17 40 0.055 2 0
161 10 0.563 2 0
69 15 0.394 2 0
314 5 1.805 2 0
23 15 0.114 2 3
26 100 0.093 2 0
189 52 0.559 2 1
66 40 0.238 2 1
103 52 0.381 2 1
294 70 1.771 2 1
126 5 0.548 2 3
10 10 0.033 2 0
232 70 1.557 2 0
149 15 0.753 2 3
33 22 0.221 2 1
54 22 0.183 2 0
38 100 0.178 2 0
18 22 0.111 2 0
27 15 0.087 2 3
166 70 0.703 2 3
36 22 0.209 2 3
27 30 0.089 2 0
21 22 0.100 2 0
334 10 1.160 2 3
24 52 0.138 2 3
92 40 0.617 2 0
39 70 0.126 2 3
100 15 0.518 2 0
14 30 0.076 2 3
295 40 1.799 2 0
19 30 0.062 2 0
182 22 0.611 2 1
18 40 0.062 2 1
90 5 0.402 2 0
23 22 0.095 2 0
28 40 0.121 2 3
38 100 0.239 2 3
16 100 0.049 2 1
136 22 0.471 2 1
17 70 0.069 2 0
73 70 0.480 2 0
85 100 0.541 2 0
105 100 0.422 2 3
308 22 1.426 2 0
34 52 0.111 2 0
18 30 0.064 2 3
57 52 0.192 2 1
69 22 0.354 2 1
13 5 0.050 2 3
54 70 0.186 2 3
17 15 0.076 2 1
57 22 0.176 2 1
68 40 0.274 2 1
44 5 0.257 2 1
193 100 1.142 2 1
109 5 0.616 2 0
19 40 0.057 2 0
136 10 0.613 2 0
32 15 0.098 2 3
44 52 0.136 2 1
55 100 0.348 2 3
31 22 0.098 2 1
12 70 0.043 2 1
29 40 0.123 2 0
13 22 0.052 2 1
66 52 0.400 2 1
28 70 0.091 2 0
15 5 0.074 2 0
33 70 0.112 2 1
14 15 0.083 2 3
23 10 0.106 2 0
18 70 0.084 2 3
18 40 0.069 2 3
24 15 0.083 2 0
155 30 0.871 2 3
14 100 0.051 2 1
165 52 0.525 2 1
11 70 0.046 2 0
23 30 0.100 2 1
74 30 0.378 2 1
27 5 0.113 2 0
18 10 0.081 2 1
61 30 0.285 2 0
17 30 0.055 2 0
59 52 0.267 2 0
101 40 0.459 2 3
65 70 0.229 2 3
165 100 0.702 2 0
140 22 0.648 2 0
157 15 0.809 2 1
194 70 0.721 2 1
12 40 0.046 2 1
60 22 0.243 2 0
148 70 0.635 2 1
141 52 0.571 2 3
31 22 0.126 2 3
236 52 1.129 2 0
12 10 0.049 2 1
31 70 0.123 2 1
56 100 0.329 2 0
131 40 0.615 2 0
72 10 0.243 2 0
14 10 0.069 2 0
14 15 0.060 2 1
134 15 0.593 2 0
12 15 0.047 2 3
15 10 0.072 2 0
38 70 0.224 2 0
187 52 1.255 2 0
15 10 0.049 2 0
262 40 0.932 2 1
166 22 0.512 2 0
171 100 0.668 2 0
55 15 0.329 2 3
46 52 0.305 2 0
284 30 0.969 2 3
66 10 0.317 2 0
16 22 0.100 2 0
32 5 0.118 2 3
25 52 0.099 2 3
162 5 0.768 2 3
10 30 0.033 2 0
81 70 0.343 2 3
195 70 1.258 2 1
18 30 0.063 2 1
273 70 0.996 2 3
51 52 0.220 2 0
25 70 0.117 2 1
26 100 0.095 2 1
111 70 0.334 2 0
19 70 0.091 2 0
75 22 0.369 2 0
15 100 0.051 2 3
27 22 0.126 2 1
41 70 0.152 2 1
87 52 0.442 2 0
12 40 0.046 2 0
91 5 0.419 2 1
19 52 0.068 2 3
55 100 0.236 2 0
45 100 0.227 2 1
25 100 0.098 2 1
41 52 0.182 2 3
36 70 0.107 2 0
89 15 0.259 2 1
67 15 0.416 2 0
45 40 0.148 2 0
12 15 0.070 2 0
23 52 0.082 2 1
164 40 0.667 2 0
77 5 0.322 2 3
158 40 0.541 2 1
99 30 0.569 2 0
112 30 0.335 2 0
91 15 0.455 2 0
14 5 0.067 2 0
26 100 0.107 2 0
26 40 0.089 2 3
53 30 0.168 2 3
164 5 0.554 2 3
16 52 0.055 2 0
28 40 0.089 2 1
15 10 0.087 2 0
32 52 0.105 2 3
16 10 0.053 2 0
48 70 0.151 2 1
59 40 0.298 2 3
79 40 0.296 2 0
169 100 1.056 2 0
40 100 0.149 2 1
15 40 0.044 2 3
38 10 0.242 2 0
36 100 0.106 2 0
35 100 0.143 2 1
83 40 0.483 2 0
78 5 0.246 2 0
289 100 0.845 2 0
290 5 1.213 2 0
317 15 1.201 2 0
111 5 0.552 2 1
171 70 0.626 2 0
49 22 0.152 2 3
338 10 1.579 2 3
147 30 0.523 2 1
49 5 0.268 2 0
126 70 0.474 2 3
16 52 0.068 2 0
16 15 0.079 2 3
138 30 0.556 2 3
83 52 0.459 2 1
64 30 0.204 2 3
37 30 0.216 2 0
28 22 0.167 2 1
132 10 0.419 2 1
31 30 0.129 2 0
72 70 0.267 2 0
37 5 0.121 2 0
95 40 0.291 2 0
66 30 0.342 2 0
75 5 0.436 2 0
45 40 0.243 2 0
15 30 0.057 2 0
79 40 0.279 2 1
35 22 0.164 2 3
30 22 0.132 2 1
138 70 0.885 2 1
167 40 0.568 2 1
36 30 0.195 2 0
11 30 0.038 2 1
41 10 0.236 2 0
62 10 0.267 2 1
29 15 0.091 2 0
335 30 1.573 2 3
38 100 0.242 2 1
123 10 0.591 2 3
65 22 0.363 2 1
23 100 0.126 2 0
31 15 0.094 2 1
32 22 0.100 2 0
24 15 0.078 2 1
33 70 0.122 2 1
16 40 0.057 2 1
12 22 0.036 2 1
46 40 0.172 2 0
14 70 0.093 2 0
65 5 0.198 2 3
66 52 0.208 2 0
69 52 0.225 2 3
54 30 0.269 2 3
62 100 0.239 2 1
333 10 1.411 2 3
191 40 0.946 2 3
10 100 0.051 2 0
11 5 0.038 2 3
64 30 0.413 2 0
276 15 0.986 2 1
18 70 0.087 2 0
19 22 0.087 2 0
41 40 0.161 2 1
30 5 0.119 2 1
40 40 0.172 2 3
309 40 0.901 2 0
77 30 0.304 2 0
26 30 0.135 2 1
68 52 0.270 2 3
13 10 0.047 2 1
59 52 0.262 2 1
45 30 0.262 2 0
76 30 0.304 2 0
164 40 0.959 2 3
34 22 0.118 2 3
118 15 0.369 2 3
53 40 0.155 2 3
224 70 1.018 2 1
133 52 0.459 2 3
19 30 0.068 2 0
16 40 0.108 2 0
192 22 0.571 2 1
19 52 0.121 2 1
39 5 0.220 2 1
13 100 0.050 2 1
217 70 0.889 2 0
15 100 0.084 2 0
199 10 0.701 2 1
17 40 0.065 2 0
171 40 0.510 2 0
52 70 0.156 2 1
108 100 0.507 2 3
169 10 0.841 2 0
33 22 0.174 2 0
291 22 0.856 2 3
106 15 0.467 2 0
68 52 0.378 2 0
61 5 0.305 2 1
134 52 0.798 2 3
85 5 0.284 2 1
29 5 0.099 2 0
11 30 0.035 2 0
12 40 0.058 2 1
37 40 0.203 2 3
113 70 0.438 2 0
152 100 0.545 2 1
29 52 0.153 2 0
122 15 0.731 2 0
166 52 0.580 2 0
47 30 0.151 2 0
131 30 0.463 2 3
45 5 0.170 2 1
55 10 0.188 2 0
11 52 0.034 2 1
19 15 0.075 2 1
35 70 0.233 2 1
40 52 0.167 2 1
22 10 0.110 2 0
17 40 0.083 2 3
45 10 0.294 2 0
67 10 0.255 2 3
179 5 0.927 2 3
77 30 0.243 2 1
125 70 0.576 2 0
52 70 0.186 2 0
266 40 1.177 2 1
38 40 0.202 2 3
162 40 0.581 2 0
17 52 0.083 2 3
10 5 0.046 2 0
198 30 1.125 2 3
52 52 0.174 2 0
90 30 0.318 2 0
24 15 0.101 2 1
43 5 0.170 2 0
12 22 0.041 2 1
32 40 0.148 2 0
323 52 1.088 2 0
164 52 0.512 2 0
30 15 0.103 2 0
18 15 0.097 2 3
65 100 0.192 2 0
49 52 0.154 2 1
106 52 0.606 2 0
185 52 0.571 2 3
12 22 0.039 2 0
51 40 0.239 2 0
10 22 0.033 2 1
128 15 0.409 2 0
72 30 0.320 2 0
75 5 0.307 2 0
68 100 0.245 2 3
68 52 0.402 2 1
183 100 0.821 2 3
22 40 0.065 2 0
19 22 0.101 2 1
76 15 0.230 2 3
14 10 0.046 2 3
20 15 0.069 2 0
231 100 1.105 2 0
62 100 0.185 2 0
10 10 0.053 2 1
143 70 0.662 2 1
79 70 0.378 2 3
52 5 0.185 2 0
13 52 0.045 2 3
40 100 0.129 2 0
15 15 0.064 2 0
40 10 0.191 2 1
83 40 0.384 2 0
23 22 0.082 2 3
33 52 0.138 2 1
18 30 0.073 2 0
63 52 0.240 2 0
17 30 0.099 2 3
22 22 0.078 2 0
13 52 0.046 2 1
55 22 0.276 2 0
188 5 1.011 2 1
190 10 0.567 2 1
158 5 0.940 2 0
15 10 0.081 2 1
21 52 0.066 2 1
179 100 0.873 2 1
27 30 0.122 2 0
162 22 0.953 2 0
83 52 0.304 2 1
67 70 0.315 2 0
146 40 0.431 2 0
101 52 0.481 2 0
13 10 0.067 2 0
67 15 0.313 2 0
138 40 0.489 2 3
68 100 0.256 2 0
12 100 0.043 2 3
335 52 1.227 2 3
183 22 0.738 2 0
184 100 0.710 2 1
14 15 0.060 2 3
11 15 0.049 2 0
48 10 0.158 2 0
25 22 0.076 2 1
128 10 0.508 2 0
37 70 0.183 2 0
56 52 0.171 2 1
58 30 0.228 2 0
118 70 0.496 2 1
18 70 0.067 2 3
52 30 0.223 2 0
28 40 0.101 2 0
27 10 0.105 2 0
61 40 0.381 2 3
23 40 0.148 2 0
131 100 0.491 2 0
13 10 0.049 2 0
178 5 0.724 2 1
264 5 1.620 2 0
39 52 0.117 2 0
25 5 0.096 2 0
51 30 0.193 2 0
38 15 0.128 2 0
167 70 0.933 2 0
25 52 0.084 2 0
31 15 0.131 2 1
79 10 0.242 2 1
69 22 0.240 2 1
18 100 0.057 2 1
19 5 0.124 2 3
268 30 1.059 2 3
31 15 0.200 2 1
138 70 0.445 2 3
13 40 0.075 2 1
54 5 0.255 2 0
16 15 0.078 2 3
13 100 0.040 2 1
116 70 0.403 2 3
12 10 0.039 2 0
16 15 0.080 2 0
18 15 0.093 2 1
245 5 1.408 2 0
16 30 0.094 2 3
43 5 0.226 2 1
17 10 0.055 2 0
86 40 0.345 2 0
16 22 0.095 2 0
14 10 0.047 2 0
289 52 1.370 2 0
137 10 0.646 2 1
88 100 0.389 2 3
19 52 0.064 2 3
54 22 0.261 2 1
24 10 0.128 2 0
39 22 0.193 2 3
11 30 0.063 2 0
18 15 0.096 2 1
25 15 0.089 2 1
15 10 0.058 2 1
32 15 0.151 2 0
34 5 0.228 2 1
178 70 0.643 2 0
67 10 0.241 2 0
11 30 0.038 2 0
22 5 0.097 2 1
67 5 0.209 2 0
74 52 0.418 2 1
29 30 0.093 2 3
327 10 1.076 2 3
22 30 0.147 2 3
32 40 0.110 2 1
29 22 0.137 2 0
29 40 0.167 2 3
85 30 0.359 2 0
164 10 1.093 2 3
55 52 0.344 3 2
181 5 0.862 3 0
27 10 0.109 3 0
27 70 0.123 3 0
239 10 0.747 3 1
168 30 0.913 3 2
77 40 0.322 3 1
59 100 0.360 3 2
17 100 0.063 3 1
38 70 0.130 3 1
34 5 0.150 3 1
45 15 0.180 3 1
46 70 0.142 3 1
32 30 0.098 3 2
31 22 0.150 3 2
76 100 0.241 3 0
36 15 0.193 3 2
68 5 0.245 3 1
74 10 0.250 3 0
71 52 0.231 3 0
106 10 0.429 3 0
32 70 0.101 3 2
282 15 0.979 3 0
48 52 0.161 3 2
46 10 0.284 3 1
61 22 0.203 3 2
73 40 0.293 3 0
37 10 0.177 3 0
23 52 0.071 3 1
64 15 0.413 3 0
31 5 0.105 3 0
10 10 0.035 3 1
336 22 1.297 3 2
161 30 0.936 3 2
120 10 0.789 3 2
53 15 0.353 3 1
15 52 0.058 3 1
18 5 0.086 3 0
37 40 0.222 3 0
38 22 0.217 3 1
64 70 0.362 3 2
21 22 0.133 3 1
45 5 0.165 3 1
13 15 0.041 3 0
71 30 0.326 3 1
123 52 0.411 3 1
37 70 0.129 3 0
23 70 0.074 3 0
96 100 0.353 3 1
172 52 1.089 3 2
190 30 0.709 3 0
118 5 0.347 3 0
48 10 0.193 3 2
16 5 0.083 3 1
131 100 0.500 3 1
54 70 0.340 3 2
67 70 0.404 3 0
13 5 0.046 3 0
312 100 0.920 3 2
15 100 0.058 3 0
12 40 0.037 3 0
150 10 0.536 3 0
30 5 0.099 3 1
114 100 0.603 3 0
83 52 0.349 3 1
52 70 0.161 3 0
66 30 0.204 3 2
17 30 0.057 3 0
140 22 0.433 3 1
15 15 0.093 3 0
20 40 0.095 3 0
329 100 0.985 3 0
16 10 0.047 3 0
78 52 0.245 3 1
170 15 0.746 3 2
34 5 0.116 3 0
66 5 0.359 3 1
15 10 0.097 3 0
149 40 0.898 3 0
63 30 0.194 3 0
74 5 0.274 3 0
76 10 0.469 3 2
75 10 0.338 3 1
26 70 0.111 3 1
174 22 1.160 3 0
13 22 0.044 3 2
152 30 0.468 3 0
16 70 0.102 3 2
226 10 1.189 3 1
46 52 0.264 3 0
14 70 0.058 3 1
123 30 0.416 3 2
73 100 0.244 3 0
55 10 0.217 3 2
79 52 0.332 3 0
15 15 0.063 3 2
27 40 0.121 3 2
56 22 0.213 3 1
35 40 0.236 3 1
32 10 0.205 3 0
71 5 0.246 3 0
34 10 0.141 3 1
16 30 0.065 3 2
17 30 0.083 3 1
284 15 1.321 3 0
18 30 0.078 3 0
44 52 0.155 3 2
142 22 0.602 3 2
16 70 0.051 3 0
42 100 0.132 3 0
91 5 0.457 3 0
105 5 0.590 3 0
33 70 0.100 3 0
61 40 0.182 3 1
72 5 0.381 3 1
157 5 0.460 3 0
75 100 0.264 3 1
20 5 0.066 3 0
18 100 0.081 3 0
28 5 0.113 3 2
39 100 0.176 3 2
58 40 0.200 3 0
68 30 0.305 3 0
100 30 0.524 3 2
76 5 0.380 3 0
15 5 0.076 3 0
14 100 0.058 3 2
38 52 0.138 3 2
183 100 0.906 3 0
28 100 0.089 3 1
74 52 0.294 3 0
18 10 0.079 3 2
69 10 0.210 3 0
16 15 0.047 3 0
175 22 0.589 3 0
12 5 0.075 3 2
30 52 0.134 3 2
20 30 0.096 3 0
189 10 0.721 3 1
330 15 2.115 3 0
128 70 0.643 3 0
40 30 0.123 3 1
32 15 0.155 3 1
150 22 0.462 3 2
10 22 0.033 3 0
39 5 0.126 3 1
94 15 0.631 3 0
175 70 0.595 3 1
16 70 0.072 3 0
28 30 0.135 3 0
26 22 0.123 3 2
85 10 0.392 3 0
66 52 0.351 3 0
323 10 2.111 3 0
299 10 1.042 3 0
12 15 0.078 3 0
43 70 0.131 3 0
286 52 0.947 3 0
10 22 0.043 3 0
58 5 0.199 3 0
11 22 0.064 3 2
52 40 0.269 3 0
78 40 0.239 3 1
319 5 1.266 3 2
26 52 0.086 3 2
137 70 0.464 3 1
14 30 0.073 3 0
178 100 1.156 3 1
44 15 0.161 3 2
27 10 0.110 3 2
23 52 0.082 3 0
139 22 0.880 3 2
32 100 0.107 3 0
41 22 0.121 3 1
15 22 0.060 3 2
133 5 0.586 3 2
83 40 0.395 3 0
113 10 0.685 3 2
53 52 0.158 3 0
16 52 0.076 3 0
68 40 0.236 3 1
17 30 0.084 3 1
336 15 1.563 3 0
72 5 0.263 3 2
312 70 1.068 3 0
69 52 0.345 3 1
66 5 0.251 3 2
107 30 0.359 3 1
303 10 1.457 3 1
35 5 0.109 3 0
68 5 0.233 3 2
107 100 0.386 3 1
58 70 0.287 3 1
10 52 0.031 3 2
29 100 0.129 3 0
16 22 0.075 3 0
60 15 0.302 3 2
27 10 0.138 3 0
143 5 0.715 3 0
18 30 0.062 3 0
28 40 0.093 3 1
205 100 0.707 3 2
12 5 0.063 3 1
50 10 0.193 3 0
175 15 0.572 3 1
106 40 0.353 3 1
14 15 0.050 3 1
286 22 0.993 3 0
101 52 0.390 3 2
255 52 1.500 3 2
132 70 0.470 3 0
198 10 0.900 3 0
59 70 0.179 3 2
20 15 0.064 3 2
17 30 0.052 3 2
12 100 0.069 3 0
120 70 0.484 3 0
33 5 0.114 3 0
19 22 0.087 3 2
17 52 0.096 3 2
15 30 0.047 3 0
75 15 0.235 3 0
177 10 0.973 3 2
67 52 0.409 3 1
49 70 0.178 3 0
19 22 0.055 3 2
41 22 0.129 3 0
111 22 0.620 3 0
183 10 0.744 3 0
153 70 0.732 3 2
49 15 0.301 3 2
65 5 0.223 3 0
11 30 0.055 3 0
138 15 0.568 3 2
18 52 0.063 3 2
32 15 0.104 3 1
49 52 0.156 3 1
164 5 0.735 3 1
72 22 0.383 3 1
73 5 0.299 3 1
136 10 0.764 3 0
15 15 0.079 3 1
17 10 0.051 3 0
15 10 0.089 3 2
140 10 0.586 3 0
18 52 0.122 3 0
66 10 0.288 3 0
65 10 0.192 3 2
192 70 0.708 3 1
17 5 0.053 3 0
15 22 0.095 3 2
25 100 0.101 3 0
51 30 0.273 3 0
320 30 1.212 3 1
294 22 1.162 3 0
29 10 0.108 3 1
21 100 0.100 3 0
22 30 0.111 3 2
203 52 0.962 3 2
272 100 1.034 3 0
177 52 0.898 3 0
117 70 0.680 3 0
39 10 0.167 3 2
19 5 0.092 3 1
24 15 0.130 3 0
298 40 1.313 3 1
12 100 0.051 3 0
40 100 0.135 3 1
154 40 0.716 3 0
30 22 0.090 3 0
29 100 0.085 3 2
85 5 0.541 3 0
18 22 0.080 3 0
36 22 0.224 3 0
33 52 0.122 3 0
18 15 0.078 3 0
29 52 0.106 3 1
48 15 0.267 3 1
47 10 0.290 3 0
19 15 0.083 3 2
121 52 0.634 3 0
170 5 0.752 3 0
337 52 1.174 3 0
195 70 0.629 3 2
11 100 0.040 3 2
16 52 0.051 3 1
185 40 0.597 3 0
198 30 0.892 3 1
65 70 0.387 3 0
323 10 1.062 3 0
14 15 0.048 3 2
34 10 0.112 3 1
160 52 0.599 3 1
70 22 0.293 3 0
276 22 1.195 3 0
141 22 0.904 3 2
86 22 0.323 3 0
181 40 0.554 3 0
19 15 0.091 3 2
283 40 1.037 3 0
143 70 0.799 3 1
132 22 0.714 3 0
13 15 0.076 3 0
12 10 0.062 3 2
39 40 0.143 3 2
68 10 0.270 3 0
279 40 1.163 3 0
18 5 0.063 3 2
18 22 0.098 3 0
14 15 0.044 3 1
13 52 0.045 3 1
28 10 0.088 3 2
70 15 0.213 3 0
18 100 0.079 3 2
22 15 0.118 3 0
30 30 0.114 3 0
39 5 0.139 3 0
127 52 0.455 3 1
18 30 0.073 3 2
114 30 0.735 3 2
49 10 0.327 3 0
90 30 0.492 3 0
31 10 0.146 3 0
47 15 0.192 3 0
17 100 0.083 3 2
200 40 0.743 3 2
306 10 1.821 3 1
34 70 0.222 3 2
62 70 0.209 3 2
32 40 0.155 3 0
119 52 0.360 3 2
192 70 0.914 3 1
13 5 0.071 3 1
21 100 0.070 3 1
66 40 0.228 3 1
23 15 0.092 3 0
80 30 0.383 3 2
15 40 0.057 3 1
18 52 0.068 3 1
48 70 0.264 3 2
15 15 0.058 3 2
253 10 0.835 3 2
18 10 0.096 3 0
14 5 0.053 3 0
147 10 0.444 3 1
92 5 0.376 3 0
45 30 0.212 3 0
246 15 1.662 3 0
10 5 0.030 3 1
31 30 0.144 3 0
60 70 0.299 3 0
16 70 0.050 3 0
17 30 0.081 3 1
13 30 0.044 3 0
102 30 0.389 3 0
39 10 0.125 3 0
68 5 0.291 3 0
27 22 0.114 3 2
57 22 0.180 3 1
18 40 0.075 3 0
19 40 0.076 3 0
271 100 1.034 3 2
97 15 0.363 3 0
142 40 0.429 3 1
142 10 0.423 3 0
32 5 0.179 3 2
29 70 0.153 3 0
168 22 0.718 3 0
87 100 0.292 3 0
13 52 0.040 3 0
36 30 0.228 3 1
250 10 1.082 3 2
139 52 0.451 3 1
48 40 0.267 3 0
116 5 0.773 3 0
51 30 0.243 3 0
11 52 0.047 3 0
69 52 0.307 3 1
80 10 0.383 3 0
11 40 0.071 3 0
40 15 0.125 3 2
64 52 0.337 3 0
16 40 0.079 3 1
11 40 0.038 3 1
70 15 0.303 3 1
88 52 0.413 3 1
17 22 0.107 3 0
54 100 0.187 3 0
33 70 0.142 3 0
147 10 0.553 3 1
193 10 0.697 3 0
29 30 0.103 3 0
44 15 0.130 3 1
30 70 0.152 3 0
192 100 0.928 3 1
186 100 0.626 3 2
17 52 0.060 3 0
58 30 0.175 3 1
28 40 0.103 3 0
10 100 0.048 3 0
83 15 0.485 3 2
110 30 0.355 3 0
162 30 0.964 3 1
15 30 0.060 3 1
15 40 0.087 3 0
18 10 0.053 3 0
129 15 0.490 3 0
13 22 0.039 3 2
38 5 0.216 3 0
11 22 0.044 3 0
52 30 0.152 3 1
132 52 0.620 3 1
133 15 0.583 3 0
52 40 0.306 3 0
15 22 0.069 3 1
162 10 0.476 3 2
13 52 0.048 3 0
38 40 0.123 3 0
11 52 0.035 3 2
28 5 0.107 3 1
102 52 0.343 3 0
35 100 0.118 3 0
187 5 0.882 3 0
18 70 0.098 3 0
16 15 0.083 3 1
78 15 0.230 3 0
133 40 0.715 3 1
15 100 0.068 3 2
324 15 0.953 3 1
26 40 0.137 3 0
57 15 0.277 3 2
12 52 0.059 3 0
66 100 0.369 3 0
10 40 0.039 3 0
98 70 0.454 3 1
15 5 0.044 3 1
79 70 0.427 3 0
131 52 0.473 3 0
43 15 0.163 3 0
53 52 0.229 3 2
51 52 0.309 3 0
184 15 0.564 3 1
114 5 0.452 3 2
32 5 0.131 3 0
23 22 0.073 3 0
18 52 0.079 3 0
191 15 0.572 3 0
11 70 0.038 3 0
229 30 0.774 3 2
248 22 0.824 3 0
60 30 0.247 3 0
20 30 0.060 3 0
10 30 0.062 3 2
51 10 0.283 3 2
243 30 1.130 3 0
144 30 0.911 3 2
29 30 0.105 3 2
28 40 0.133 3 0
12 30 0.055 3 2
136 15 0.417 3 0
291 30 0.890 3 2
115 15 0.373 3 1
58 15 0.362 3 0
32 5 0.101 3 0
13 15 0.074 3 2
15 30 0.067 3 0
16 40 0.107 3 0
97 5 0.284 3 1
15 15 0.077 3 2
26 40 0.081 3 0
179 15 0.810 3 2
29 40 0.123 3 0
17 52 0.069 3 1
72 70 0.288 3 0
64 22 0.190 3 0
37 5 0.179 3 1
339 70 1.260 3 2
38 52 0.117 3 0
12 5 0.061 3 1
96 100 0.440 3 2
190 15 0.830 3 2
16 52 0.075 3 2
111 30 0.437 3 2
27 30 0.144 3 0
24 5 0.083 3 1
22 52 0.129 3 0
160 5 0.838 3 1
51 52 0.248 3 2
236 100 0.728 3 1
90 30 0.484 3 0
123 30 0.399 3 0
62 15 0.201 3 0
92 52 0.430 3 0
115 40 0.502 3 0
79 70 0.321 3 2
27 10 0.108 3 0
12 70 0.038 3 2
58 10 0.176 3 0
184 10 0.628 3 1
39 22 0.174 3 0
16 100 0.072 3 0
220 10 1.341 3 0
24 15 0.146 3 0
20 30 0.068 3 1
73 22 0.367 3 0
61 10 0.197 3 0
24 100 0.158 3 2
48 70 0.291 3 2
67 70 0.399 3 2
196 30 1.089 3 0
12 30 0.064 3 2
44 22 0.188 3 1
28 40 0.089 3 1
34 10 0.198 3 0
17 10 0.052 3 0
12 52 0.079 3 0
10 30 0.038 3 2
25 52 0.081 3 0
178 30 0.730 3 0
28 22 0.127 3 0
42 5 0.259 3 0
296 100 0.958 3 2
297 40 1.523 3 0
44 15 0.224 3 0
69 10 0.253 3 2
87 22 0.569 3 0
163 5 0.514 3 0
24 100 0.129 3 0
132 40 0.571 3 0
30 100 0.112 3 2
34 40 0.225 3 2
22 40 0.116 3 0
54 22 0.160 3 2
64 5 0.206 3 0
48 10 0.238 3 2
20 30 0.066 3 2
79 15 0.294 3 2
94 22 0.384 3 0
23 30 0.096 3 1
20 22 0.068 3 1
185 10 0.826 3 1
76 40 0.481 3 0
193 40 0.754 3 0
32 30 0.139 3 2
106 40 0.327 3 1
16 5 0.105 3 0
235 70 0.883 3 0
62 40 0.305 3 2
170 15 0.525 3 0
25 5 0.116 3 2
69 5 0.312 3 2
97 70 0.530 3 2
20 10 0.110 3 0
19 52 0.059 3 1
34 52 0.155 3 1
26 30 0.165 3 2
12 15 0.065 3 1
71 15 0.230 3 0
70 10 0.213 3 2
39 52 0.217 3 0
30 15 0.164 3 0
250 100 1.515 3 0
13 100 0.038 3 1
35 10 0.156 3 1
11 52 0.051 3 0
228 5 0.857 3 0
28 30 0.103 3 1
80 10 0.316 3 1
73 100 0.440 3 0
52 15 0.297 3 0
35 30 0.146 3 2
93 40 0.275 3 0
59 40 0.339 3 1
50 30 0.156 3 1
10 100 0.036 3 0
20 40 0.075 3 0
17 22 0.093 3 2
261 40 0.821 3 2
109 15 0.344 3 1
16 52 0.074 3 0
276 15 0.968 3 0
274 10 1.229 3 0
58 70 0.301 3 2
17 15 0.096 3 0
18 5 0.065 3 0
150 40 0.524 3 1
67 22 0.374 3 0
12 5 0.047 3 0
30 52 0.129 3 0
31 52 0.107 3 2
40 70 0.179 3 0
10 15 0.042 3 2
140 100 0.532 3 1
13 10 0.073 3 0
122 52 0.475 3 2
25 30 0.119 3 0
307 100 1.383 3 0
128 15 0.810 3 1
11 22 0.044 3 0
192 52 0.577 3 2
29 40 0.113 3 2
112 5 0.651 3 1
53 22 0.180 3 0
39 10 0.200 3 1
233 40 1.447 3 0
25 22 0.080 3 0
187 52 0.632 3 1
61 70 0.215 3 0
20 100 0.062 3 0
73 30 0.269 3 2
68 30 0.213 3 2
191 5 0.914 3 2
16 40 0.049 3 1
22 52 0.133 3 2
75 30 0.239 3 0
66 40 0.320 3 1
62 10 0.288 3 2
20 52 0.104 3 1
228 5 1.075 3 1
108 52 0.581 3 2
21 40 0.111 3 0
18 5 0.055 3 1
40 52 0.267 3 2
161 15 1.039 3 2
32 100 0.144 3 1
18 15 0.082 3 2
29 30 0.118 3 1
18 30 0.111 3 1
213 100 1.039 3 1
25 40 0.164 3 0
18 70 0.060 3 2
131 70 0.489 3 0
144 10 0.454 3 2
19 10 0.099 3 0
60 30 0.218 3 1
16 5 0.073 3 0
11 15 0.035 3 2
304 70 1.974 3 0
60 70 0.190 3 2
65 10 0.202 3 0
58 100 0.170 3 2
51 52 0.154 3 0
50 22 0.179 3 2
63 22 0.199 3 2
14 70 0.055 3 2
15 70 0.093 3 2
88 15 0.481 3 0
30 70 0.120 3 2
19 70 0.066 3 2
62 22 0.186 3 2
27 22 0.094 3 1
14 100 0.080 3 2
59 100 0.249 3 0
10 52 0.031 3 0
258 22 1.211 3 0
36 5 0.146 3 2
15 5 0.068 3 0
163 5 1.019 3 0
65 52 0.227 3 1
120 5 0.550 3 2
28 5 0.130 3 0
105 70 0.347 3 0
29 100 0.090 3 0
76 70 0.384 3 0
65 10 0.202 3 0
70 15 0.295 3 2
11 40 0.033 3 1
28 10 0.084 3 1
234 10 1.570 3 1
95 30 0.278 3 2
50 30 0.207 3 2
80 15 0.251 3 1
83 40 0.347 3 1
16 100 0.062 3 1
265 40 1.550 3 0
23 52 0.117 3 0
51 10 0.179 3 2
55 5 0.311 3 1
56 30 0.172 3 0
177 22 0.592 3 1
57 100 0.195 3 2
60 22 0.390 3 0
308 15 1.137 3 0
13 70 0.073 3 0
26 30 0.079 3 0
14 100 0.041 3 0
110 70 0.724 3 0
27 30 0.147 3 2
237 15 1.082 3 1
17 22 0.104 3 2
72 40 0.383 3 0
155 5 1.033 3 1
44 22 0.162 3 1
198 22 0.961 3 1
31 30 0.138 3 2
14 40 0.048 3 0
310 52 2.000 3 2
15 5 0.051 3 1
22 30 0.106 3 2
15 52 0.063 3 0
28 30 0.097 3 2
58 30 0.267 3 1
312 30 1.273 3 2
167 10 0.870 3 2
37 10 0.162 3 2
13 40 0.049 3 0
11 100 0.064 3 0
74 15 0.457 3 0
117 22 0.696 3 0
148 40 0.902 3 0
236 30 1.430 3 2
16 70 0.070 3 2
22 15 0.111 3 2
27 15 0.125 3 1
41 10 0.205 3 2
19 52 0.064 3 1
12 22 0.059 3 2
60 70 0.392 3 1
182 30 0.603 3 0
21 5 0.115 3 0
283 52 1.408 3 0
16 5 0.105 3 2
50 70 0.200 3 2
65 10 0.378 3 0
23 30 0.084 3 1
32 10 0.114 3 0
117 30 0.397 3 2
62 30 0.215 3 2
45 10 0.156 3 0
123 70 0.530 3 2
144 10 0.493 3 2
131 40 0.483 3 0
30 40 0.130 3 2
24 10 0.148 3 0
75 40 0.263 3 1
33 40 0.106 3 0
247 70 0.849 3 0
154 22 0.513 3 2
11 10 0.058 3 1
170 30 0.717 3 2
22 40 0.092 3 0
30 52 0.097 3 0
124 70 0.795 3 2
27 22 0.105 3 0
62 40 0.354 3 0
24 100 0.106 3 2
305 30 1.191 3 0
13 100 0.042 3 2
12 15 0.050 3 0
126 40 0.759 3 0
13 70 0.038 3 0
30 22 0.132 3 2
58 22 0.319 3 0
96 10 0.305 3 0
49 5 0.192 3 0
187 15 0.668 3 0
196 22 1.089 3 0
52 10 0.271 3 2
15 10 0.087 3 0
142 10 0.451 3 1
61 22 0.207 3 0
63 40 0.307 3 1
208 10 0.791 3 0
142 100 0.700 3 0
26 40 0.139 3 0
180 5 1.192 3 0
19 100 0.059 3 0
37 52 0.121 3 1
152 10 0.652 3 0
138 30 0.413 3 2
33 100 0.149 3 1
261 30 0.867 3 0
18 22 0.092 3 1
13 70 0.080 3 1
118 30 0.652 3 2
128 30 0.674 3 1
124 52 0.500 3 0
112 70 0.671 3 0
136 10 0.877 3 2
142 30 0.423 3 0
32 15 0.167 3 1
97 70 0.334 3 1
81 15 0.245 3 1
165 10 0.546 3 1
48 10 0.306 3 1
38 15 0.155 3 0
15 30 0.073 3 0
61 30 0.302 3 0
11 15 0.070 3 1
42 52 0.153 3 0
13 15 0.044 3 0
126 30 0.388 3 0
14 22 0.066 3 0
17 40 0.064 3 1
158 22 0.693 3 0
18 15 0.062 3 0
21 40 0.105 3 0
202 10 0.660 3 1
31 30 0.180 3 0
46 10 0.263 3 0
37 52 0.154 3 2
59 5 0.250 3 1
52 15 0.220 3 0
119 15 0.502 3 1
21 70 0.141 3 2
212 100 0.635 3 0
32 15 0.162 3 0
161 22 0.474 3 0
153 70 0.562 3 2
13 52 0.040 3 1
70 52 0.292 3 0
194 70 0.700 3 0
14 30 0.058 3 0
19 40 0.070 3 0
19 5 0.078 3 2
38 10 0.111 3 0
71 10 0.239 3 0
154 30 0.806 3 1
11 70 0.036 3 0
18 52 0.085 3 2
41 22 0.243 3 2
38 5 0.153 3 0
37 100 0.237 3 2
104 100 0.542 3 0
16 5 0.050 3 1
14 5 0.047 3 0
199 22 1.031 3 1
309 22 1.084 3 1
127 70 0.512 3 0
28 100 0.109 3 0
106 22 0.340 3 2
62 100 0.230 3 1
335 40 1.053 3 0
13 15 0.042 3 2
107 30 0.498 3 0
13 40 0.042 3 2
145 52 0.493 3 1
38 15 0.198 3 0
70 40 0.365 3 2
16 52 0.071 3 0
128 30 0.826 3 2
21 22 0.136 3 0
34 100 0.131 3 1
197 10 1.216 3 0
18 15 0.057 3 1
41 10 0.194 3 2
61 10 0.238 3 0
294 52 1.448 3 2
13 15 0.039 3 0
82 5 0.529 3 0
14 15 0.044 3 0
69 10 0.365 3 1
192 40 1.215 3 0
21 52 0.064 3 1
24 15 0.124 3 2
18 40 0.079 3 0
41 22 0.140 3 0
11 40 0.047 3 0
271 52 1.158 3 0
99 100 0.363 3 2
73 40 0.236 3 2
19 70 0.104 3 0
224 100 1.400 3 0
41 100 0.185 3 0
68 52 0.366 3 0
110 70 0.407 3 0
12 10 0.064 3 0
279 40 1.251 3 1
23 15 0.083 3 2
14 30 0.063 3 0
95 30 0.321 3 2
110 100 0.407 3 0
93 70 0.384 3 2
104 70 0.344 3 0
18 10 0.075 3 2
37 30 0.125 3 0
59 15 0.178 3 2
142 10 0.447 3 1
12 70 0.037 3 0
127 5 0.404 3 0
105 52 0.436 3 0
10 5 0.058 3 0
321 70 1.343 3 2
209 52 1.244 3 1
326 5 1.364 3 0
25 70 0.079 3 0
19 70 0.092 3 2
237 40 0.915 3 0
29 5 0.160 3 0
26 5 0.100 3 0
155 40 0.847 3 0
12 40 0.043 3 0
27 30 0.182 3 1
119 30 0.347 3 1
237 70 1.139 3 0
13 30 0.084 3 2
19 10 0.084 3 0
18 10 0.096 3 0
263 10 1.529 3 0
55 70 0.230 3 0
39 70 0.141 3 2
30 52 0.103 3 0
37 5 0.250 3 0
189 52 0.900 3 0
50 30 0.185 3 0
62 22 0.187 3 0
16 70 0.053 3 1
141 5 0.430 3 1
54 10 0.265 3 1
133 15 0.887 3 2
13 100 0.066 3 0
38 10 0.253 3 0
45 100 0.143 3 2
110 10 0.340 3 0
13 100 0.058 3 1
69 40 0.274 3 2
74 10 0.318 3 0
27 52 0.138 3 0
173 40 0.627 3 1
78 70 0.364 3 1
33 30 0.109 3 0
29 22 0.112 3 0
43 22 0.244 3 1
15 22 0.048 3 0
18 15 0.063 3 2
137 15 0.778 3 2
17 15 0.072 3 2
16 5 0.061 3 2
158 70 0.684 3 1
30 10 0.130 3 1
126 52 0.438 3 1
33 30 0.100 3 1
14 5 0.067 3 2
127 30 0.378 3 0
11 22 0.055 3 2
30 30 0.153 3 0
62 10 0.255 3 2
40 22 0.175 3 1
143 15 0.457 3 2
74 30 0.484 3 1
10 10 0.038 3 0
14 70 0.087 3 0
34 52 0.187 3 0
51 52 0.157 3 0
169 40 1.050 3 0
41 40 0.123 3 0
54 70 0.237 3 0
280 40 1.273 3 2
22 22 0.083 3 2
10 52 0.037 3 1
58 22 0.307 3 1
71 5 0.473 3 0
32 70 0.180 3 1
41 22 0.124 3 1
85 5 0.293 3 0
39 40 0.123 3 0
82 52 0.340 3 2
71 5 0.285 3 1
115 70 0.447 3 0
162 10 0.790 3 2
30 15 0.091 3 0
45 5 0.185 3 1
40 40 0.161 3 0
158 15 0.552 3 0
56 10 0.203 3 1
13 10 0.061 3 2
39 40 0.116 3 1
27 70 0.134 3 2
78 70 0.453 3 2
36 15 0.124 3 2
12 15 0.040 3 2
262 15 0.876 3 0
62 70 0.282 3 2
59 30 0.234 3 2
17 5 0.108 3 1
13 10 0.055 3 0
31 100 0.130 3 1
64 40 0.253 3 1
88 5 0.352 3 0
14 40 0.079 3 2
158 5 0.474 3 0
36 70 0.129 3 1
62 70 0.182 3 0
56 22 0.185 3 0
17 70 0.108 3 2
37 5 0.150 3 0
173 40 0.742 3 1
16 52 0.105 3 2
56 40 0.232 3 1
17 100 0.066 3 1
149 100 0.489 3 2
44 5 0.199 3 0
22 5 0.108 3 0
224 40 0.783 3 0
51 22 0.317 3 0
73 70 0.378 3 0
129 30 0.402 3 1
86 70 0.366 3 0
27 100 0.112 3 0
33 30 0.120 3 2
28 52 0.100 3 0
36 5 0.115 3 1
107 100 0.402 3 0
18 30 0.091 3 2
31 30 0.121 3 2
45 15 0.243 3 1
135 22 0.446 3 2
325 70 1.633 3 0
