70 10 0.230 0 1
22 10 0.125 0 2
37 15 0.175 0 2
35 30 0.180 0 3
21 100 0.100 0 2
172 40 0.518 0 3
65 5 0.392 0 3
20 100 0.071 0 2
17 15 0.084 0 2
61 10 0.326 0 2
64 40 0.298 0 3
79 100 0.362 0 1
16 100 0.050 0 2
134 52 0.394 0 1
256 52 1.391 0 2
107 5 0.557 0 2
176 10 0.755 0 2
36 22 0.175 0 3
160 70 1.013 0 2
107 15 0.455 0 1
22 22 0.071 0 3
131 100 0.595 0 2
19 30 0.100 0 2
41 40 0.128 0 2
17 15 0.057 0 2
79 5 0.457 0 3
38 5 0.202 0 3
18 100 0.107 0 2
15 30 0.083 0 1
80 15 0.513 0 2
130 100 0.445 0 1
14 30 0.043 0 1
194 40 1.141 0 2
47 30 0.164 0 1
31 15 0.160 0 3
42 70 0.150 0 1
20 10 0.084 0 3
26 100 0.172 0 3
10 100 0.040 0 2
37 10 0.131 0 3
64 10 0.215 0 1
11 5 0.044 0 1
19 10 0.062 0 1
63 100 0.328 0 2
14 100 0.056 0 2
126 15 0.545 0 3
39 22 0.235 0 1
40 52 0.126 0 1
70 15 0.352 0 1
21 70 0.088 0 1
21 22 0.102 0 3
17 5 0.060 0 1
74 52 0.233 0 3
114 52 0.663 0 3
69 100 0.232 0 1
14 15 0.041 0 1
15 100 0.060 0 2
18 40 0.062 0 2
24 15 0.110 0 2
25 10 0.078 0 3
47 40 0.190 0 2
116 10 0.580 0 1
27 70 0.087 0 3
48 5 0.214 0 1
61 15 0.202 0 1
68 40 0.347 0 1
303 30 1.131 0 3
22 30 0.108 0 3
27 22 0.141 0 3
59 5 0.280 0 2
12 10 0.040 0 3
41 22 0.120 0 1
123 70 0.498 0 2
190 70 0.844 0 3
76 100 0.277 0 2
78 5 0.443 0 2
23 40 0.072 0 3
142 15 0.830 0 1
134 40 0.456 0 3
86 22 0.266 0 3
66 5 0.386 0 1
169 15 0.569 0 1
178 15 1.141 0 3
167 15 0.496 0 1
21 40 0.067 0 1
53 40 0.333 0 3
13 100 0.050 0 1
18 70 0.067 0 3
39 52 0.180 0 3
10 15 0.032 0 3
32 30 0.136 0 3
28 70 0.120 0 3
31 30 0.154 0 2
15 70 0.045 0 3
25 40 0.136 0 1
70 10 0.323 0 2
12 52 0.050 0 2
144 52 0.735 0 3
28 100 0.176 0 3
22 22 0.067 0 1
74 5 0.232 0 2
14 5 0.066 0 3
15 52 0.061 0 3
33 100 0.149 0 1
77 22 0.326 0 2
32 40 0.179 0 2
165 15 1.025 0 2
19 10 0.067 0 3
158 5 0.778 0 2
122 100 0.374 0 1
71 10 0.237 0 3
68 100 0.227 0 1
17 5 0.083 0 3
15 70 0.067 0 1
78 52 0.230 0 1
32 52 0.174 0 2
170 10 0.514 0 3
17 52 0.057 0 3
11 10 0.050 0 1
23 40 0.087 0 2
83 100 0.428 0 2
12 10 0.043 0 3
45 70 0.180 0 2
131 70 0.601 0 2
18 52 0.054 0 2
171 22 0.541 0 3
10 15 0.051 0 1
69 10 0.379 0 2
20 30 0.100 0 3
292 100 1.028 0 3
24 22 0.094 0 1
169 22 1.030 0 1
133 70 0.787 0 1
31 70 0.110 0 3
78 30 0.373 0 3
105 70 0.363 0 2
258 5 0.819 0 3
45 40 0.148 0 3
16 5 0.056 0 3
81 100 0.358 0 3
189 30 0.604 0 2
16 100 0.097 0 2
74 10 0.236 0 3
18 70 0.101 0 1
303 10 0.902 0 2
42 70 0.197 0 1
90 22 0.533 0 1
13 52 0.087 0 3
27 10 0.093 0 1
18 40 0.080 0 3
72 100 0.255 0 1
97 22 0.445 0 2
194 70 1.169 0 2
20 5 0.098 0 1
85 5 0.525 0 1
55 100 0.174 0 2
64 52 0.311 0 1
63 52 0.257 0 1
39 52 0.196 0 2
30 15 0.098 0 1
14 52 0.055 0 2
33 15 0.145 0 1
14 10 0.073 0 2
26 22 0.159 0 1
45 15 0.211 0 2
40 10 0.152 0 3
161 52 0.608 0 1
12 100 0.042 0 2
30 70 0.164 0 2
18 100 0.084 0 3
24 30 0.162 0 2
38 5 0.118 0 2
12 40 0.047 0 3
13 40 0.049 0 3
17 22 0.110 0 3
34 52 0.145 0 1
42 15 0.183 0 3
168 15 0.545 0 2
32 5 0.118 0 2
37 10 0.139 0 3
174 40 0.554 0 3
60 52 0.211 0 3
81 30 0.271 0 1
21 70 0.062 0 3
63 22 0.218 0 1
17 30 0.060 0 2
315 15 1.346 0 1
207 100 0.855 0 3
20 10 0.116 0 1
34 10 0.199 0 2
10 5 0.054 0 2
35 70 0.201 0 2
19 70 0.064 0 1
56 100 0.201 0 1
316 22 1.036 0 2
144 70 0.454 0 2
11 40 0.059 0 1
88 100 0.438 0 3
31 15 0.118 0 3
300 15 1.974 0 3
42 15 0.271 0 2
241 10 1.039 0 3
13 70 0.048 0 3
14 100 0.089 0 1
55 5 0.302 0 1
31 15 0.104 0 1
77 10 0.389 0 2
19 40 0.084 0 2
13 5 0.077 0 1
10 10 0.052 0 2
198 22 1.021 0 1
34 70 0.127 0 1
38 22 0.111 0 1
181 30 1.146 0 2
43 10 0.139 0 1
25 30 0.088 0 2
54 5 0.358 0 2
300 70 0.932 0 1
65 22 0.333 0 1
182 5 0.547 0 3
28 100 0.082 0 2
78 5 0.339 0 2
139 70 0.732 0 2
96 30 0.438 0 3
54 5 0.247 0 1
47 10 0.172 0 2
19 40 0.057 0 3
46 52 0.253 0 3
156 22 0.520 0 2
37 30 0.162 0 3
34 22 0.150 0 3
220 30 0.957 0 1
318 10 1.325 0 2
18 100 0.061 0 1
30 100 0.131 0 3
145 15 0.430 0 1
12 52 0.051 0 2
11 40 0.071 0 3
42 5 0.151 0 2
265 5 1.699 0 2
61 52 0.285 0 3
20 22 0.131 0 2
39 52 0.121 0 2
315 52 1.047 0 2
43 70 0.169 0 3
18 22 0.065 0 1
71 15 0.374 0 1
200 100 0.680 0 2
138 100 0.568 0 2
58 15 0.253 0 2
24 15 0.136 0 3
15 10 0.069 0 1
41 5 0.215 0 1
315 30 1.230 0 3
76 15 0.481 0 2
179 52 0.533 0 3
62 100 0.403 0 1
21 100 0.066 0 1
12 100 0.053 0 3
10 30 0.065 0 1
43 30 0.246 0 1
10 10 0.036 0 1
78 15 0.426 0 2
13 22 0.046 0 1
15 100 0.101 0 1
13 15 0.055 0 1
81 15 0.303 0 3
13 40 0.053 0 1
15 70 0.064 0 2
127 52 0.469 0 2
62 30 0.257 0 2
75 70 0.235 0 3
21 40 0.093 0 1
48 70 0.257 0 3
10 70 0.059 0 1
30 22 0.093 0 2
76 52 0.388 0 1
75 5 0.277 0 3
185 22 0.685 0 3
187 30 0.634 0 2
139 40 0.678 0 1
38 40 0.257 0 3
19 15 0.104 0 2
65 22 0.198 0 2
232 40 0.963 0 2
254 22 0.955 0 3
156 5 0.609 0 2
68 100 0.324 0 1
14 100 0.041 0 3
55 70 0.312 0 3
29 40 0.102 0 3
268 10 0.876 0 2
22 100 0.068 0 2
156 52 0.467 0 1
17 100 0.102 0 1
45 52 0.179 0 1
113 52 0.419 0 1
31 10 0.133 0 3
26 30 0.161 0 3
70 10 0.385 0 2
142 100 0.526 0 1
131 22 0.679 0 3
32 10 0.181 0 3
14 100 0.070 0 3
88 15 0.312 0 1
90 10 0.266 0 3
38 10 0.186 0 3
315 15 2.059 0 2
61 5 0.236 0 1
165 30 1.038 0 1
71 52 0.254 0 1
65 10 0.311 0 3
17 22 0.057 0 1
203 40 0.597 0 1
39 22 0.143 0 2
16 70 0.052 0 2
185 15 0.611 0 3
106 30 0.398 0 2
56 100 0.183 0 3
177 70 0.859 0 2
169 100 0.550 0 2
306 5 1.138 0 3
39 40 0.257 0 2
107 100 0.450 0 2
158 22 0.568 0 3
14 40 0.045 0 2
35 10 0.103 0 3
92 30 0.354 0 1
106 52 0.409 0 2
46 5 0.236 0 1
12 70 0.039 0 1
11 5 0.037 0 1
51 100 0.271 0 2
17 52 0.073 0 3
70 30 0.407 0 3
241 30 0.870 0 3
173 70 1.068 0 3
69 52 0.252 0 3
33 5 0.131 0 2
96 52 0.345 0 3
17 15 0.084 0 1
168 52 0.715 0 1
10 5 0.043 0 3
16 52 0.072 0 3
22 15 0.092 0 2
21 52 0.087 0 1
138 40 0.667 0 1
32 15 0.103 0 3
88 100 0.476 0 2
164 22 1.079 0 3
100 40 0.299 0 1
46 22 0.169 0 1
159 70 1.074 0 1
138 5 0.418 0 2
22 52 0.088 0 1
14 40 0.042 0 1
18 5 0.059 0 1
16 52 0.062 0 3
27 22 0.127 0 2
184 22 0.609 0 2
46 5 0.182 0 3
242 52 0.960 0 1
11 5 0.050 0 1
36 100 0.145 0 2
169 5 0.595 0 2
245 10 1.104 0 2
149 52 0.441 0 2
65 100 0.285 0 2
163 22 0.959 0 3
15 10 0.098 0 2
18 30 0.090 0 3
11 30 0.058 0 2
28 22 0.127 0 2
108 10 0.342 0 3
18 15 0.090 0 1
52 22 0.304 0 3
159 15 0.994 0 2
154 100 0.586 0 1
15 100 0.057 0 1
21 52 0.077 0 1
158 5 0.583 0 2
267 30 1.259 0 3
48 70 0.226 0 1
200 70 0.633 0 3
174 30 0.539 0 1
15 30 0.048 0 3
17 22 0.071 0 3
38 5 0.138 0 2
334 100 2.127 0 3
23 5 0.111 0 1
175 22 1.029 0 3
20 5 0.103 0 2
224 40 0.839 0 3
79 10 0.485 0 1
46 22 0.277 0 2
32 30 0.172 0 3
18 10 0.077 0 3
95 15 0.330 0 2
191 52 0.893 0 3
39 100 0.160 0 2
70 70 0.217 0 2
31 22 0.107 0 1
311 70 1.956 0 1
29 10 0.100 0 2
96 10 0.430 0 3
101 22 0.300 0 2
220 100 0.794 0 2
31 5 0.154 0 1
18 5 0.054 0 2
11 40 0.039 0 3
51 52 0.168 0 1
17 5 0.098 0 1
93 10 0.484 0 1
288 100 1.018 0 1
17 22 0.066 0 2
152 40 0.452 0 2
13 70 0.049 0 3
18 30 0.082 0 3
249 40 0.830 0 1
52 22 0.172 0 1
69 30 0.416 0 3
63 10 0.231 0 1
18 70 0.087 0 1
50 100 0.224 0 2
64 70 0.290 0 1
13 40 0.076 0 2
23 15 0.104 0 2
160 70 0.537 0 1
19 30 0.075 0 1
276 30 1.127 0 2
13 5 0.049 0 2
73 40 0.247 0 3
42 52 0.259 0 3
64 100 0.277 0 3
16 5 0.056 0 3
100 52 0.588 0 3
32 40 0.115 0 1
17 30 0.067 0 2
25 70 0.097 0 2
19 30 0.058 0 1
79 15 0.516 0 2
16 10 0.068 0 1
34 5 0.115 0 1
35 40 0.111 0 2
254 100 1.366 0 3
10 5 0.030 0 2
62 30 0.385 0 3
35 22 0.135 0 1
143 70 0.786 0 1
30 15 0.106 0 1
16 70 0.048 0 1
63 15 0.387 0 1
16 52 0.088 0 1
19 70 0.062 0 2
12 5 0.045 0 1
35 15 0.220 0 2
115 100 0.747 0 1
52 10 0.166 0 3
16 100 0.062 0 3
177 22 0.756 0 1
26 30 0.082 0 3
236 30 1.341 0 3
61 100 0.251 0 1
252 22 1.212 0 3
100 5 0.322 0 3
18 52 0.115 0 2
36 70 0.146 0 2
312 30 1.825 0 3
10 5 0.053 0 3
69 22 0.294 0 2
13 70 0.039 0 2
141 22 0.429 0 1
125 52 0.451 0 1
10 30 0.047 0 3
18 52 0.063 0 1
144 70 0.640 0 2
48 10 0.149 0 2
46 100 0.204 0 3
250 10 0.817 0 1
65 15 0.396 0 2
220 15 0.712 0 3
176 70 0.577 0 2
12 100 0.079 0 1
71 10 0.215 0 1
31 30 0.101 0 2
19 30 0.068 0 3
64 52 0.261 0 3
16 70 0.061 0 3
318 5 1.228 0 2
163 15 0.876 0 2
25 30 0.137 0 1
68 10 0.318 0 3
43 100 0.185 0 3
64 22 0.200 0 2
171 70 0.692 0 3
77 70 0.490 0 1
11 52 0.045 0 2
37 5 0.147 0 3
31 52 0.132 0 2
319 22 1.653 0 1
64 52 0.192 0 3
108 100 0.675 0 1
38 10 0.158 0 1
132 15 0.800 0 2
24 10 0.145 0 3
126 40 0.502 0 1
11 15 0.062 0 3
10 30 0.048 0 3
14 100 0.082 0 3
26 100 0.140 0 1
30 52 0.120 0 3
35 5 0.224 0 1
181 22 0.989 0 1
36 10 0.148 0 2
40 70 0.247 0 1
23 15 0.108 0 1
45 15 0.271 0 1
291 70 1.058 0 2
213 52 0.849 0 1
184 22 0.689 0 1
13 15 0.052 0 3
193 10 0.778 0 2
15 70 0.056 0 2
184 70 0.848 0 2
20 52 0.074 0 3
17 70 0.059 0 2
36 22 0.180 0 1
48 15 0.235 0 3
20 70 0.103 0 2
20 100 0.059 0 2
26 40 0.144 0 1
77 5 0.233 0 3
47 70 0.283 0 1
33 30 0.183 0 3
33 22 0.109 0 2
98 5 0.331 0 1
132 5 0.576 0 2
129 52 0.822 0 1
58 10 0.215 0 3
18 22 0.087 0 1
246 70 1.275 0 3
109 40 0.661 0 1
13 30 0.062 0 2
10 5 0.047 0 2
38 15 0.237 0 2
30 40 0.126 0 1
14 70 0.055 0 3
159 10 0.941 0 2
34 40 0.202 0 2
11 10 0.037 0 3
100 15 0.348 0 3
111 15 0.681 0 3
35 15 0.128 0 3
62 5 0.189 0 1
78 30 0.377 0 3
61 70 0.194 0 3
127 100 0.380 0 1
50 22 0.222 0 3
153 52 0.556 0 1
79 70 0.272 0 1
68 5 0.436 0 3
19 40 0.060 0 1
16 52 0.054 0 1
23 5 0.113 0 1
99 40 0.647 0 3
13 52 0.043 0 2
27 52 0.084 0 2
163 70 0.582 0 3
36 22 0.199 0 1
106 15 0.482 0 2
187 15 1.154 0 2
10 52 0.050 0 1
11 22 0.043 0 2
71 5 0.300 0 3
19 15 0.113 0 1
100 15 0.341 0 2
61 52 0.229 0 3
13 30 0.044 0 3
52 10 0.205 0 1
163 52 0.937 0 3
12 22 0.042 0 3
95 52 0.594 0 2
37 52 0.163 0 2
11 15 0.053 0 1
24 52 0.156 0 2
11 22 0.059 0 2
183 30 0.561 0 1
178 30 1.156 0 2
90 15 0.349 0 3
20 10 0.076 0 1
319 10 1.945 0 3
62 52 0.195 0 3
14 52 0.074 0 2
54 52 0.222 0 3
22 70 0.075 0 3
18 5 0.063 0 3
24 40 0.071 0 1
52 70 0.310 0 3
305 22 1.003 0 2
40 15 0.175 0 2
197 52 0.785 0 3
115 30 0.561 0 1
35 15 0.153 0 3
187 70 0.895 0 2
21 100 0.083 0 2
187 100 1.140 0 3
45 22 0.202 0 2
19 10 0.088 0 1
126 70 0.445 0 3
278 10 0.897 0 2
153 15 0.864 0 3
90 40 0.476 0 2
14 10 0.047 0 3
219 52 0.763 0 3
72 52 0.444 0 1
24 5 0.143 0 2
25 22 0.115 0 1
325 15 1.275 0 2
113 5 0.543 0 1
13 22 0.039 0 1
215 15 0.863 0 3
27 100 0.148 0 1
11 30 0.036 0 1
138 100 0.412 0 3
129 52 0.639 0 2
204 5 1.360 0 1
178 5 0.519 0 1
12 10 0.076 0 3
60 70 0.189 0 3
13 40 0.070 0 2
89 40 0.461 0 3
163 5 0.724 0 2
18 5 0.073 0 2
40 22 0.173 0 2
26 22 0.113 0 3
317 10 1.554 0 2
31 15 0.105 0 1
81 30 0.485 0 2
57 30 0.185 0 1
74 70 0.418 0 3
33 52 0.155 0 3
31 15 0.150 0 3
16 5 0.088 0 1
19 30 0.114 0 3
32 40 0.179 0 2
119 30 0.374 0 3
19 52 0.103 0 1
284 100 1.114 0 1
16 40 0.050 0 3
18 10 0.058 0 2
29 22 0.159 0 2
13 15 0.070 0 3
71 30 0.301 0 1
29 15 0.091 0 2
98 100 0.389 0 3
61 10 0.206 0 3
71 15 0.212 0 2
55 30 0.293 0 3
74 52 0.276 0 1
65 40 0.283 0 2
84 22 0.350 0 2
33 5 0.196 0 2
136 40 0.642 0 2
65 40 0.317 0 2
253 30 1.228 0 2
176 52 0.662 0 3
188 15 0.555 0 2
11 22 0.052 0 2
43 52 0.210 0 2
33 52 0.169 0 3
47 70 0.297 0 1
273 40 1.796 0 3
326 30 1.190 0 3
191 40 1.240 0 2
47 100 0.263 0 3
157 100 0.595 0 3
64 70 0.214 0 2
100 10 0.300 0 2
69 5 0.240 0 3
12 52 0.062 0 2
26 10 0.124 0 2
70 52 0.224 0 3
115 30 0.483 0 1
125 70 0.453 0 1
14 10 0.077 0 2
90 15 0.338 0 1
234 15 1.570 0 1
86 15 0.455 0 3
190 5 1.124 0 2
174 22 0.615 0 1
29 22 0.090 0 1
13 10 0.044 0 1
77 15 0.461 0 3
19 100 0.113 0 2
97 40 0.300 0 1
15 22 0.064 0 1
30 5 0.162 0 3
44 15 0.161 0 3
35 52 0.156 0 1
18 15 0.089 0 3
19 52 0.096 0 2
37 40 0.215 0 1
60 100 0.343 0 3
53 70 0.196 0 2
14 70 0.077 0 1
159 52 0.743 0 1
170 5 0.639 0 3
19 40 0.095 0 2
62 10 0.215 0 2
31 70 0.123 0 2
177 70 0.731 0 2
11 5 0.042 0 3
18 70 0.121 0 3
184 52 0.667 0 1
26 40 0.170 0 1
52 40 0.311 0 3
332 70 1.383 0 2
69 15 0.275 0 2
72 40 0.312 0 1
72 100 0.221 0 3
158 40 0.898 0 1
17 52 0.082 0 2
117 5 0.341 0 1
27 52 0.180 0 3
33 40 0.167 0 1
34 30 0.118 0 1
11 70 0.044 0 3
80 70 0.299 0 3
37 10 0.123 0 2
19 70 0.078 0 2
104 5 0.340 0 1
39 52 0.165 0 2
67 40 0.390 0 3
192 22 0.897 0 2
238 100 1.315 0 1
15 30 0.072 0 2
12 100 0.062 0 2
47 5 0.239 0 2
22 10 0.125 0 3
15 100 0.077 0 3
10 52 0.037 0 2
38 40 0.122 0 2
230 52 0.970 0 3
16 10 0.099 0 3
14 40 0.043 0 2
48 22 0.166 0 1
24 30 0.078 0 3
70 30 0.225 0 3
12 30 0.064 0 3
171 52 1.024 0 3
72 52 0.444 0 2
104 52 0.533 0 3
74 15 0.281 0 1
11 22 0.064 0 1
99 30 0.425 0 1
36 30 0.131 0 3
39 22 0.181 0 1
149 40 0.866 0 3
38 70 0.184 0 2
156 15 0.484 0 1
11 22 0.064 0 3
44 70 0.224 0 1
61 70 0.374 0 2
104 5 0.374 0 3
252 10 1.248 0 1
49 10 0.173 0 3
126 100 0.624 0 1
37 70 0.167 0 3
267 30 0.824 0 1
283 100 1.033 0 3
90 5 0.573 0 3
100 10 0.331 0 3
66 70 0.265 0 2
33 70 0.174 0 3
98 5 0.389 0 2
47 70 0.197 0 3
326 10 1.821 0 2
339 70 1.982 0 3
62 15 0.187 0 2
37 100 0.164 0 3
47 70 0.210 0 3
43 15 0.156 0 1
11 52 0.038 0 2
46 40 0.219 0 3
198 40 0.835 0 2
43 52 0.166 0 3
66 52 0.265 0 2
69 70 0.260 0 2
53 70 0.317 0 3
53 70 0.165 0 1
129 30 0.665 0 2
13 40 0.047 0 2
95 30 0.621 0 1
18 52 0.116 0 2
301 10 0.878 0 1
68 52 0.262 0 3
24 15 0.145 0 3
18 22 0.093 0 1
41 70 0.121 0 1
58 5 0.309 0 2
135 10 0.487 0 3
45 22 0.182 0 1
28 100 0.125 0 1
13 100 0.045 0 1
13 40 0.064 0 1
229 15 0.672 0 2
86 100 0.408 0 1
48 15 0.144 0 3
57 52 0.291 0 3
15 70 0.062 0 3
203 70 0.717 0 2
124 15 0.530 0 2
13 70 0.077 0 1
25 22 0.074 0 3
78 100 0.277 0 1
19 22 0.073 0 3
19 40 0.056 0 1
227 70 1.261 0 3
10 40 0.047 0 3
49 15 0.174 0 1
10 100 0.031 0 2
41 5 0.127 0 2
36 52 0.157 0 1
23 10 0.137 0 1
19 5 0.119 0 2
198 30 0.609 0 3
157 52 1.040 0 3
12 10 0.049 0 2
26 52 0.139 0 1
15 70 0.061 0 2
27 70 0.107 0 2
48 70 0.141 0 2
121 70 0.370 0 1
58 70 0.195 0 1
13 30 0.045 0 3
19 100 0.085 0 2
25 100 0.122 0 3
76 15 0.313 0 2
160 10 0.952 0 2
175 22 0.534 0 1
21 5 0.130 0 2
261 70 1.008 0 3
10 22 0.041 0 1
11 22 0.040 0 1
43 70 0.231 0 2
45 40 0.156 0 2
58 22 0.232 0 2
164 5 0.556 0 2
210 70 0.675 0 2
30 100 0.093 0 1
139 52 0.446 0 1
20 15 0.131 0 1
50 30 0.299 0 3
134 22 0.487 0 3
333 15 1.321 0 2
294 52 1.873 0 3
52 15 0.264 0 1
14 100 0.042 0 1
10 70 0.036 0 3
222 10 1.387 0 3
115 30 0.618 0 1
145 5 0.514 0 2
46 52 0.156 0 2
16 22 0.060 0 1
35 52 0.161 0 3
16 30 0.066 0 3
10 10 0.058 0 2
34 22 0.160 0 3
14 5 0.046 0 1
155 10 0.492 0 2
75 40 0.493 0 2
61 52 0.337 0 3
182 100 1.174 0 1
22 15 0.134 0 3
68 30 0.400 0 1
45 52 0.268 0 2
134 100 0.467 0 3
33 52 0.115 0 2
74 22 0.290 0 2
57 22 0.341 0 1
251 5 1.146 0 1
172 15 0.966 0 1
126 70 0.840 0 1
293 5 0.997 0 3
11 100 0.038 0 2
55 15 0.162 0 2
62 22 0.332 0 2
73 30 0.279 0 3
281 10 0.953 0 2
57 22 0.167 0 2
10 30 0.030 0 3
34 52 0.135 0 1
16 100 0.059 0 3
37 15 0.180 0 3
143 15 0.899 0 3
173 22 1.081 0 3
13 5 0.055 0 2
59 52 0.303 0 2
30 70 0.096 0 1
24 40 0.079 0 2
17 10 0.079 0 2
18 22 0.096 0 3
81 5 0.258 0 3
50 15 0.203 0 2
179 30 0.785 0 2
30 100 0.120 0 3
147 100 0.518 0 3
19 70 0.093 0 1
72 5 0.340 0 3
247 40 1.008 0 1
117 30 0.462 0 3
94 5 0.412 0 3
157 5 0.737 0 2
329 5 1.280 0 2
111 30 0.466 0 1
75 40 0.333 0 3
161 100 1.081 0 1
20 5 0.062 0 3
43 52 0.177 0 1
60 5 0.355 0 1
51 70 0.163 0 1
20 10 0.083 0 3
21 52 0.088 0 3
17 30 0.061 0 2
19 10 0.067 0 2
197 15 0.904 0 3
41 10 0.123 0 1
73 70 0.296 0 2
303 100 1.782 0 2
22 70 0.115 0 1
57 10 0.212 0 2
10 10 0.034 0 1
38 5 0.235 0 1
88 10 0.406 0 2
35 22 0.119 0 2
146 22 0.849 0 1
32 40 0.102 0 2
323 52 1.066 0 3
147 15 0.488 0 3
19 52 0.105 0 3
84 5 0.422 0 2
31 15 0.183 0 1
15 70 0.046 0 1
12 5 0.039 0 3
11 40 0.059 0 3
18 52 0.058 0 3
24 70 0.118 0 2
37 15 0.152 0 3
46 100 0.174 0 2
17 30 0.090 0 1
174 10 0.902 0 3
39 22 0.142 0 1
66 5 0.223 0 2
49 5 0.306 0 2
15 15 0.089 0 1
17 52 0.051 0 2
193 15 0.648 0 2
15 100 0.055 0 3
123 30 0.392 0 1
18 10 0.079 0 3
19 100 0.069 0 1
102 100 0.515 0 2
24 15 0.114 0 1
211 5 0.909 0 1
11 40 0.042 0 2
169 40 0.741 0 1
20 70 0.087 0 3
286 30 0.869 0 2
29 70 0.139 0 3
34 15 0.165 0 3
183 52 0.756 0 2
21 40 0.117 0 3
73 22 0.448 0 3
17 52 0.058 0 3
72 40 0.252 0 2
13 40 0.080 0 2
191 10 0.918 0 3
11 10 0.038 0 3
71 40 0.224 0 1
10 52 0.048 0 2
11 100 0.053 0 1
26 40 0.083 0 2
171 100 0.753 0 3
57 22 0.172 0 1
107 100 0.525 0 1
18 70 0.079 0 1
32 15 0.157 0 3
295 22 0.922 0 2
161 70 0.530 0 1
113 22 0.394 0 2
114 15 0.364 0 3
37 100 0.189 1 2
189 5 0.738 1 0
237 40 1.167 1 2
65 5 0.335 1 0
183 10 0.556 1 0
245 22 0.950 1 0
75 5 0.294 1 0
48 5 0.274 1 0
133 15 0.624 1 0
63 70 0.188 1 3
15 30 0.077 1 3
77 10 0.438 1 0
11 70 0.037 1 3
160 100 0.833 1 2
18 10 0.085 1 3
72 15 0.251 1 0
28 10 0.083 1 2
50 5 0.152 1 0
47 30 0.187 1 2
64 10 0.190 1 2
77 5 0.231 1 0
93 52 0.460 1 0
10 40 0.055 1 2
138 40 0.481 1 0
323 70 1.201 1 2
65 15 0.270 1 3
193 52 0.990 1 3
36 5 0.119 1 0
140 5 0.462 1 3
157 15 0.460 1 0
271 40 0.938 1 2
24 22 0.077 1 0
40 30 0.180 1 3
30 22 0.140 1 2
15 40 0.051 1 0
12 100 0.052 1 0
67 15 0.356 1 0
106 70 0.436 1 0
13 15 0.041 1 0
27 15 0.096 1 0
29 5 0.092 1 0
67 52 0.245 1 3
286 10 1.059 1 3
35 22 0.124 1 0
56 100 0.172 1 0
34 52 0.160 1 3
144 30 0.478 1 0
13 10 0.041 1 0
334 40 1.678 1 0
82 5 0.255 1 2
190 30 1.188 1 2
34 40 0.109 1 2
32 52 0.159 1 0
141 100 0.571 1 0
30 5 0.169 1 3
285 30 0.843 1 3
13 40 0.043 1 0
332 52 1.092 1 0
36 52 0.206 1 0
77 100 0.503 1 3
168 15 1.135 1 3
24 52 0.084 1 3
21 5 0.064 1 0
88 10 0.298 1 3
24 15 0.096 1 2
36 70 0.203 1 2
131 70 0.408 1 2
15 70 0.060 1 3
19 10 0.058 1 2
10 30 0.030 1 2
69 40 0.345 1 2
16 40 0.084 1 3
70 30 0.243 1 0
330 22 1.015 1 3
13 40 0.076 1 2
185 5 0.552 1 0
54 100 0.221 1 0
78 40 0.446 1 0
12 5 0.076 1 0
40 15 0.173 1 0
98 5 0.447 1 0
17 70 0.071 1 3
13 70 0.044 1 0
17 15 0.069 1 0
23 100 0.146 1 2
35 70 0.150 1 2
327 15 2.044 1 0
122 100 0.419 1 3
79 15 0.287 1 0
88 10 0.257 1 2
31 10 0.092 1 2
283 100 1.281 1 2
301 5 1.010 1 3
34 5 0.160 1 0
118 52 0.738 1 0
55 10 0.196 1 0
69 52 0.413 1 2
13 30 0.063 1 3
152 100 1.013 1 0
16 70 0.049 1 3
67 70 0.406 1 3
23 22 0.110 1 2
48 10 0.324 1 3
30 70 0.098 1 2
190 22 0.848 1 0
11 40 0.047 1 0
30 52 0.121 1 3
10 30 0.053 1 0
14 100 0.045 1 3
29 30 0.165 1 0
117 40 0.629 1 3
101 5 0.377 1 2
23 15 0.142 1 0
35 22 0.152 1 3
31 22 0.190 1 0
188 30 0.940 1 2
152 40 0.710 1 0
98 10 0.315 1 3
34 10 0.101 1 0
56 30 0.292 1 0
157 22 0.559 1 0
41 15 0.178 1 3
38 30 0.112 1 0
23 15 0.126 1 0
18 10 0.058 1 3
12 70 0.072 1 0
277 40 1.435 1 0
18 22 0.054 1 0
40 40 0.258 1 0
72 15 0.393 1 0
188 70 0.940 1 0
30 5 0.108 1 3
11 15 0.033 1 0
62 10 0.190 1 0
24 30 0.097 1 0
179 22 1.041 1 3
308 52 1.262 1 3
36 30 0.123 1 0
28 5 0.083 1 3
219 70 0.697 1 3
66 22 0.235 1 0
126 70 0.453 1 2
17 100 0.059 1 3
18 52 0.061 1 3
16 100 0.065 1 3
160 52 0.537 1 0
13 52 0.055 1 0
53 40 0.331 1 3
174 52 0.677 1 0
21 52 0.067 1 0
87 22 0.364 1 0
214 40 1.305 1 2
43 30 0.247 1 0
27 100 0.079 1 0
13 40 0.082 1 3
14 22 0.083 1 0
69 70 0.228 1 0
66 30 0.335 1 0
18 70 0.055 1 0
103 22 0.386 1 2
52 15 0.308 1 3
190 5 1.011 1 0
199 40 0.921 1 0
21 100 0.088 1 2
169 10 0.824 1 0
219 5 0.936 1 3
76 5 0.404 1 0
81 22 0.488 1 0
37 70 0.178 1 0
159 52 0.832 1 0
305 10 1.093 1 3
75 10 0.272 1 3
20 70 0.076 1 0
105 52 0.326 1 0
36 52 0.130 1 3
152 15 0.749 1 2
12 70 0.042 1 0
316 5 1.549 1 0
17 15 0.077 1 2
10 70 0.061 1 3
26 30 0.082 1 0
131 5 0.686 1 0
36 40 0.142 1 0
17 52 0.051 1 0
33 70 0.130 1 3
75 40 0.251 1 0
30 40 0.140 1 2
120 10 0.769 1 0
312 70 1.030 1 0
31 10 0.138 1 0
15 10 0.074 1 0
15 40 0.061 1 0
44 10 0.215 1 0
87 30 0.298 1 2
289 10 1.513 1 2
12 5 0.036 1 0
39 40 0.170 1 3
25 22 0.073 1 0
139 22 0.549 1 2
127 100 0.458 1 3
127 70 0.387 1 2
29 70 0.157 1 0
50 70 0.215 1 3
31 30 0.149 1 0
57 100 0.358 1 3
200 5 0.639 1 0
199 52 1.252 1 0
81 30 0.238 1 0
177 100 0.694 1 0
52 100 0.153 1 2
12 100 0.055 1 2
58 10 0.192 1 3
18 70 0.112 1 0
15 52 0.097 1 0
35 100 0.175 1 0
72 5 0.377 1 0
165 15 0.747 1 2
120 40 0.714 1 2
137 40 0.419 1 0
31 5 0.124 1 2
146 100 0.444 1 0
13 70 0.054 1 3
22 10 0.079 1 0
22 5 0.124 1 0
60 30 0.238 1 3
15 30 0.057 1 0
27 100 0.173 1 2
22 70 0.102 1 2
61 30 0.262 1 0
25 22 0.130 1 0
58 100 0.315 1 0
181 22 0.622 1 3
40 70 0.203 1 0
22 22 0.080 1 2
305 70 1.142 1 0
67 52 0.264 1 0
35 100 0.186 1 3
18 5 0.089 1 3
127 100 0.487 1 0
31 15 0.113 1 0
46 70 0.139 1 0
56 15 0.262 1 3
26 15 0.132 1 0
142 22 0.676 1 0
297 10 0.917 1 0
84 30 0.251 1 0
66 70 0.386 1 2
74 5 0.335 1 3
49 100 0.198 1 0
31 70 0.149 1 3
39 10 0.126 1 0
248 10 1.170 1 3
39 10 0.218 1 2
14 30 0.041 1 0
248 10 1.272 1 3
32 30 0.151 1 0
45 10 0.188 1 2
186 5 0.921 1 2
29 15 0.193 1 0
73 22 0.346 1 2
280 15 1.407 1 0
78 5 0.227 1 0
47 70 0.280 1 2
60 70 0.232 1 2
38 15 0.147 1 3
15 10 0.054 1 2
222 5 1.057 1 0
193 10 0.869 1 0
45 5 0.211 1 0
137 22 0.474 1 0
156 15 0.491 1 3
297 70 1.428 1 0
185 15 0.725 1 0
48 22 0.314 1 3
16 10 0.066 1 3
245 15 1.581 1 2
39 30 0.235 1 2
11 22 0.040 1 3
34 100 0.218 1 0
39 15 0.152 1 0
37 52 0.115 1 0
64 22 0.322 1 0
108 100 0.548 1 2
49 70 0.176 1 2
157 52 0.466 1 0
14 30 0.056 1 0
16 100 0.080 1 0
10 100 0.038 1 3
194 100 0.599 1 0
13 5 0.063 1 2
81 52 0.315 1 3
59 30 0.203 1 0
66 30 0.207 1 2
69 100 0.202 1 2
45 5 0.169 1 3
18 100 0.103 1 2
24 70 0.143 1 3
38 70 0.230 1 0
16 22 0.105 1 0
37 52 0.247 1 0
14 15 0.083 1 3
199 100 0.691 1 0
75 100 0.246 1 0
78 15 0.306 1 2
143 40 0.536 1 2
40 10 0.225 1 0
188 100 0.660 1 3
13 30 0.052 1 3
166 22 0.551 1 2
160 22 0.721 1 2
36 100 0.161 1 2
26 30 0.097 1 0
164 70 0.500 1 0
46 40 0.261 1 0
17 40 0.091 1 3
18 70 0.074 1 0
256 70 0.948 1 0
277 22 1.210 1 0
31 40 0.108 1 2
12 22 0.047 1 0
14 10 0.060 1 0
221 30 0.847 1 2
18 70 0.069 1 0
107 70 0.338 1 0
190 40 0.714 1 3
58 40 0.240 1 2
15 52 0.052 1 3
45 52 0.156 1 0
38 40 0.148 1 0
11 10 0.059 1 2
41 30 0.143 1 2
16 100 0.083 1 3
25 100 0.136 1 2
17 10 0.059 1 3
70 52 0.245 1 0
31 70 0.148 1 0
29 15 0.109 1 0
65 10 0.204 1 2
61 40 0.359 1 0
13 100 0.053 1 0
19 70 0.059 1 3
52 40 0.283 1 2
24 5 0.151 1 2
12 100 0.040 1 0
241 100 1.100 1 2
49 30 0.306 1 3
29 100 0.168 1 0
73 40 0.232 1 3
71 15 0.368 1 2
25 40 0.098 1 2
134 40 0.398 1 2
28 15 0.090 1 3
166 22 0.765 1 0
47 30 0.177 1 0
38 22 0.177 1 3
32 10 0.106 1 3
168 22 0.664 1 0
25 100 0.078 1 2
60 15 0.387 1 0
119 40 0.647 1 2
23 70 0.069 1 3
18 5 0.086 1 3
14 30 0.055 1 0
13 52 0.051 1 2
167 40 0.788 1 0
158 40 0.690 1 0
14 10 0.067 1 3
67 100 0.208 1 0
78 70 0.382 1 3
176 70 0.994 1 0
171 15 0.881 1 3
11 15 0.048 1 3
85 40 0.271 1 0
21 100 0.124 1 0
31 5 0.104 1 0
30 5 0.179 1 0
56 70 0.378 1 0
28 22 0.091 1 0
14 52 0.047 1 0
175 22 0.689 1 0
16 5 0.080 1 2
36 70 0.105 1 3
35 22 0.168 1 3
69 22 0.257 1 2
92 10 0.438 1 0
53 100 0.293 1 3
56 30 0.189 1 2
146 70 0.545 1 0
67 22 0.202 1 3
11 40 0.045 1 0
153 5 0.754 1 3
10 100 0.045 1 0
14 30 0.045 1 0
66 100 0.237 1 0
46 52 0.215 1 3
22 15 0.066 1 2
43 15 0.167 1 2
179 22 0.918 1 0
178 40 0.718 1 0
25 52 0.077 1 0
37 52 0.129 1 3
110 22 0.692 1 2
35 40 0.187 1 3
40 22 0.129 1 3
43 100 0.150 1 3
15 30 0.069 1 2
20 52 0.128 1 0
72 100 0.393 1 0
124 10 0.411 1 0
65 10 0.344 1 0
171 70 0.757 1 2
41 100 0.147 1 0
39 15 0.129 1 2
16 15 0.054 1 0
94 15 0.500 1 0
198 70 0.621 1 0
28 5 0.175 1 3
32 52 0.129 1 3
338 15 1.178 1 2
204 52 0.797 1 2
162 40 0.528 1 2
97 52 0.284 1 2
23 40 0.077 1 0
183 5 1.083 1 3
26 22 0.076 1 0
79 52 0.385 1 0
264 22 1.091 1 0
42 40 0.218 1 2
59 5 0.259 1 0
19 40 0.082 1 0
28 10 0.085 1 0
15 70 0.047 1 2
166 52 0.654 1 0
31 100 0.135 1 2
29 52 0.093 1 2
262 5 1.735 1 2
18 52 0.093 1 3
97 40 0.396 1 2
10 10 0.037 1 2
11 70 0.043 1 3
262 22 1.394 1 3
19 10 0.081 1 0
29 15 0.092 1 0
67 30 0.259 1 0
21 100 0.089 1 3
15 70 0.091 1 2
17 5 0.052 1 3
120 40 0.558 1 3
71 100 0.215 1 0
39 22 0.248 1 0
12 70 0.052 1 2
92 15 0.405 1 3
116 52 0.384 1 0
68 30 0.450 1 0
36 22 0.140 1 3
69 52 0.219 1 3
76 100 0.353 1 0
72 30 0.216 1 0
17 5 0.081 1 0
34 30 0.163 1 0
146 5 0.608 1 0
308 52 1.740 1 3
76 22 0.429 1 3
47 40 0.181 1 2
12 30 0.073 1 2
30 5 0.196 1 3
65 40 0.316 1 0
42 5 0.171 1 3
88 5 0.289 1 0
18 10 0.081 1 3
35 30 0.196 1 3
15 5 0.044 1 0
267 15 1.055 1 0
179 52 0.642 1 0
19 10 0.077 1 2
22 100 0.090 1 0
16 22 0.069 1 3
11 22 0.046 1 2
154 15 0.489 1 2
12 70 0.047 1 0
41 10 0.228 1 3
53 30 0.293 1 0
146 15 0.527 1 0
21 30 0.093 1 0
100 70 0.380 1 0
74 15 0.435 1 0
34 10 0.171 1 2
25 30 0.085 1 0
16 22 0.058 1 2
15 30 0.052 1 0
14 10 0.048 1 3
45 70 0.184 1 0
98 40 0.387 1 0
35 15 0.176 1 0
153 5 0.689 1 0
12 15 0.062 1 3
14 10 0.060 1 3
63 30 0.210 1 0
28 52 0.118 1 2
151 22 0.938 1 2
192 40 1.208 1 0
310 70 0.909 1 0
17 52 0.058 1 2
187 5 0.700 1 0
35 100 0.155 1 0
136 52 0.529 1 2
38 100 0.162 1 0
189 10 0.741 1 0
17 5 0.077 1 0
101 22 0.540 1 2
94 70 0.540 1 0
17 10 0.072 1 0
20 40 0.127 1 0
134 10 0.663 1 2
169 100 0.515 1 0
60 22 0.321 1 2
144 100 0.552 1 0
16 5 0.059 1 3
65 10 0.367 1 3
199 22 0.670 1 0
42 100 0.154 1 2
287 22 1.329 1 2
89 5 0.524 1 3
263 100 0.814 1 3
13 70 0.076 1 2
17 30 0.079 1 3
17 30 0.090 1 0
107 52 0.525 1 3
47 10 0.149 1 3
68 15 0.267 1 0
237 15 0.707 1 0
38 15 0.164 1 0
18 15 0.090 1 2
105 100 0.395 1 0
76 52 0.311 1 3
18 40 0.088 1 3
10 52 0.037 1 0
14 15 0.047 1 0
164 100 0.820 1 3
36 5 0.207 1 0
142 15 0.478 1 3
12 70 0.076 1 3
139 70 0.662 1 3
11 40 0.044 1 0
321 30 1.046 1 0
91 70 0.506 1 2
155 30 0.538 1 0
82 5 0.255 1 3
34 100 0.230 1 0
19 22 0.091 1 2
38 100 0.135 1 0
12 15 0.036 1 2
15 100 0.047 1 3
28 10 0.093 1 2
51 52 0.302 1 0
15 100 0.048 1 0
169 10 0.923 1 0
21 52 0.074 1 0
200 15 0.837 1 3
26 5 0.081 1 0
239 52 1.207 1 2
37 22 0.121 1 0
16 70 0.077 1 0
163 70 1.032 1 0
10 100 0.040 1 2
12 22 0.035 1 3
97 70 0.284 1 0
137 30 0.643 1 2
94 10 0.337 1 3
58 70 0.331 1 3
156 40 0.655 1 0
243 22 0.784 1 2
236 30 1.073 1 0
13 52 0.064 1 0
67 5 0.251 1 3
57 22 0.171 1 2
33 10 0.120 1 2
43 70 0.161 1 3
70 5 0.341 1 3
141 100 0.544 1 0
73 5 0.281 1 0
108 15 0.647 1 2
111 40 0.496 1 2
27 40 0.144 1 3
310 52 1.751 1 3
82 30 0.429 1 3
36 70 0.171 1 0
99 15 0.505 1 0
227 22 1.393 1 0
10 22 0.031 1 0
68 100 0.271 1 0
244 10 1.444 1 0
16 22 0.097 1 3
19 22 0.111 1 2
10 22 0.041 1 0
33 40 0.116 1 2
21 40 0.071 1 0
58 22 0.233 1 0
30 100 0.124 1 0
23 30 0.135 1 2
49 30 0.228 1 2
155 70 0.592 1 2
108 52 0.554 1 0
289 100 1.731 1 0
31 22 0.098 1 2
32 52 0.137 1 0
233 52 1.533 1 0
42 10 0.127 1 3
57 30 0.180 1 3
17 52 0.051 1 3
150 70 0.993 1 3
151 40 0.968 1 3
19 40 0.060 1 2
34 100 0.119 1 2
245 15 1.591 1 0
101 100 0.311 1 2
162 100 0.672 1 0
36 70 0.111 1 2
73 70 0.311 1 2
286 100 0.950 1 2
53 52 0.251 1 0
35 22 0.116 1 0
19 22 0.071 1 2
18 70 0.080 1 3
38 40 0.113 1 0
140 5 0.591 1 2
108 70 0.317 1 0
61 15 0.335 1 0
21 15 0.083 1 0
12 15 0.056 1 3
195 15 0.722 1 0
93 5 0.378 1 0
97 15 0.349 1 0
34 70 0.123 1 2
67 10 0.261 1 0
16 5 0.050 1 0
207 15 1.335 1 0
18 100 0.092 1 2
41 52 0.129 1 2
42 40 0.175 1 3
31 100 0.194 1 3
15 30 0.064 1 2
60 15 0.194 1 2
11 30 0.069 1 0
47 40 0.157 1 2
338 22 1.130 1 3
135 30 0.634 1 2
41 52 0.272 1 3
196 52 0.662 1 0
19 70 0.063 1 0
23 52 0.138 1 3
11 100 0.037 1 0
58 70 0.270 1 0
14 22 0.079 1 3
18 52 0.075 1 0
277 70 0.850 1 0
176 22 0.884 1 3
105 100 0.378 1 0
28 100 0.160 1 3
15 10 0.052 1 2
33 5 0.118 1 0
71 22 0.246 1 3
151 30 0.590 1 2
55 30 0.185 1 2
58 15 0.199 1 3
37 5 0.110 1 0
30 15 0.195 1 0
19 15 0.128 1 3
61 100 0.307 1 0
68 5 0.254 1 3
77 40 0.395 1 2
183 52 0.934 1 3
18 10 0.114 1 0
58 22 0.221 1 0
98 30 0.302 1 0
13 40 0.047 1 3
34 5 0.169 1 0
30 70 0.108 1 0
106 100 0.345 1 3
13 10 0.076 1 3
63 40 0.401 1 0
32 70 0.150 1 2
55 70 0.248 1 3
149 10 0.554 1 3
38 40 0.184 1 0
18 10 0.082 1 0
62 5 0.330 1 0
115 100 0.511 1 0
117 5 0.447 1 3
39 15 0.247 1 0
166 10 0.748 1 0
10 15 0.044 1 2
193 5 1.142 1 0
127 15 0.393 1 3
37 30 0.182 1 3
176 22 0.568 1 2
175 15 0.962 1 2
11 5 0.055 1 2
176 52 0.601 1 3
69 15 0.242 1 2
18 22 0.069 1 0
22 100 0.072 1 0
77 15 0.450 1 3
109 15 0.325 1 2
256 40 0.795 1 2
16 40 0.065 1 0
18 5 0.089 1 3
14 52 0.055 1 3
16 5 0.056 1 0
104 30 0.408 1 0
197 70 0.804 1 0
15 5 0.045 1 0
19 52 0.078 1 3
19 40 0.114 1 0
68 22 0.250 1 0
39 10 0.138 1 2
53 52 0.269 1 0
198 15 0.783 1 3
10 70 0.046 1 2
78 70 0.234 1 3
41 15 0.130 1 0
20 10 0.102 1 2
41 40 0.179 1 3
73 40 0.299 1 3
339 30 1.638 1 0
93 30 0.333 1 0
11 30 0.037 1 3
11 22 0.055 1 3
35 5 0.116 1 0
23 22 0.090 1 3
338 10 1.476 1 3
17 10 0.108 1 2
23 70 0.124 1 0
169 22 0.904 1 0
49 5 0.263 1 0
78 30 0.470 1 0
94 22 0.375 1 0
11 10 0.037 1 2
13 100 0.058 1 0
276 5 0.989 1 2
122 40 0.363 1 3
23 10 0.085 1 3
22 100 0.135 1 3
64 10 0.335 1 3
62 5 0.182 1 3
205 40 0.953 1 0
35 100 0.164 1 3
13 52 0.040 1 0
19 40 0.106 1 2
57 5 0.231 1 0
108 5 0.706 1 0
122 15 0.635 1 2
11 52 0.054 1 0
81 40 0.328 1 0
14 30 0.055 1 0
18 52 0.095 1 0
182 40 0.863 1 0
46 22 0.217 1 2
160 70 0.478 1 0
126 40 0.750 1 3
80 30 0.233 1 2
165 70 0.569 1 2
173 100 0.951 1 0
46 15 0.257 1 2
62 22 0.335 1 0
10 100 0.053 1 3
20 5 0.063 1 0
26 70 0.114 1 3
61 22 0.272 1 2
209 40 0.736 1 2
35 22 0.223 1 2
54 40 0.281 1 0
18 70 0.098 1 2
44 70 0.244 1 0
18 52 0.074 1 2
37 22 0.132 1 2
31 5 0.128 1 2
54 22 0.191 1 3
35 22 0.159 1 0
12 52 0.063 1 0
230 70 1.045 1 0
86 10 0.376 1 3
72 5 0.310 1 2
25 100 0.097 1 0
19 10 0.083 1 0
38 10 0.232 1 3
78 15 0.301 1 0
62 22 0.241 1 0
115 5 0.378 1 0
38 52 0.127 1 0
12 30 0.047 1 0
17 30 0.058 1 3
16 15 0.083 1 2
161 15 0.511 1 0
21 40 0.115 1 0
24 5 0.073 1 3
157 100 0.592 1 0
17 70 0.091 1 0
33 15 0.173 1 2
141 70 0.557 1 3
87 15 0.358 1 0
19 30 0.070 1 3
50 10 0.316 1 3
17 100 0.107 1 3
27 5 0.085 1 3
18 100 0.097 1 0
81 30 0.547 1 0
18 15 0.105 1 2
98 100 0.341 1 0
62 30 0.242 1 0
57 22 0.339 1 3
12 40 0.040 1 2
229 5 0.962 1 2
154 5 0.487 1 2
42 10 0.127 1 0
19 5 0.118 1 0
165 40 0.541 1 2
36 100 0.128 1 3
282 30 1.259 1 2
12 5 0.042 1 2
20 52 0.085 1 2
67 22 0.379 1 0
132 15 0.520 1 0
179 40 0.656 1 3
71 10 0.286 1 0
26 40 0.141 1 3
70 30 0.268 1 3
10 40 0.053 1 3
40 22 0.175 1 3
56 22 0.243 1 2
20 22 0.071 1 0
53 15 0.225 1 0
272 5 1.183 1 0
63 10 0.417 1 0
68 15 0.364 1 3
120 10 0.352 1 2
45 70 0.231 1 0
90 10 0.269 1 3
19 70 0.099 1 0
272 5 0.889 1 2
51 70 0.175 1 0
36 52 0.151 1 0
38 30 0.242 1 0
195 70 0.709 1 0
37 22 0.199 1 3
230 30 0.958 1 0
94 15 0.286 1 0
66 5 0.281 1 2
12 15 0.040 1 3
298 30 1.274 1 0
31 5 0.104 1 0
193 30 1.090 1 3
11 70 0.043 1 0
71 15 0.360 1 0
16 10 0.056 1 3
56 100 0.190 1 2
70 15 0.286 1 3
15 22 0.063 1 2
21 15 0.107 1 0
16 15 0.104 1 3
37 40 0.141 1 0
31 100 0.091 1 2
35 40 0.201 1 3
22 52 0.093 1 0
75 22 0.323 1 3
274 10 1.151 1 0
80 10 0.236 1 3
33 10 0.131 1 3
119 30 0.490 1 2
208 70 0.867 1 0
71 70 0.209 1 2
20 30 0.070 1 2
120 30 0.417 1 0
199 5 0.587 1 2
19 22 0.087 1 0
63 70 0.235 1 0
44 10 0.220 1 3
153 30 0.457 1 3
178 15 0.659 1 0
173 5 1.153 1 0
86 22 0.400 1 2
16 70 0.060 1 0
189 52 0.630 1 2
29 5 0.099 1 0
57 22 0.248 1 2
265 52 1.086 1 3
86 15 0.381 1 0
13 52 0.051 1 0
55 40 0.206 1 0
26 40 0.085 1 0
10 52 0.032 1 0
61 70 0.299 1 0
29 70 0.163 1 2
10 30 0.032 1 0
97 10 0.331 1 3
29 40 0.187 1 2
174 22 0.559 1 0
199 70 1.099 1 3
50 52 0.208 1 0
145 5 0.700 1 3
77 22 0.237 1 2
260 100 0.850 1 3
145 15 0.650 1 0
19 30 0.068 1 0
160 10 0.645 1 3
84 22 0.297 1 2
138 100 0.486 1 0
29 22 0.111 1 3
41 30 0.194 1 3
193 15 0.613 1 2
29 10 0.126 1 3
64 52 0.306 1 0
67 70 0.328 1 0
43 40 0.192 1 3
73 40 0.294 1 3
16 40 0.102 1 0
68 30 0.279 1 0
10 70 0.041 1 3
40 70 0.240 1 0
275 10 1.046 1 0
36 15 0.169 1 0
19 100 0.084 1 2
215 30 0.691 1 0
10 15 0.066 1 0
14 52 0.043 1 0
48 40 0.167 1 0
10 22 0.039 1 0
148 22 0.630 1 2
10 10 0.033 1 0
30 100 0.138 1 3
156 40 0.642 1 2
63 52 0.217 1 2
14 100 0.073 1 0
210 30 1.061 1 2
13 70 0.040 1 0
63 100 0.280 1 2
188 52 1.270 1 0
99 70 0.562 1 3
111 10 0.325 1 0
24 5 0.082 1 0
15 70 0.046 1 0
36 30 0.164 1 0
56 70 0.222 1 2
126 10 0.470 1 3
41 30 0.193 1 0
13 40 0.051 1 2
185 100 0.573 1 3
13 30 0.045 1 0
30 15 0.109 1 0
44 30 0.139 1 2
142 30 0.776 1 0
21 22 0.082 1 2
152 22 0.652 1 0
130 5 0.610 1 0
177 15 0.646 1 0
281 5 1.332 1 2
73 10 0.226 1 2
17 40 0.073 1 2
52 70 0.244 1 3
212 22 1.055 1 2
10 15 0.030 1 2
55 40 0.182 1 3
29 52 0.133 1 0
112 15 0.675 1 0
21 40 0.062 1 0
31 52 0.091 1 0
44 10 0.257 1 2
34 52 0.101 1 3
22 22 0.112 1 0
18 22 0.085 1 0
49 100 0.157 1 0
52 15 0.204 1 2
79 30 0.251 1 0
16 40 0.094 1 2
123 52 0.577 1 2
25 10 0.073 1 3
67 15 0.259 1 2
15 22 0.050 1 0
207 100 0.704 1 0
27 100 0.097 1 2
114 70 0.533 1 0
31 10 0.113 1 0
55 22 0.198 1 2
11 30 0.073 1 3
15 100 0.049 1 2
15 52 0.075 1 0
13 30 0.056 1 2
33 30 0.097 1 3
71 100 0.359 1 3
18 5 0.112 1 0
32 30 0.185 1 0
28 70 0.106 1 0
21 10 0.112 1 3
66 22 0.233 1 0
67 40 0.241 1 2
37 40 0.117 1 0
30 30 0.160 1 0
57 22 0.241 1 0
28 22 0.120 1 0
75 15 0.359 1 0
19 40 0.057 1 2
253 100 1.240 1 2
96 52 0.436 1 0
224 52 1.179 1 2
130 10 0.502 1 0
22 70 0.068 1 0
15 70 0.097 1 3
45 52 0.171 1 0
184 40 0.579 1 3
73 15 0.215 1 0
150 40 0.476 1 0
26 15 0.095 1 0
20 70 0.077 1 0
27 22 0.096 1 3
17 52 0.059 2 3
61 15 0.370 2 1
30 5 0.188 2 0
152 22 0.545 2 0
44 10 0.213 2 3
35 40 0.132 2 0
30 5 0.130 2 3
73 40 0.382 2 0
74 22 0.389 2 3
26 70 0.143 2 0
49 15 0.155 2 3
12 22 0.048 2 0
117 22 0.606 2 1
28 40 0.178 2 0
329 52 1.327 2 0
45 22 0.144 2 0
298 100 1.840 2 1
72 40 0.211 2 0
135 5 0.467 2 1
23 70 0.099 2 3
175 5 0.595 2 0
18 15 0.059 2 0
49 10 0.222 2 3
15 52 0.067 2 0
14 52 0.077 2 1
29 30 0.117 2 1
69 22 0.297 2 0
153 22 0.695 2 1
18 100 0.055 2 0
209 10 0.611 2 3
26 5 0.089 2 1
79 10 0.313 2 0
211 22 0.868 2 1
133 52 0.573 2 1
14 15 0.067 2 1
20 30 0.087 2 0
26 100 0.127 2 1
199 40 0.650 2 0
58 15 0.215 2 3
18 15 0.061 2 3
79 15 0.278 2 1
121 70 0.590 2 3
190 22 0.691 2 0
264 70 1.004 2 0
53 52 0.157 2 0
28 15 0.100 2 0
42 10 0.132 2 0
14 10 0.079 2 3
42 100 0.258 2 0
17 15 0.052 2 1
117 40 0.731 2 1
44 15 0.155 2 3
94 100 0.431 2 1
333 22 1.429 2 3
278 100 0.888 2 3
13 100 0.039 2 0
18 40 0.059 2 1
50 5 0.245 2 0
34 10 0.219 2 1
77 30 0.403 2 3
27 22 0.095 2 3
58 40 0.197 2 0
302 100 1.360 2 0
73 10 0.388 2 0
59 10 0.197 2 0
29 10 0.164 2 0
46 100 0.284 2 0
20 100 0.098 2 0
19 5 0.091 2 0
71 22 0.246 2 0
69 5 0.218 2 0
156 5 0.580 2 0
32 15 0.200 2 0
238 22 0.801 2 1
65 40 0.195 2 1
135 10 0.430 2 0
15 52 0.099 2 1
36 30 0.107 2 1
50 52 0.208 2 0
35 10 0.169 2 0
15 30 0.053 2 0
145 40 0.612 2 0
103 100 0.327 2 0
142 100 0.631 2 1
163 40 0.652 2 1
176 22 0.662 2 0
12 10 0.072 2 1
69 22 0.338 2 3
48 22 0.286 2 0
31 15 0.115 2 1
12 10 0.045 2 1
43 100 0.259 2 0
58 10 0.206 2 1
133 40 0.392 2 1
36 10 0.111 2 3
140 10 0.495 2 0
23 70 0.111 2 3
132 22 0.820 2 0
15 5 0.090 2 1
39 5 0.122 2 0
116 5 0.468 2 3
15 15 0.078 2 1
153 52 0.541 2 0
26 10 0.126 2 3
79 30 0.231 2 0
43 10 0.176 2 0
18 15 0.066 2 1
98 52 0.452 2 3
72 40 0.267 2 3
197 100 0.670 2 0
52 30 0.255 2 1
44 10 0.179 2 0
150 10 0.664 2 0
34 100 0.135 2 0
14 22 0.067 2 1
13 52 0.061 2 1
40 30 0.136 2 0
15 5 0.051 2 0
25 52 0.081 2 0
10 22 0.048 2 1
45 10 0.224 2 0
14 10 0.065 2 1
16 70 0.088 2 0
31 10 0.122 2 1
177 40 0.555 2 0
20 5 0.058 2 0
192 30 1.200 2 3
49 10 0.157 2 1
72 15 0.220 2 3
26 100 0.087 2 1
33 52 0.129 2 1
16 5 0.056 2 1
37 100 0.223 2 0
13 15 0.085 2 0
153 22 0.471 2 0
27 10 0.134 2 0
20 22 0.112 2 3
206 52 0.802 2 0
70 5 0.443 2 3
182 10 0.652 2 0
16 40 0.060 2 3
13 15 0.058 2 0
25 100 0.103 2 0
32 15 0.168 2 0
18 10 0.061 2 1
63 5 0.270 2 1
17 5 0.088 2 0
117 70 0.411 2 0
112 5 0.393 2 0
27 100 0.113 2 3
97 52 0.614 2 3
73 15 0.465 2 1
120 40 0.638 2 3
302 15 1.398 2 3
148 40 0.481 2 0
67 10 0.278 2 0
41 100 0.138 2 1
16 40 0.063 2 0
100 30 0.671 2 0
176 52 0.664 2 3
35 30 0.142 2 0
34 70 0.173 2 0
25 40 0.160 2 3
16 22 0.086 2 0
30 52 0.136 2 3
73 100 0.265 2 1
20 52 0.074 2 3
67 100 0.300 2 1
36 5 0.226 2 1
130 10 0.466 2 1
57 15 0.183 2 0
10 5 0.033 2 0
276 70 0.854 2 0
12 30 0.056 2 0
59 5 0.358 2 1
190 30 0.681 2 0
33 70 0.105 2 1
113 5 0.734 2 1
29 52 0.094 2 3
74 5 0.282 2 0
59 30 0.214 2 1
45 70 0.137 2 0
24 40 0.093 2 3
71 52 0.382 2 3
18 30 0.053 2 3
158 10 0.888 2 3
58 40 0.261 2 0
19 52 0.061 2 1
223 40 0.957 2 0
38 100 0.255 2 3
29 22 0.137 2 0
245 30 1.129 2 0
154 70 0.475 2 3
10 70 0.041 2 3
67 30 0.291 2 0
18 5 0.058 2 0
64 10 0.360 2 0
13 10 0.065 2 0
191 40 1.110 2 1
23 15 0.088 2 0
31 15 0.166 2 3
80 30 0.430 2 0
25 52 0.124 2 3
49 100 0.152 2 1
178 100 0.698 2 1
28 40 0.108 2 0
159 5 0.486 2 0
46 40 0.295 2 3
288 15 1.129 2 0
10 10 0.046 2 3
99 70 0.307 2 3
28 15 0.093 2 0
206 70 0.644 2 1
111 40 0.502 2 0
333 40 1.514 2 0
14 52 0.056 2 0
22 40 0.138 2 1
35 10 0.217 2 0
35 15 0.150 2 0
89 52 0.514 2 0
112 70 0.361 2 0
311 15 0.994 2 0
210 40 1.338 2 3
19 30 0.072 2 3
74 52 0.314 2 1
14 15 0.091 2 0
13 15 0.085 2 3
57 22 0.191 2 0
15 30 0.075 2 0
54 15 0.358 2 0
71 100 0.438 2 0
34 15 0.113 2 0
51 70 0.169 2 3
71 52 0.438 2 1
16 22 0.080 2 3
60 70 0.193 2 0
103 100 0.609 2 0
67 30 0.221 2 0
16 40 0.062 2 3
46 52 0.154 2 0
18 22 0.076 2 1
16 10 0.095 2 1
129 5 0.533 2 1
14 30 0.060 2 1
18 40 0.107 2 1
19 10 0.078 2 1
70 52 0.241 2 0
121 22 0.553 2 1
107 22 0.535 2 1
179 15 0.762 2 1
13 10 0.045 2 0
48 40 0.197 2 0
20 40 0.105 2 1
238 40 0.726 2 1
13 10 0.052 2 0
73 52 0.427 2 3
12 10 0.052 2 3
235 52 1.506 2 3
188 15 1.027 2 0
73 70 0.312 2 0
32 30 0.131 2 0
23 30 0.088 2 0
289 15 0.938 2 1
167 10 1.099 2 0
191 15 0.841 2 1
17 52 0.112 2 0
39 15 0.149 2 0
14 40 0.067 2 3
94 52 0.475 2 1
213 70 1.087 2 1
12 100 0.052 2 0
13 52 0.044 2 0
36 5 0.107 2 0
10 15 0.034 2 0
117 40 0.504 2 1
13 22 0.049 2 1
68 100 0.352 2 3
38 40 0.164 2 0
54 70 0.303 2 3
100 22 0.467 2 1
72 5 0.320 2 3
173 100 1.068 2 0
52 5 0.278 2 3
167 15 0.663 2 3
154 70 0.597 2 0
14 52 0.072 2 0
14 22 0.056 2 1
38 100 0.210 2 3
42 52 0.220 2 0
12 52 0.059 2 0
17 22 0.076 2 1
47 70 0.165 2 0
18 52 0.059 2 3
11 30 0.043 2 1
84 22 0.452 2 0
129 5 0.404 2 0
99 70 0.566 2 0
19 22 0.063 2 0
237 10 1.539 2 1
27 22 0.102 2 0
32 15 0.098 2 3
67 52 0.411 2 3
37 10 0.213 2 3
153 52 0.548 2 0
184 10 0.632 2 1
17 15 0.059 2 3
93 22 0.339 2 1
50 100 0.202 2 1
78 70 0.342 2 1
42 100 0.169 2 3
17 5 0.098 2 1
37 52 0.220 2 0
24 52 0.080 2 1
31 5 0.204 2 0
51 5 0.184 2 0
97 100 0.458 2 1
18 70 0.069 2 3
130 30 0.878 2 0
55 100 0.219 2 0
37 15 0.131 2 3
10 15 0.039 2 0
39 5 0.173 2 0
116 52 0.419 2 1
56 15 0.226 2 3
120 22 0.533 2 1
36 70 0.157 2 0
50 10 0.196 2 3
24 100 0.102 2 0
109 52 0.480 2 3
36 70 0.186 2 3
41 5 0.183 2 1
181 22 0.567 2 3
12 10 0.042 2 0
29 70 0.089 2 1
29 40 0.113 2 0
19 30 0.121 2 0
73 15 0.356 2 0
166 40 0.570 2 0
72 30 0.295 2 1
29 22 0.137 2 0
338 5 1.320 2 0
43 10 0.141 2 1
16 100 0.057 2 1
193 70 0.751 2 3
82 10 0.274 2 0
173 5 0.718 2 0
59 40 0.229 2 3
168 30 0.677 2 0
12 70 0.035 2 0
60 40 0.290 2 1
34 10 0.105 2 1
20 22 0.092 2 0
51 70 0.317 2 1
67 52 0.257 2 3
19 22 0.058 2 0
17 15 0.070 2 0
325 15 1.419 2 3
15 40 0.045 2 3
24 40 0.100 2 0
32 10 0.104 2 3
109 70 0.524 2 0
31 22 0.137 2 1
202 70 0.721 2 3
60 10 0.212 2 3
18 22 0.119 2 0
15 10 0.066 2 3
19 5 0.057 2 0
11 70 0.054 2 0
83 15 0.539 2 0
72 15 0.343 2 0
79 70 0.459 2 1
61 100 0.182 2 1
134 22 0.472 2 0
66 22 0.195 2 0
175 100 0.862 2 1
100 22 0.292 2 0
45 70 0.146 2 0
267 70 1.679 2 3
38 22 0.123 2 3
17 10 0.110 2 3
17 100 0.051 2 3
114 70 0.717 2 0
106 22 0.309 2 0
48 30 0.172 2 0
43 52 0.150 2 1
11 70 0.061 2 0
78 10 0.250 2 3
269 52 1.546 2 3
29 22 0.093 2 3
181 40 0.761 2 0
11 5 0.062 2 0
14 5 0.082 2 3
44 30 0.136 2 0
28 15 0.109 2 3
171 70 0.528 2 0
15 40 0.055 2 1
74 52 0.275 2 0
81 40 0.403 2 0
250 22 1.046 2 1
278 52 0.979 2 0
54 40 0.342 2 0
194 70 0.729 2 0
32 40 0.171 2 0
10 100 0.029 2 1
11 40 0.065 2 1
29 5 0.086 2 1
243 15 0.723 2 3
12 10 0.037 2 1
18 15 0.089 2 3
29 5 0.166 2 0
72 30 0.450 2 0
37 5 0.122 2 3
35 10 0.131 2 1
162 100 0.857 2 1
21 5 0.068 2 0
47 22 0.185 2 0
51 10 0.197 2 1
30 40 0.107 2 0
78 30 0.462 2 1
103 52 0.446 2 0
115 22 0.401 2 1
10 15 0.036 2 0
66 22 0.267 2 0
17 30 0.056 2 0
14 30 0.075 2 0
18 5 0.066 2 0
15 15 0.046 2 3
70 30 0.383 2 1
71 70 0.218 2 0
19 70 0.060 2 3
144 15 0.598 2 0
233 30 0.921 2 0
271 52 1.411 2 0
15 10 0.067 2 1
41 22 0.204 2 0
15 15 0.053 2 1
55 5 0.256 2 3
98 15 0.311 2 1
10 52 0.047 2 3
37 5 0.132 2 0
34 22 0.135 2 1
35 5 0.179 2 0
24 5 0.112 2 0
22 22 0.113 2 0
107 52 0.350 2 1
59 22 0.324 2 0
145 52 0.460 2 1
111 5 0.638 2 3
62 10 0.400 2 3
14 70 0.044 2 0
14 5 0.049 2 0
10 30 0.043 2 0
213 22 0.701 2 0
288 52 1.176 2 0
246 22 1.103 2 1
13 40 0.039 2 3
16 100 0.072 2 0
67 52 0.441 2 3
13 70 0.046 2 0
115 5 0.590 2 3
152 5 0.661 2 0
60 52 0.361 2 3
70 10 0.308 2 0
24 70 0.100 2 1
20 10 0.120 2 3
36 10 0.155 2 3
43 40 0.134 2 1
16 52 0.082 2 3
58 40 0.216 2 1
69 100 0.338 2 3
42 40 0.157 2 1
71 5 0.372 2 1
21 10 0.103 2 0
18 10 0.054 2 0
17 10 0.063 2 3
248 40 0.780 2 3
29 100 0.146 2 0
56 52 0.192 2 0
10 10 0.055 2 1
11 100 0.038 2 1
40 5 0.166 2 1
27 70 0.080 2 0
10 30 0.032 2 1
145 52 0.456 2 0
158 10 0.525 2 1
286 15 0.966 2 1
38 40 0.169 2 3
27 30 0.113 2 3
69 15 0.345 2 1
47 15 0.285 2 3
28 40 0.123 2 0
16 22 0.053 2 3
272 70 1.648 2 0
15 5 0.097 2 3
17 10 0.053 2 0
148 70 0.536 2 0
47 5 0.285 2 0
35 70 0.188 2 1
57 30 0.363 2 0
26 40 0.086 2 1
47 15 0.290 2 3
265 22 1.710 2 1
63 52 0.219 2 0
21 100 0.063 2 1
73 15 0.221 2 3
11 15 0.051 2 0
18 22 0.066 2 3
15 15 0.079 2 3
194 40 0.890 2 0
17 52 0.086 2 3
120 100 0.387 2 3
58 22 0.183 2 0
322 5 2.176 2 3
16 15 0.058 2 0
337 15 2.174 2 3
10 70 0.033 2 0
126 70 0.527 2 1
104 5 0.362 2 0
19 100 0.097 2 1
73 52 0.448 2 3
12 52 0.076 2 0
39 15 0.117 2 3
183 100 0.938 2 0
23 30 0.094 2 3
92 5 0.283 2 0
71 5 0.285 2 0
10 100 0.035 2 1
37 15 0.151 2 1
13 30 0.080 2 0
76 5 0.432 2 3
138 40 0.597 2 0
182 10 0.535 2 0
19 70 0.075 2 1
11 15 0.068 2 0
172 100 0.831 2 0
17 40 0.062 2 0
69 52 0.315 2 0
16 52 0.049 2 3
45 70 0.254 2 3
13 15 0.042 2 1
49 100 0.230 2 1
149 100 0.665 2 3
10 40 0.035 2 3
67 52 0.201 2 0
100 10 0.326 2 0
14 22 0.069 2 1
50 5 0.259 2 3
91 5 0.293 2 0
19 30 0.068 2 0
75 10 0.281 2 0
141 5 0.542 2 3
105 70 0.341 2 0
194 30 0.591 2 3
114 100 0.334 2 3
36 52 0.188 2 0
18 5 0.068 2 0
160 15 0.535 2 1
327 100 1.016 2 0
36 40 0.146 2 0
44 52 0.224 2 0
48 70 0.184 2 1
31 10 0.092 2 0
39 5 0.114 2 1
30 30 0.115 2 3
148 30 0.487 2 3
30 15 0.194 2 1
36 70 0.224 2 3
198 70 0.678 2 0
12 40 0.036 2 1
122 52 0.753 2 0
107 30 0.420 2 1
77 22 0.232 2 3
21 30 0.100 2 3
29 52 0.104 2 3
78 15 0.273 2 1
14 100 0.062 2 0
28 70 0.098 2 3
332 5 1.350 2 0
165 40 0.503 2 0
244 40 0.782 2 0
79 5 0.249 2 0
20 30 0.062 2 1
14 40 0.045 2 0
50 10 0.172 2 3
169 70 0.612 2 0
23 52 0.115 2 0
46 10 0.247 2 3
62 22 0.182 2 0
40 5 0.171 2 0
108 40 0.688 2 0
111 15 0.509 2 0
115 70 0.356 2 0
52 52 0.226 2 0
30 22 0.132 2 1
26 30 0.102 2 1
46 100 0.142 2 0
32 40 0.132 2 0
49 22 0.195 2 0
25 15 0.091 2 0
54 70 0.254 2 0
284 52 0.990 2 0
33 70 0.102 2 0
141 100 0.560 2 0
14 15 0.056 2 0
72 22 0.414 2 1
34 70 0.148 2 3
64 15 0.296 2 1
10 70 0.041 2 0
55 70 0.221 2 0
132 5 0.892 2 0
18 40 0.071 2 1
15 10 0.046 2 0
178 15 0.836 2 1
31 10 0.189 2 0
122 40 0.371 2 3
26 52 0.083 2 0
64 70 0.228 2 0
65 22 0.325 2 1
193 52 0.697 2 3
37 52 0.198 2 3
58 40 0.347 2 0
137 30 0.506 2 3
17 22 0.082 2 1
73 22 0.272 2 3
194 52 0.924 2 0
185 100 0.797 2 0
21 100 0.063 2 1
335 100 1.675 2 3
51 40 0.325 2 1
66 52 0.313 2 3
173 5 0.549 2 0
52 15 0.246 2 3
36 5 0.148 2 0
289 40 0.858 2 3
36 100 0.155 2 0
79 40 0.527 2 3
70 10 0.222 2 3
55 70 0.357 2 0
127 5 0.726 2 0
72 52 0.274 2 3
34 52 0.111 2 0
292 22 1.173 2 1
115 5 0.481 2 0
17 22 0.068 2 1
316 5 0.924 2 0
31 22 0.112 2 3
26 52 0.145 2 3
37 30 0.219 2 0
23 5 0.081 2 3
45 30 0.141 2 1
24 22 0.087 2 1
73 100 0.468 2 3
93 22 0.278 2 0
73 52 0.243 2 0
122 100 0.701 2 0
220 15 1.028 2 0
78 15 0.368 2 3
48 100 0.146 2 1
48 100 0.200 2 3
18 40 0.114 2 3
19 52 0.061 2 0
57 22 0.241 2 1
47 52 0.290 2 1
85 70 0.521 2 0
38 70 0.184 2 3
82 10 0.363 2 0
24 10 0.097 2 1
119 10 0.676 2 0
193 30 1.109 2 0
113 5 0.469 2 3
207 100 1.005 2 0
318 5 1.071 2 1
244 30 1.379 2 0
290 15 1.306 2 0
114 10 0.349 2 0
78 52 0.265 2 0
15 5 0.082 2 1
25 10 0.143 2 0
143 22 0.799 2 3
16 10 0.084 2 0
38 52 0.213 2 1
243 40 0.789 2 3
65 22 0.401 2 1
200 30 0.952 2 3
13 22 0.078 2 0
11 70 0.064 2 3
325 100 1.032 2 3
34 22 0.100 2 0
15 100 0.074 2 0
30 100 0.167 2 1
45 15 0.217 2 0
120 15 0.430 2 0
20 22 0.061 2 0
12 15 0.043 2 3
78 70 0.338 2 1
52 40 0.319 2 3
137 22 0.519 2 1
168 22 0.853 2 3
35 30 0.110 2 1
43 100 0.136 2 3
110 10 0.437 2 3
25 40 0.092 2 0
53 70 0.251 2 0
165 15 0.771 2 0
114 52 0.640 2 1
36 15 0.188 2 0
25 5 0.114 2 0
140 40 0.491 2 0
114 70 0.355 2 1
40 70 0.182 2 0
213 22 0.747 2 1
78 40 0.293 2 0
18 100 0.053 2 0
19 70 0.055 2 3
119 52 0.726 2 1
59 70 0.204 2 0
72 52 0.242 2 3
61 70 0.199 2 3
10 100 0.054 2 3
21 30 0.095 2 3
66 22 0.272 2 0
122 5 0.445 2 0
62 10 0.341 2 0
12 40 0.043 2 0
107 15 0.598 2 0
28 5 0.113 2 1
11 40 0.037 2 0
71 100 0.384 2 3
79 22 0.416 2 3
72 22 0.211 2 3
12 15 0.046 2 0
30 100 0.121 2 1
12 40 0.079 2 3
27 10 0.099 2 1
56 40 0.235 2 1
187 22 0.779 2 0
39 22 0.130 2 0
13 5 0.056 2 0
18 52 0.091 2 3
21 100 0.121 2 1
171 10 0.838 2 0
12 100 0.040 2 1
113 30 0.589 2 1
20 52 0.098 2 0
86 15 0.404 2 0
37 52 0.134 2 1
145 22 0.547 2 1
171 40 0.792 2 0
22 5 0.066 2 0
113 22 0.665 2 0
22 30 0.065 2 0
167 70 0.971 2 0
73 10 0.248 2 1
10 15 0.043 2 3
278 10 1.099 2 0
22 10 0.091 2 1
52 52 0.297 2 0
85 5 0.356 2 3
133 70 0.520 2 3
45 22 0.194 2 0
110 5 0.442 2 3
169 40 0.949 2 3
62 100 0.256 2 3
51 5 0.178 2 0
76 40 0.434 2 3
74 100 0.493 2 0
19 30 0.057 2 0
23 52 0.077 2 1
58 70 0.304 2 3
102 10 0.622 2 1
15 10 0.068 2 3
18 100 0.056 2 0
14 52 0.093 2 1
339 10 1.994 2 0
31 10 0.101 2 0
157 5 0.770 2 3
78 10 0.424 2 1
192 5 0.585 2 3
18 70 0.056 2 0
16 10 0.070 2 0
78 15 0.253 2 3
175 30 0.768 2 1
54 100 0.320 2 0
57 22 0.168 2 3
73 10 0.335 2 1
70 10 0.374 2 3
15 15 0.044 2 3
57 10 0.168 2 1
100 52 0.339 2 0
279 70 1.651 2 1
15 40 0.059 2 0
34 15 0.106 2 0
188 70 0.558 2 1
15 10 0.088 2 0
231 15 0.822 2 3
291 22 1.183 2 0
170 30 0.576 2 3
66 100 0.291 2 3
38 10 0.196 2 1
10 70 0.056 2 3
10 40 0.034 2 1
61 40 0.293 2 0
17 52 0.113 2 0
168 30 0.634 2 0
10 10 0.045 2 3
18 30 0.107 2 3
15 40 0.059 2 0
114 5 0.691 2 0
78 22 0.517 2 0
199 70 0.737 2 3
31 70 0.127 2 0
175 22 1.042 2 0
14 15 0.070 2 0
10 52 0.035 2 3
21 15 0.103 2 3
10 70 0.042 2 3
190 22 0.795 2 1
18 15 0.076 2 0
55 10 0.182 2 1
46 30 0.163 2 0
159 15 0.764 2 3
67 52 0.248 2 0
78 30 0.451 2 1
33 15 0.115 2 0
34 52 0.130 2 0
47 5 0.318 2 1
180 100 0.804 2 1
48 10 0.255 2 0
74 40 0.289 2 1
56 22 0.170 2 1
96 10 0.282 2 0
127 52 0.432 2 3
31 100 0.181 2 3
70 22 0.287 2 1
36 10 0.153 2 0
144 15 0.558 2 0
53 22 0.218 2 1
132 100 0.411 2 0
115 40 0.404 2 0
16 52 0.074 2 0
119 10 0.486 2 3
196 15 0.662 2 1
25 15 0.085 2 3
13 30 0.044 2 0
172 30 0.501 2 0
12 70 0.077 2 0
136 10 0.521 2 3
17 52 0.087 2 3
13 40 0.075 2 1
69 10 0.235 2 0
35 5 0.188 2 0
285 10 0.956 2 1
194 30 1.005 2 3
87 30 0.258 2 3
27 52 0.088 2 3
36 10 0.123 2 0
15 10 0.046 2 0
10 100 0.031 2 3
19 15 0.056 2 3
22 30 0.140 2 1
172 100 0.647 2 0
222 22 1.396 2 1
106 5 0.406 2 3
69 52 0.342 2 3
32 22 0.166 2 0
39 15 0.116 2 3
22 40 0.064 2 0
54 22 0.163 2 0
43 30 0.133 2 0
113 70 0.617 2 3
139 15 0.781 2 1
55 30 0.342 2 1
25 5 0.114 2 0
139 100 0.863 2 1
75 40 0.344 2 0
207 30 0.704 2 0
93 52 0.325 2 1
55 5 0.362 2 1
237 52 0.829 2 0
65 40 0.204 2 0
72 22 0.323 2 3
122 5 0.713 2 1
27 40 0.100 2 0
19 22 0.071 2 0
247 10 1.497 2 3
60 52 0.206 2 0
88 70 0.431 2 0
45 22 0.181 2 0
164 22 0.503 2 0
101 70 0.348 2 0
15 30 0.055 2 1
12 15 0.043 2 1
44 52 0.293 2 0
43 5 0.137 2 0
20 15 0.097 2 0
116 30 0.502 2 0
26 70 0.085 2 1
24 10 0.092 2 0
165 22 0.965 2 1
120 40 0.556 2 0
19 22 0.073 2 1
10 100 0.046 2 0
17 70 0.064 2 3
226 10 0.893 2 1
130 100 0.512 2 0
19 70 0.059 2 0
148 40 0.435 2 1
37 40 0.138 2 3
18 5 0.112 2 0
15 5 0.045 2 1
289 40 1.189 2 0
11 100 0.039 2 0
51 15 0.252 2 1
49 15 0.241 2 1
45 40 0.197 2 0
93 40 0.378 2 0
15 10 0.089 2 3
68 70 0.333 2 3
54 70 0.260 2 1
63 52 0.275 2 1
117 100 0.405 2 1
186 22 0.622 2 1
61 10 0.188 2 0
15 30 0.057 2 0
316 40 1.423 2 0
12 40 0.047 2 0
63 52 0.254 2 0
17 15 0.079 2 1
156 40 0.670 2 1
183 30 0.575 2 0
165 40 0.782 2 0
79 10 0.382 2 0
31 40 0.175 2 0
15 15 0.074 2 0
324 22 1.213 2 0
12 22 0.059 2 1
45 70 0.149 2 0
191 70 0.960 2 1
152 70 0.479 2 3
249 5 0.902 2 1
78 70 0.228 2 0
21 15 0.077 2 0
154 70 0.478 2 3
35 30 0.164 2 0
328 52 2.144 2 0
119 40 0.459 2 1
27 40 0.167 2 1
196 40 0.580 2 1
186 100 0.791 2 3
12 70 0.046 2 1
40 70 0.183 2 1
178 52 0.864 2 3
34 40 0.105 2 3
185 70 0.714 2 0
39 100 0.231 2 3
36 15 0.205 2 0
20 52 0.059 2 1
142 5 0.493 2 1
53 10 0.185 2 3
74 10 0.402 2 0
49 10 0.181 2 0
18 10 0.055 2 0
37 15 0.157 2 0
16 40 0.082 2 3
29 22 0.100 2 0
11 100 0.035 2 1
47 15 0.208 2 3
35 52 0.128 2 1
43 15 0.163 2 1
182 10 0.628 2 0
61 30 0.221 2 0
29 100 0.170 2 3
127 5 0.799 2 3
18 30 0.053 2 0
159 100 0.652 2 3
33 100 0.149 2 0
80 70 0.240 2 1
18 40 0.073 2 3
20 22 0.077 2 0
71 22 0.380 2 3
64 30 0.191 2 3
15 52 0.060 2 1
61 40 0.256 2 0
155 100 0.585 2 0
268 22 1.081 2 3
23 30 0.072 2 0
36 15 0.178 2 0
14 5 0.042 2 0
41 100 0.145 2 3
11 40 0.050 2 3
22 52 0.083 2 1
202 100 0.874 2 1
17 40 0.097 2 3
13 10 0.065 2 1
271 40 1.148 2 3
66 52 0.357 2 0
50 5 0.147 2 1
59 40 0.371 2 0
338 100 1.154 2 0
29 15 0.087 2 3
16 5 0.106 2 0
40 70 0.130 2 0
42 100 0.271 2 3
21 52 0.076 2 0
36 15 0.186 2 3
76 52 0.411 2 0
302 5 1.102 2 3
148 10 0.667 2 0
16 70 0.060 2 3
327 15 1.422 2 3
53 40 0.190 2 3
32 70 0.155 2 1
10 5 0.030 2 1
49 15 0.320 2 3
11 15 0.033 2 1
17 40 0.077 2 0
117 70 0.731 2 1
35 100 0.113 2 1
36 100 0.115 2 0
27 52 0.080 2 3
242 70 1.061 2 0
26 30 0.092 3 1
18 22 0.092 3 2
51 100 0.192 3 1
106 10 0.463 3 1
56 70 0.224 3 2
15 70 0.097 3 1
11 15 0.043 3 2
38 10 0.134 3 0
130 5 0.442 3 0
270 30 1.406 3 0
40 10 0.186 3 0
10 15 0.051 3 1
69 40 0.385 3 0
42 100 0.124 3 2
32 15 0.125 3 0
73 40 0.390 3 2
18 70 0.115 3 2
55 40 0.174 3 0
29 30 0.110 3 0
48 10 0.213 3 0
29 70 0.184 3 2
191 40 0.713 3 1
227 40 1.410 3 2
12 15 0.037 3 0
85 10 0.559 3 2
45 70 0.204 3 1
13 5 0.044 3 0
16 15 0.077 3 0
53 10 0.199 3 0
38 30 0.129 3 0
11 10 0.051 3 2
55 22 0.264 3 2
182 22 0.682 3 1
195 40 0.882 3 1
78 10 0.318 3 0
11 10 0.039 3 0
65 30 0.217 3 0
14 5 0.085 3 0
116 30 0.753 3 0
22 100 0.103 3 2
44 100 0.189 3 1
33 40 0.182 3 2
14 40 0.065 3 2
76 100 0.335 3 1
67 15 0.268 3 2
19 52 0.090 3 1
17 22 0.061 3 1
105 52 0.375 3 0
11 22 0.043 3 0
74 52 0.428 3 1
272 40 1.495 3 2
28 22 0.097 3 1
59 40 0.298 3 0
57 15 0.218 3 2
11 30 0.034 3 1
89 22 0.494 3 0
12 40 0.069 3 0
35 52 0.150 3 1
40 30 0.209 3 0
16 22 0.065 3 1
40 5 0.179 3 0
24 70 0.115 3 0
14 22 0.057 3 0
20 52 0.104 3 0
137 10 0.436 3 0
16 40 0.060 3 2
72 22 0.486 3 1
80 15 0.277 3 1
336 70 1.898 3 0
134 15 0.394 3 1
71 70 0.300 3 1
286 5 0.883 3 0
25 100 0.129 3 0
64 22 0.187 3 2
14 5 0.046 3 0
22 5 0.088 3 0
309 15 1.000 3 1
16 52 0.077 3 2
248 52 1.378 3 2
30 5 0.192 3 0
18 5 0.077 3 2
78 10 0.288 3 0
128 22 0.469 3 1
22 10 0.094 3 0
194 22 0.738 3 0
28 5 0.124 3 2
150 30 0.490 3 0
181 5 1.104 3 2
39 15 0.194 3 1
16 22 0.100 3 2
25 40 0.143 3 1
119 52 0.419 3 2
285 100 0.908 3 0
28 30 0.100 3 1
258 52 1.449 3 2
132 52 0.419 3 0
22 22 0.081 3 0
189 10 0.836 3 0
71 22 0.208 3 1
37 70 0.206 3 1
141 22 0.420 3 1
130 22 0.390 3 1
31 52 0.123 3 1
13 10 0.049 3 0
36 5 0.161 3 1
13 22 0.066 3 0
177 22 0.575 3 0
38 30 0.125 3 0
16 70 0.050 3 2
187 52 0.813 3 1
23 40 0.109 3 0
15 100 0.044 3 0
17 40 0.059 3 2
195 22 0.714 3 0
23 22 0.106 3 1
311 15 1.932 3 2
17 22 0.051 3 2
252 40 0.797 3 0
69 40 0.317 3 0
37 5 0.134 3 1
151 10 0.451 3 0
151 40 0.478 3 0
113 52 0.384 3 0
14 100 0.043 3 0
70 5 0.374 3 0
10 10 0.030 3 0
29 15 0.111 3 0
51 70 0.161 3 0
79 15 0.383 3 0
52 15 0.236 3 0
34 22 0.230 3 0
18 30 0.065 3 0
170 30 0.904 3 1
165 70 0.541 3 0
190 30 0.623 3 1
50 5 0.187 3 1
172 40 0.823 3 0
133 5 0.392 3 1
25 30 0.083 3 1
149 22 0.454 3 0
23 52 0.110 3 0
25 40 0.108 3 2
165 70 0.511 3 2
19 52 0.065 3 1
148 30 0.550 3 0
11 10 0.064 3 0
13 5 0.063 3 0
14 15 0.043 3 1
299 52 1.024 3 0
40 52 0.154 3 2
330 52 1.051 3 1
67 30 0.321 3 0
12 52 0.042 3 1
49 10 0.145 3 0
42 70 0.231 3 0
24 100 0.081 3 1
13 40 0.054 3 1
62 22 0.186 3 0
13 22 0.045 3 0
36 10 0.118 3 2
24 5 0.078 3 2
172 22 0.562 3 2
294 10 1.007 3 2
42 52 0.168 3 1
11 15 0.070 3 1
12 52 0.069 3 2
323 15 1.102 3 1
68 22 0.398 3 0
85 70 0.409 3 2
37 5 0.167 3 0
216 40 0.800 3 1
34 5 0.140 3 0
77 15 0.478 3 0
11 100 0.065 3 0
172 5 0.677 3 2
155 52 0.560 3 2
189 5 1.235 3 0
40 22 0.207 3 1
151 70 0.606 3 0
78 100 0.291 3 1
16 15 0.075 3 0
35 100 0.115 3 0
10 52 0.055 3 1
35 70 0.113 3 2
17 40 0.065 3 0
75 15 0.287 3 0
36 100 0.145 3 0
34 40 0.117 3 1
37 15 0.127 3 1
86 22 0.506 3 0
28 70 0.158 3 0
38 70 0.129 3 0
33 52 0.097 3 0
69 5 0.272 3 2
42 22 0.131 3 1
46 70 0.187 3 1
64 70 0.198 3 0
11 100 0.045 3 0
14 30 0.058 3 0
78 40 0.335 3 1
16 30 0.047 3 2
91 70 0.293 3 2
69 5 0.222 3 0
165 100 0.699 3 0
59 10 0.174 3 0
168 40 0.562 3 0
54 52 0.240 3 2
177 100 0.872 3 1
18 40 0.087 3 1
11 100 0.060 3 0
10 10 0.065 3 0
112 10 0.457 3 1
27 5 0.126 3 2
199 70 1.047 3 1
126 52 0.840 3 0
130 52 0.445 3 1
176 5 0.842 3 0
101 5 0.515 3 1
206 5 0.746 3 2
17 22 0.100 3 0
66 52 0.228 3 2
185 30 0.939 3 0
59 52 0.217 3 2
240 40 1.212 3 0
235 5 0.951 3 2
32 22 0.096 3 0
16 52 0.059 3 0
13 22 0.071 3 0
21 40 0.068 3 0
11 10 0.049 3 2
21 40 0.104 3 1
31 5 0.161 3 0
18 15 0.089 3 0
95 15 0.468 3 0
52 100 0.283 3 0
16 70 0.067 3 0
24 15 0.098 3 2
39 100 0.168 3 1
149 40 0.741 3 0
19 15 0.092 3 1
322 100 1.586 3 0
150 100 0.743 3 1
281 70 1.068 3 2
44 40 0.239 3 1
13 40 0.074 3 0
83 15 0.372 3 0
26 15 0.165 3 1
26 15 0.160 3 1
337 40 0.985 3 1
43 52 0.155 3 1
219 52 0.730 3 1
51 70 0.251 3 0
88 70 0.384 3 0
27 30 0.083 3 1
75 10 0.277 3 1
126 100 0.692 3 0
26 40 0.114 3 2
205 15 0.743 3 0
12 10 0.073 3 1
16 40 0.107 3 0
51 10 0.171 3 1
11 22 0.038 3 2
52 40 0.209 3 1
66 52 0.292 3 0
10 22 0.049 3 0
240 100 0.892 3 0
173 5 0.765 3 1
308 100 1.481 3 0
32 40 0.096 3 0
14 5 0.072 3 0
107 40 0.575 3 0
17 5 0.094 3 0
182 40 0.599 3 2
143 40 0.678 3 2
253 52 0.920 3 2
242 30 0.771 3 2
73 52 0.230 3 0
82 30 0.446 3 0
69 22 0.250 3 0
60 5 0.256 3 0
41 70 0.198 3 0
33 70 0.122 3 1
14 30 0.060 3 0
173 5 0.520 3 0
168 40 0.644 3 2
73 10 0.262 3 2
64 100 0.410 3 2
189 100 0.730 3 1
141 40 0.544 3 0
33 52 0.178 3 0
65 30 0.298 3 2
161 100 0.577 3 2
10 52 0.040 3 2
89 40 0.264 3 0
29 22 0.098 3 2
124 15 0.537 3 0
63 22 0.239 3 0
71 52 0.260 3 0
50 10 0.251 3 1
41 5 0.134 3 0
18 30 0.056 3 1
231 40 0.748 3 0
55 40 0.257 3 2
66 70 0.277 3 0
14 52 0.063 3 2
226 100 0.978 3 0
20 10 0.085 3 0
56 40 0.354 3 0
124 52 0.738 3 1
16 100 0.092 3 0
62 52 0.305 3 2
58 10 0.219 3 2
72 15 0.235 3 1
16 30 0.076 3 0
26 100 0.142 3 0
17 70 0.065 3 0
36 5 0.114 3 0
158 5 0.620 3 0
190 40 0.848 3 0
16 10 0.077 3 0
82 5 0.336 3 2
25 70 0.074 3 2
51 10 0.196 3 1
23 22 0.127 3 1
52 5 0.174 3 2
29 15 0.107 3 0
100 100 0.617 3 0
177 5 0.725 3 0
176 22 0.615 3 0
199 100 0.760 3 0
61 100 0.204 3 0
30 52 0.154 3 0
114 22 0.740 3 0
69 40 0.350 3 0
150 15 0.607 3 0
165 100 0.873 3 2
45 15 0.198 3 0
297 15 1.147 3 1
14 40 0.053 3 1
55 40 0.372 3 2
12 15 0.049 3 0
29 10 0.130 3 2
13 22 0.057 3 1
123 10 0.542 3 2
52 52 0.156 3 0
124 52 0.369 3 2
79 100 0.236 3 0
11 10 0.063 3 2
54 100 0.182 3 0
67 40 0.383 3 0
72 5 0.462 3 0
159 70 0.888 3 0
82 100 0.371 3 1
303 22 1.148 3 0
94 52 0.618 3 0
10 40 0.052 3 1
61 15 0.307 3 0
183 70 0.567 3 0
80 15 0.370 3 2
22 15 0.114 3 0
19 10 0.068 3 0
86 30 0.515 3 0
53 15 0.201 3 0
14 15 0.043 3 0
33 30 0.129 3 0
60 22 0.176 3 2
236 22 0.837 3 0
18 100 0.115 3 0
30 52 0.158 3 0
142 22 0.648 3 0
182 40 0.538 3 0
32 40 0.113 3 0
142 15 0.916 3 0
154 40 0.790 3 0
285 10 0.960 3 1
148 40 0.725 3 1
64 40 0.211 3 0
101 15 0.435 3 0
61 40 0.257 3 0
18 70 0.065 3 0
36 100 0.182 3 2
146 30 0.638 3 0
11 70 0.036 3 0
46 15 0.258 3 2
240 5 1.148 3 0
14 100 0.044 3 0
12 30 0.046 3 0
77 70 0.284 3 0
37 52 0.125 3 0
13 52 0.048 3 0
55 22 0.179 3 1
266 52 1.407 3 0
117 100 0.350 3 0
60 70 0.353 3 0
24 22 0.085 3 2
64 40 0.188 3 0
15 22 0.046 3 0
81 22 0.544 3 0
139 70 0.790 3 0
18 70 0.064 3 0
42 22 0.150 3 2
11 40 0.051 3 0
18 22 0.087 3 1
48 10 0.144 3 0
142 5 0.845 3 0
12 22 0.039 3 0
22 5 0.077 3 0
162 10 0.645 3 0
181 10 0.780 3 0
15 22 0.095 3 1
39 52 0.262 3 1
172 15 0.593 3 2
16 52 0.095 3 0
30 10 0.144 3 2
148 5 0.881 3 0
68 30 0.268 3 0
17 15 0.082 3 2
54 52 0.254 3 0
28 10 0.125 3 0
161 10 0.739 3 0
44 52 0.180 3 1
11 22 0.035 3 0
24 52 0.073 3 2
89 70 0.366 3 0
46 100 0.178 3 1
24 40 0.075 3 2
101 100 0.366 3 0
10 15 0.052 3 0
11 22 0.037 3 0
29 10 0.098 3 2
125 70 0.396 3 1
320 22 1.808 3 1
34 15 0.116 3 2
71 10 0.428 3 2
11 40 0.037 3 0
29 5 0.150 3 1
37 10 0.146 3 0
32 30 0.101 3 2
37 5 0.150 3 1
72 22 0.424 3 1
25 22 0.098 3 0
13 5 0.049 3 0
27 40 0.129 3 2
11 15 0.045 3 0
42 15 0.243 3 2
19 22 0.078 3 0
23 10 0.093 3 0
30 100 0.101 3 0
139 70 0.685 3 0
272 70 1.019 3 2
37 15 0.240 3 2
129 52 0.401 3 1
71 52 0.357 3 1
75 40 0.248 3 1
159 15 0.824 3 1
334 100 1.942 3 0
17 5 0.052 3 0
57 5 0.230 3 0
164 40 1.038 3 0
31 30 0.148 3 1
78 22 0.227 3 0
27 5 0.104 3 0
14 30 0.056 3 2
19 40 0.063 3 1
32 40 0.147 3 0
57 22 0.297 3 0
106 70 0.693 3 2
197 15 0.606 3 0
313 22 1.262 3 1
107 40 0.346 3 2
38 10 0.156 3 2
243 30 1.473 3 0
84 22 0.467 3 0
41 5 0.125 3 0
11 10 0.038 3 0
123 40 0.441 3 0
22 30 0.068 3 0
139 52 0.560 3 0
226 30 0.673 3 0
43 70 0.240 3 1
149 5 0.861 3 1
81 30 0.302 3 2
144 15 0.435 3 2
15 52 0.060 3 2
10 40 0.036 3 1
15 100 0.074 3 2
12 40 0.079 3 1
247 30 0.976 3 0
239 70 1.155 3 0
63 52 0.249 3 2
65 10 0.361 3 2
164 5 0.680 3 0
34 70 0.163 3 0
25 5 0.082 3 0
13 22 0.070 3 2
99 52 0.317 3 2
98 22 0.541 3 2
33 40 0.105 3 0
216 22 0.732 3 1
81 70 0.345 3 2
180 10 0.655 3 0
313 52 0.975 3 0
31 52 0.161 3 2
30 40 0.104 3 2
17 22 0.056 3 0
169 52 0.805 3 1
12 40 0.046 3 0
109 10 0.376 3 0
71 15 0.386 3 1
61 30 0.243 3 1
173 40 0.546 3 1
50 100 0.250 3 0
66 5 0.201 3 1
65 10 0.274 3 2
35 70 0.142 3 2
58 40 0.245 3 0
113 22 0.485 3 0
69 22 0.243 3 0
192 10 0.708 3 1
145 40 0.759 3 0
209 100 0.685 3 1
297 52 1.362 3 2
10 5 0.039 3 0
48 100 0.265 3 2
16 10 0.086 3 0
115 5 0.530 3 0
11 100 0.072 3 1
64 22 0.269 3 0
72 15 0.402 3 2
47 30 0.182 3 0
16 100 0.077 3 0
101 70 0.351 3 1
144 40 0.889 3 0
258 52 1.229 3 1
19 40 0.077 3 0
165 70 1.000 3 0
278 52 1.305 3 2
60 30 0.397 3 2
20 70 0.082 3 1
46 22 0.164 3 2
10 100 0.030 3 2
126 70 0.416 3 0
14 30 0.068 3 0
28 5 0.128 3 0
40 40 0.128 3 0
19 15 0.069 3 1
33 22 0.182 3 0
64 10 0.346 3 0
79 100 0.286 3 0
31 30 0.168 3 0
63 10 0.223 3 2
15 40 0.091 3 1
99 52 0.456 3 0
175 10 0.962 3 0
38 5 0.112 3 2
244 70 0.795 3 0
182 40 0.662 3 1
190 52 0.588 3 0
183 70 0.587 3 0
37 40 0.108 3 0
18 70 0.109 3 0
18 22 0.101 3 0
310 15 0.987 3 0
25 100 0.167 3 2
56 100 0.191 3 2
90 100 0.296 3 2
19 40 0.061 3 0
19 10 0.069 3 0
22 70 0.066 3 1
37 30 0.135 3 0
18 70 0.059 3 2
23 70 0.120 3 2
10 100 0.037 3 0
70 22 0.461 3 0
15 52 0.100 3 0
197 40 1.113 3 2
15 100 0.064 3 0
148 40 0.481 3 0
61 100 0.209 3 2
238 70 0.872 3 2
165 22 0.764 3 0
131 5 0.879 3 1
29 5 0.140 3 0
27 70 0.133 3 0
11 10 0.033 3 0
44 22 0.275 3 0
16 30 0.094 3 0
71 70 0.283 3 0
55 40 0.186 3 1
33 70 0.127 3 0
50 5 0.180 3 0
26 52 0.095 3 2
66 10 0.330 3 0
136 40 0.866 3 0
21 22 0.130 3 2
11 70 0.064 3 2
64 70 0.283 3 0
95 70 0.296 3 0
172 15 0.748 3 0
71 15 0.366 3 2
12 52 0.044 3 2
19 52 0.059 3 0
145 40 0.483 3 1
23 70 0.118 3 1
70 22 0.357 3 2
173 100 0.848 3 0
72 15 0.346 3 0
44 15 0.262 3 1
337 5 1.158 3 0
75 10 0.275 3 0
142 40 0.524 3 1
39 10 0.202 3 0
50 70 0.251 3 0
30 5 0.108 3 0
16 5 0.061 3 2
73 30 0.291 3 0
198 70 1.277 3 1
10 70 0.035 3 2
29 52 0.146 3 1
311 22 1.587 3 0
32 30 0.147 3 0
30 40 0.113 3 0
51 30 0.270 3 2
31 10 0.096 3 1
19 30 0.081 3 2
14 10 0.084 3 0
18 15 0.109 3 2
39 10 0.155 3 2
27 15 0.113 3 0
333 10 1.376 3 0
116 22 0.617 3 0
45 40 0.271 3 1
83 10 0.371 3 2
10 70 0.052 3 1
12 22 0.063 3 0
332 70 1.502 3 0
96 52 0.542 3 1
176 5 0.642 3 0
36 40 0.106 3 0
176 30 0.815 3 0
37 70 0.160 3 0
265 10 1.596 3 0
193 100 0.629 3 0
107 30 0.535 3 1
131 52 0.630 3 2
47 22 0.258 3 1
23 10 0.067 3 1
12 22 0.037 3 1
90 22 0.349 3 2
12 70 0.039 3 0
310 100 1.455 3 0
202 100 0.957 3 0
71 40 0.340 3 1
59 5 0.321 3 0
23 100 0.113 3 0
18 15 0.085 3 2
169 15 0.833 3 0
12 40 0.043 3 0
11 70 0.038 3 1
78 40 0.245 3 0
147 22 0.568 3 1
96 52 0.575 3 0
17 100 0.086 3 2
42 5 0.140 3 2
50 30 0.155 3 1
19 10 0.065 3 0
59 22 0.281 3 1
197 40 0.970 3 0
113 15 0.423 3 0
17 15 0.059 3 2
145 100 0.797 3 0
14 70 0.059 3 1
36 22 0.123 3 0
15 15 0.045 3 0
84 5 0.263 3 1
161 30 0.813 3 0
10 5 0.053 3 0
22 15 0.081 3 1
172 52 0.920 3 1
20 30 0.063 3 1
22 70 0.122 3 1
23 70 0.087 3 2
76 70 0.313 3 1
46 100 0.183 3 0
57 22 0.201 3 0
35 70 0.172 3 1
17 15 0.103 3 0
36 22 0.159 3 0
63 100 0.218 3 0
205 70 1.250 3 0
161 30 0.599 3 0
66 5 0.240 3 2
52 15 0.215 3 0
11 40 0.039 3 0
193 52 0.808 3 1
135 10 0.758 3 0
31 70 0.130 3 1
43 52 0.135 3 0
18 15 0.064 3 0
190 100 0.896 3 1
39 10 0.134 3 0
178 10 1.141 3 0
148 30 0.652 3 0
32 70 0.212 3 1
19 52 0.097 3 0
131 30 0.606 3 2
16 40 0.047 3 1
330 100 1.410 3 0
15 70 0.052 3 2
23 100 0.139 3 2
24 30 0.140 3 0
22 100 0.082 3 1
77 22 0.410 3 2
40 30 0.270 3 1
10 40 0.034 3 2
132 40 0.433 3 0
51 22 0.220 3 2
286 52 1.833 3 2
33 40 0.157 3 1
51 5 0.197 3 0
89 40 0.266 3 0
12 40 0.043 3 0
18 30 0.080 3 2
17 70 0.056 3 0
46 15 0.229 3 0
70 10 0.270 3 1
38 22 0.138 3 0
50 40 0.292 3 2
11 15 0.035 3 0
14 52 0.044 3 0
106 70 0.646 3 1
59 70 0.183 3 2
14 52 0.071 3 0
15 30 0.049 3 2
36 15 0.120 3 2
19 40 0.087 3 1
78 10 0.272 3 0
310 100 0.975 3 1
57 22 0.183 3 2
110 70 0.337 3 0
47 30 0.170 3 1
199 5 0.691 3 1
25 52 0.074 3 0
269 30 0.903 3 2
38 10 0.130 3 0
26 100 0.077 3 1
25 5 0.088 3 2
76 100 0.279 3 1
13 15 0.040 3 0
16 15 0.059 3 0
13 10 0.077 3 0
23 15 0.071 3 2
90 100 0.545 3 0
16 52 0.070 3 0
67 40 0.383 3 1
25 15 0.121 3 0
11 40 0.034 3 2
133 15 0.543 3 1
39 5 0.167 3 0
21 5 0.083 3 2
10 30 0.032 3 2
20 100 0.074 3 0
75 70 0.274 3 1
33 22 0.185 3 0
70 15 0.343 3 1
14 30 0.053 3 2
59 30 0.207 3 2
28 52 0.166 3 2
39 100 0.146 3 0
157 15 0.633 3 1
95 30 0.322 3 1
17 70 0.089 3 1
36 22 0.114 3 0
46 40 0.201 3 2
269 100 0.937 3 1
22 70 0.071 3 1
32 30 0.150 3 1
64 100 0.416 3 0
70 40 0.385 3 0
58 40 0.201 3 1
16 100 0.064 3 0
221 30 1.018 3 0
14 70 0.059 3 0
189 100 0.573 3 0
53 52 0.351 3 0
132 40 0.411 3 0
14 40 0.071 3 0
43 100 0.127 3 1
161 10 0.805 3 0
13 15 0.049 3 0
70 70 0.345 3 0
241 100 0.733 3 0
286 100 1.055 3 1
13 70 0.046 3 0
225 52 0.869 3 2
12 5 0.049 3 0
25 70 0.084 3 0
23 40 0.078 3 0
25 30 0.145 3 2
105 40 0.673 3 1
17 70 0.076 3 0
54 10 0.174 3 0
17 22 0.071 3 2
56 52 0.236 3 2
255 5 0.931 3 1
85 100 0.297 3 1
30 10 0.182 3 1
113 30 0.562 3 0
31 30 0.131 3 0
102 100 0.334 3 2
40 52 0.185 3 0
38 70 0.222 3 2
116 40 0.360 3 2
66 30 0.400 3 0
30 22 0.112 3 0
12 100 0.037 3 2
19 30 0.057 3 0
23 30 0.107 3 0
18 15 0.095 3 0
132 52 0.647 3 1
29 22 0.146 3 0
87 52 0.448 3 0
66 15 0.234 3 1
36 22 0.173 3 2
117 22 0.353 3 0
36 15 0.168 3 1
10 52 0.031 3 1
58 100 0.279 3 1
304 100 1.333 3 1
268 70 0.793 3 0
31 15 0.097 3 0
18 70 0.065 3 0
131 40 0.502 3 2
21 5 0.094 3 1
19 5 0.063 3 0
27 15 0.158 3 2
14 100 0.072 3 0
57 22 0.188 3 0
234 10 1.104 3 1
10 5 0.035 3 2
191 22 0.721 3 0
23 40 0.134 3 0
35 40 0.170 3 0
315 70 0.924 3 0
85 52 0.552 3 0
176 15 1.060 3 2
16 30 0.095 3 2
175 5 0.897 3 0
14 22 0.043 3 0
89 52 0.412 3 2
19 52 0.096 3 1
12 70 0.079 3 1
14 5 0.043 3 1
274 10 1.171 3 2
91 40 0.545 3 0
25 40 0.105 3 0
152 22 0.682 3 2
12 30 0.058 3 1
10 5 0.034 3 0
182 15 0.619 3 1
53 70 0.188 3 0
77 100 0.228 3 2
141 15 0.571 3 0
140 5 0.619 3 0
32 40 0.105 3 0
37 40 0.194 3 0
38 30 0.190 3 0
93 40 0.451 3 2
45 10 0.184 3 1
66 100 0.346 3 0
33 30 0.100 3 1
10 40 0.057 3 0
50 22 0.152 3 0
262 15 0.824 3 0
97 40 0.577 3 1
10 22 0.056 3 0
63 100 0.193 3 0
15 70 0.047 3 0
135 5 0.508 3 0
16 10 0.061 3 0
109 15 0.502 3 1
118 40 0.478 3 1
14 100 0.046 3 0
20 70 0.060 3 2
66 30 0.202 3 1
36 15 0.151 3 0
106 15 0.364 3 0
143 10 0.431 3 0
45 10 0.181 3 0
17 30 0.074 3 0
14 30 0.041 3 1
71 15 0.360 3 1
238 70 0.717 3 0
64 5 0.272 3 1
123 52 0.506 3 1
41 40 0.208 3 2
163 5 0.791 3 2
15 52 0.054 3 0
16 52 0.062 3 0
30 40 0.124 3 1
10 10 0.062 3 1
46 100 0.174 3 1
80 30 0.325 3 0
133 70 0.508 3 0
13 70 0.047 3 0
321 5 1.009 3 1
87 5 0.521 3 2
10 5 0.051 3 0
112 70 0.446 3 1
32 70 0.171 3 0
15 40 0.047 3 0
99 52 0.325 3 1
11 5 0.070 3 0
18 52 0.081 3 2
10 10 0.041 3 0
15 70 0.051 3 1
36 22 0.170 3 1
126 100 0.708 3 1
34 100 0.160 3 2
178 70 0.736 3 0
12 5 0.066 3 1
14 40 0.045 3 0
31 40 0.093 3 0
285 100 0.841 3 1
30 40 0.189 3 0
18 22 0.083 3 2
35 10 0.152 3 1
166 5 0.485 3 1
36 100 0.146 3 0
198 100 0.662 3 0
169 15 0.554 3 0
126 40 0.677 3 1
19 15 0.059 3 0
22 70 0.112 3 1
19 40 0.073 3 0
38 100 0.228 3 1
60 10 0.241 3 0
176 30 0.871 3 2
113 52 0.342 3 0
10 70 0.053 3 1
27 100 0.079 3 2
29 52 0.105 3 2
11 22 0.060 3 0
234 22 0.833 3 1
35 30 0.128 3 2
63 22 0.420 3 0
32 5 0.204 3 2
25 40 0.100 3 1
168 100 0.491 3 1
18 40 0.087 3 0
16 100 0.075 3 2
142 70 0.445 3 2
94 22 0.456 3 1
38 5 0.125 3 0
26 10 0.114 3 2
34 10 0.204 3 0
32 10 0.145 3 0
18 40 0.117 3 2
99 5 0.418 3 1
12 22 0.040 3 0
17 100 0.078 3 2
29 5 0.137 3 0
78 5 0.305 3 1
32 15 0.148 3 1
32 22 0.141 3 2
104 40 0.475 3 2
104 10 0.423 3 0
188 10 0.780 3 0
44 40 0.133 3 0
63 30 0.234 3 0
187 5 0.652 3 1
28 70 0.153 3 0
35 22 0.115 3 2
18 10 0.055 3 1
24 30 0.080 3 2
16 5 0.059 3 0
216 40 0.750 3 0
63 22 0.231 3 0
16 30 0.058 3 0
251 10 1.064 3 0
29 100 0.166 3 2
66 70 0.275 3 2
55 52 0.194 3 0
23 22 0.084 3 0
186 52 0.612 3 1
178 40 1.023 3 1
16 15 0.068 3 0
42 15 0.127 3 2
41 40 0.203 3 0
15 30 0.050 3 0
116 30 0.479 3 1
182 22 0.958 3 0
299 10 1.095 3 2
32 40 0.107 3 0
11 30 0.051 3 1
82 40 0.385 3 2
32 10 0.124 3 0
36 22 0.134 3 0
236 5 0.837 3 1
92 52 0.455 3 1
30 10 0.126 3 0
180 15 0.659 3 2
21 52 0.134 3 1
154 40 0.842 3 0
321 30 1.629 3 1
78 100 0.413 3 1
45 40 0.166 3 0
61 100 0.201 3 0
99 100 0.307 3 1
43 30 0.136 3 2
51 15 0.193 3 2
301 30 1.730 3 2
138 15 0.468 3 0
69 70 0.242 3 0
