12 10 0.078 0 2
54 52 0.247 0 2
165 40 1.031 0 2
19 30 0.093 0 1
19 22 0.061 0 1
38 100 0.193 0 2
13 40 0.068 0 1
165 30 0.705 0 2
49 52 0.191 0 1
47 52 0.270 0 1
13 52 0.068 0 1
18 52 0.100 0 1
19 5 0.077 0 2
35 30 0.222 0 2
299 5 1.365 0 1
28 10 0.131 0 2
146 30 0.427 0 1
35 70 0.121 0 1
114 10 0.489 0 2
44 30 0.280 0 2
69 52 0.238 0 1
116 52 0.388 0 2
53 52 0.227 0 1
75 5 0.493 0 2
274 70 1.575 0 1
19 5 0.060 0 2
193 70 1.222 0 2
72 30 0.236 0 1
181 30 0.616 0 2
53 100 0.165 0 1
183 70 0.606 0 2
122 22 0.748 0 1
23 52 0.083 0 2
11 52 0.041 0 1
16 52 0.047 0 2
11 5 0.057 0 1
57 22 0.168 0 1
67 70 0.204 0 1
128 15 0.467 0 2
29 15 0.149 0 1
26 40 0.104 0 2
38 5 0.204 0 2
158 100 0.465 0 1
14 10 0.055 0 2
210 70 0.901 0 1
182 22 0.607 0 2
154 10 0.811 0 2
139 22 0.556 0 2
59 30 0.172 0 1
61 22 0.222 0 2
179 5 0.696 0 2
171 10 0.747 0 2
77 40 0.472 0 2
277 15 0.975 0 2
27 30 0.121 0 2
173 52 1.055 0 1
318 52 1.639 0 2
186 100 1.101 0 2
85 40 0.431 0 2
278 5 0.820 0 2
12 52 0.058 0 2
30 100 0.191 0 1
155 30 0.542 0 1
137 100 0.488 0 2
148 15 0.538 0 2
195 30 0.874 0 1
50 40 0.159 0 1
16 100 0.071 0 2
79 5 0.244 0 2
28 5 0.174 0 2
86 40 0.491 0 2
38 100 0.119 0 1
171 40 1.125 0 2
12 40 0.049 0 2
13 100 0.046 0 1
145 22 0.448 0 2
26 40 0.163 0 1
198 10 0.715 0 2
134 52 0.421 0 2
146 15 0.495 0 1
13 22 0.088 0 1
145 70 0.580 0 2
39 22 0.114 0 1
62 40 0.356 0 1
33 40 0.110 0 2
49 15 0.274 0 2
17 15 0.095 0 2
76 30 0.268 0 2
14 52 0.062 0 1
126 40 0.467 0 1
51 52 0.188 0 1
35 5 0.106 0 2
13 70 0.059 0 1
13 30 0.073 0 1
13 15 0.054 0 1
78 70 0.313 0 1
57 15 0.220 0 2
18 30 0.053 0 1
36 10 0.140 0 2
24 22 0.106 0 2
27 22 0.080 0 2
12 10 0.057 0 1
32 30 0.116 0 1
78 52 0.456 0 2
96 100 0.627 0 1
37 40 0.180 0 2
16 100 0.052 0 2
27 5 0.165 0 1
10 10 0.040 0 2
31 15 0.109 0 1
42 5 0.157 0 2
46 70 0.176 0 1
209 10 0.981 0 1
242 52 1.180 0 1
38 52 0.225 0 1
173 40 0.736 0 2
59 30 0.292 0 1
33 100 0.101 0 1
19 100 0.102 0 1
22 70 0.118 0 1
26 52 0.109 0 2
32 22 0.116 0 1
317 15 0.964 0 1
16 70 0.070 0 2
76 15 0.427 0 1
157 40 0.495 0 2
60 15 0.349 0 1
178 40 0.562 0 2
18 5 0.078 0 2
79 30 0.485 0 2
20 70 0.083 0 1
77 52 0.248 0 2
26 22 0.117 0 2
14 15 0.071 0 1
193 100 0.814 0 1
62 70 0.204 0 2
181 30 0.691 0 1
99 100 0.290 0 2
23 40 0.085 0 1
70 5 0.452 0 1
295 5 0.886 0 1
145 15 0.446 0 1
16 15 0.060 0 1
18 30 0.081 0 2
193 30 0.654 0 1
41 10 0.253 0 2
11 70 0.033 0 1
23 10 0.084 0 1
19 52 0.078 0 1
156 10 0.492 0 1
308 15 1.162 0 2
19 70 0.101 0 2
13 30 0.039 0 1
36 22 0.116 0 1
96 30 0.623 0 2
16 100 0.052 0 2
29 10 0.191 0 1
67 5 0.218 0 2
29 70 0.166 0 1
31 10 0.116 0 1
59 70 0.299 0 2
31 100 0.196 0 2
158 70 0.503 0 1
112 10 0.367 0 2
38 52 0.224 0 1
17 22 0.089 0 2
33 5 0.147 0 1
301 22 1.162 0 2
262 10 0.894 0 2
30 100 0.099 0 2
56 100 0.236 0 1
156 5 0.612 0 1
16 15 0.060 0 2
13 52 0.043 0 2
19 70 0.126 0 1
138 100 0.496 0 1
24 40 0.142 0 2
203 5 1.030 0 1
116 70 0.703 0 2
151 15 0.490 0 1
25 15 0.081 0 1
43 10 0.156 0 2
192 52 0.759 0 2
332 22 1.282 0 2
78 10 0.329 0 2
23 52 0.091 0 2
193 15 1.177 0 2
105 22 0.422 0 1
77 52 0.268 0 2
10 40 0.058 0 2
167 15 0.852 0 1
19 100 0.066 0 1
190 22 0.583 0 2
13 22 0.052 0 1
40 30 0.122 0 1
260 22 1.232 0 2
153 100 0.927 0 2
59 22 0.286 0 2
53 15 0.168 0 2
35 52 0.114 0 1
21 52 0.065 0 2
40 30 0.190 0 2
45 70 0.290 0 1
17 70 0.058 0 2
18 52 0.069 0 1
14 52 0.050 0 1
21 15 0.065 0 1
57 100 0.335 0 2
72 30 0.387 0 1
189 52 0.574 0 2
17 22 0.052 0 2
230 70 0.865 0 1
11 52 0.041 0 1
51 30 0.276 0 2
20 100 0.094 0 1
17 15 0.086 0 2
264 10 0.936 0 1
294 10 1.413 0 1
65 52 0.241 0 2
63 22 0.420 0 1
306 5 1.443 0 1
179 70 0.789 0 2
58 40 0.284 0 2
13 52 0.039 0 2
30 100 0.091 0 2
331 70 1.936 0 1
62 30 0.253 0 2
21 100 0.068 0 2
74 52 0.233 0 2
183 40 0.843 0 1
333 52 1.467 0 2
107 22 0.682 0 2
19 100 0.061 0 2
111 22 0.642 0 2
12 30 0.044 0 1
196 52 0.598 0 2
58 100 0.174 0 2
188 40 1.080 0 2
290 30 0.960 0 2
50 15 0.272 0 2
161 10 0.531 0 2
294 15 0.910 0 1
25 10 0.109 0 2
52 10 0.202 0 1
13 30 0.052 0 2
143 52 0.630 0 1
10 70 0.030 0 1
26 52 0.141 0 1
13 30 0.084 0 1
42 30 0.153 0 1
16 30 0.066 0 2
11 30 0.059 0 2
19 52 0.127 0 2
51 10 0.194 0 2
30 10 0.103 0 2
12 100 0.047 0 2
100 15 0.429 0 1
156 100 0.540 0 1
90 52 0.345 0 1
49 22 0.174 0 1
16 5 0.069 0 1
337 15 1.472 0 1
155 15 0.513 0 1
67 10 0.305 0 2
66 30 0.330 0 1
19 40 0.123 0 2
169 40 1.090 0 1
68 30 0.202 0 1
26 70 0.077 0 2
65 52 0.226 0 1
26 30 0.090 0 2
43 40 0.177 0 2
154 5 0.824 0 1
16 15 0.053 0 1
14 30 0.061 0 1
41 5 0.178 0 2
38 70 0.168 0 2
32 70 0.204 0 1
16 30 0.055 0 1
18 30 0.109 0 1
10 52 0.039 0 2
72 100 0.221 0 1
100 100 0.455 0 1
47 30 0.292 0 1
17 100 0.054 0 2
97 70 0.439 0 1
20 15 0.058 0 1
14 22 0.058 0 1
26 100 0.122 0 2
177 22 1.120 0 1
24 70 0.116 0 2
179 40 0.546 0 2
56 100 0.223 0 2
152 52 0.724 0 1
167 30 0.515 0 1
71 52 0.240 0 1
146 40 0.621 0 1
67 40 0.447 0 1
16 22 0.101 0 1
331 100 0.971 0 2
47 22 0.266 0 2
12 52 0.044 0 1
27 10 0.134 0 1
112 100 0.367 0 2
18 70 0.058 0 2
48 40 0.231 0 2
186 22 0.747 0 2
274 30 1.079 0 2
63 30 0.190 0 1
10 70 0.036 0 1
19 52 0.076 0 2
151 100 0.795 0 2
13 52 0.086 0 1
23 70 0.073 0 2
148 100 0.949 0 2
47 5 0.141 0 2
17 30 0.098 0 1
17 70 0.070 0 2
47 22 0.145 0 2
22 10 0.074 0 2
15 100 0.050 0 1
137 40 0.631 0 2
29 10 0.128 0 1
56 30 0.230 0 1
17 70 0.050 0 1
16 10 0.107 0 1
19 100 0.059 0 2
140 52 0.450 0 1
276 100 0.908 0 1
72 40 0.364 0 1
11 10 0.041 0 1
12 70 0.057 0 1
35 52 0.124 0 2
303 70 1.045 0 1
15 10 0.068 0 1
67 40 0.248 0 1
28 22 0.094 0 1
304 5 0.889 0 2
58 52 0.286 0 1
50 52 0.154 0 1
33 40 0.173 0 2
38 10 0.135 0 1
12 100 0.060 0 2
252 15 0.955 0 2
179 52 0.642 0 2
15 5 0.068 0 1
14 15 0.046 0 1
296 22 0.990 0 1
79 5 0.316 0 2
199 40 0.816 0 2
13 22 0.043 0 2
72 52 0.280 0 1
72 5 0.398 0 2
199 30 0.628 0 1
157 5 0.511 0 1
91 22 0.351 0 2
14 5 0.058 0 2
36 30 0.118 0 2
72 10 0.348 0 2
49 40 0.158 0 1
15 100 0.069 0 1
12 70 0.072 0 2
264 22 1.023 0 1
74 70 0.289 0 2
74 10 0.487 0 2
45 22 0.237 0 2
172 15 0.644 0 1
100 70 0.299 0 2
15 100 0.096 0 1
29 10 0.179 0 2
26 70 0.116 0 2
43 30 0.180 0 1
179 52 0.678 0 1
14 40 0.047 0 1
14 15 0.044 0 2
156 10 0.498 0 1
35 100 0.112 0 1
20 70 0.063 0 1
15 40 0.044 0 2
190 100 0.722 0 1
105 70 0.371 0 1
37 70 0.245 0 2
73 10 0.248 0 1
19 5 0.061 0 1
219 10 0.695 0 1
11 10 0.042 0 1
100 70 0.337 0 2
120 15 0.478 0 2
113 22 0.595 0 2
28 22 0.100 0 1
47 10 0.146 0 2
11 15 0.040 0 1
36 100 0.111 0 1
78 22 0.438 0 1
177 52 1.093 0 2
42 40 0.123 0 1
74 70 0.392 0 2
61 40 0.225 0 1
29 52 0.090 0 2
10 30 0.039 0 1
56 100 0.354 0 2
20 30 0.060 0 2
26 100 0.143 0 1
10 52 0.065 0 2
54 22 0.286 0 2
17 100 0.089 0 1
60 40 0.305 0 1
313 22 1.061 0 2
93 30 0.383 0 1
34 30 0.166 0 2
23 30 0.117 0 1
55 15 0.212 0 2
21 100 0.107 0 2
16 52 0.075 0 1
72 100 0.250 0 2
191 100 0.659 0 1
309 15 1.149 0 1
185 52 0.833 0 2
13 15 0.076 0 2
70 52 0.275 0 1
19 100 0.060 0 2
13 5 0.046 0 2
72 5 0.255 0 2
20 30 0.097 0 1
103 5 0.334 0 1
33 5 0.101 0 2
164 10 0.729 0 1
33 40 0.175 0 1
317 40 1.116 0 2
209 40 0.615 0 2
20 30 0.067 0 2
110 22 0.342 0 1
50 100 0.229 0 2
14 52 0.073 0 1
18 22 0.069 0 1
17 5 0.095 0 1
13 15 0.069 0 2
10 10 0.063 0 2
19 30 0.088 0 1
98 40 0.645 0 1
18 22 0.111 0 1
41 15 0.263 0 2
39 52 0.176 0 2
71 15 0.291 0 2
176 5 1.114 0 1
77 52 0.266 0 1
181 22 0.680 0 1
80 30 0.252 0 1
12 15 0.056 0 1
62 70 0.212 0 2
22 52 0.109 0 1
68 30 0.224 0 2
43 52 0.133 0 2
99 22 0.340 0 1
63 52 0.240 0 2
132 22 0.548 0 1
21 100 0.086 0 1
18 70 0.072 0 2
76 30 0.310 0 1
31 30 0.170 0 1
25 30 0.148 0 1
268 100 1.247 0 1
74 40 0.497 0 1
26 15 0.086 0 2
39 30 0.191 0 2
152 10 0.950 0 1
17 10 0.065 0 1
57 15 0.196 0 2
170 10 0.514 0 2
11 22 0.045 0 1
19 5 0.074 0 2
74 5 0.387 0 1
10 100 0.036 0 1
27 70 0.107 0 2
130 10 0.660 0 1
22 5 0.111 0 1
176 70 0.642 0 1
66 10 0.300 0 2
121 30 0.394 0 2
81 22 0.257 0 1
176 40 0.649 0 1
29 40 0.136 0 1
186 40 0.894 0 1
13 5 0.061 0 1
12 5 0.059 0 1
53 30 0.356 0 2
327 10 1.652 0 1
30 10 0.108 0 2
19 5 0.095 0 1
171 52 0.743 0 2
32 52 0.143 0 1
51 30 0.242 0 2
59 10 0.268 0 1
16 10 0.076 0 2
18 40 0.101 0 2
29 30 0.169 0 2
48 52 0.227 0 2
183 100 0.859 0 1
19 22 0.098 0 1
112 30 0.334 0 2
64 100 0.282 0 1
35 22 0.174 0 2
61 52 0.288 0 1
318 5 1.691 0 2
99 100 0.635 0 1
14 10 0.086 0 2
66 30 0.201 0 2
37 70 0.161 0 2
29 52 0.111 0 2
313 70 2.046 0 2
72 100 0.287 0 1
186 5 0.816 0 2
13 22 0.077 0 1
18 10 0.063 0 1
108 52 0.354 0 1
151 5 0.590 0 2
314 22 0.957 0 2
178 30 0.817 0 1
154 22 0.951 0 1
24 100 0.108 0 2
79 30 0.444 0 2
233 5 0.947 0 2
28 5 0.096 0 2
141 22 0.839 0 1
304 15 1.747 0 1
316 15 1.621 0 2
13 15 0.043 0 2
51 10 0.241 0 2
34 10 0.139 0 1
142 40 0.732 0 2
11 10 0.040 0 1
85 22 0.357 0 2
309 30 1.175 0 1
18 52 0.056 0 1
19 15 0.092 0 1
17 30 0.114 0 1
34 10 0.207 0 2
19 10 0.064 0 1
17 70 0.108 0 2
26 30 0.127 0 1
78 5 0.252 0 2
59 22 0.376 0 1
179 5 0.796 0 1
58 22 0.218 0 1
58 22 0.259 0 2
39 70 0.163 0 2
17 22 0.073 0 2
203 10 0.627 0 2
20 100 0.069 0 2
292 22 1.054 0 2
184 15 0.543 0 2
310 10 1.925 0 1
43 70 0.169 0 1
34 30 0.219 0 1
14 30 0.047 0 1
30 70 0.127 0 2
52 40 0.168 0 2
79 10 0.319 0 1
36 52 0.225 0 1
172 5 0.548 0 1
19 70 0.058 0 2
14 52 0.060 0 2
24 100 0.155 0 1
321 22 1.254 0 1
14 15 0.046 0 1
38 40 0.181 0 2
18 100 0.107 0 2
32 52 0.159 0 2
12 30 0.052 0 2
11 15 0.038 0 2
10 52 0.040 0 1
11 40 0.032 0 1
59 10 0.284 0 1
73 30 0.236 0 1
43 10 0.146 0 1
15 52 0.062 0 1
16 5 0.062 0 1
182 5 0.953 0 1
123 40 0.668 0 1
38 22 0.154 0 1
33 22 0.097 0 2
58 15 0.282 0 1
19 5 0.087 0 2
77 22 0.300 0 2
67 100 0.225 0 1
96 30 0.295 0 1
64 40 0.328 0 2
17 5 0.067 0 2
150 5 0.446 0 1
15 22 0.053 0 1
285 52 1.213 0 1
21 22 0.064 0 1
302 70 1.285 0 2
16 100 0.091 0 2
73 100 0.250 0 2
90 40 0.439 0 1
66 52 0.220 0 2
82 15 0.246 0 1
17 22 0.054 0 2
88 70 0.289 0 2
188 40 0.755 0 1
236 10 1.304 0 1
46 10 0.264 0 1
90 100 0.417 0 2
306 100 1.553 0 1
62 15 0.203 0 2
36 40 0.129 0 1
22 10 0.105 0 2
145 30 0.428 0 2
69 15 0.202 0 1
10 10 0.045 0 1
34 22 0.106 0 1
278 30 1.544 0 2
68 22 0.439 0 1
12 22 0.044 0 1
12 70 0.050 0 2
38 30 0.154 0 1
62 70 0.196 0 2
195 40 1.037 0 2
10 22 0.050 0 1
137 15 0.439 0 2
14 52 0.046 0 1
68 70 0.370 0 2
216 100 1.220 0 2
72 10 0.369 0 1
127 10 0.525 0 2
35 15 0.206 0 2
49 5 0.278 0 2
73 30 0.483 0 1
17 5 0.099 0 2
20 52 0.132 0 1
15 10 0.054 0 2
29 15 0.195 0 1
42 5 0.232 0 1
21 10 0.111 0 2
241 10 0.820 0 1
70 52 0.267 0 1
51 70 0.167 0 2
196 40 0.845 0 1
67 70 0.351 0 1
336 5 1.988 0 1
16 30 0.052 0 1
16 5 0.055 0 1
12 10 0.056 0 2
45 22 0.172 0 2
142 10 0.693 0 2
10 10 0.056 0 1
31 52 0.199 0 1
222 10 0.776 0 1
33 70 0.188 0 1
238 10 0.948 0 2
10 30 0.032 0 2
35 15 0.174 0 1
13 100 0.038 0 2
69 22 0.249 0 2
16 70 0.108 0 1
25 30 0.091 0 1
12 30 0.049 0 1
14 15 0.070 0 1
19 70 0.060 0 1
179 30 0.691 0 1
171 5 0.576 0 1
32 40 0.142 0 1
19 70 0.085 0 1
248 10 0.947 0 1
114 10 0.740 0 1
178 10 0.556 0 1
24 22 0.078 0 2
313 100 1.469 0 1
11 40 0.038 0 1
12 22 0.054 0 2
18 52 0.107 0 1
176 70 1.135 0 1
24 100 0.099 0 2
117 22 0.363 0 1
134 40 0.511 0 2
55 22 0.369 0 2
28 22 0.090 0 1
12 52 0.037 0 2
36 10 0.150 0 1
223 15 0.796 0 2
202 40 1.303 0 1
16 100 0.054 0 1
37 52 0.126 0 2
31 30 0.108 0 2
112 5 0.330 0 1
28 22 0.119 0 1
46 10 0.230 0 1
30 5 0.172 0 1
19 15 0.074 0 2
18 100 0.087 0 1
18 22 0.057 0 2
155 52 0.987 0 2
72 10 0.450 0 1
74 22 0.315 0 1
81 22 0.272 0 1
168 30 0.615 0 2
45 22 0.183 0 2
74 40 0.273 0 2
19 70 0.066 0 2
17 5 0.103 0 1
26 22 0.135 0 2
15 40 0.091 0 1
136 30 0.705 0 1
74 30 0.243 0 2
16 52 0.071 0 1
18 30 0.069 0 2
23 22 0.139 0 1
14 70 0.064 0 2
155 40 0.503 0 2
33 100 0.100 0 1
312 40 1.608 0 1
47 10 0.140 0 2
13 15 0.057 0 1
40 40 0.119 0 1
167 100 0.655 0 1
97 5 0.460 0 1
35 22 0.178 0 1
13 40 0.039 0 1
17 100 0.102 0 1
15 70 0.056 0 1
198 15 1.131 0 1
10 30 0.056 0 2
73 15 0.236 0 1
151 30 0.557 0 2
12 10 0.037 0 1
75 30 0.446 0 1
30 5 0.106 0 1
40 52 0.127 0 2
69 30 0.295 0 1
182 70 0.755 0 1
35 70 0.156 0 2
14 30 0.047 0 1
16 52 0.082 0 2
10 22 0.062 0 1
127 52 0.506 0 1
75 70 0.354 0 1
31 30 0.093 0 2
48 70 0.149 0 1
274 40 0.823 0 2
330 5 1.227 0 1
95 22 0.422 0 1
75 30 0.346 0 1
110 22 0.431 0 1
139 30 0.441 0 1
17 52 0.051 0 1
18 15 0.062 0 1
104 15 0.667 0 2
36 40 0.196 0 1
126 22 0.416 0 1
16 15 0.059 0 2
14 100 0.052 0 1
24 100 0.098 0 2
38 15 0.111 0 1
14 10 0.043 0 2
47 10 0.202 0 2
12 52 0.042 0 2
13 5 0.058 0 1
69 70 0.238 0 1
58 100 0.196 0 2
49 52 0.271 0 2
42 100 0.188 0 1
40 5 0.219 0 1
25 5 0.140 0 1
246 22 1.640 0 2
38 70 0.152 0 2
114 30 0.361 0 2
17 70 0.098 0 2
41 5 0.261 0 2
17 5 0.055 0 1
163 100 0.849 0 2
124 22 0.470 0 2
134 5 0.604 0 2
291 30 1.335 0 1
23 5 0.094 0 2
12 70 0.042 0 1
29 15 0.098 0 1
158 22 0.849 0 2
61 15 0.223 0 1
37 5 0.145 0 2
211 30 0.787 0 2
124 52 0.685 0 2
67 22 0.265 0 1
46 100 0.277 0 1
159 70 0.568 0 1
19 15 0.069 0 2
126 5 0.410 0 1
53 30 0.174 0 2
56 40 0.225 0 2
112 52 0.382 0 1
66 52 0.327 0 2
54 5 0.263 0 2
59 100 0.292 0 2
10 15 0.068 0 1
54 100 0.256 0 2
16 10 0.064 0 1
46 5 0.279 0 2
12 10 0.063 0 1
143 40 0.678 0 1
189 22 0.840 0 2
105 52 0.644 0 1
79 22 0.331 0 2
12 40 0.041 0 2
103 100 0.328 0 1
70 52 0.318 0 2
51 70 0.273 0 2
241 52 1.017 0 2
19 5 0.071 0 1
16 52 0.103 0 1
12 100 0.044 0 2
19 5 0.067 0 1
74 70 0.240 0 2
91 70 0.548 0 1
34 30 0.129 0 2
146 100 0.682 0 1
71 22 0.406 0 1
17 70 0.050 0 2
302 30 0.971 0 1
174 10 0.606 0 1
31 10 0.140 0 2
58 5 0.204 0 2
54 100 0.208 0 1
21 70 0.117 0 2
60 40 0.312 0 1
14 30 0.047 0 1
46 100 0.185 0 1
156 52 0.559 0 2
52 10 0.197 0 1
16 10 0.071 0 1
166 5 0.497 0 2
54 15 0.219 0 1
47 5 0.266 0 1
11 40 0.054 0 1
129 15 0.397 0 1
72 70 0.269 0 1
179 22 0.840 0 2
34 22 0.137 0 2
261 15 1.155 0 1
22 40 0.132 0 1
51 100 0.260 0 1
108 70 0.692 0 1
56 40 0.190 0 1
39 100 0.241 0 2
155 52 0.638 0 1
64 5 0.247 0 2
21 10 0.065 0 1
15 40 0.046 0 2
261 40 1.652 0 1
29 40 0.118 0 2
95 70 0.296 0 1
59 15 0.252 0 2
27 30 0.095 0 2
280 52 1.120 0 1
38 100 0.132 0 1
16 5 0.047 0 1
35 30 0.117 0 1
192 40 1.049 0 1
51 30 0.181 0 1
27 30 0.134 0 2
36 52 0.113 0 1
41 30 0.180 0 2
14 100 0.047 0 1
176 5 0.667 0 1
28 100 0.176 0 1
50 10 0.255 0 2
17 40 0.104 0 1
57 52 0.385 0 1
311 15 1.819 0 1
116 40 0.583 0 1
91 30 0.357 0 2
220 15 0.677 0 1
17 70 0.110 0 1
75 5 0.490 0 1
56 30 0.327 0 2
50 5 0.222 0 2
95 100 0.337 0 1
84 30 0.553 0 1
71 15 0.211 0 2
18 30 0.112 0 1
51 30 0.152 0 1
14 22 0.062 0 1
238 10 0.919 0 1
79 30 0.242 0 1
69 40 0.322 0 2
101 10 0.643 0 1
251 52 1.230 0 2
64 22 0.232 0 1
44 70 0.215 0 2
17 10 0.066 0 2
15 5 0.065 0 2
97 52 0.453 0 1
122 22 0.560 0 1
157 100 0.561 0 2
58 10 0.197 0 2
183 52 0.792 0 1
112 5 0.385 0 2
184 15 0.840 0 2
43 100 0.179 0 1
67 52 0.282 0 1
63 52 0.223 0 1
102 40 0.346 0 1
337 52 1.306 0 2
61 70 0.282 0 2
38 10 0.153 0 1
36 30 0.131 0 1
16 70 0.090 0 1
38 22 0.174 0 1
255 10 1.081 0 1
270 52 1.019 0 2
260 70 1.585 0 1
18 40 0.079 0 2
95 5 0.522 0 1
178 70 0.669 0 2
12 10 0.038 0 1
40 15 0.127 0 2
163 52 0.697 0 2
317 52 0.997 0 1
26 5 0.086 0 1
11 70 0.041 0 2
47 52 0.138 0 1
43 40 0.132 0 2
29 5 0.160 0 2
36 100 0.109 0 1
22 5 0.086 0 2
147 10 0.948 0 2
62 15 0.186 0 2
138 40 0.821 0 2
104 40 0.314 0 1
189 52 0.697 0 1
118 15 0.484 0 2
37 100 0.142 0 1
13 15 0.066 0 2
22 5 0.066 0 2
37 10 0.218 0 2
30 70 0.120 0 1
29 40 0.092 0 1
19 40 0.112 0 1
55 40 0.242 0 1
15 70 0.044 0 2
28 10 0.093 0 1
296 100 1.600 0 2
18 15 0.056 0 1
17 10 0.075 0 1
38 100 0.198 0 1
188 10 0.718 0 2
23 52 0.146 0 2
12 10 0.038 0 1
54 70 0.176 0 2
11 5 0.039 0 1
59 30 0.296 0 1
28 10 0.082 0 1
51 22 0.201 0 1
181 10 0.618 0 2
17 100 0.050 0 2
304 70 1.156 0 1
71 100 0.323 0 1
15 40 0.075 0 2
76 30 0.309 0 2
54 70 0.158 0 2
166 15 0.544 0 1
27 40 0.134 0 2
26 70 0.144 0 1
194 70 0.593 0 1
37 52 0.175 0 2
180 100 0.822 0 1
32 100 0.133 0 2
59 40 0.208 0 1
31 15 0.107 0 2
86 22 0.285 0 2
125 15 0.628 0 1
25 52 0.100 0 2
85 15 0.251 0 2
13 5 0.044 0 1
12 30 0.051 0 1
77 40 0.300 0 1
239 30 0.937 0 2
64 70 0.247 0 1
57 10 0.329 0 2
15 52 0.044 0 1
103 52 0.477 0 2
12 22 0.069 0 2
25 15 0.108 0 2
12 52 0.051 0 1
76 22 0.280 0 2
161 30 0.498 0 1
23 100 0.083 0 1
70 15 0.299 0 2
11 30 0.035 0 2
82 30 0.532 0 1
24 15 0.081 0 2
79 40 0.236 0 2
194 70 1.049 0 1
11 40 0.063 0 2
13 30 0.039 0 2
27 22 0.125 0 1
111 10 0.476 0 2
84 15 0.509 0 1
14 40 0.058 0 2
37 5 0.141 0 1
19 10 0.060 0 1
79 15 0.312 0 1
26 100 0.076 0 2
155 30 0.987 0 2
55 15 0.344 0 1
198 10 0.818 0 2
24 70 0.073 0 1
147 70 0.634 0 2
68 40 0.245 0 2
18 30 0.075 0 1
33 40 0.100 0 2
135 10 0.799 0 2
145 30 0.455 0 1
64 22 0.269 0 2
28 10 0.115 0 1
50 52 0.218 0 2
239 52 1.122 0 2
302 30 1.766 0 2
34 100 0.116 0 2
58 22 0.367 0 1
61 30 0.214 0 2
90 100 0.419 0 2
27 10 0.093 0 2
177 22 0.621 0 1
97 22 0.316 0 2
17 100 0.069 0 1
214 22 0.764 0 1
16 100 0.057 0 1
75 52 0.250 0 2
94 52 0.570 0 1
27 22 0.132 0 2
10 22 0.057 0 1
31 100 0.099 0 1
89 15 0.355 0 1
62 5 0.326 0 2
178 15 1.099 0 2
67 70 0.226 0 1
17 70 0.066 0 2
325 15 1.236 0 2
146 30 0.682 0 1
172 40 0.662 0 1
18 15 0.057 0 1
18 15 0.078 0 2
12 70 0.070 0 2
123 22 0.393 0 2
36 30 0.132 0 2
38 10 0.133 0 2
38 70 0.187 0 2
106 15 0.480 0 2
83 10 0.302 0 2
18 5 0.085 0 2
68 40 0.204 0 2
197 52 0.916 0 2
66 40 0.443 0 2
93 15 0.443 0 1
73 10 0.268 0 2
68 52 0.262 0 1
10 30 0.053 0 2
59 15 0.243 0 2
190 70 0.974 0 1
72 5 0.326 0 1
302 70 1.013 0 1
10 10 0.046 0 2
41 5 0.183 0 2
38 10 0.143 0 2
17 70 0.057 0 1
23 5 0.073 0 2
22 30 0.065 0 1
213 22 1.158 0 1
15 100 0.055 0 1
231 15 1.367 0 2
135 5 0.767 0 1
30 5 0.136 0 1
139 5 0.459 0 2
49 52 0.147 0 1
32 100 0.096 0 2
10 100 0.032 0 2
155 15 0.711 0 1
115 30 0.382 0 2
21 52 0.065 0 1
327 5 2.123 0 2
22 70 0.075 0 1
271 70 1.426 0 1
37 22 0.169 0 1
135 100 0.404 0 2
151 52 0.938 0 2
19 15 0.090 0 1
95 10 0.294 0 2
58 10 0.389 0 2
217 10 0.810 0 2
33 70 0.159 0 2
68 30 0.252 0 1
30 10 0.196 0 1
153 22 0.900 0 1
61 10 0.258 0 2
29 22 0.126 0 1
158 15 0.836 0 2
177 100 0.553 0 2
142 100 0.664 0 1
60 22 0.222 0 1
29 5 0.124 0 2
290 10 1.312 0 2
14 70 0.052 0 2
44 70 0.130 0 1
323 40 1.049 0 1
58 22 0.284 0 1
37 52 0.125 0 2
32 40 0.136 0 2
296 10 1.510 0 2
162 100 0.568 0 1
19 22 0.060 0 2
59 52 0.364 0 1
31 22 0.144 0 2
20 40 0.088 0 2
25 22 0.075 0 1
16 22 0.073 0 1
169 15 0.828 0 2
32 40 0.155 0 2
22 10 0.071 0 1
151 30 0.816 0 1
10 5 0.039 0 1
53 70 0.199 0 1
26 15 0.087 0 1
25 100 0.150 0 2
29 70 0.165 0 1
33 22 0.172 0 1
67 52 0.235 0 2
261 40 1.345 0 1
53 52 0.200 0 2
75 22 0.235 0 2
157 70 0.581 0 1
64 5 0.370 0 2
24 70 0.118 0 1
48 30 0.177 0 2
12 30 0.042 0 1
28 40 0.082 0 1
322 10 1.032 0 1
118 100 0.415 0 1
16 40 0.107 0 1
83 70 0.252 0 2
35 70 0.127 0 1
177 100 0.582 0 1
328 100 1.061 0 1
212 70 0.898 0 2
129 22 0.399 0 2
63 30 0.212 0 2
72 40 0.356 0 2
128 15 0.418 0 1
86 22 0.307 0 1
11 52 0.042 0 2
14 10 0.062 0 1
12 15 0.041 0 1
98 22 0.293 0 1
86 52 0.270 0 2
157 10 0.462 0 1
33 15 0.127 0 1
319 10 1.213 0 2
254 52 0.847 0 2
66 70 0.330 0 1
163 52 0.718 0 1
206 52 0.774 0 1
140 10 0.419 0 2
171 5 0.834 0 2
67 10 0.299 0 1
16 5 0.063 0 1
55 52 0.238 0 2
34 30 0.159 0 2
150 5 0.615 0 1
149 70 0.629 0 1
30 22 0.146 0 2
58 100 0.299 0 1
97 70 0.513 0 2
125 100 0.419 0 2
17 10 0.069 0 1
318 22 1.195 0 1
191 100 0.579 0 2
31 100 0.123 0 2
35 70 0.197 0 2
102 40 0.513 0 2
24 100 0.155 0 1
12 40 0.050 0 1
67 40 0.229 0 2
111 52 0.440 0 1
32 15 0.100 0 1
34 100 0.125 0 2
293 22 1.503 0 1
27 5 0.089 0 2
48 15 0.156 0 1
49 52 0.170 0 1
31 10 0.104 0 2
113 10 0.481 0 1
102 30 0.488 0 1
23 10 0.085 0 2
186 15 0.921 0 1
39 5 0.145 0 1
151 10 0.719 0 1
44 10 0.175 0 2
162 5 0.798 0 2
29 15 0.123 0 1
110 30 0.514 0 1
11 5 0.033 0 2
11 70 0.048 0 1
79 15 0.434 0 1
144 52 0.796 0 1
199 100 0.609 0 2
36 5 0.107 0 2
71 40 0.321 0 2
40 30 0.127 0 2
16 15 0.061 0 2
26 22 0.078 0 2
159 100 0.554 0 1
197 5 0.652 0 1
20 70 0.129 0 2
15 52 0.046 0 1
190 5 0.717 0 1
228 10 0.916 0 1
40 30 0.152 0 2
68 52 0.204 0 1
178 22 0.608 0 1
12 52 0.044 0 2
40 70 0.219 0 1
197 30 0.801 0 1
38 22 0.131 0 2
10 70 0.036 0 2
104 15 0.359 0 2
256 100 0.805 0 2
158 15 0.678 0 1
56 70 0.292 0 2
24 30 0.082 0 2
54 10 0.161 0 1
163 5 0.601 0 2
25 10 0.083 0 2
67 10 0.315 0 1
17 30 0.058 0 1
69 22 0.388 0 1
135 10 0.422 0 1
37 70 0.186 0 1
20 100 0.082 0 2
26 5 0.120 0 1
11 100 0.040 0 2
10 10 0.036 0 1
55 30 0.234 0 2
153 10 0.524 0 2
24 52 0.081 0 1
60 30 0.182 0 1
13 30 0.054 0 1
81 15 0.249 0 2
73 52 0.233 0 2
19 40 0.113 0 1
18 100 0.071 0 1
18 100 0.110 0 2
17 30 0.058 0 1
63 100 0.230 0 1
60 22 0.255 0 2
63 10 0.192 0 2
57 52 0.210 0 1
26 22 0.098 0 2
284 30 1.327 0 1
255 22 0.904 0 2
138 22 0.730 0 2
16 5 0.056 0 2
38 22 0.143 0 1
84 52 0.426 0 1
338 22 1.878 0 2
18 30 0.059 0 1
63 52 0.313 0 1
20 40 0.104 0 2
14 70 0.056 0 1
15 100 0.048 0 1
25 10 0.132 0 2
40 52 0.245 0 1
17 30 0.057 0 1
124 22 0.463 0 2
10 22 0.033 0 2
12 52 0.036 0 2
16 52 0.062 0 1
63 40 0.256 0 1
60 22 0.217 0 1
29 15 0.087 0 1
13 70 0.048 0 1
19 15 0.124 0 2
147 10 0.790 0 2
49 70 0.322 0 1
28 30 0.090 0 2
33 15 0.220 0 1
25 5 0.099 0 2
141 22 0.437 0 1
37 10 0.164 0 2
34 15 0.187 0 1
59 10 0.214 0 1
23 40 0.091 0 2
92 70 0.345 0 1
85 70 0.255 0 2
157 70 0.489 0 2
23 5 0.113 0 1
40 30 0.238 0 2
66 70 0.337 0 1
13 30 0.085 0 1
70 100 0.224 0 2
23 22 0.082 0 2
12 70 0.047 0 2
21 30 0.138 0 1
31 40 0.133 0 1
180 52 0.643 0 1
77 10 0.317 0 1
13 30 0.049 0 2
60 100 0.186 0 2
22 22 0.072 0 1
35 70 0.120 0 1
106 10 0.707 0 2
136 10 0.491 0 2
37 30 0.211 0 2
176 30 0.611 0 1
18 15 0.064 0 2
240 70 1.137 0 1
280 40 1.296 0 1
46 30 0.149 0 2
336 22 1.037 0 1
32 22 0.107 0 2
293 15 1.356 0 2
27 5 0.084 0 2
190 30 0.576 0 2
175 40 0.621 0 2
117 40 0.755 0 1
81 30 0.401 0 1
13 5 0.057 0 1
119 22 0.458 0 1
21 100 0.111 0 2
15 5 0.063 0 2
73 5 0.412 0 1
70 15 0.252 0 1
276 52 1.736 0 2
91 100 0.476 0 2
64 52 0.234 0 1
32 5 0.173 0 1
55 100 0.210 0 2
70 22 0.352 0 1
290 15 1.066 0 2
11 100 0.034 0 1
11 52 0.072 0 2
18 100 0.101 0 2
50 100 0.303 0 1
52 22 0.244 0 1
55 22 0.275 0 1
77 5 0.296 0 2
14 15 0.057 0 1
55 30 0.233 0 2
53 10 0.183 0 1
44 15 0.158 0 2
62 15 0.205 0 1
26 100 0.084 0 2
23 15 0.080 0 1
18 100 0.058 0 1
121 70 0.560 0 2
12 52 0.036 0 1
199 100 0.594 0 2
44 5 0.188 0 2
26 70 0.139 0 1
33 5 0.212 0 1
151 10 0.609 0 1
19 30 0.079 0 2
287 52 0.867 0 1
68 40 0.219 0 1
73 22 0.490 0 1
181 100 0.794 0 1
29 30 0.131 0 1
12 22 0.081 0 1
152 5 0.854 0 1
146 15 0.589 0 1
44 100 0.228 0 2
64 40 0.204 0 2
45 10 0.294 0 2
50 100 0.156 0 2
68 5 0.376 0 1
51 52 0.331 0 1
27 30 0.153 0 2
12 52 0.079 0 2
35 30 0.135 0 1
51 100 0.246 0 1
43 10 0.133 0 2
21 5 0.098 0 2
121 22 0.498 0 1
79 22 0.333 0 1
13 70 0.075 0 2
15 70 0.056 0 2
14 100 0.054 0 1
40 100 0.179 0 1
133 5 0.583 0 1
177 15 0.546 0 2
62 5 0.246 0 1
17 5 0.081 0 2
91 52 0.572 0 1
16 5 0.080 0 2
21 10 0.088 0 1
125 5 0.364 0 2
24 52 0.095 0 2
165 100 0.959 0 2
57 40 0.209 0 1
23 52 0.069 0 2
25 30 0.096 0 2
38 30 0.113 0 1
85 10 0.403 0 1
18 10 0.059 0 2
39 5 0.145 0 1
19 5 0.057 0 2
70 100 0.241 0 2
38 30 0.253 0 2
21 40 0.100 0 2
11 52 0.039 0 1
32 52 0.170 0 2
40 70 0.216 0 2
14 40 0.071 0 2
47 100 0.170 0 2
56 40 0.214 0 1
90 5 0.570 0 2
15 52 0.064 0 1
126 52 0.488 0 2
34 10 0.198 0 1
39 52 0.134 0 1
21 10 0.081 0 1
26 10 0.171 0 2
45 40 0.158 0 2
34 30 0.165 0 2
23 100 0.067 0 1
77 30 0.288 0 2
12 40 0.037 0 2
13 22 0.046 0 2
62 70 0.240 0 2
131 22 0.500 0 1
76 22 0.292 0 2
40 5 0.130 0 2
49 100 0.316 0 1
17 22 0.055 0 1
15 52 0.078 0 1
38 70 0.150 0 2
126 15 0.500 0 1
15 10 0.057 0 2
272 52 0.948 0 2
45 22 0.265 0 1
63 40 0.332 0 2
16 100 0.074 0 2
17 100 0.057 0 1
128 5 0.383 0 1
88 52 0.273 0 1
141 100 0.650 0 2
11 70 0.040 0 2
105 52 0.357 0 2
18 30 0.081 0 2
130 10 0.456 0 1
21 22 0.062 0 1
48 40 0.173 0 1
152 5 0.587 0 1
118 40 0.459 0 2
56 40 0.230 0 2
101 40 0.398 0 1
15 70 0.057 0 1
19 30 0.109 0 2
146 100 0.577 0 2
48 100 0.231 0 1
72 52 0.416 0 2
192 15 0.667 0 1
168 22 1.024 0 2
161 52 0.716 0 1
11 70 0.052 0 1
12 52 0.067 0 1
11 22 0.035 0 2
11 100 0.041 0 1
105 30 0.673 0 1
10 15 0.038 0 1
117 70 0.376 0 2
14 30 0.094 0 2
280 40 1.321 0 2
115 5 0.376 0 1
231 5 0.780 0 2
79 30 0.356 0 2
52 22 0.159 0 1
16 22 0.096 0 2
24 70 0.074 0 2
19 30 0.105 0 1
54 100 0.204 0 2
43 15 0.162 0 1
192 10 0.698 0 1
10 70 0.064 0 1
12 70 0.055 0 1
192 30 1.157 0 1
169 40 0.565 0 1
18 5 0.074 0 2
10 5 0.067 0 2
312 30 1.814 0 2
23 30 0.073 0 1
64 40 0.262 0 2
158 70 0.981 0 1
35 10 0.230 0 2
27 40 0.113 0 2
162 15 0.689 0 2
32 30 0.134 0 1
25 52 0.108 0 2
191 30 0.770 0 1
129 30 0.527 0 1
64 70 0.290 0 2
12 70 0.037 0 2
283 52 1.361 0 2
16 5 0.080 0 1
45 15 0.242 0 1
339 15 1.592 0 2
290 10 0.850 0 2
53 40 0.247 0 2
18 30 0.107 0 2
21 5 0.083 0 1
68 10 0.360 0 1
113 100 0.406 0 2
158 5 0.664 0 1
71 100 0.313 0 2
111 40 0.379 0 1
56 10 0.271 0 2
140 30 0.513 0 1
17 52 0.091 0 1
147 30 0.653 0 2
30 5 0.098 0 1
69 5 0.354 0 1
56 15 0.190 0 1
56 15 0.187 0 2
34 40 0.179 0 1
101 5 0.414 0 1
153 15 0.933 0 2
190 5 1.180 0 1
18 70 0.104 0 1
33 52 0.199 0 2
62 5 0.203 0 2
40 15 0.185 0 1
12 30 0.038 0 2
100 70 0.325 0 1
283 52 1.263 0 2
83 30 0.349 0 2
58 52 0.253 0 1
178 52 0.672 0 2
131 22 0.520 0 1
32 10 0.158 0 2
46 100 0.272 0 1
84 5 0.475 0 1
292 22 1.631 0 2
25 15 0.150 0 1
37 10 0.121 0 2
255 5 1.085 0 1
26 52 0.144 0 1
13 40 0.044 0 1
78 15 0.484 0 2
15 40 0.079 0 1
19 52 0.059 0 2
111 15 0.529 0 2
29 15 0.089 0 1
188 30 0.862 0 2
27 5 0.144 1 0
61 30 0.191 1 0
19 22 0.106 1 2
10 100 0.036 1 2
77 10 0.344 1 0
310 100 1.623 1 0
137 100 0.422 1 0
23 22 0.070 1 0
119 5 0.371 1 0
72 15 0.343 1 0
18 5 0.064 1 0
15 70 0.084 1 0
52 70 0.167 1 0
82 100 0.249 1 0
305 5 1.113 1 2
61 70 0.252 1 0
39 52 0.188 1 0
120 52 0.694 1 0
17 5 0.053 1 0
21 30 0.096 1 0
53 70 0.182 1 2
37 100 0.113 1 2
60 100 0.314 1 0
331 70 1.623 1 0
145 40 0.906 1 2
31 70 0.150 1 0
70 100 0.333 1 2
48 100 0.192 1 0
49 15 0.228 1 0
13 15 0.055 1 2
86 15 0.503 1 0
17 5 0.073 1 0
34 30 0.105 1 0
19 30 0.089 1 0
30 10 0.091 1 0
198 5 0.609 1 2
65 40 0.323 1 0
40 15 0.127 1 2
77 52 0.332 1 2
76 22 0.239 1 0
25 100 0.099 1 0
331 40 1.576 1 0
10 5 0.032 1 0
206 40 0.604 1 0
83 52 0.397 1 0
11 70 0.056 1 0
18 5 0.085 1 2
32 5 0.102 1 0
195 30 0.584 1 0
58 30 0.200 1 0
34 5 0.108 1 0
44 40 0.295 1 0
12 10 0.046 1 0
12 40 0.039 1 2
130 10 0.487 1 2
182 40 1.213 1 0
68 70 0.234 1 0
23 52 0.076 1 0
18 5 0.113 1 2
21 52 0.091 1 0
58 100 0.197 1 0
72 22 0.239 1 0
29 15 0.096 1 0
93 10 0.394 1 0
12 52 0.049 1 0
66 5 0.418 1 0
64 5 0.256 1 0
77 5 0.385 1 2
298 40 0.903 1 0
70 22 0.350 1 2
12 30 0.065 1 0
54 52 0.276 1 0
36 40 0.106 1 0
163 70 0.531 1 0
166 70 0.574 1 2
268 22 1.224 1 2
86 100 0.483 1 0
87 15 0.540 1 0
170 10 0.773 1 0
25 52 0.085 1 2
119 100 0.496 1 0
27 100 0.176 1 0
109 15 0.378 1 0
38 30 0.139 1 2
281 40 1.503 1 0
52 100 0.165 1 0
19 40 0.117 1 2
93 52 0.277 1 0
13 100 0.040 1 0
21 100 0.066 1 0
74 70 0.307 1 0
33 30 0.122 1 2
11 10 0.060 1 0
72 30 0.222 1 2
17 70 0.075 1 2
127 70 0.470 1 2
47 100 0.184 1 0
18 40 0.058 1 0
151 10 0.665 1 0
29 5 0.142 1 2
40 15 0.139 1 0
27 100 0.120 1 2
52 15 0.237 1 2
17 22 0.062 1 0
10 52 0.033 1 0
61 40 0.182 1 0
149 52 0.523 1 2
13 70 0.046 1 2
19 52 0.111 1 0
11 15 0.069 1 0
197 10 0.801 1 0
105 52 0.522 1 0
48 5 0.173 1 0
15 5 0.057 1 2
68 22 0.201 1 2
193 5 0.723 1 2
77 10 0.244 1 0
139 30 0.451 1 0
197 70 1.305 1 0
78 40 0.453 1 0
10 30 0.039 1 2
121 40 0.524 1 2
77 10 0.233 1 0
151 5 0.465 1 2
16 40 0.052 1 0
23 5 0.135 1 0
29 100 0.099 1 0
59 40 0.218 1 2
34 15 0.099 1 2
183 30 0.604 1 2
15 22 0.047 1 2
18 15 0.069 1 0
159 30 0.612 1 2
19 100 0.070 1 0
176 10 0.542 1 0
209 15 1.025 1 0
24 100 0.162 1 0
13 52 0.074 1 0
64 40 0.258 1 0
70 30 0.357 1 0
137 100 0.469 1 0
292 5 0.915 1 0
102 30 0.318 1 0
63 100 0.426 1 0
19 5 0.061 1 0
69 30 0.267 1 2
95 10 0.284 1 0
156 70 0.551 1 2
31 15 0.095 1 0
14 22 0.069 1 2
190 5 0.556 1 0
14 15 0.081 1 0
11 40 0.039 1 2
11 10 0.037 1 2
12 40 0.041 1 0
18 22 0.060 1 0
338 22 1.610 1 0
306 52 1.663 1 2
28 70 0.120 1 0
56 22 0.259 1 0
86 30 0.462 1 0
67 30 0.250 1 0
28 10 0.182 1 0
30 5 0.089 1 0
39 100 0.191 1 2
78 5 0.451 1 0
25 52 0.142 1 2
122 15 0.519 1 2
21 100 0.093 1 0
172 52 0.800 1 2
10 22 0.056 1 2
290 22 1.160 1 0
99 5 0.547 1 2
127 52 0.374 1 0
24 5 0.122 1 0
32 10 0.216 1 0
19 52 0.110 1 0
202 52 0.890 1 0
18 30 0.056 1 0
38 30 0.175 1 0
187 5 0.770 1 0
13 30 0.049 1 0
60 40 0.197 1 0
72 30 0.333 1 0
60 22 0.234 1 2
62 70 0.378 1 2
19 10 0.094 1 2
29 15 0.092 1 0
16 15 0.057 1 0
38 100 0.182 1 2
55 22 0.165 1 2
13 30 0.039 1 2
68 70 0.247 1 2
227 15 0.752 1 0
14 52 0.068 1 2
21 10 0.080 1 2
17 40 0.070 1 2
36 22 0.148 1 2
57 10 0.194 1 0
104 30 0.588 1 2
12 5 0.052 1 0
31 30 0.096 1 0
304 40 0.956 1 0
55 70 0.350 1 0
155 22 0.566 1 0
55 30 0.297 1 0
174 100 1.176 1 2
33 100 0.163 1 2
74 22 0.341 1 0
27 10 0.148 1 0
30 52 0.096 1 2
51 5 0.170 1 0
94 22 0.277 1 0
50 70 0.150 1 0
14 30 0.052 1 0
178 70 0.824 1 0
68 15 0.227 1 0
256 22 1.243 1 2
76 10 0.352 1 0
97 10 0.610 1 0
177 52 0.538 1 0
25 70 0.135 1 0
103 15 0.510 1 2
26 52 0.098 1 0
135 100 0.828 1 0
35 10 0.104 1 0
143 15 0.472 1 0
87 22 0.279 1 2
152 100 0.505 1 0
179 22 0.772 1 2
186 40 0.782 1 0
118 22 0.711 1 2
55 15 0.188 1 0
51 30 0.212 1 0
59 40 0.211 1 0
14 22 0.044 1 0
26 5 0.129 1 0
37 52 0.134 1 0
30 15 0.096 1 0
62 40 0.250 1 0
15 40 0.048 1 0
74 70 0.433 1 0
160 100 0.550 1 2
22 15 0.143 1 0
176 22 0.811 1 2
42 10 0.124 1 0
189 5 0.851 1 0
25 100 0.093 1 0
34 22 0.102 1 2
12 70 0.054 1 2
62 30 0.238 1 0
14 70 0.049 1 0
35 22 0.164 1 2
129 10 0.502 1 0
37 22 0.145 1 0
11 100 0.061 1 0
175 22 0.614 1 2
14 22 0.053 1 0
31 70 0.166 1 2
17 52 0.078 1 2
78 52 0.239 1 0
74 40 0.428 1 0
16 15 0.064 1 0
144 52 0.621 1 0
192 22 0.653 1 2
188 30 0.629 1 0
35 40 0.106 1 0
12 52 0.050 1 0
117 70 0.350 1 2
67 100 0.210 1 2
184 5 0.549 1 0
17 52 0.063 1 2
137 10 0.443 1 2
25 22 0.093 1 0
25 22 0.074 1 2
171 30 0.842 1 0
25 40 0.094 1 2
52 40 0.219 1 0
19 30 0.093 1 0
246 5 0.911 1 0
14 100 0.054 1 2
51 5 0.201 1 2
22 30 0.122 1 0
18 30 0.076 1 0
143 22 0.636 1 0
267 5 1.203 1 2
35 5 0.115 1 0
96 100 0.457 1 2
24 30 0.090 1 0
68 52 0.271 1 2
31 70 0.127 1 2
43 70 0.253 1 0
50 52 0.193 1 2
121 22 0.446 1 0
134 52 0.632 1 0
188 52 0.558 1 0
19 30 0.058 1 0
38 15 0.121 1 0
47 52 0.150 1 0
279 15 1.203 1 2
302 30 1.398 1 0
12 5 0.074 1 0
12 40 0.079 1 2
132 30 0.820 1 0
30 5 0.114 1 0
41 40 0.123 1 2
130 100 0.514 1 0
22 100 0.089 1 0
22 10 0.085 1 0
25 30 0.107 1 0
36 52 0.176 1 0
307 30 1.199 1 2
315 100 0.960 1 0
40 22 0.125 1 2
16 10 0.048 1 0
30 22 0.130 1 0
17 100 0.056 1 0
29 5 0.092 1 0
15 30 0.045 1 2
46 15 0.186 1 0
20 5 0.121 1 0
18 52 0.095 1 0
12 40 0.077 1 0
20 40 0.084 1 0
22 52 0.080 1 0
233 70 0.936 1 0
18 30 0.088 1 2
57 30 0.171 1 0
276 10 1.643 1 0
79 10 0.391 1 2
65 52 0.317 1 2
332 5 1.668 1 0
31 70 0.095 1 0
122 10 0.358 1 0
33 10 0.118 1 0
16 5 0.069 1 0
196 5 0.723 1 2
31 52 0.093 1 0
17 5 0.064 1 2
312 10 1.891 1 0
50 5 0.186 1 2
44 22 0.208 1 0
164 40 0.886 1 2
15 22 0.069 1 0
11 30 0.052 1 0
64 70 0.203 1 0
168 22 0.894 1 0
41 70 0.129 1 0
40 15 0.175 1 0
55 52 0.322 1 0
141 22 0.475 1 0
86 30 0.450 1 0
23 5 0.118 1 0
93 10 0.604 1 0
19 5 0.082 1 2
142 52 0.679 1 2
62 22 0.295 1 0
34 5 0.114 1 2
19 70 0.109 1 0
58 30 0.362 1 0
17 5 0.092 1 2
75 15 0.377 1 2
79 30 0.359 1 0
144 30 0.533 1 0
82 10 0.295 1 0
207 40 0.611 1 0
20 10 0.061 1 2
19 5 0.070 1 0
61 52 0.219 1 0
37 40 0.167 1 0
136 22 0.429 1 0
142 10 0.728 1 2
15 5 0.049 1 0
22 22 0.084 1 0
17 40 0.065 1 0
71 5 0.295 1 0
16 15 0.065 1 0
43 52 0.269 1 2
37 40 0.162 1 2
25 5 0.100 1 2
77 52 0.280 1 0
323 22 1.302 1 0
30 5 0.108 1 2
38 70 0.133 1 2
206 70 0.617 1 0
48 22 0.154 1 0
214 5 1.363 1 0
20 52 0.124 1 2
19 10 0.128 1 0
33 100 0.220 1 0
157 40 0.813 1 0
59 52 0.316 1 2
334 15 1.465 1 2
16 22 0.052 1 2
19 10 0.087 1 0
285 15 1.326 1 0
30 5 0.146 1 2
49 22 0.327 1 2
18 10 0.067 1 2
197 40 0.694 1 0
42 52 0.124 1 0
42 52 0.127 1 2
56 10 0.178 1 0
11 40 0.043 1 0
18 40 0.079 1 2
240 15 0.808 1 0
74 52 0.493 1 0
38 5 0.158 1 0
64 30 0.254 1 0
10 22 0.059 1 2
11 70 0.060 1 0
276 5 1.415 1 0
176 100 0.746 1 2
11 22 0.060 1 0
15 15 0.057 1 2
64 70 0.274 1 0
23 5 0.113 1 0
16 70 0.107 1 0
77 5 0.309 1 0
19 22 0.119 1 2
91 30 0.542 1 0
19 40 0.057 1 0
15 40 0.094 1 0
19 5 0.058 1 2
184 5 1.243 1 0
65 40 0.220 1 0
167 15 1.092 1 2
18 70 0.107 1 0
92 5 0.532 1 2
130 5 0.588 1 2
190 10 0.693 1 0
35 70 0.156 1 2
26 10 0.141 1 0
66 30 0.338 1 2
11 40 0.033 1 0
14 10 0.066 1 0
306 30 1.843 1 0
10 70 0.066 1 0
123 30 0.414 1 2
26 52 0.085 1 0
16 30 0.052 1 0
90 52 0.464 1 0
18 22 0.052 1 0
36 10 0.162 1 0
49 40 0.215 1 2
23 22 0.098 1 0
13 22 0.049 1 0
14 5 0.054 1 2
67 40 0.207 1 2
51 5 0.209 1 0
15 10 0.064 1 0
77 40 0.279 1 2
35 100 0.135 1 0
135 70 0.417 1 0
140 5 0.704 1 0
38 30 0.195 1 2
54 40 0.208 1 2
16 22 0.048 1 0
34 52 0.123 1 2
92 52 0.447 1 0
78 70 0.364 1 0
11 10 0.037 1 0
28 52 0.165 1 2
131 5 0.548 1 2
87 30 0.455 1 0
16 22 0.092 1 0
157 30 0.551 1 0
39 70 0.167 1 2
63 5 0.189 1 0
291 5 0.957 1 2
68 5 0.280 1 2
11 22 0.051 1 2
200 30 0.608 1 2
330 40 1.908 1 2
56 70 0.182 1 0
322 30 1.722 1 2
10 52 0.050 1 0
55 22 0.180 1 2
151 10 0.689 1 0
79 40 0.393 1 0
10 22 0.047 1 2
15 100 0.101 1 2
34 10 0.188 1 0
13 52 0.041 1 0
14 100 0.043 1 0
68 10 0.235 1 0
32 70 0.184 1 0
38 100 0.146 1 0
17 10 0.064 1 2
59 22 0.189 1 0
10 10 0.030 1 0
11 70 0.046 1 0
52 15 0.209 1 2
57 22 0.222 1 2
17 15 0.093 1 2
34 5 0.149 1 0
17 100 0.056 1 2
14 40 0.053 1 2
17 30 0.079 1 2
51 15 0.149 1 0
202 10 1.278 1 0
315 22 1.465 1 0
28 52 0.109 1 0
27 52 0.081 1 0
76 22 0.360 1 0
156 40 0.584 1 2
312 100 1.418 1 0
40 15 0.193 1 2
178 10 0.643 1 0
26 30 0.144 1 0
59 30 0.199 1 0
98 40 0.368 1 0
121 10 0.634 1 2
123 52 0.695 1 0
12 70 0.063 1 0
286 5 0.986 1 2
14 10 0.054 1 0
65 5 0.201 1 0
283 22 1.636 1 2
15 70 0.056 1 0
27 22 0.137 1 0
129 70 0.427 1 0
24 10 0.087 1 0
170 52 1.043 1 0
10 5 0.033 1 0
85 15 0.260 1 2
177 100 0.717 1 2
155 30 0.464 1 0
96 40 0.302 1 2
45 22 0.143 1 2
40 100 0.202 1 2
19 100 0.055 1 0
182 40 0.636 1 2
37 40 0.113 1 0
12 40 0.052 1 0
19 5 0.056 1 0
13 15 0.039 1 0
50 5 0.260 1 2
53 52 0.176 1 2
93 22 0.324 1 0
12 100 0.049 1 0
55 30 0.203 1 2
29 30 0.161 1 0
13 40 0.087 1 2
16 40 0.071 1 0
49 52 0.150 1 0
36 70 0.134 1 2
27 52 0.089 1 0
247 10 0.818 1 2
30 22 0.156 1 2
114 30 0.371 1 0
57 100 0.239 1 0
17 70 0.062 1 2
58 70 0.252 1 0
120 10 0.488 1 0
156 10 1.026 1 2
131 52 0.567 1 2
125 52 0.401 1 0
18 5 0.064 1 0
63 5 0.211 1 2
53 70 0.261 1 2
256 10 0.992 1 0
124 5 0.554 1 0
29 70 0.093 1 0
12 40 0.069 1 0
62 100 0.187 1 0
23 40 0.070 1 2
147 52 0.565 1 0
28 30 0.138 1 0
40 22 0.153 1 2
71 22 0.245 1 0
159 15 0.682 1 0
17 30 0.070 1 2
11 70 0.054 1 0
30 5 0.103 1 0
24 70 0.073 1 2
58 100 0.169 1 0
126 15 0.560 1 2
12 70 0.050 1 0
187 52 0.680 1 0
110 52 0.368 1 0
106 15 0.416 1 0
25 10 0.091 1 0
167 30 0.508 1 2
19 5 0.092 1 0
83 30 0.304 1 0
16 30 0.093 1 0
149 70 0.578 1 0
20 5 0.063 1 0
51 15 0.340 1 0
25 10 0.110 1 0
24 15 0.090 1 0
315 15 1.113 1 0
26 70 0.172 1 0
141 70 0.488 1 0
65 10 0.304 1 0
56 22 0.326 1 0
171 15 0.725 1 0
170 52 0.556 1 0
19 10 0.072 1 2
35 52 0.172 1 0
89 40 0.410 1 2
63 30 0.253 1 2
61 22 0.205 1 0
78 10 0.280 1 2
195 15 0.929 1 2
195 10 0.774 1 2
290 70 1.946 1 2
10 15 0.054 1 0
20 10 0.068 1 0
76 100 0.450 1 0
35 15 0.187 1 2
14 52 0.051 1 0
95 70 0.315 1 0
47 100 0.278 1 0
99 70 0.382 1 2
183 100 0.570 1 2
14 5 0.061 1 0
12 40 0.050 1 0
25 5 0.081 1 0
13 22 0.038 1 0
13 30 0.064 1 0
32 52 0.164 1 0
62 30 0.188 1 0
21 52 0.112 1 2
63 70 0.341 1 2
35 30 0.106 1 0
52 40 0.173 1 2
100 15 0.469 1 0
11 52 0.032 1 0
62 52 0.212 1 0
19 5 0.080 1 0
161 70 0.885 1 0
31 5 0.161 1 0
311 100 1.259 1 0
124 30 0.775 1 0
86 52 0.262 1 2
32 100 0.106 1 0
187 40 0.813 1 0
14 52 0.050 1 0
319 52 1.032 1 0
63 52 0.223 1 0
146 100 0.880 1 2
17 52 0.068 1 0
187 22 0.652 1 0
39 5 0.180 1 0
35 100 0.180 1 0
21 22 0.079 1 2
109 15 0.441 1 0
62 70 0.181 1 2
13 5 0.050 1 0
190 52 1.284 1 0
27 15 0.111 1 2
37 100 0.126 1 2
338 52 1.977 1 2
157 5 0.946 1 0
35 5 0.110 1 0
145 70 0.537 1 2
126 30 0.783 1 0
23 100 0.126 1 0
11 100 0.035 1 0
52 52 0.277 1 0
76 5 0.357 1 2
173 5 0.546 1 0
71 100 0.303 1 2
16 15 0.090 1 0
19 70 0.076 1 0
12 100 0.043 1 0
74 15 0.370 1 0
177 70 0.617 1 0
104 22 0.340 1 0
21 15 0.067 1 2
31 5 0.120 1 0
16 22 0.086 1 0
14 15 0.086 1 0
70 52 0.380 1 0
70 70 0.297 1 0
15 30 0.074 1 2
15 70 0.047 1 2
15 100 0.067 1 0
172 70 0.575 1 0
54 30 0.182 1 0
66 10 0.199 1 2
69 70 0.246 1 0
170 70 0.506 1 0
176 5 0.994 1 0
15 5 0.047 1 2
14 100 0.082 1 2
12 52 0.057 1 0
128 22 0.440 1 2
56 30 0.199 1 0
10 40 0.032 1 0
28 70 0.179 1 0
20 70 0.071 1 2
17 70 0.057 1 0
73 40 0.445 1 0
11 5 0.038 1 2
290 70 0.876 1 2
18 15 0.058 1 2
39 52 0.213 1 2
17 70 0.056 1 2
19 5 0.122 1 2
27 100 0.082 1 0
62 10 0.252 1 0
320 10 1.100 1 2
20 22 0.095 1 2
17 5 0.052 1 0
24 40 0.078 1 0
61 52 0.363 1 2
69 5 0.379 1 0
26 15 0.152 1 0
114 15 0.663 1 0
12 100 0.071 1 0
58 100 0.274 1 0
36 10 0.139 1 0
69 100 0.367 1 2
133 22 0.430 1 0
33 100 0.141 1 2
288 40 1.455 1 2
193 15 0.970 1 0
63 30 0.195 1 0
63 52 0.265 1 2
124 70 0.800 1 0
184 52 1.022 1 2
60 30 0.288 1 2
32 52 0.133 1 0
54 70 0.320 1 2
21 30 0.095 1 0
118 40 0.384 1 2
29 5 0.120 1 2
32 5 0.148 1 0
281 5 1.064 1 0
198 22 0.613 1 2
328 22 2.012 1 0
48 40 0.152 1 0
51 15 0.244 1 2
168 15 0.560 1 2
30 5 0.197 1 2
58 10 0.203 1 2
14 52 0.081 1 2
64 5 0.408 1 0
56 100 0.352 1 0
10 5 0.031 1 0
34 70 0.151 1 2
19 70 0.075 1 2
31 15 0.112 1 0
31 52 0.155 1 2
15 52 0.075 1 2
87 5 0.360 1 0
20 52 0.070 1 0
173 100 0.794 1 0
13 15 0.045 1 0
14 40 0.056 1 2
53 52 0.344 1 0
12 100 0.036 1 0
79 15 0.407 1 0
19 30 0.062 1 2
36 10 0.160 1 2
68 5 0.215 1 2
14 30 0.043 1 0
19 100 0.057 1 0
199 15 0.971 1 0
68 30 0.276 1 0
68 70 0.247 1 0
60 22 0.215 1 0
279 22 1.107 1 0
157 10 0.616 1 0
11 30 0.053 1 0
173 70 0.507 1 0
26 52 0.124 1 2
19 5 0.068 1 0
97 52 0.480 1 0
11 40 0.040 1 0
17 30 0.062 1 2
14 70 0.053 1 2
128 22 0.443 1 2
132 70 0.667 1 0
27 30 0.150 1 2
243 52 0.868 1 2
13 52 0.039 1 0
38 22 0.114 1 0
60 40 0.368 1 0
68 40 0.244 1 0
31 70 0.193 1 0
11 10 0.048 1 0
25 40 0.157 1 2
146 22 0.573 1 2
16 30 0.049 1 2
49 22 0.269 1 0
33 100 0.127 1 2
99 52 0.550 1 0
10 70 0.040 1 0
109 40 0.433 1 0
79 52 0.339 1 2
17 5 0.051 1 0
17 70 0.053 1 0
36 52 0.149 1 0
19 40 0.056 1 0
75 10 0.276 1 0
18 70 0.090 1 0
10 52 0.034 1 2
17 40 0.061 1 0
26 100 0.079 1 0
89 70 0.275 1 0
67 40 0.208 1 0
12 22 0.050 1 0
36 52 0.195 1 2
43 70 0.125 1 2
32 70 0.145 1 2
206 15 1.212 1 0
86 5 0.475 1 0
25 70 0.093 1 2
67 22 0.220 1 2
138 100 0.902 1 2
26 5 0.097 1 0
68 5 0.205 1 0
35 100 0.157 1 2
57 52 0.212 1 0
87 15 0.352 1 2
142 100 0.940 1 0
36 40 0.176 1 0
37 10 0.162 1 0
50 70 0.244 1 0
51 5 0.152 1 0
29 5 0.142 1 0
11 70 0.043 1 2
109 22 0.360 1 0
11 52 0.037 1 0
61 5 0.210 1 0
171 70 0.940 1 2
74 10 0.402 1 0
98 30 0.408 1 0
197 15 0.891 1 0
15 30 0.062 1 0
321 70 1.185 1 0
13 70 0.038 1 0
62 10 0.321 1 0
10 30 0.052 1 0
87 40 0.446 1 0
14 52 0.050 1 0
77 15 0.301 1 2
25 52 0.105 1 2
19 40 0.101 1 2
109 100 0.345 1 0
28 5 0.084 1 2
190 100 1.188 1 2
53 30 0.321 1 0
191 30 0.677 1 0
52 100 0.158 1 0
251 15 0.992 1 0
15 30 0.087 1 2
36 52 0.187 1 0
131 5 0.502 1 0
225 52 1.243 1 0
73 52 0.369 1 0
13 70 0.054 1 0
56 40 0.331 1 0
18 5 0.097 1 0
10 70 0.041 1 2
95 70 0.528 1 2
181 22 0.635 1 2
35 52 0.171 1 0
135 30 0.417 1 2
12 70 0.048 1 2
79 52 0.315 1 2
10 70 0.056 1 2
144 5 0.543 1 0
119 40 0.580 1 2
33 52 0.156 1 0
11 40 0.039 1 2
78 5 0.298 1 0
49 22 0.151 1 2
16 10 0.085 1 2
54 5 0.164 1 2
51 70 0.155 1 2
291 40 1.785 1 0
17 30 0.054 1 0
151 70 0.893 1 2
58 15 0.265 1 0
35 5 0.114 1 0
39 52 0.171 1 2
31 100 0.116 1 2
12 5 0.057 1 2
18 10 0.081 1 0
68 100 0.214 1 2
174 22 0.628 1 0
77 30 0.297 1 0
22 10 0.073 1 0
199 30 1.185 1 0
37 22 0.146 1 0
38 5 0.213 1 0
70 40 0.395 1 0
292 5 1.298 1 0
52 5 0.190 1 2
82 100 0.252 1 0
124 10 0.721 1 0
24 100 0.090 1 2
162 70 0.885 1 2
15 5 0.079 1 0
23 70 0.087 1 0
79 100 0.411 1 2
36 70 0.145 1 2
174 100 0.829 1 0
14 15 0.041 1 2
75 10 0.460 1 0
272 22 1.639 1 2
47 100 0.189 1 2
56 30 0.361 1 0
85 52 0.429 1 0
32 10 0.101 1 2
38 40 0.207 1 0
68 52 0.309 1 0
156 30 0.505 1 0
204 52 0.770 1 2
25 22 0.084 1 2
15 30 0.048 1 0
37 30 0.128 1 0
198 40 0.606 1 2
32 5 0.138 1 2
79 100 0.238 1 0
18 22 0.058 1 0
238 70 0.956 1 0
64 70 0.192 1 0
15 22 0.100 1 2
79 10 0.520 1 2
30 52 0.113 1 0
50 15 0.281 1 0
50 15 0.292 1 0
27 52 0.091 1 0
42 100 0.226 1 0
89 22 0.441 1 2
59 22 0.247 1 0
174 5 0.621 1 2
25 70 0.090 1 0
267 5 1.508 1 2
21 40 0.111 1 0
13 22 0.079 1 0
34 40 0.143 1 0
34 70 0.110 1 2
185 100 0.837 1 0
309 5 1.515 1 2
19 70 0.077 1 2
30 22 0.115 1 2
24 100 0.081 1 0
320 100 1.046 1 0
270 10 1.244 1 0
49 5 0.258 1 0
71 30 0.218 1 2
261 100 1.717 1 0
82 10 0.369 1 0
33 30 0.111 1 0
12 5 0.039 1 0
19 52 0.056 1 0
15 30 0.046 1 0
70 22 0.318 1 2
114 10 0.399 1 2
53 15 0.165 1 2
11 52 0.041 1 0
11 52 0.059 1 0
63 52 0.380 1 2
97 70 0.357 1 0
28 40 0.147 1 0
26 40 0.102 1 2
85 40 0.407 1 2
11 22 0.037 1 0
10 52 0.038 1 0
75 15 0.371 1 0
34 22 0.178 1 2
194 15 0.591 1 0
137 100 0.714 1 0
84 100 0.346 1 0
84 70 0.262 1 2
14 52 0.049 1 0
197 30 0.876 1 0
102 5 0.580 1 2
18 15 0.096 1 2
12 70 0.057 1 2
61 70 0.409 1 0
64 52 0.221 1 2
80 40 0.376 1 0
38 15 0.156 1 0
211 5 0.735 1 0
143 15 0.435 1 2
32 22 0.141 1 2
27 52 0.155 1 2
156 70 1.054 1 0
284 30 1.333 1 0
48 5 0.162 1 2
45 15 0.233 1 0
26 70 0.156 1 2
75 22 0.326 1 0
222 5 0.871 1 0
59 40 0.371 1 0
137 30 0.703 1 0
22 5 0.147 1 0
59 52 0.307 1 0
53 30 0.344 1 0
279 30 1.286 1 0
15 40 0.052 1 0
64 22 0.366 1 2
36 30 0.124 1 2
19 100 0.107 1 2
19 100 0.070 1 0
188 5 1.027 1 0
18 30 0.053 1 0
315 15 1.000 1 2
52 5 0.188 1 0
70 70 0.363 1 0
16 5 0.094 1 0
27 100 0.136 1 0
13 52 0.073 1 0
19 22 0.072 1 0
217 10 1.391 1 0
16 52 0.048 1 0
14 30 0.048 1 2
26 70 0.096 1 2
270 30 1.698 1 0
82 52 0.369 1 0
54 10 0.187 1 0
43 30 0.131 1 2
20 100 0.061 1 2
30 15 0.117 1 2
20 5 0.090 1 0
36 5 0.126 1 2
105 22 0.306 1 2
192 100 0.600 1 0
66 15 0.254 1 2
16 40 0.068 1 2
10 22 0.039 1 0
12 100 0.071 1 2
22 10 0.132 1 0
135 52 0.438 1 0
145 70 0.630 1 0
19 70 0.060 1 2
149 10 0.727 1 0
34 52 0.129 1 0
147 5 0.631 1 0
83 22 0.384 1 0
86 15 0.272 1 0
35 30 0.167 1 0
83 5 0.284 1 2
18 5 0.066 1 2
16 40 0.106 1 0
12 22 0.049 1 0
31 52 0.107 1 2
17 5 0.076 1 0
169 22 0.939 1 0
22 52 0.088 1 0
14 22 0.042 1 0
120 22 0.353 1 2
142 30 0.440 1 0
13 5 0.060 1 2
323 100 1.106 1 0
20 70 0.058 1 2
78 30 0.232 1 2
125 52 0.776 1 0
93 22 0.351 1 0
33 5 0.155 1 2
271 70 0.804 1 2
10 40 0.040 1 0
67 22 0.379 1 0
15 52 0.052 1 0
15 22 0.060 1 0
61 40 0.202 1 0
59 30 0.282 1 0
48 100 0.322 1 2
42 10 0.165 1 0
69 52 0.229 1 2
39 5 0.138 1 2
18 30 0.080 1 2
15 70 0.047 1 2
108 70 0.342 1 2
324 10 1.209 1 0
38 52 0.123 1 2
31 22 0.128 1 0
293 30 1.314 1 0
71 30 0.314 1 0
182 40 0.595 1 0
12 30 0.052 1 2
185 30 0.911 1 2
19 100 0.066 1 0
28 22 0.097 1 2
13 30 0.058 1 0
33 40 0.121 1 0
155 22 0.625 1 0
257 52 0.784 1 2
30 22 0.097 1 0
59 10 0.215 1 2
120 5 0.597 1 2
64 52 0.219 1 0
13 30 0.068 1 2
124 52 0.670 1 0
26 5 0.129 1 0
39 100 0.197 1 0
13 40 0.061 1 0
18 22 0.075 1 2
46 22 0.170 1 0
18 5 0.065 1 0
147 30 0.502 1 0
11 100 0.032 1 2
185 22 0.944 1 2
157 70 0.654 1 0
199 5 0.934 1 0
10 5 0.055 1 0
15 10 0.084 1 0
33 52 0.135 1 2
18 5 0.060 1 0
297 15 1.800 1 0
27 10 0.097 1 0
257 15 1.436 1 0
149 70 0.584 1 0
62 30 0.390 1 2
217 52 0.753 1 0
254 52 1.682 1 2
16 22 0.050 1 0
20 10 0.084 1 0
66 52 0.288 1 0
22 22 0.140 1 2
127 52 0.683 1 0
21 70 0.084 1 2
16 100 0.081 1 0
53 15 0.342 1 2
75 40 0.225 1 2
124 10 0.394 1 0
38 15 0.218 1 2
59 5 0.218 1 2
153 52 0.987 1 2
111 10 0.627 1 2
27 5 0.165 1 0
156 10 0.502 1 2
28 70 0.145 1 0
18 30 0.120 1 2
27 22 0.116 1 0
34 30 0.197 1 2
42 5 0.123 1 0
73 70 0.221 1 0
49 100 0.173 1 2
22 40 0.067 1 2
323 52 1.335 1 0
43 100 0.147 1 0
14 22 0.080 1 0
77 52 0.279 1 2
78 5 0.258 1 2
269 30 0.909 1 2
325 10 1.868 1 2
164 52 0.548 1 0
87 40 0.351 1 0
46 22 0.223 1 2
11 10 0.038 1 2
10 10 0.029 1 0
39 100 0.149 1 0
190 5 0.633 1 0
61 100 0.239 1 0
15 52 0.053 1 0
121 15 0.747 1 0
238 70 0.895 1 2
164 22 0.586 1 0
118 40 0.621 1 0
10 40 0.050 1 0
13 15 0.052 1 2
19 5 0.071 1 0
234 30 1.026 1 0
11 70 0.062 1 0
39 22 0.140 1 0
39 70 0.181 1 2
69 30 0.216 1 0
10 15 0.056 1 0
17 22 0.091 1 0
56 40 0.280 1 0
34 70 0.114 1 2
18 40 0.069 1 0
54 70 0.166 1 2
73 52 0.279 1 0
145 52 0.578 1 2
74 30 0.289 1 2
32 70 0.124 1 2
18 5 0.069 1 0
122 5 0.363 1 0
36 52 0.143 1 0
74 100 0.296 1 2
99 10 0.363 1 2
19 22 0.070 1 0
15 10 0.061 1 0
76 10 0.475 1 0
83 15 0.421 1 0
137 70 0.427 1 0
48 10 0.141 1 0
16 52 0.078 1 2
114 30 0.540 1 0
64 22 0.206 1 0
306 52 0.897 1 0
10 30 0.039 1 2
79 5 0.283 1 0
11 100 0.041 1 0
53 15 0.163 1 0
58 15 0.230 1 2
18 70 0.065 1 0
34 52 0.111 1 0
14 10 0.043 1 0
73 10 0.299 1 2
109 30 0.545 1 2
31 40 0.131 1 0
15 100 0.073 1 0
306 15 1.138 1 0
19 70 0.093 1 2
129 100 0.445 1 2
59 5 0.399 1 0
151 52 0.770 1 0
126 100 0.712 1 0
11 100 0.055 1 0
29 30 0.112 1 2
24 40 0.137 1 0
103 10 0.644 1 0
109 10 0.382 1 0
47 5 0.233 1 2
78 22 0.419 1 0
16 70 0.079 1 0
98 5 0.366 1 0
16 5 0.054 1 0
15 22 0.066 1 2
329 30 1.275 1 0
69 30 0.348 1 0
79 100 0.285 1 2
42 52 0.147 1 0
21 5 0.131 1 0
11 5 0.044 1 0
10 10 0.063 1 2
18 10 0.081 1 2
44 22 0.198 1 0
298 15 0.958 1 2
26 52 0.108 1 0
139 15 0.668 1 0
11 5 0.060 1 0
54 100 0.187 1 2
45 10 0.180 1 2
49 40 0.150 1 0
14 52 0.089 1 0
27 30 0.121 1 0
16 40 0.053 1 0
69 30 0.401 1 0
18 15 0.099 1 0
89 22 0.299 1 0
10 40 0.033 1 2
231 15 1.065 1 2
10 52 0.035 1 0
26 100 0.089 1 0
43 30 0.264 1 0
54 40 0.158 1 0
223 10 1.477 1 0
33 5 0.110 1 0
133 15 0.473 1 0
32 22 0.111 1 0
298 52 0.906 1 0
97 10 0.522 1 2
49 100 0.147 1 2
28 5 0.085 1 2
63 52 0.193 1 0
52 52 0.230 1 0
66 40 0.277 1 0
14 70 0.056 1 2
18 52 0.080 1 0
326 52 1.022 1 2
51 15 0.190 1 0
27 40 0.108 1 2
38 52 0.178 1 0
13 15 0.053 1 0
37 30 0.129 1 0
33 5 0.117 1 0
110 52 0.743 1 2
33 30 0.128 1 0
22 10 0.133 1 2
35 22 0.115 1 0
72 10 0.365 1 0
18 40 0.103 1 2
317 52 1.205 1 2
46 70 0.198 1 2
14 22 0.091 1 2
43 22 0.291 1 0
53 100 0.181 1 0
119 10 0.763 1 2
179 52 0.789 1 0
29 5 0.092 1 0
88 5 0.290 1 2
184 52 0.836 1 0
20 40 0.109 1 0
81 10 0.426 1 0
18 52 0.071 1 0
75 52 0.449 1 0
173 40 0.546 1 2
18 30 0.088 1 2
39 22 0.127 1 2
170 52 0.620 1 0
50 52 0.198 1 0
25 30 0.074 1 2
54 100 0.158 1 0
11 40 0.034 1 0
11 100 0.074 1 0
248 52 0.864 1 2
11 22 0.070 1 2
288 10 0.878 1 0
57 10 0.294 1 0
134 100 0.391 1 0
40 30 0.128 1 0
65 5 0.217 1 0
27 52 0.135 1 2
169 22 0.624 1 0
18 40 0.064 1 0
16 5 0.058 1 0
63 100 0.208 1 0
48 100 0.175 1 2
192 10 0.716 1 0
19 5 0.064 1 2
26 100 0.104 1 2
15 70 0.066 1 0
17 40 0.056 1 0
18 15 0.083 1 2
15 15 0.059 1 2
142 40 0.469 1 0
22 22 0.064 1 2
19 30 0.075 1 0
18 100 0.102 1 2
44 22 0.200 1 0
75 52 0.373 1 0
22 30 0.089 1 0
19 10 0.065 1 0
57 10 0.348 1 2
18 40 0.110 1 0
14 52 0.046 1 0
26 5 0.080 1 0
53 15 0.178 1 0
11 100 0.043 1 2
10 15 0.055 1 0
183 22 0.545 1 2
31 10 0.112 1 0
35 40 0.157 1 0
88 52 0.348 1 0
156 5 0.513 1 2
15 70 0.101 1 0
77 5 0.240 1 2
198 15 0.631 1 0
44 40 0.177 1 2
29 100 0.096 1 0
92 30 0.319 1 0
15 10 0.053 1 0
94 5 0.276 1 2
10 10 0.051 1 0
27 52 0.153 1 2
61 15 0.377 1 0
47 10 0.202 1 0
36 70 0.123 1 0
173 22 1.048 1 0
84 22 0.337 1 2
74 22 0.278 1 0
60 70 0.201 1 0
145 22 0.656 1 2
68 52 0.199 1 0
70 100 0.224 1 0
79 22 0.369 1 0
52 70 0.153 1 0
338 30 1.271 1 0
12 52 0.046 1 2
35 40 0.160 1 2
86 70 0.293 1 2
163 30 0.811 1 2
161 10 0.942 1 2
42 52 0.133 1 2
155 70 0.630 1 2
75 52 0.349 1 0
58 22 0.301 1 0
15 10 0.099 1 0
53 30 0.338 1 0
56 70 0.209 1 0
139 70 0.597 1 0
26 22 0.124 1 0
62 5 0.219 1 0
41 10 0.120 1 0
35 15 0.176 1 0
68 70 0.305 1 2
99 52 0.298 1 2
124 22 0.368 1 2
38 5 0.187 1 2
17 40 0.071 1 0
26 22 0.119 1 2
178 100 0.908 1 0
121 5 0.720 1 2
260 100 1.016 1 0
15 15 0.062 1 2
17 15 0.076 1 2
155 40 0.556 1 0
11 22 0.037 1 2
179 40 1.053 1 2
24 70 0.078 1 2
166 70 0.814 1 0
173 5 0.554 1 0
127 30 0.825 1 0
28 5 0.113 1 2
10 22 0.034 1 2
105 70 0.344 1 0
18 15 0.056 1 2
21 22 0.074 1 0
12 22 0.039 1 2
11 10 0.034 1 0
15 15 0.054 1 0
116 5 0.355 1 0
39 5 0.214 1 0
22 52 0.106 1 0
78 5 0.366 1 2
13 22 0.070 1 0
106 100 0.616 1 2
32 5 0.129 1 0
34 70 0.121 1 0
58 10 0.171 1 0
24 70 0.076 1 0
69 30 0.448 1 0
22 40 0.120 1 2
26 5 0.159 1 0
89 22 0.436 1 0
49 52 0.171 1 0
36 70 0.147 1 2
15 70 0.093 1 0
73 10 0.232 1 2
54 52 0.203 1 0
77 70 0.475 1 0
17 10 0.052 1 0
131 100 0.575 1 0
14 40 0.092 1 2
58 5 0.224 1 0
200 10 0.671 1 2
74 22 0.254 1 0
299 15 1.091 1 0
23 22 0.101 1 2
33 100 0.131 1 0
36 100 0.115 1 2
235 10 0.894 1 2
59 10 0.269 1 0
76 15 0.247 1 0
38 15 0.158 1 2
154 40 0.542 1 2
79 10 0.351 1 2
120 10 0.597 1 0
301 15 1.468 1 2
218 10 1.305 1 0
116 10 0.457 1 2
266 52 0.782 1 0
181 22 0.578 1 0
55 30 0.222 1 0
39 30 0.122 1 2
23 52 0.138 1 0
70 10 0.470 1 0
12 10 0.053 1 0
77 40 0.353 1 0
23 10 0.153 1 0
45 30 0.300 1 0
16 5 0.077 1 0
36 5 0.138 1 2
69 30 0.253 1 0
183 30 1.052 1 2
45 52 0.169 1 0
92 100 0.467 1 0
102 5 0.520 1 2
209 40 1.142 1 0
33 30 0.146 1 0
123 10 0.504 1 0
22 5 0.066 1 2
35 22 0.205 1 0
55 100 0.200 1 2
325 15 1.601 1 0
27 52 0.105 1 0
161 22 0.719 1 2
58 52 0.289 1 0
73 22 0.232 1 0
39 70 0.187 1 2
53 52 0.285 1 0
18 52 0.093 1 2
12 22 0.060 1 0
72 15 0.224 1 2
178 40 0.942 1 0
17 40 0.073 1 0
216 22 0.904 1 0
11 15 0.064 1 2
34 5 0.178 1 0
118 22 0.652 1 0
27 52 0.139 1 0
48 15 0.145 1 2
45 40 0.165 1 2
56 40 0.191 1 0
66 52 0.193 1 2
17 70 0.057 1 2
30 40 0.088 1 0
76 5 0.238 1 2
335 52 1.288 1 2
61 5 0.241 1 0
185 30 0.543 1 2
14 100 0.044 1 0
145 5 0.833 1 0
37 40 0.128 1 2
102 70 0.366 1 0
12 5 0.067 1 2
77 30 0.312 1 0
83 5 0.264 1 0
262 30 1.379 1 0
192 40 0.941 1 0
28 100 0.084 1 0
137 40 0.445 1 0
166 5 0.678 1 0
260 30 1.226 1 0
42 10 0.246 1 0
46 70 0.188 1 0
249 5 0.912 1 0
185 70 0.690 1 0
15 70 0.060 1 0
13 40 0.047 1 0
148 100 0.712 1 0
121 5 0.353 1 0
40 100 0.122 1 0
48 30 0.183 1 0
73 40 0.344 1 2
16 15 0.072 1 0
147 100 0.579 1 0
52 5 0.173 1 0
279 40 1.015 1 2
10 100 0.037 1 0
22 10 0.124 1 0
17 10 0.066 1 0
14 15 0.049 1 2
52 70 0.155 1 0
218 22 0.965 1 2
37 22 0.125 1 0
55 40 0.301 1 0
66 30 0.332 1 0
56 5 0.269 1 0
17 10 0.085 1 0
15 30 0.078 1 0
50 70 0.298 1 0
72 30 0.471 1 0
11 5 0.042 1 2
313 70 1.367 1 2
12 70 0.059 1 0
45 10 0.170 1 2
13 30 0.078 1 0
120 40 0.569 1 0
26 22 0.082 1 0
50 10 0.147 1 0
119 30 0.425 1 2
22 70 0.082 1 0
25 22 0.083 1 0
19 15 0.110 1 2
54 100 0.158 1 2
28 70 0.158 1 0
55 5 0.202 1 0
10 10 0.063 1 0
25 10 0.155 1 0
71 40 0.364 1 2
74 5 0.368 1 0
21 70 0.072 1 0
153 40 0.478 1 0
25 52 0.081 1 2
17 22 0.099 1 0
88 70 0.271 1 0
14 70 0.043 1 2
26 40 0.107 1 2
71 5 0.229 1 0
11 40 0.032 1 0
50 40 0.172 1 0
11 52 0.042 1 0
38 100 0.202 1 0
22 22 0.086 1 0
33 100 0.209 1 2
48 22 0.208 1 0
37 10 0.162 1 0
15 30 0.079 1 0
96 15 0.536 1 2
15 30 0.084 1 2
32 30 0.136 1 2
102 30 0.323 1 0
34 10 0.100 1 0
24 40 0.108 1 0
19 52 0.075 1 0
29 10 0.104 1 0
122 22 0.488 1 2
244 10 0.720 1 0
20 10 0.078 1 2
26 10 0.099 1 0
78 5 0.229 1 0
42 100 0.269 1 0
231 30 0.955 1 0
32 52 0.169 1 0
35 40 0.172 1 0
71 30 0.269 1 0
70 52 0.315 1 0
146 52 0.555 1 2
18 10 0.054 1 0
260 100 0.783 1 0
130 100 0.622 1 0
39 52 0.197 1 2
148 70 0.519 1 0
110 70 0.325 1 0
174 10 0.569 1 0
11 15 0.045 1 0
38 15 0.154 1 0
125 70 0.387 1 0
14 52 0.061 1 2
35 52 0.159 1 2
173 5 0.869 1 0
56 10 0.296 1 0
76 100 0.392 1 0
13 10 0.053 1 0
72 70 0.236 1 0
14 15 0.053 1 0
11 70 0.033 1 0
229 100 1.537 1 0
18 10 0.063 1 0
197 100 0.735 1 2
110 15 0.369 1 2
17 5 0.077 1 2
31 22 0.173 1 0
50 5 0.152 1 0
22 10 0.125 1 2
95 100 0.282 1 2
60 100 0.204 1 0
10 15 0.033 1 0
198 70 0.728 1 0
16 15 0.069 1 0
269 30 1.145 1 2
54 52 0.202 1 0
29 10 0.190 1 0
310 70 1.230 1 0
143 30 0.488 1 0
13 70 0.056 1 2
20 40 0.109 1 0
79 10 0.307 1 0
58 5 0.309 1 0
12 22 0.074 1 0
24 10 0.094 1 0
79 100 0.361 1 2
130 22 0.647 1 2
20 52 0.069 1 0
33 70 0.140 1 0
73 30 0.361 1 2
128 22 0.421 2 1
77 15 0.374 2 1
154 30 0.483 2 0
68 40 0.217 2 0
15 5 0.074 2 0
20 70 0.130 2 0
161 30 0.524 2 1
93 52 0.378 2 0
15 100 0.060 2 0
35 100 0.128 2 0
29 100 0.109 2 0
22 100 0.101 2 0
240 22 1.548 2 1
41 15 0.220 2 1
325 22 0.970 2 1
163 10 0.959 2 1
10 70 0.062 2 0
121 100 0.504 2 0
16 100 0.082 2 0
53 100 0.200 2 0
14 22 0.043 2 0
107 30 0.410 2 0
290 52 0.993 2 1
18 30 0.074 2 0
13 5 0.045 2 1
24 15 0.122 2 0
167 100 0.599 2 0
63 22 0.193 2 0
22 10 0.066 2 0
13 40 0.081 2 1
119 100 0.620 2 0
175 70 0.625 2 0
135 15 0.470 2 0
73 10 0.286 2 1
56 30 0.245 2 1
185 100 1.101 2 1
11 15 0.040 2 1
31 100 0.169 2 0
15 22 0.099 2 0
27 52 0.102 2 0
29 5 0.110 2 1
72 15 0.298 2 0
33 52 0.166 2 1
14 70 0.043 2 0
62 10 0.185 2 1
15 15 0.098 2 0
18 10 0.112 2 1
31 22 0.114 2 0
146 52 0.562 2 0
18 40 0.119 2 0
129 22 0.750 2 1
118 70 0.360 2 0
10 15 0.048 2 0
27 52 0.153 2 1
45 10 0.149 2 1
17 5 0.063 2 1
77 15 0.243 2 1
11 52 0.034 2 0
12 30 0.041 2 0
152 15 0.760 2 0
15 52 0.056 2 0
40 22 0.184 2 0
20 22 0.068 2 1
77 40 0.300 2 1
11 5 0.042 2 1
312 100 1.846 2 0
23 30 0.085 2 0
94 40 0.443 2 1
75 5 0.253 2 1
40 30 0.181 2 0
11 30 0.053 2 0
17 5 0.063 2 0
94 100 0.420 2 0
37 70 0.237 2 0
47 52 0.168 2 0
12 100 0.038 2 0
163 52 0.642 2 0
128 40 0.595 2 0
25 10 0.140 2 1
148 10 0.471 2 1
73 100 0.353 2 0
46 40 0.204 2 0
12 15 0.078 2 0
174 22 0.837 2 0
137 52 0.890 2 0
14 30 0.086 2 1
110 30 0.370 2 0
120 15 0.615 2 0
68 52 0.398 2 0
12 30 0.036 2 1
53 5 0.273 2 0
75 40 0.503 2 1
14 30 0.092 2 1
24 30 0.071 2 1
58 30 0.345 2 0
47 5 0.187 2 1
209 100 0.611 2 1
11 15 0.042 2 0
140 100 0.488 2 1
39 5 0.264 2 0
72 22 0.290 2 1
42 30 0.136 2 0
15 100 0.067 2 1
66 100 0.247 2 1
35 30 0.109 2 1
178 15 0.698 2 0
15 22 0.048 2 0
11 5 0.051 2 0
62 5 0.273 2 0
279 5 1.172 2 0
68 52 0.235 2 0
104 15 0.615 2 1
34 40 0.202 2 1
161 52 0.506 2 0
80 70 0.476 2 0
37 70 0.163 2 1
33 40 0.121 2 0
103 15 0.490 2 0
23 70 0.081 2 0
37 100 0.145 2 0
179 10 0.861 2 0
43 15 0.154 2 0
135 10 0.450 2 1
12 100 0.047 2 0
64 10 0.203 2 0
53 52 0.159 2 1
23 40 0.120 2 0
163 52 0.494 2 1
10 70 0.036 2 1
10 70 0.050 2 0
34 40 0.099 2 1
16 52 0.096 2 1
23 40 0.069 2 0
67 70 0.288 2 0
22 10 0.076 2 1
209 22 0.692 2 0
69 5 0.335 2 1
15 52 0.045 2 1
10 15 0.043 2 0
11 40 0.045 2 1
196 52 1.077 2 1
12 40 0.068 2 0
173 22 0.506 2 0
19 70 0.074 2 0
55 15 0.185 2 1
84 100 0.296 2 0
171 40 0.550 2 0
41 10 0.142 2 0
40 100 0.171 2 1
123 30 0.421 2 1
107 100 0.401 2 1
33 10 0.118 2 0
62 100 0.215 2 0
25 40 0.100 2 0
11 70 0.034 2 1
78 52 0.279 2 0
22 70 0.077 2 1
14 10 0.045 2 0
17 100 0.054 2 0
164 15 1.031 2 0
32 15 0.120 2 1
68 70 0.217 2 0
97 52 0.358 2 0
88 100 0.396 2 0
13 70 0.064 2 1
17 10 0.056 2 0
18 40 0.081 2 0
37 10 0.163 2 1
254 5 1.587 2 1
247 5 0.946 2 1
26 10 0.105 2 0
17 15 0.094 2 0
17 22 0.111 2 0
212 15 1.432 2 1
326 15 1.098 2 0
21 22 0.085 2 0
17 15 0.071 2 1
177 22 0.524 2 1
105 15 0.351 2 1
132 5 0.606 2 0
96 30 0.589 2 1
88 52 0.492 2 0
193 70 0.885 2 0
19 30 0.065 2 0
158 70 0.625 2 0
227 52 0.799 2 0
37 5 0.196 2 0
21 10 0.077 2 1
19 40 0.063 2 0
33 5 0.150 2 0
41 10 0.177 2 0
50 22 0.207 2 0
39 70 0.153 2 0
17 52 0.081 2 1
21 22 0.108 2 0
91 15 0.545 2 0
23 15 0.068 2 0
15 15 0.071 2 0
72 22 0.426 2 0
30 100 0.136 2 0
31 15 0.108 2 1
76 15 0.374 2 0
64 52 0.247 2 0
12 10 0.061 2 0
130 100 0.539 2 0
13 22 0.070 2 0
197 22 0.876 2 0
184 22 0.793 2 1
329 10 1.687 2 0
28 52 0.132 2 0
20 40 0.093 2 0
17 100 0.058 2 0
36 22 0.128 2 0
12 15 0.066 2 1
15 15 0.046 2 0
34 30 0.179 2 0
68 5 0.217 2 0
27 70 0.164 2 0
72 30 0.340 2 0
28 30 0.085 2 0
17 52 0.058 2 1
25 10 0.106 2 1
114 52 0.400 2 0
25 70 0.075 2 1
70 22 0.261 2 1
63 5 0.382 2 0
47 22 0.155 2 0
32 5 0.111 2 0
12 52 0.042 2 0
156 40 0.542 2 0
17 70 0.050 2 1
23 10 0.079 2 0
30 30 0.122 2 1
13 52 0.047 2 0
295 15 0.946 2 1
69 5 0.282 2 1
238 70 1.039 2 0
145 40 0.788 2 0
29 52 0.196 2 1
319 10 1.418 2 0
319 5 1.724 2 0
187 100 1.107 2 0
38 10 0.169 2 1
47 5 0.233 2 1
32 10 0.121 2 0
48 100 0.221 2 0
180 15 0.853 2 1
32 15 0.165 2 0
19 40 0.058 2 0
120 5 0.404 2 1
27 70 0.104 2 1
10 22 0.048 2 1
169 10 0.914 2 0
91 10 0.360 2 0
14 22 0.045 2 0
106 15 0.411 2 0
12 5 0.046 2 1
63 70 0.217 2 1
53 15 0.233 2 0
73 5 0.215 2 1
190 10 0.852 2 0
39 22 0.188 2 0
37 10 0.145 2 1
50 22 0.269 2 0
178 5 0.852 2 1
31 30 0.153 2 0
54 100 0.202 2 0
13 40 0.056 2 0
13 22 0.046 2 0
14 22 0.045 2 1
18 100 0.055 2 0
28 52 0.110 2 0
36 70 0.107 2 0
23 10 0.074 2 0
253 5 1.182 2 1
13 52 0.039 2 1
44 10 0.178 2 0
29 22 0.180 2 0
36 15 0.157 2 0
17 22 0.079 2 1
217 30 0.916 2 0
15 52 0.047 2 0
71 40 0.399 2 0
51 22 0.279 2 1
13 5 0.065 2 1
77 15 0.279 2 0
32 52 0.108 2 1
153 52 0.571 2 1
19 40 0.071 2 0
15 30 0.084 2 0
38 100 0.205 2 0
34 70 0.209 2 0
30 5 0.094 2 1
181 5 0.721 2 0
34 15 0.106 2 0
44 30 0.237 2 0
64 100 0.421 2 1
169 70 0.845 2 1
132 70 0.439 2 1
14 52 0.045 2 1
28 40 0.142 2 1
71 30 0.380 2 0
15 30 0.096 2 0
77 15 0.229 2 1
14 5 0.048 2 1
161 30 0.596 2 0
40 15 0.225 2 0
79 70 0.232 2 0
41 52 0.170 2 0
167 52 0.676 2 1
48 5 0.148 2 0
14 30 0.061 2 0
62 15 0.279 2 0
25 22 0.092 2 0
156 5 0.536 2 0
31 15 0.134 2 1
23 15 0.096 2 0
265 30 1.497 2 1
76 100 0.228 2 0
10 30 0.063 2 0
23 22 0.121 2 0
246 22 1.344 2 0
12 52 0.053 2 1
13 10 0.047 2 0
59 15 0.189 2 0
79 5 0.261 2 0
78 22 0.302 2 1
56 40 0.199 2 0
43 70 0.151 2 0
56 52 0.206 2 0
33 30 0.143 2 0
12 10 0.035 2 0
306 10 1.168 2 0
49 30 0.148 2 0
31 22 0.199 2 0
141 5 0.839 2 1
130 100 0.677 2 0
30 40 0.203 2 0
47 30 0.175 2 1
208 22 1.216 2 0
14 70 0.087 2 0
74 40 0.325 2 0
227 10 0.873 2 0
14 30 0.087 2 1
56 100 0.248 2 0
79 30 0.476 2 0
144 40 0.929 2 0
40 22 0.154 2 1
174 30 0.941 2 1
150 40 0.993 2 1
43 100 0.145 2 1
186 22 0.759 2 0
276 52 0.893 2 0
43 70 0.259 2 1
23 30 0.104 2 1
296 15 1.170 2 0
24 22 0.086 2 0
39 70 0.213 2 0
128 15 0.766 2 1
218 40 0.816 2 0
121 70 0.460 2 1
11 10 0.051 2 1
25 70 0.121 2 1
16 22 0.081 2 0
158 15 0.940 2 0
63 5 0.280 2 1
38 10 0.118 2 1
57 5 0.213 2 0
140 22 0.657 2 0
30 100 0.101 2 0
233 22 0.747 2 0
78 22 0.361 2 0
113 40 0.404 2 1
54 22 0.188 2 0
63 22 0.233 2 0
11 15 0.040 2 0
41 15 0.158 2 0
17 5 0.050 2 0
164 15 0.701 2 0
167 52 0.714 2 0
23 100 0.114 2 1
61 52 0.240 2 0
73 100 0.251 2 0
13 70 0.074 2 0
318 100 1.452 2 0
53 22 0.173 2 1
77 10 0.304 2 1
116 52 0.496 2 0
108 15 0.509 2 1
131 30 0.502 2 0
77 52 0.309 2 0
143 52 0.431 2 0
14 15 0.056 2 0
36 40 0.131 2 0
35 30 0.178 2 0
122 52 0.584 2 0
49 30 0.181 2 0
136 5 0.810 2 0
66 15 0.199 2 0
16 10 0.064 2 1
16 52 0.095 2 1
334 30 1.511 2 0
15 100 0.049 2 1
59 22 0.174 2 0
142 40 0.604 2 0
70 30 0.204 2 0
17 22 0.052 2 0
154 5 0.678 2 1
11 40 0.045 2 1
18 22 0.069 2 1
26 10 0.155 2 0
16 40 0.049 2 0
124 5 0.449 2 0
215 22 1.250 2 1
73 10 0.388 2 0
241 100 1.497 2 1
282 100 1.106 2 0
72 10 0.300 2 0
61 15 0.261 2 0
69 30 0.262 2 1
10 15 0.033 2 1
57 30 0.177 2 0
13 52 0.065 2 0
75 30 0.229 2 1
16 40 0.058 2 0
102 100 0.468 2 1
195 52 0.720 2 0
141 22 0.627 2 1
122 52 0.364 2 1
43 10 0.236 2 0
325 70 1.016 2 0
174 52 0.578 2 1
31 40 0.150 2 0
35 15 0.172 2 0
38 30 0.148 2 1
30 100 0.126 2 1
196 22 0.634 2 0
38 10 0.216 2 1
18 10 0.061 2 1
281 52 1.138 2 0
73 10 0.427 2 1
110 15 0.738 2 0
33 40 0.111 2 0
10 15 0.033 2 1
150 100 0.968 2 0
54 15 0.292 2 1
141 5 0.516 2 0
11 30 0.050 2 0
126 5 0.408 2 0
76 30 0.291 2 0
41 100 0.156 2 0
31 22 0.125 2 1
68 52 0.378 2 1
63 15 0.246 2 0
28 100 0.183 2 0
165 40 0.527 2 0
13 52 0.053 2 0
16 30 0.092 2 1
113 22 0.431 2 1
242 15 0.786 2 0
57 40 0.188 2 1
12 100 0.035 2 0
16 15 0.048 2 1
50 15 0.189 2 0
36 5 0.171 2 0
160 22 0.539 2 0
122 5 0.639 2 1
13 40 0.087 2 0
23 52 0.091 2 1
20 10 0.088 2 0
20 15 0.084 2 0
49 40 0.164 2 0
164 40 0.804 2 0
45 15 0.290 2 1
35 5 0.148 2 0
36 70 0.125 2 1
64 30 0.275 2 0
44 52 0.138 2 0
207 52 1.163 2 1
28 22 0.110 2 1
103 40 0.310 2 0
16 22 0.056 2 1
48 22 0.145 2 1
20 10 0.060 2 0
28 40 0.114 2 1
25 5 0.138 2 0
15 30 0.059 2 1
14 52 0.063 2 0
23 40 0.076 2 0
62 15 0.279 2 0
10 30 0.033 2 1
16 10 0.056 2 1
88 10 0.497 2 0
21 40 0.101 2 1
14 15 0.064 2 0
48 5 0.164 2 1
72 100 0.332 2 1
94 15 0.309 2 1
43 70 0.197 2 0
225 70 0.957 2 1
32 70 0.147 2 0
130 40 0.455 2 0
259 40 1.727 2 1
14 70 0.071 2 0
93 15 0.343 2 1
46 22 0.155 2 0
39 5 0.133 2 0
36 10 0.117 2 0
141 100 0.511 2 0
15 10 0.053 2 0
26 40 0.126 2 0
11 10 0.069 2 0
10 15 0.045 2 0
79 10 0.331 2 1
235 22 0.839 2 0
141 5 0.569 2 1
17 22 0.055 2 0
17 70 0.052 2 1
137 70 0.504 2 1
67 22 0.258 2 0
11 22 0.073 2 1
78 15 0.245 2 0
29 15 0.114 2 0
76 40 0.365 2 0
115 30 0.462 2 1
68 22 0.412 2 1
69 5 0.332 2 0
90 10 0.288 2 0
23 40 0.124 2 1
13 5 0.042 2 0
20 15 0.112 2 1
120 70 0.415 2 0
105 5 0.660 2 1
167 15 0.898 2 0
13 10 0.044 2 1
156 52 0.612 2 0
232 52 0.746 2 0
73 15 0.386 2 0
192 10 0.727 2 1
12 30 0.055 2 1
53 100 0.181 2 1
22 30 0.095 2 1
39 70 0.117 2 0
25 40 0.110 2 1
129 70 0.426 2 0
73 10 0.313 2 1
330 70 1.170 2 0
184 15 0.776 2 1
36 15 0.142 2 0
16 40 0.082 2 1
10 10 0.037 2 0
113 5 0.469 2 0
12 22 0.038 2 1
15 5 0.064 2 0
119 30 0.650 2 0
118 52 0.381 2 1
157 15 0.458 2 1
35 5 0.189 2 0
56 40 0.212 2 0
39 22 0.236 2 0
13 5 0.057 2 1
65 40 0.406 2 1
172 22 0.994 2 0
25 15 0.087 2 0
52 70 0.221 2 0
190 22 0.922 2 0
206 15 0.746 2 1
29 52 0.098 2 0
27 40 0.092 2 0
17 22 0.069 2 0
15 100 0.050 2 1
16 70 0.049 2 1
46 5 0.272 2 0
160 30 0.488 2 0
17 52 0.053 2 0
17 100 0.055 2 0
63 30 0.190 2 0
136 22 0.579 2 0
172 10 0.723 2 0
35 100 0.129 2 0
147 10 0.714 2 0
14 10 0.045 2 1
21 10 0.064 2 1
75 30 0.236 2 0
36 22 0.129 2 1
60 100 0.189 2 1
129 5 0.415 2 0
49 52 0.208 2 0
67 52 0.315 2 1
32 5 0.095 2 1
13 30 0.043 2 0
13 52 0.040 2 0
12 22 0.045 2 0
41 22 0.232 2 0
36 52 0.124 2 1
262 5 1.679 2 1
77 15 0.376 2 1
18 5 0.105 2 1
128 70 0.842 2 0
12 22 0.073 2 1
14 22 0.058 2 1
12 40 0.063 2 0
10 52 0.032 2 0
55 22 0.327 2 0
140 10 0.639 2 0
14 5 0.067 2 0
12 100 0.056 2 0
17 5 0.051 2 0
75 5 0.229 2 1
41 15 0.122 2 1
21 10 0.073 2 0
210 5 0.986 2 0
50 70 0.249 2 0
335 5 1.264 2 0
11 30 0.034 2 0
38 70 0.143 2 0
248 100 0.818 2 0
18 100 0.107 2 1
26 52 0.135 2 1
10 10 0.061 2 0
59 5 0.253 2 0
20 100 0.114 2 1
12 5 0.039 2 1
234 10 1.345 2 0
185 40 1.250 2 0
11 30 0.044 2 1
165 5 0.604 2 1
186 30 0.903 2 0
248 5 1.046 2 0
10 52 0.041 2 1
16 15 0.050 2 0
12 30 0.038 2 0
154 10 0.744 2 1
185 30 1.201 2 0
182 15 0.781 2 0
35 5 0.185 2 0
279 52 0.979 2 1
126 40 0.448 2 0
228 40 1.382 2 0
54 10 0.360 2 0
17 100 0.053 2 1
148 30 0.502 2 0
10 70 0.044 2 1
213 52 0.678 2 1
55 5 0.301 2 0
114 22 0.388 2 1
19 100 0.067 2 1
138 15 0.701 2 0
142 10 0.850 2 1
12 100 0.045 2 0
36 40 0.167 2 1
115 15 0.466 2 0
28 15 0.147 2 1
19 30 0.065 2 1
13 15 0.058 2 0
13 10 0.043 2 0
48 70 0.143 2 1
26 22 0.144 2 1
16 15 0.051 2 0
27 15 0.087 2 0
10 70 0.048 2 1
25 22 0.082 2 1
76 30 0.237 2 0
39 5 0.125 2 0
18 5 0.059 2 0
19 100 0.114 2 0
21 22 0.076 2 0
181 5 0.528 2 0
140 70 0.426 2 1
179 52 0.694 2 0
71 70 0.382 2 0
11 5 0.039 2 0
293 30 1.443 2 1
183 52 0.644 2 0
10 5 0.032 2 1
87 5 0.275 2 1
182 70 0.674 2 1
55 22 0.311 2 1
124 22 0.508 2 0
169 15 0.523 2 0
163 10 0.494 2 0
15 100 0.061 2 0
213 52 1.177 2 0
29 22 0.129 2 1
19 30 0.083 2 1
27 52 0.103 2 1
28 15 0.187 2 0
73 30 0.382 2 1
32 5 0.143 2 1
262 100 0.978 2 0
64 40 0.203 2 1
98 70 0.321 2 0
74 52 0.451 2 0
24 100 0.085 2 1
149 5 0.523 2 0
56 5 0.341 2 1
57 30 0.335 2 1
53 100 0.169 2 0
329 52 1.123 2 0
151 10 0.470 2 0
275 5 1.667 2 0
16 10 0.056 2 0
15 40 0.048 2 0
22 5 0.098 2 1
75 22 0.333 2 0
61 22 0.256 2 1
27 40 0.143 2 1
30 100 0.127 2 0
189 15 1.099 2 0
13 22 0.046 2 1
163 52 0.522 2 0
31 15 0.092 2 0
191 40 0.610 2 1
71 22 0.353 2 1
36 5 0.115 2 0
195 100 1.154 2 1
15 22 0.052 2 0
281 30 1.106 2 0
74 40 0.226 2 0
322 100 1.243 2 1
25 40 0.077 2 0
16 5 0.058 2 0
311 22 0.923 2 1
50 52 0.250 2 1
63 22 0.235 2 0
158 5 0.684 2 1
12 70 0.055 2 0
255 22 0.792 2 1
260 70 1.238 2 0
12 70 0.047 2 0
294 100 1.021 2 0
58 30 0.369 2 0
155 30 0.745 2 0
23 5 0.081 2 0
27 100 0.167 2 0
14 5 0.051 2 0
45 70 0.170 2 0
153 15 0.558 2 1
14 22 0.042 2 0
42 100 0.165 2 0
64 70 0.299 2 0
14 52 0.054 2 0
34 30 0.221 2 1
96 100 0.365 2 1
36 100 0.203 2 0
10 70 0.056 2 0
167 22 0.511 2 0
80 40 0.256 2 0
83 10 0.313 2 0
38 100 0.208 2 1
38 15 0.170 2 0
33 15 0.153 2 0
266 22 1.095 2 0
64 52 0.204 2 0
32 40 0.099 2 1
21 10 0.098 2 1
20 70 0.087 2 0
181 15 1.124 2 1
31 100 0.113 2 0
26 40 0.100 2 0
205 10 0.637 2 0
265 15 1.216 2 0
15 5 0.049 2 1
62 40 0.286 2 0
15 5 0.082 2 1
62 100 0.305 2 1
133 10 0.506 2 0
72 10 0.330 2 0
79 10 0.353 2 0
35 40 0.124 2 1
166 15 0.661 2 0
30 22 0.094 2 0
46 22 0.168 2 1
246 5 0.869 2 0
19 30 0.078 2 1
10 100 0.035 2 0
109 100 0.500 2 0
154 22 0.939 2 0
124 5 0.752 2 0
39 15 0.209 2 0
27 52 0.087 2 0
46 22 0.138 2 0
140 22 0.753 2 0
12 22 0.036 2 1
18 40 0.062 2 0
32 10 0.096 2 0
52 100 0.271 2 1
316 52 1.443 2 1
46 70 0.192 2 0
38 100 0.130 2 0
39 5 0.223 2 0
11 40 0.038 2 1
23 22 0.087 2 1
16 5 0.060 2 1
10 100 0.042 2 0
18 100 0.067 2 1
47 10 0.146 2 0
141 22 0.610 2 0
74 10 0.288 2 0
153 5 0.793 2 1
96 22 0.555 2 0
11 5 0.039 2 0
119 15 0.799 2 1
37 30 0.203 2 0
52 5 0.228 2 0
29 100 0.182 2 0
120 10 0.543 2 0
51 30 0.150 2 0
12 100 0.055 2 1
31 22 0.162 2 0
19 30 0.061 2 0
28 5 0.087 2 0
174 15 1.087 2 0
55 70 0.257 2 0
184 30 0.814 2 0
93 10 0.585 2 1
186 70 1.081 2 1
15 40 0.083 2 0
49 70 0.278 2 0
24 52 0.147 2 1
22 40 0.079 2 0
19 22 0.057 2 0
14 15 0.041 2 0
20 70 0.091 2 0
22 70 0.086 2 1
13 40 0.042 2 0
28 52 0.156 2 1
32 22 0.123 2 1
123 22 0.594 2 0
22 30 0.064 2 1
66 100 0.328 2 1
135 15 0.408 2 0
64 52 0.190 2 0
286 30 1.187 2 0
41 30 0.167 2 1
16 15 0.059 2 0
37 5 0.114 2 1
207 40 0.627 2 1
214 10 1.372 2 0
335 15 1.821 2 1
52 10 0.169 2 1
13 15 0.038 2 0
11 52 0.052 2 0
88 15 0.304 2 1
71 40 0.290 2 0
28 52 0.088 2 0
58 10 0.170 2 0
10 100 0.052 2 0
95 52 0.312 2 0
119 70 0.529 2 1
18 40 0.107 2 1
63 70 0.294 2 1
150 40 0.450 2 1
44 15 0.170 2 1
70 5 0.254 2 0
113 5 0.368 2 0
89 5 0.283 2 1
14 15 0.065 2 0
159 52 0.503 2 1
11 15 0.051 2 0
170 22 0.538 2 0
54 30 0.172 2 0
16 30 0.062 2 0
70 40 0.265 2 1
188 22 0.974 2 1
15 40 0.069 2 0
13 22 0.043 2 0
255 5 0.754 2 0
245 5 0.766 2 0
33 5 0.106 2 0
332 70 1.194 2 1
62 70 0.201 2 0
30 22 0.132 2 0
70 100 0.320 2 1
37 30 0.250 2 0
174 10 0.951 2 0
67 5 0.264 2 1
186 5 0.569 2 1
191 30 0.786 2 0
77 30 0.269 2 1
155 15 0.503 2 0
22 5 0.109 2 0
73 22 0.264 2 0
141 15 0.507 2 0
19 70 0.079 2 0
77 5 0.313 2 0
39 10 0.136 2 1
17 22 0.100 2 0
62 10 0.371 2 0
53 30 0.160 2 1
11 22 0.041 2 1
12 22 0.068 2 0
125 52 0.781 2 0
159 70 0.688 2 0
15 100 0.086 2 0
44 30 0.133 2 1
168 15 0.836 2 0
59 70 0.265 2 1
77 70 0.224 2 1
179 30 0.556 2 0
178 22 1.113 2 0
14 100 0.066 2 0
168 5 0.551 2 1
34 52 0.172 2 0
174 22 0.780 2 1
23 22 0.112 2 1
17 5 0.053 2 0
79 40 0.265 2 0
150 15 0.554 2 0
17 5 0.108 2 0
16 10 0.088 2 0
79 52 0.315 2 0
54 70 0.168 2 1
18 100 0.055 2 0
31 30 0.091 2 0
50 15 0.255 2 1
88 100 0.575 2 1
195 70 0.947 2 0
34 5 0.191 2 1
54 52 0.280 2 1
32 70 0.116 2 1
193 22 0.661 2 0
34 10 0.157 2 0
18 10 0.098 2 0
17 10 0.063 2 0
31 10 0.125 2 1
64 100 0.195 2 1
57 30 0.377 2 0
78 40 0.446 2 0
225 70 0.705 2 0
21 100 0.134 2 0
32 40 0.151 2 0
75 15 0.393 2 0
79 70 0.357 2 0
23 30 0.070 2 0
13 52 0.039 2 0
164 15 0.672 2 0
11 15 0.037 2 0
29 30 0.107 2 0
66 52 0.214 2 1
81 100 0.471 2 0
57 40 0.204 2 1
19 10 0.067 2 1
30 10 0.104 2 1
56 100 0.186 2 0
28 40 0.188 2 1
12 52 0.038 2 1
60 100 0.330 2 0
135 10 0.877 2 1
77 10 0.306 2 0
22 30 0.111 2 0
37 5 0.204 2 0
12 22 0.035 2 1
36 5 0.148 2 1
66 22 0.440 2 0
34 15 0.181 2 0
284 10 0.976 2 0
16 10 0.049 2 0
11 10 0.049 2 1
187 100 1.191 2 0
60 40 0.230 2 1
247 15 1.534 2 0
60 40 0.185 2 0
135 22 0.776 2 0
27 52 0.080 2 1
174 52 0.747 2 1
11 22 0.041 2 0
88 70 0.340 2 0
35 100 0.106 2 0
166 70 0.498 2 1
30 30 0.101 2 1
156 30 0.484 2 0
72 5 0.419 2 1
174 22 0.647 2 0
314 15 2.107 2 1
158 10 0.485 2 0
224 40 0.933 2 0
120 30 0.476 2 0
81 40 0.276 2 0
45 52 0.136 2 1
35 100 0.202 2 0
34 30 0.197 2 1
38 30 0.148 2 0
28 30 0.111 2 0
10 15 0.050 2 1
72 30 0.218 2 0
17 22 0.080 2 0
62 22 0.211 2 0
10 22 0.040 2 0
100 40 0.435 2 0
106 52 0.579 2 0
227 10 1.351 2 1
165 70 0.927 2 1
11 52 0.064 2 1
334 15 1.749 2 0
22 30 0.117 2 0
36 10 0.132 2 0
154 15 0.489 2 0
65 70 0.374 2 0
73 10 0.333 2 0
14 15 0.089 2 0
29 70 0.131 2 0
99 10 0.411 2 1
42 70 0.154 2 0
51 10 0.165 2 0
38 30 0.142 2 0
268 100 1.258 2 1
18 100 0.087 2 0
12 30 0.051 2 0
214 70 0.756 2 0
21 40 0.104 2 1
15 5 0.057 2 0
29 15 0.095 2 1
67 5 0.345 2 1
13 70 0.067 2 1
15 5 0.049 2 0
17 70 0.084 2 0
188 5 0.639 2 0
60 40 0.326 2 1
108 10 0.581 2 0
33 10 0.171 2 0
25 40 0.083 2 0
57 70 0.331 2 1
17 40 0.077 2 1
12 10 0.039 2 0
69 22 0.216 2 1
36 30 0.141 2 1
38 22 0.112 2 1
13 70 0.055 2 0
142 15 0.542 2 0
307 10 1.462 2 0
84 70 0.333 2 0
79 100 0.317 2 1
39 22 0.137 2 0
17 100 0.070 2 1
158 15 0.678 2 1
59 30 0.173 2 1
230 52 1.156 2 0
235 22 0.765 2 0
35 70 0.183 2 0
124 100 0.663 2 1
263 5 1.206 2 0
34 10 0.136 2 0
72 30 0.369 2 0
75 22 0.234 2 0
244 70 1.356 2 0
13 52 0.075 2 0
118 30 0.524 2 1
61 52 0.216 2 0
44 15 0.183 2 0
156 22 0.696 2 0
174 40 0.930 2 0
97 5 0.376 2 0
37 40 0.188 2 0
143 30 0.584 2 0
26 30 0.106 2 0
143 30 0.581 2 0
66 22 0.197 2 0
197 10 0.791 2 1
51 22 0.174 2 0
108 5 0.409 2 1
111 10 0.437 2 0
190 10 1.218 2 0
14 40 0.057 2 0
80 40 0.290 2 0
31 100 0.109 2 0
165 70 0.657 2 0
38 22 0.133 2 0
27 40 0.115 2 0
20 22 0.075 2 1
25 5 0.090 2 1
182 30 0.854 2 0
37 52 0.169 2 0
18 30 0.063 2 0
138 10 0.932 2 0
110 40 0.505 2 1
16 70 0.089 2 1
211 52 0.617 2 1
30 40 0.098 2 1
10 100 0.036 2 1
14 22 0.092 2 0
15 100 0.055 2 0
209 30 1.222 2 1
70 100 0.292 2 0
44 100 0.173 2 0
53 40 0.210 2 1
75 5 0.359 2 1
45 70 0.253 2 0
14 70 0.081 2 0
192 30 0.706 2 0
181 30 1.175 2 1
102 22 0.347 2 0
75 30 0.285 2 0
85 22 0.512 2 1
10 10 0.050 2 1
37 10 0.137 2 0
50 22 0.162 2 1
22 10 0.106 2 1
21 70 0.084 2 0
177 15 0.612 2 0
287 5 0.957 2 0
88 100 0.263 2 0
47 10 0.221 2 0
200 70 0.602 2 0
14 52 0.058 2 0
53 100 0.184 2 0
117 70 0.421 2 1
177 5 0.584 2 0
12 100 0.042 2 0
10 5 0.060 2 1
29 22 0.107 2 0
37 70 0.191 2 0
97 70 0.305 2 0
17 30 0.052 2 0
31 40 0.122 2 0
245 22 0.842 2 0
12 5 0.037 2 0
15 52 0.055 2 1
159 52 0.654 2 0
107 70 0.315 2 0
13 15 0.074 2 1
30 5 0.092 2 0
79 52 0.336 2 1
53 10 0.290 2 1
130 15 0.520 2 1
36 30 0.163 2 0
11 22 0.050 2 0
97 10 0.425 2 0
167 5 0.803 2 1
32 70 0.195 2 0
332 40 1.107 2 0
90 10 0.552 2 0
130 30 0.432 2 0
18 100 0.057 2 1
33 30 0.100 2 0
164 15 1.045 2 0
32 22 0.176 2 0
31 15 0.134 2 1
10 30 0.047 2 1
50 52 0.179 2 1
191 10 0.740 2 1
37 70 0.223 2 0
36 52 0.127 2 1
30 52 0.153 2 0
19 100 0.057 2 0
31 100 0.172 2 0
104 30 0.454 2 0
18 40 0.060 2 1
39 10 0.235 2 0
18 100 0.115 2 0
12 52 0.049 2 1
24 15 0.107 2 0
131 10 0.762 2 1
168 30 1.070 2 1
73 15 0.224 2 0
25 40 0.111 2 0
55 70 0.166 2 1
74 70 0.237 2 0
49 40 0.164 2 0
18 10 0.077 2 0
33 22 0.098 2 0
76 70 0.500 2 0
41 30 0.215 2 1
79 40 0.356 2 0
14 22 0.076 2 0
17 40 0.064 2 0
23 52 0.124 2 1
37 22 0.164 2 1
13 22 0.040 2 0
90 30 0.289 2 0
251 70 1.136 2 0
19 70 0.076 2 0
86 30 0.296 2 1
64 10 0.196 2 0
51 30 0.197 2 0
81 100 0.293 2 0
33 10 0.111 2 0
21 22 0.103 2 0
25 15 0.150 2 0
37 15 0.224 2 1
17 10 0.076 2 1
17 52 0.077 2 0
12 15 0.057 2 0
58 70 0.301 2 0
59 15 0.246 2 1
19 52 0.078 2 0
129 5 0.672 2 1
155 40 0.455 2 0
62 22 0.239 2 0
21 70 0.066 2 1
120 22 0.397 2 0
27 70 0.171 2 0
41 15 0.131 2 0
14 10 0.041 2 0
55 22 0.191 2 1
15 5 0.096 2 1
13 15 0.041 2 0
67 70 0.245 2 0
305 100 0.974 2 0
22 100 0.139 2 1
34 100 0.218 2 0
175 40 0.585 2 0
12 100 0.067 2 0
125 5 0.375 2 1
52 22 0.267 2 0
24 100 0.089 2 1
87 40 0.304 2 0
22 40 0.146 2 0
15 52 0.077 2 0
44 100 0.208 2 0
74 22 0.326 2 0
166 10 0.695 2 0
68 15 0.395 2 0
10 100 0.050 2 1
15 15 0.072 2 1
158 15 0.664 2 0
24 70 0.111 2 1
16 40 0.051 2 1
16 22 0.069 2 1
49 5 0.239 2 1
20 15 0.071 2 0
93 100 0.287 2 0
32 15 0.100 2 0
58 10 0.240 2 0
125 40 0.466 2 0
32 52 0.103 2 0
198 5 0.753 2 0
70 15 0.237 2 0
14 40 0.046 2 1
15 70 0.061 2 0
33 22 0.131 2 0
26 30 0.087 2 0
27 5 0.085 2 1
244 100 0.755 2 0
61 52 0.216 2 1
57 5 0.170 2 1
73 52 0.324 2 0
14 70 0.050 2 0
101 15 0.411 2 0
84 70 0.418 2 0
38 30 0.116 2 0
38 40 0.129 2 0
15 100 0.066 2 0
56 5 0.192 2 1
26 5 0.099 2 1
180 100 0.720 2 0
38 30 0.202 2 0
44 10 0.229 2 0
12 15 0.043 2 1
253 5 1.028 2 0
123 10 0.464 2 0
19 10 0.081 2 0
164 5 0.722 2 1
141 70 0.870 2 1
72 100 0.220 2 0
21 100 0.068 2 0
14 15 0.071 2 0
28 5 0.112 2 0
117 15 0.445 2 1
76 15 0.378 2 1
184 10 0.634 2 1
13 100 0.052 2 0
166 52 0.860 2 1
27 5 0.083 2 1
73 30 0.213 2 0
30 22 0.117 2 0
304 30 1.617 2 0
15 100 0.050 2 0
78 5 0.324 2 0
110 70 0.363 2 1
18 40 0.056 2 0
22 52 0.069 2 0
18 100 0.062 2 0
14 52 0.070 2 0
10 70 0.037 2 0
28 100 0.138 2 0
67 10 0.310 2 1
163 40 0.649 2 1
71 100 0.338 2 0
75 5 0.283 2 0
51 15 0.302 2 1
53 15 0.255 2 0
14 100 0.055 2 0
299 30 0.926 2 1
183 30 0.649 2 0
65 5 0.316 2 0
216 22 0.871 2 0
105 40 0.322 2 0
55 70 0.316 2 0
44 22 0.132 2 1
107 70 0.498 2 0
156 22 0.655 2 1
138 70 0.537 2 1
67 100 0.273 2 0
99 52 0.471 2 0
105 22 0.389 2 1
73 100 0.243 2 0
48 10 0.148 2 0
39 10 0.116 2 1
31 100 0.172 2 0
15 30 0.055 2 1
31 22 0.121 2 0
26 10 0.098 2 1
119 70 0.360 2 0
108 100 0.399 2 0
56 5 0.189 2 0
166 30 0.500 2 0
111 52 0.332 2 0
154 22 0.510 2 1
55 22 0.258 2 1
30 52 0.174 2 1
53 22 0.187 2 0
19 10 0.072 2 1
14 40 0.071 2 0
20 15 0.095 2 0
178 70 0.957 2 1
14 15 0.053 2 0
55 5 0.168 2 1
76 100 0.352 2 0
266 30 1.486 2 0
157 30 0.813 2 0
72 100 0.419 2 0
114 100 0.535 2 0
29 10 0.120 2 1
19 5 0.093 2 1
115 15 0.385 2 0
26 100 0.087 2 1
67 15 0.257 2 0
23 70 0.144 2 1
27 70 0.121 2 1
35 70 0.212 2 0
117 40 0.398 2 0
13 15 0.071 2 0
17 5 0.053 2 0
28 5 0.124 2 0
121 5 0.733 2 0
31 52 0.134 2 1
17 30 0.110 2 0
27 40 0.095 2 1
12 70 0.036 2 1
65 22 0.222 2 1
86 40 0.566 2 0
60 30 0.226 2 0
110 52 0.365 2 0
22 5 0.075 2 0
71 22 0.313 2 1
149 5 0.819 2 0
41 10 0.190 2 0
12 10 0.046 2 0
51 22 0.208 2 0
103 52 0.433 2 1
107 5 0.324 2 0
66 52 0.415 2 0
16 70 0.067 2 0
331 10 1.518 2 0
37 5 0.202 2 0
275 5 0.836 2 0
52 5 0.252 2 0
13 70 0.070 2 0
18 22 0.063 2 0
10 100 0.031 2 0
214 5 0.669 2 0
96 5 0.405 2 1
29 10 0.095 2 0
65 100 0.248 2 0
10 52 0.034 2 1
29 70 0.136 2 0
30 40 0.140 2 1
16 100 0.048 2 1
11 100 0.056 2 1
22 30 0.078 2 0
72 40 0.295 2 0
67 15 0.237 2 1
15 22 0.070 2 0
69 100 0.377 2 0
282 5 0.849 2 0
22 70 0.064 2 0
21 100 0.127 2 0
44 70 0.272 2 0
51 52 0.244 2 0
47 5 0.183 2 0
42 52 0.139 2 0
67 30 0.394 2 0
263 52 1.134 2 1
64 52 0.416 2 0
12 100 0.054 2 0
14 40 0.053 2 0
299 70 1.942 2 0
31 15 0.174 2 1
161 70 0.735 2 0
73 22 0.252 2 0
18 70 0.055 2 0
27 22 0.163 2 0
24 10 0.107 2 0
22 70 0.081 2 0
18 15 0.093 2 1
153 10 0.495 2 0
157 5 0.660 2 1
12 10 0.039 2 0
51 22 0.172 2 1
111 70 0.459 2 0
19 100 0.113 2 0
39 5 0.124 2 0
219 10 1.281 2 1
39 100 0.119 2 0
28 15 0.122 2 0
13 15 0.038 2 0
14 10 0.053 2 0
26 30 0.133 2 0
194 40 0.995 2 0
28 10 0.126 2 0
229 52 1.070 2 0
55 70 0.331 2 0
137 10 0.404 2 0
15 52 0.088 2 0
37 40 0.116 2 0
175 5 0.591 2 0
17 22 0.082 2 0
120 5 0.418 2 1
55 70 0.322 2 1
23 5 0.128 2 0
118 5 0.382 2 0
166 10 0.954 2 0
74 100 0.497 2 0
17 40 0.085 2 0
23 30 0.077 2 0
21 5 0.103 2 0
41 22 0.122 2 0
18 5 0.090 2 0
56 70 0.279 2 0
131 40 0.587 2 0
256 15 0.874 2 1
59 100 0.330 2 0
87 40 0.281 2 0
46 100 0.189 2 0
12 70 0.042 2 1
17 100 0.062 2 0
29 70 0.090 2 0
67 100 0.332 2 0
30 10 0.087 2 1
12 70 0.076 2 1
187 22 0.903 2 1
43 100 0.134 2 1
22 70 0.110 2 1
46 10 0.249 2 1
64 100 0.211 2 1
40 30 0.142 2 0
26 5 0.102 2 0
24 10 0.073 2 0
106 100 0.486 2 1
45 52 0.154 2 0
20 40 0.107 2 0
59 5 0.216 2 0
172 30 0.843 2 0
10 10 0.036 2 0
52 10 0.180 2 1
73 5 0.256 2 1
37 15 0.110 2 0
14 70 0.041 2 1
167 5 0.717 2 0
190 5 0.736 2 0
75 22 0.362 2 0
79 15 0.233 2 0
10 15 0.040 2 1
10 100 0.038 2 0
15 40 0.074 2 0
15 15 0.059 2 1
60 100 0.364 2 0
300 52 1.045 2 0
25 5 0.081 2 0
100 22 0.292 2 0
36 15 0.133 2 0
30 15 0.099 2 0
26 5 0.109 2 1
34 22 0.184 2 0
174 30 1.108 2 0
34 70 0.131 2 0
11 15 0.039 2 1
16 40 0.054 2 0
38 100 0.257 2 0
73 10 0.346 2 0
42 10 0.143 2 0
164 15 0.605 2 1
48 40 0.238 2 0
14 100 0.056 2 1
38 10 0.174 2 1
28 10 0.174 2 1
21 100 0.098 2 0
15 10 0.058 2 1
316 22 1.795 2 0
15 15 0.053 2 0
239 10 1.004 2 0
15 15 0.083 2 0
13 15 0.056 2 1
144 40 0.632 2 0
186 5 0.834 2 1
81 100 0.316 2 0
323 40 1.531 2 1
62 40 0.261 2 1
13 100 0.040 2 1
122 52 0.595 2 0
289 70 1.588 2 1
183 30 0.847 2 0
187 5 0.645 2 0
23 40 0.115 2 1
262 100 1.569 2 0
29 10 0.090 2 0
36 15 0.113 2 0
14 100 0.092 2 0
107 40 0.633 2 1
28 52 0.104 2 1
72 5 0.439 2 0
124 40 0.521 2 1
66 100 0.257 2 1
63 40 0.326 2 0
77 5 0.330 2 0
35 30 0.129 2 0
62 30 0.225 2 0
66 15 0.263 2 0
45 30 0.162 2 0
17 22 0.076 2 0
70 30 0.278 2 0
39 40 0.126 2 0
96 30 0.459 2 0
26 10 0.122 2 1
23 52 0.085 2 1
150 15 0.534 2 1
10 22 0.037 2 1
136 10 0.449 2 0
42 15 0.129 2 0
79 100 0.332 2 0
313 5 1.050 2 0
15 40 0.056 2 1
13 10 0.042 2 0
77 70 0.238 2 1
11 52 0.042 2 0
16 10 0.077 2 1
39 22 0.133 2 0
36 70 0.117 2 1
60 10 0.188 2 0
55 30 0.184 2 0
227 52 0.901 2 0
325 15 1.186 2 1
72 22 0.229 2 0
216 22 1.024 2 1
25 70 0.083 2 1
25 5 0.138 2 0
16 100 0.075 2 0
145 40 0.432 2 1
238 5 0.785 2 1
169 100 0.635 2 1
29 5 0.091 2 0
76 15 0.227 2 0
242 22 0.725 2 1
18 100 0.086 2 0
23 15 0.147 2 0
38 5 0.165 2 1
13 30 0.053 2 0
76 30 0.279 2 0
12 15 0.039 2 1
79 70 0.467 2 1
31 10 0.095 2 0
53 30 0.312 2 0
13 100 0.049 2 1
41 5 0.121 2 1
72 52 0.398 2 0
49 70 0.228 2 0
32 30 0.106 2 1
11 10 0.041 2 0
48 30 0.171 2 0
18 15 0.074 2 0
51 30 0.173 2 0
67 22 0.347 2 0
11 22 0.053 2 0
187 10 0.854 2 0
214 70 0.778 2 1
22 40 0.133 2 0
26 52 0.116 2 1
52 30 0.233 2 0
143 5 0.694 2 0
174 40 0.534 2 0
157 70 0.516 2 1
261 22 1.097 2 1
31 40 0.111 2 1
44 40 0.146 2 0
18 22 0.053 2 1
136 30 0.687 2 0
55 15 0.306 2 1
64 15 0.272 2 0
66 40 0.238 2 0
31 5 0.122 2 0
13 22 0.043 2 0
14 10 0.065 2 0
17 5 0.065 2 0
67 15 0.376 2 0
61 100 0.196 2 0
19 40 0.079 2 0
57 5 0.195 2 0
19 40 0.070 2 0
15 52 0.054 2 0
18 30 0.058 2 0
19 10 0.126 2 0
196 40 0.607 2 0
37 40 0.163 2 0
188 10 0.691 2 0
19 15 0.090 2 0
161 70 0.485 2 0
47 15 0.170 2 0
50 30 0.191 2 0
78 22 0.250 2 0
13 52 0.038 2 0
14 100 0.049 2 0
17 52 0.079 2 0
29 10 0.118 2 0
115 100 0.622 2 0
63 15 0.191 2 0
307 52 1.642 2 1
11 100 0.046 2 0
113 40 0.423 2 1
110 40 0.343 2 0
38 5 0.119 2 0
197 15 0.732 2 0
17 5 0.094 2 0
18 40 0.073 2 0
96 5 0.442 2 0
12 10 0.064 2 0
125 15 0.676 2 1
265 52 1.472 2 0
33 15 0.104 2 0
45 100 0.200 2 0
69 15 0.359 2 0
40 30 0.186 2 0
20 22 0.133 2 0
19 70 0.103 2 1
171 40 0.792 2 0
182 5 1.000 2 1
14 5 0.044 2 0
76 22 0.241 2 0
115 5 0.432 2 0
87 40 0.347 2 0
