32 22 0.143 0 1
13 100 0.081 0 2
50 52 0.272 0 1
17 30 0.058 0 2
10 52 0.031 0 2
55 10 0.344 0 2
50 15 0.174 0 2
194 15 0.630 0 2
11 70 0.059 0 2
16 22 0.061 0 1
13 10 0.065 0 1
16 100 0.088 0 1
39 40 0.138 0 1
124 22 0.479 0 1
318 100 1.719 0 1
199 15 0.884 0 1
12 15 0.036 0 2
70 52 0.210 0 1
205 15 0.823 0 1
232 22 0.716 0 2
10 100 0.038 0 2
70 100 0.348 0 1
81 30 0.276 0 1
51 30 0.150 0 2
29 15 0.160 0 1
49 30 0.219 0 1
222 30 0.902 0 2
13 5 0.085 0 1
31 70 0.121 0 2
15 10 0.072 0 1
37 70 0.159 0 1
17 10 0.111 0 1
34 100 0.130 0 1
19 15 0.063 0 1
15 30 0.056 0 1
37 15 0.121 0 1
16 70 0.089 0 1
27 30 0.079 0 1
104 70 0.327 0 1
185 100 0.613 0 1
61 70 0.355 0 2
63 22 0.250 0 1
31 10 0.190 0 1
14 22 0.049 0 1
109 22 0.694 0 2
50 40 0.149 0 1
33 100 0.138 0 2
196 10 0.690 0 1
74 10 0.296 0 2
55 40 0.249 0 1
26 52 0.174 0 1
271 52 0.826 0 1
36 30 0.179 0 1
17 52 0.050 0 1
107 40 0.645 0 1
59 10 0.199 0 1
25 5 0.158 0 1
14 15 0.056 0 1
110 10 0.417 0 2
82 40 0.432 0 1
38 22 0.257 0 1
69 10 0.210 0 2
69 10 0.203 0 2
28 10 0.130 0 2
22 100 0.130 0 2
21 100 0.068 0 1
13 15 0.076 0 1
18 70 0.053 0 2
26 15 0.092 0 2
13 5 0.054 0 2
14 5 0.062 0 2
73 70 0.264 0 2
119 52 0.665 0 2
16 30 0.094 0 1
103 22 0.468 0 2
158 22 0.467 0 2
141 100 0.441 0 1
64 70 0.328 0 1
36 52 0.113 0 2
12 70 0.059 0 1
60 52 0.258 0 1
56 30 0.172 0 2
13 100 0.064 0 1
183 40 0.979 0 1
256 70 0.746 0 2
166 40 0.790 0 2
16 40 0.058 0 1
14 15 0.065 0 2
12 30 0.037 0 2
18 15 0.060 0 2
124 100 0.373 0 1
17 22 0.069 0 2
11 30 0.048 0 1
67 70 0.204 0 2
29 40 0.172 0 1
117 52 0.532 0 1
13 30 0.052 0 2
190 70 0.557 0 2
10 5 0.034 0 2
116 100 0.620 0 2
50 30 0.168 0 1
75 100 0.449 0 1
18 52 0.077 0 1
44 10 0.130 0 1
29 5 0.145 0 2
120 40 0.784 0 1
191 52 0.872 0 2
23 100 0.132 0 1
170 40 0.700 0 1
53 5 0.183 0 1
49 100 0.161 0 2
48 40 0.306 0 2
13 10 0.047 0 1
158 52 0.893 0 2
25 10 0.108 0 1
205 30 1.062 0 2
31 22 0.092 0 2
30 70 0.104 0 2
54 52 0.197 0 1
33 30 0.118 0 1
242 100 1.399 0 1
16 22 0.081 0 2
111 10 0.638 0 2
27 52 0.082 0 2
12 10 0.048 0 1
23 22 0.097 0 1
137 15 0.403 0 2
26 52 0.078 0 1
19 30 0.059 0 2
54 15 0.281 0 1
37 22 0.172 0 1
56 100 0.200 0 2
77 10 0.293 0 1
77 52 0.292 0 2
120 52 0.789 0 2
73 15 0.285 0 1
317 22 1.233 0 1
313 40 1.630 0 1
197 40 0.929 0 1
38 70 0.186 0 2
65 30 0.291 0 1
296 100 1.281 0 2
35 70 0.110 0 2
17 30 0.104 0 2
38 10 0.124 0 1
34 10 0.155 0 1
49 30 0.198 0 1
47 22 0.184 0 1
49 70 0.144 0 1
187 52 0.680 0 2
109 5 0.411 0 1
15 40 0.072 0 1
76 70 0.271 0 1
276 70 1.195 0 2
48 52 0.195 0 2
36 40 0.162 0 1
213 30 0.672 0 1
76 22 0.235 0 2
23 100 0.088 0 2
228 52 0.811 0 1
188 22 0.580 0 1
61 5 0.199 0 1
15 30 0.066 0 2
18 5 0.059 0 1
17 40 0.058 0 2
22 30 0.068 0 1
64 52 0.207 0 2
33 15 0.106 0 2
198 100 0.623 0 1
47 40 0.315 0 1
68 70 0.230 0 1
203 40 1.128 0 1
61 40 0.209 0 1
68 22 0.227 0 1
72 40 0.442 0 1
114 70 0.368 0 2
65 70 0.253 0 2
10 10 0.032 0 1
190 22 0.922 0 2
16 10 0.084 0 1
174 10 0.787 0 1
118 52 0.539 0 1
16 100 0.053 0 2
22 40 0.068 0 1
129 70 0.648 0 1
10 5 0.051 0 1
198 22 1.261 0 1
59 100 0.173 0 2
14 15 0.073 0 1
68 30 0.225 0 2
286 70 0.888 0 2
35 52 0.129 0 1
57 52 0.318 0 2
193 40 0.941 0 2
18 40 0.103 0 2
30 10 0.151 0 2
31 30 0.115 0 2
31 15 0.119 0 2
80 10 0.240 0 1
14 10 0.044 0 1
69 22 0.301 0 2
32 100 0.115 0 2
35 70 0.199 0 2
44 40 0.131 0 1
17 22 0.078 0 1
70 5 0.449 0 1
203 15 1.277 0 2
279 100 1.292 0 2
11 40 0.032 0 2
84 10 0.486 0 1
76 22 0.484 0 2
151 30 0.500 0 1
18 100 0.102 0 1
27 100 0.096 0 2
53 15 0.160 0 1
60 40 0.353 0 2
58 30 0.224 0 2
130 15 0.461 0 2
69 70 0.246 0 2
32 22 0.177 0 1
62 100 0.257 0 1
45 15 0.188 0 1
283 30 1.874 0 1
12 100 0.051 0 1
73 15 0.275 0 2
27 22 0.171 0 1
20 40 0.106 0 1
64 30 0.209 0 2
68 52 0.439 0 1
36 100 0.206 0 2
35 70 0.181 0 2
39 52 0.125 0 2
57 15 0.207 0 1
75 30 0.434 0 1
63 5 0.273 0 1
34 10 0.230 0 1
297 70 1.344 0 2
67 10 0.321 0 1
322 70 1.789 0 1
64 22 0.294 0 1
327 70 1.041 0 1
34 10 0.109 0 1
123 10 0.407 0 1
11 10 0.034 0 1
37 10 0.116 0 1
15 15 0.046 0 1
198 30 0.868 0 1
137 15 0.452 0 1
67 100 0.345 0 1
14 30 0.060 0 2
22 15 0.100 0 2
36 52 0.110 0 2
17 100 0.053 0 2
57 52 0.190 0 1
185 15 0.949 0 2
15 5 0.070 0 2
50 100 0.281 0 1
39 10 0.170 0 1
19 70 0.069 0 1
39 30 0.120 0 1
12 10 0.036 0 2
32 22 0.122 0 1
74 100 0.264 0 1
33 22 0.140 0 1
68 40 0.352 0 2
324 30 1.084 0 2
32 40 0.108 0 1
19 22 0.103 0 1
276 52 1.445 0 1
28 70 0.151 0 1
17 15 0.086 0 2
178 5 0.584 0 1
74 40 0.221 0 2
10 52 0.032 0 1
36 52 0.146 0 2
220 52 0.991 0 2
35 52 0.143 0 1
19 15 0.078 0 2
18 52 0.073 0 2
100 40 0.625 0 2
221 70 0.895 0 2
18 10 0.055 0 1
24 5 0.085 0 1
24 5 0.073 0 2
17 5 0.078 0 2
99 70 0.562 0 2
19 15 0.059 0 2
12 15 0.035 0 2
18 30 0.069 0 2
58 100 0.232 0 1
37 10 0.202 0 2
10 30 0.061 0 1
45 10 0.131 0 2
17 10 0.061 0 2
48 40 0.268 0 1
108 100 0.364 0 1
21 30 0.069 0 2
72 52 0.296 0 1
44 70 0.211 0 2
15 30 0.053 0 1
118 70 0.359 0 1
13 10 0.046 0 2
117 15 0.457 0 2
17 30 0.104 0 1
46 100 0.174 0 1
263 100 0.913 0 2
89 100 0.272 0 2
339 30 1.803 0 2
27 52 0.147 0 2
46 5 0.155 0 1
47 40 0.178 0 2
63 5 0.283 0 2
45 52 0.141 0 1
13 22 0.088 0 2
65 100 0.285 0 2
40 10 0.126 0 2
19 70 0.062 0 2
10 100 0.034 0 1
167 22 0.954 0 2
23 22 0.075 0 2
64 40 0.421 0 1
53 100 0.222 0 2
114 15 0.356 0 1
165 10 0.635 0 1
12 100 0.037 0 1
221 22 0.804 0 1
58 22 0.271 0 2
11 40 0.035 0 2
10 10 0.030 0 1
251 30 0.782 0 1
16 52 0.105 0 2
94 10 0.540 0 2
112 15 0.475 0 1
78 15 0.234 0 2
157 100 0.611 0 1
73 5 0.308 0 1
68 22 0.267 0 2
57 40 0.232 0 1
29 10 0.175 0 1
38 22 0.186 0 1
198 15 0.843 0 1
13 70 0.087 0 2
31 70 0.139 0 2
13 5 0.048 0 1
112 5 0.333 0 2
41 100 0.243 0 2
161 52 0.674 0 2
55 52 0.208 0 2
34 40 0.114 0 1
13 30 0.042 0 1
17 52 0.069 0 2
41 52 0.195 0 2
336 22 1.442 0 2
187 15 0.630 0 1
19 22 0.065 0 2
30 70 0.124 0 1
113 70 0.335 0 1
13 40 0.055 0 1
35 100 0.201 0 2
44 15 0.238 0 1
175 15 0.754 0 2
12 15 0.042 0 2
19 52 0.064 0 2
62 30 0.337 0 1
146 10 0.555 0 2
190 100 0.880 0 2
99 22 0.347 0 2
79 30 0.266 0 1
28 52 0.088 0 2
56 70 0.235 0 1
29 40 0.099 0 1
220 10 0.751 0 1
20 52 0.078 0 2
50 5 0.231 0 2
61 100 0.269 0 2
44 100 0.277 0 2
46 30 0.136 0 1
42 15 0.176 0 1
126 70 0.773 0 1
45 70 0.148 0 1
66 30 0.199 0 2
33 30 0.123 0 2
167 30 0.515 0 2
55 52 0.288 0 2
177 15 0.600 0 2
282 52 1.741 0 2
107 52 0.350 0 1
74 40 0.290 0 2
10 22 0.050 0 2
16 30 0.086 0 2
11 15 0.047 0 2
173 15 0.772 0 1
16 30 0.057 0 2
212 15 1.293 0 1
150 30 0.489 0 1
24 52 0.130 0 1
144 70 0.466 0 1
28 22 0.182 0 1
56 15 0.173 0 2
78 30 0.324 0 2
126 5 0.541 0 1
23 100 0.098 0 1
49 10 0.240 0 2
190 30 0.706 0 2
140 10 0.500 0 2
201 100 0.767 0 2
19 30 0.072 0 2
19 40 0.077 0 1
78 40 0.527 0 1
43 70 0.243 0 2
185 15 0.995 0 1
64 15 0.240 0 2
78 100 0.328 0 2
19 15 0.060 0 1
309 52 0.966 0 1
76 10 0.355 0 2
15 10 0.047 0 1
116 5 0.428 0 2
60 22 0.189 0 1
108 100 0.701 0 1
18 40 0.063 0 1
36 30 0.234 0 1
17 40 0.052 0 1
141 52 0.462 0 2
150 5 0.568 0 2
125 30 0.651 0 2
22 40 0.124 0 1
65 70 0.279 0 1
27 15 0.148 0 2
31 10 0.136 0 2
29 52 0.133 0 2
11 22 0.032 0 2
290 40 1.933 0 1
109 10 0.418 0 2
15 5 0.046 0 1
50 15 0.149 0 1
31 100 0.159 0 2
192 70 0.703 0 2
331 70 1.357 0 1
24 40 0.093 0 1
19 70 0.091 0 1
24 30 0.071 0 1
303 40 0.896 0 2
181 15 0.658 0 1
81 52 0.509 0 1
31 52 0.181 0 2
10 15 0.046 0 2
23 70 0.069 0 2
32 15 0.106 0 1
64 30 0.204 0 1
117 70 0.539 0 1
45 52 0.262 0 2
171 30 0.710 0 2
47 70 0.230 0 2
12 5 0.050 0 1
172 40 0.571 0 2
175 70 0.764 0 1
91 52 0.520 0 2
194 100 1.096 0 2
125 15 0.386 0 1
48 5 0.287 0 1
97 40 0.409 0 1
77 10 0.243 0 1
76 15 0.287 0 1
166 70 0.570 0 1
151 10 1.020 0 1
45 52 0.164 0 2
164 5 0.531 0 1
32 100 0.112 0 1
74 22 0.284 0 2
76 10 0.296 0 1
111 40 0.677 0 2
35 52 0.104 0 2
29 52 0.110 0 1
23 30 0.073 0 2
10 30 0.033 0 2
226 70 0.837 0 2
10 10 0.056 0 1
13 5 0.075 0 2
22 10 0.073 0 1
56 100 0.298 0 2
109 10 0.362 0 2
12 70 0.060 0 2
69 70 0.327 0 1
19 15 0.057 0 1
224 70 0.734 0 1
16 100 0.074 0 2
161 10 0.925 0 2
248 15 0.770 0 2
338 70 1.357 0 2
16 5 0.086 0 2
67 5 0.447 0 1
13 52 0.069 0 1
257 52 1.548 0 1
13 5 0.038 0 2
24 15 0.094 0 1
182 40 0.677 0 2
236 40 1.242 0 1
14 10 0.046 0 1
170 40 0.618 0 2
25 15 0.077 0 2
35 15 0.128 0 2
49 30 0.185 0 2
55 100 0.176 0 2
183 52 0.577 0 2
37 52 0.137 0 1
59 30 0.288 0 2
216 100 0.837 0 1
53 10 0.243 0 2
54 15 0.182 0 1
29 10 0.092 0 2
17 100 0.052 0 1
16 100 0.047 0 2
64 10 0.229 0 2
76 52 0.239 0 2
52 30 0.155 0 2
31 40 0.114 0 2
18 70 0.091 0 1
47 10 0.227 0 1
161 40 0.880 0 1
56 10 0.333 0 2
18 70 0.064 0 2
145 10 0.469 0 2
27 70 0.087 0 1
257 15 0.843 0 1
13 70 0.052 0 2
112 100 0.500 0 2
32 15 0.107 0 2
22 70 0.127 0 1
99 15 0.291 0 2
10 52 0.029 0 1
91 22 0.279 0 1
89 30 0.377 0 1
146 70 0.527 0 2
69 22 0.250 0 2
51 10 0.244 0 2
281 40 0.829 0 2
197 5 0.770 0 1
20 15 0.064 0 2
175 100 0.941 0 1
280 10 0.972 0 2
15 100 0.062 0 2
42 52 0.131 0 1
108 10 0.332 0 1
75 5 0.251 0 2
19 5 0.061 0 2
32 30 0.125 0 2
14 15 0.057 0 1
17 40 0.059 0 2
15 22 0.072 0 2
33 52 0.102 0 1
24 40 0.111 0 1
33 100 0.115 0 1
79 52 0.254 0 1
65 70 0.248 0 1
30 22 0.133 0 2
39 5 0.180 0 1
23 15 0.087 0 1
12 22 0.065 0 1
17 10 0.073 0 1
33 22 0.213 0 2
32 5 0.094 0 1
26 22 0.092 0 2
83 5 0.485 0 1
10 40 0.037 0 1
12 10 0.056 0 2
275 40 0.865 0 1
35 5 0.118 0 2
81 22 0.357 0 1
36 5 0.105 0 1
119 5 0.536 0 1
56 10 0.199 0 2
185 15 0.665 0 2
26 70 0.083 0 1
39 10 0.124 0 2
186 52 0.600 0 1
15 5 0.099 0 1
34 52 0.186 0 2
18 40 0.087 0 1
261 22 0.963 0 1
30 5 0.109 0 2
46 70 0.193 0 1
26 70 0.163 0 1
199 30 0.598 0 2
136 70 0.415 0 2
36 30 0.217 0 1
17 52 0.059 0 2
37 22 0.132 0 1
150 22 0.633 0 1
55 30 0.259 0 2
226 40 0.816 0 1
12 10 0.044 0 1
59 40 0.183 0 2
21 52 0.100 0 1
38 22 0.158 0 1
38 52 0.125 0 2
14 100 0.092 0 2
58 5 0.173 0 2
65 30 0.387 0 1
64 70 0.308 0 2
19 10 0.079 0 2
10 5 0.034 0 2
38 15 0.142 0 2
101 30 0.325 0 1
69 22 0.448 0 2
10 10 0.046 0 2
15 15 0.055 0 1
23 15 0.122 0 1
16 30 0.049 0 2
37 30 0.183 0 1
38 70 0.123 0 1
167 52 0.607 0 1
200 100 0.604 0 2
76 70 0.332 0 2
135 100 0.558 0 2
62 40 0.185 0 2
255 10 1.509 0 2
156 15 0.653 0 1
26 100 0.166 0 2
18 30 0.088 0 1
14 10 0.053 0 1
48 70 0.219 0 2
175 100 0.781 0 2
73 10 0.261 0 2
63 22 0.210 0 1
13 100 0.052 0 2
74 70 0.229 0 1
81 100 0.391 0 1
271 52 0.858 0 1
32 22 0.137 0 1
23 70 0.083 0 2
17 70 0.062 0 2
14 5 0.042 0 2
17 10 0.075 0 2
30 5 0.102 0 1
33 52 0.114 0 2
16 70 0.049 0 1
15 30 0.053 0 1
10 10 0.067 0 1
137 100 0.652 0 2
13 10 0.050 0 2
63 100 0.371 0 2
251 22 0.765 0 1
57 10 0.322 0 1
19 40 0.074 0 1
36 22 0.115 0 1
17 52 0.058 0 2
76 70 0.427 0 1
20 10 0.066 0 1
31 10 0.196 0 1
194 5 1.026 0 1
272 15 1.409 0 2
54 100 0.286 0 2
258 22 1.062 0 1
13 52 0.054 0 1
17 30 0.099 0 2
193 30 0.902 0 2
34 70 0.109 0 1
38 70 0.239 0 2
42 22 0.278 0 1
83 10 0.327 0 1
12 70 0.042 0 1
16 70 0.050 0 2
63 52 0.296 0 1
58 52 0.276 0 1
23 5 0.097 0 2
118 5 0.414 0 2
235 52 0.833 0 1
145 100 0.759 0 1
63 100 0.304 0 2
28 100 0.085 0 1
53 40 0.252 0 1
10 52 0.033 0 1
52 10 0.198 0 2
19 70 0.077 0 1
133 70 0.460 0 1
179 10 0.755 0 1
49 70 0.189 0 1
39 100 0.176 0 1
90 22 0.323 0 2
23 5 0.096 0 2
34 30 0.105 0 2
11 40 0.041 0 1
62 15 0.419 0 1
172 22 0.699 0 2
29 5 0.167 0 2
69 70 0.369 0 1
46 52 0.204 0 2
46 5 0.178 0 1
18 30 0.095 0 2
15 22 0.079 0 2
221 40 1.323 0 2
109 15 0.653 0 2
291 15 1.317 0 2
34 52 0.184 0 1
70 30 0.298 0 1
193 5 0.960 0 1
48 100 0.150 0 1
279 100 1.229 0 2
124 10 0.477 0 1
154 5 0.507 0 2
16 10 0.093 0 2
58 70 0.305 0 1
33 52 0.217 0 2
219 100 0.805 0 2
287 52 1.888 0 1
59 40 0.281 0 2
257 15 1.725 0 1
86 5 0.372 0 2
127 52 0.726 0 1
30 30 0.182 0 1
199 5 0.610 0 1
36 52 0.142 0 1
16 40 0.091 0 1
80 40 0.256 0 1
85 15 0.331 0 2
31 70 0.095 0 2
50 22 0.190 0 1
19 100 0.056 0 1
34 40 0.104 0 2
260 70 0.776 0 1
76 40 0.226 0 1
46 15 0.192 0 2
24 52 0.114 0 2
59 10 0.386 0 1
10 40 0.045 0 2
30 70 0.155 0 1
143 100 0.444 0 1
88 15 0.518 0 1
13 30 0.070 0 1
302 5 1.518 0 1
15 30 0.058 0 2
65 52 0.190 0 2
173 40 0.779 0 1
142 40 0.516 0 1
52 22 0.304 0 1
118 70 0.452 0 2
193 70 0.763 0 1
14 5 0.082 0 2
16 100 0.051 0 1
30 40 0.167 0 2
25 70 0.092 0 1
185 70 1.201 0 2
53 70 0.163 0 1
15 15 0.099 0 1
26 52 0.109 0 1
27 10 0.086 0 1
31 52 0.091 0 2
62 52 0.341 0 1
23 22 0.084 0 2
67 100 0.256 0 2
13 5 0.049 0 2
199 5 1.000 0 2
185 70 1.039 0 2
16 70 0.053 0 2
15 15 0.061 0 1
66 5 0.250 0 1
123 52 0.547 0 2
30 52 0.146 0 1
153 70 0.487 0 2
13 40 0.040 0 2
184 100 0.948 0 2
58 40 0.259 0 2
83 52 0.268 0 2
58 30 0.275 0 2
11 100 0.037 0 2
46 10 0.280 0 1
238 5 1.301 0 2
22 15 0.148 0 2
16 22 0.048 0 1
86 52 0.408 0 1
15 100 0.044 0 1
55 52 0.325 0 2
194 15 0.843 0 1
157 30 0.586 0 2
115 52 0.341 0 2
29 15 0.122 0 1
209 10 1.010 0 2
85 10 0.309 0 1
13 100 0.041 0 2
247 100 0.950 0 2
10 70 0.040 0 2
159 70 0.795 0 1
146 30 0.874 0 1
265 40 0.786 0 1
17 100 0.071 0 2
186 15 0.921 0 1
19 10 0.124 0 1
112 40 0.455 0 2
36 22 0.189 0 1
36 40 0.106 0 2
20 40 0.061 0 1
46 70 0.150 0 2
133 5 0.438 0 1
24 70 0.074 0 1
197 5 0.773 0 2
67 40 0.259 0 2
144 30 0.664 0 1
46 10 0.210 0 2
55 30 0.318 0 1
248 52 1.348 0 1
189 70 0.692 0 1
35 70 0.211 0 1
14 52 0.042 0 2
144 10 0.505 0 1
28 40 0.083 0 1
174 52 0.725 0 1
14 22 0.072 0 2
23 15 0.082 0 1
24 22 0.096 0 2
28 15 0.109 0 1
37 15 0.145 0 1
322 70 0.942 0 2
136 30 0.538 0 2
12 70 0.075 0 1
78 40 0.239 0 2
63 10 0.304 0 1
60 70 0.213 0 1
17 52 0.057 0 1
211 22 0.634 0 1
85 10 0.343 0 1
195 10 1.060 0 1
122 40 0.460 0 2
203 15 0.990 0 2
22 22 0.115 0 1
48 52 0.318 0 1
77 70 0.262 0 2
14 40 0.045 0 1
65 10 0.323 0 1
197 10 0.811 0 2
44 5 0.131 0 1
80 22 0.491 0 1
51 22 0.338 0 1
43 70 0.223 0 1
10 15 0.057 0 1
313 70 1.778 0 2
44 5 0.163 0 1
16 22 0.061 0 1
169 22 0.500 0 2
302 22 1.425 0 2
23 30 0.075 0 1
331 52 1.018 0 1
39 70 0.165 0 2
44 15 0.146 0 1
12 15 0.068 0 1
154 30 0.672 0 1
303 100 1.003 0 2
10 30 0.058 0 2
37 40 0.161 0 1
156 100 0.531 0 2
23 5 0.108 0 1
154 30 0.583 0 2
39 40 0.162 0 2
19 30 0.067 0 2
123 30 0.831 0 1
76 10 0.242 0 1
10 10 0.067 0 1
19 100 0.086 0 1
34 52 0.167 0 1
18 70 0.059 0 2
15 100 0.061 0 1
84 15 0.283 0 2
12 52 0.053 0 2
198 15 0.683 0 2
28 5 0.129 0 1
12 5 0.042 0 2
71 5 0.250 0 2
186 5 1.045 0 1
88 15 0.342 0 2
21 22 0.071 0 2
103 15 0.358 0 2
24 30 0.074 0 2
12 40 0.041 0 2
152 15 0.826 0 1
77 40 0.448 0 2
61 70 0.299 0 2
167 40 0.497 0 1
74 15 0.368 0 2
17 70 0.080 0 2
68 52 0.292 0 1
311 15 0.966 0 2
17 52 0.067 0 1
52 30 0.190 0 2
118 52 0.522 0 2
131 52 0.701 0 2
12 70 0.044 0 1
94 15 0.301 0 2
42 40 0.256 0 2
13 70 0.051 0 2
14 15 0.075 0 2
48 100 0.186 0 1
310 5 1.542 0 1
62 70 0.193 0 1
58 10 0.392 0 1
11 30 0.041 0 1
11 70 0.057 0 2
15 5 0.056 0 2
177 5 0.668 0 2
69 52 0.312 0 2
33 5 0.111 0 2
29 52 0.106 0 2
90 30 0.391 0 1
62 10 0.201 0 1
10 40 0.040 0 2
50 15 0.185 0 2
39 10 0.214 0 1
53 22 0.158 0 2
50 40 0.281 0 1
39 30 0.168 0 2
84 22 0.263 0 1
187 30 1.147 0 1
109 5 0.522 0 2
16 30 0.067 0 1
15 52 0.062 0 2
18 100 0.086 0 1
134 100 0.415 0 2
77 22 0.317 0 1
16 52 0.047 0 1
169 40 0.558 0 2
265 5 1.616 0 2
41 52 0.209 0 1
100 40 0.556 0 1
234 22 1.194 0 2
20 30 0.114 0 1
17 5 0.064 0 1
152 52 0.533 0 1
49 10 0.308 0 2
274 15 1.118 0 2
45 70 0.292 0 1
71 52 0.353 0 2
60 52 0.197 0 2
14 22 0.049 0 2
98 52 0.573 0 2
18 22 0.085 0 2
155 22 0.508 0 1
26 40 0.080 0 2
33 70 0.144 0 1
126 70 0.403 0 1
123 70 0.473 0 2
77 10 0.244 0 1
12 100 0.042 0 2
26 40 0.081 0 1
29 22 0.098 0 2
110 70 0.368 0 1
29 40 0.134 0 2
186 15 0.571 0 1
15 30 0.052 0 1
58 30 0.279 0 1
55 52 0.340 0 2
52 22 0.235 0 2
57 100 0.212 0 2
13 52 0.040 0 2
114 40 0.452 0 2
55 30 0.184 0 2
60 5 0.196 0 2
133 52 0.526 0 1
262 22 1.323 0 2
19 10 0.071 0 1
29 15 0.186 0 1
275 10 0.945 0 2
76 100 0.296 0 2
61 52 0.192 0 1
28 100 0.128 0 2
279 5 0.993 0 2
197 40 0.891 0 2
174 5 0.637 0 1
28 40 0.115 0 1
11 100 0.036 0 2
87 52 0.254 0 2
53 5 0.280 0 2
293 15 1.332 0 1
98 52 0.301 0 2
114 100 0.502 0 2
12 40 0.039 0 2
172 100 0.977 0 2
21 52 0.101 0 1
19 100 0.060 0 1
117 40 0.760 0 2
76 15 0.281 0 2
75 70 0.355 0 2
53 100 0.233 0 1
77 22 0.389 0 1
54 70 0.159 0 1
53 22 0.233 0 1
12 15 0.044 0 1
178 15 0.654 0 1
187 10 0.577 0 2
35 40 0.154 1 0
19 100 0.085 1 0
10 15 0.044 1 0
62 70 0.188 1 2
101 40 0.508 1 0
24 15 0.089 1 2
148 5 0.791 1 2
13 52 0.057 1 0
25 100 0.098 1 2
117 15 0.375 1 0
10 70 0.034 1 2
326 40 1.430 1 0
25 22 0.073 1 2
11 30 0.071 1 0
174 15 1.074 1 0
180 5 0.547 1 0
46 70 0.190 1 0
62 100 0.310 1 0
21 15 0.076 1 0
33 30 0.104 1 2
120 52 0.727 1 0
15 22 0.096 1 0
284 15 0.910 1 2
68 52 0.282 1 0
42 5 0.127 1 2
153 5 0.469 1 2
268 30 1.175 1 0
40 100 0.120 1 0
18 70 0.068 1 0
150 15 0.915 1 2
25 52 0.078 1 2
17 100 0.065 1 0
27 100 0.092 1 2
12 40 0.035 1 0
21 40 0.073 1 2
62 10 0.227 1 0
46 22 0.295 1 2
230 70 1.394 1 0
11 70 0.047 1 0
28 22 0.113 1 2
302 15 0.899 1 2
20 22 0.065 1 2
16 70 0.063 1 0
277 52 0.933 1 0
114 100 0.358 1 0
40 100 0.128 1 0
30 30 0.102 1 0
229 22 1.339 1 0
41 10 0.165 1 0
19 100 0.074 1 2
10 100 0.034 1 0
182 70 1.123 1 0
27 40 0.150 1 2
77 30 0.329 1 0
10 5 0.037 1 2
111 10 0.685 1 2
39 22 0.199 1 0
89 30 0.263 1 0
67 22 0.295 1 2
18 70 0.068 1 0
161 70 0.700 1 2
65 100 0.205 1 0
55 22 0.232 1 0
313 70 1.118 1 0
29 15 0.114 1 2
279 15 1.292 1 0
19 70 0.060 1 2
172 22 0.873 1 0
131 70 0.487 1 0
18 5 0.058 1 2
10 30 0.031 1 0
40 40 0.185 1 0
188 10 0.674 1 2
76 100 0.296 1 0
153 5 0.743 1 0
71 70 0.306 1 2
17 40 0.078 1 2
196 10 0.693 1 2
161 52 1.013 1 0
10 10 0.044 1 2
18 5 0.084 1 0
149 70 0.690 1 0
34 40 0.129 1 0
77 10 0.237 1 2
12 40 0.041 1 0
262 100 0.929 1 2
146 70 0.798 1 0
30 40 0.168 1 0
108 30 0.460 1 0
237 10 1.601 1 0
18 15 0.101 1 2
103 70 0.454 1 2
24 40 0.085 1 2
322 40 1.088 1 0
31 5 0.101 1 2
78 22 0.506 1 0
10 100 0.033 1 2
21 22 0.126 1 0
11 40 0.037 1 2
300 30 0.904 1 0
17 70 0.053 1 2
170 10 0.644 1 0
52 15 0.160 1 2
19 40 0.077 1 0
68 40 0.258 1 0
18 30 0.059 1 2
78 100 0.382 1 0
11 15 0.047 1 2
32 70 0.162 1 2
70 40 0.422 1 0
45 5 0.188 1 2
176 22 0.559 1 2
12 22 0.036 1 2
55 30 0.214 1 2
33 15 0.104 1 0
16 10 0.049 1 2
58 70 0.211 1 0
78 70 0.359 1 0
17 30 0.053 1 0
267 10 1.701 1 2
197 30 0.691 1 0
178 22 0.918 1 0
13 52 0.077 1 0
38 15 0.139 1 2
256 22 0.981 1 2
14 100 0.058 1 0
73 5 0.477 1 0
95 22 0.367 1 0
55 5 0.163 1 0
11 22 0.037 1 0
79 10 0.236 1 0
297 30 1.485 1 2
12 10 0.060 1 0
15 30 0.086 1 2
63 10 0.268 1 0
33 10 0.113 1 2
23 70 0.142 1 2
141 52 0.712 1 0
195 22 0.654 1 0
29 10 0.094 1 0
132 100 0.466 1 2
76 30 0.268 1 0
26 52 0.115 1 2
13 22 0.070 1 0
47 52 0.208 1 0
120 15 0.723 1 0
46 30 0.212 1 0
122 100 0.387 1 2
16 40 0.076 1 2
12 10 0.047 1 0
80 70 0.444 1 0
34 15 0.102 1 2
142 52 0.478 1 0
20 30 0.059 1 2
63 100 0.212 1 0
321 52 1.070 1 0
142 5 0.447 1 0
13 70 0.044 1 0
12 5 0.037 1 0
15 22 0.082 1 0
160 100 0.894 1 0
55 70 0.301 1 2
19 40 0.079 1 2
143 10 0.483 1 0
161 15 0.542 1 2
101 22 0.419 1 2
14 100 0.060 1 0
56 40 0.168 1 2
203 100 0.730 1 0
24 40 0.076 1 0
31 10 0.120 1 0
12 100 0.041 1 0
46 100 0.145 1 0
301 15 1.123 1 0
38 30 0.134 1 2
75 52 0.315 1 0
20 30 0.087 1 0
15 15 0.055 1 2
68 52 0.376 1 0
124 52 0.556 1 2
258 52 1.425 1 0
124 5 0.496 1 0
37 100 0.147 1 2
19 70 0.061 1 0
76 52 0.394 1 0
11 10 0.053 1 0
19 100 0.072 1 0
121 100 0.508 1 2
43 70 0.128 1 2
36 100 0.194 1 2
140 52 0.481 1 0
12 40 0.049 1 0
15 5 0.047 1 2
29 100 0.089 1 0
53 100 0.172 1 2
34 40 0.123 1 0
62 15 0.344 1 0
135 30 0.414 1 0
111 5 0.750 1 0
10 10 0.032 1 0
304 100 1.202 1 0
196 40 0.571 1 0
35 15 0.230 1 0
11 10 0.056 1 0
80 52 0.352 1 0
25 5 0.080 1 0
12 15 0.038 1 2
15 100 0.051 1 0
47 5 0.193 1 2
57 15 0.184 1 0
31 5 0.153 1 0
62 15 0.193 1 2
33 100 0.143 1 0
18 15 0.067 1 2
131 30 0.408 1 0
18 5 0.121 1 0
124 40 0.738 1 2
12 15 0.062 1 2
36 70 0.118 1 0
20 100 0.078 1 2
16 5 0.058 1 0
35 22 0.233 1 2
12 5 0.064 1 2
39 22 0.120 1 0
270 30 1.298 1 0
44 5 0.223 1 0
20 40 0.085 1 0
10 10 0.030 1 0
66 40 0.361 1 2
224 70 0.665 1 0
15 10 0.048 1 0
23 10 0.150 1 2
17 70 0.070 1 0
14 30 0.049 1 0
185 22 0.771 1 2
12 10 0.053 1 0
39 52 0.118 1 0
32 5 0.115 1 0
43 100 0.272 1 2
19 40 0.078 1 0
38 10 0.136 1 2
28 40 0.099 1 0
40 15 0.147 1 2
56 40 0.209 1 0
11 10 0.034 1 2
10 22 0.030 1 0
75 30 0.255 1 0
14 10 0.087 1 2
93 100 0.277 1 2
304 15 1.143 1 0
35 100 0.211 1 0
98 10 0.480 1 2
60 30 0.319 1 0
13 70 0.062 1 0
192 52 1.000 1 0
119 100 0.427 1 0
30 30 0.135 1 0
13 40 0.054 1 2
19 5 0.061 1 0
15 22 0.045 1 2
174 5 0.507 1 2
29 100 0.134 1 2
41 30 0.120 1 0
22 40 0.066 1 0
46 15 0.163 1 0
105 52 0.362 1 0
22 22 0.079 1 0
118 40 0.360 1 0
11 5 0.070 1 0
42 70 0.158 1 0
58 40 0.377 1 0
93 22 0.528 1 0
112 40 0.349 1 2
14 5 0.051 1 2
21 15 0.102 1 0
229 40 0.821 1 2
27 30 0.161 1 0
41 5 0.181 1 0
197 30 0.761 1 2
34 70 0.113 1 2
139 52 0.486 1 0
39 52 0.143 1 2
118 15 0.476 1 2
16 70 0.053 1 0
124 22 0.646 1 0
55 30 0.205 1 0
11 15 0.056 1 0
303 100 1.870 1 0
71 10 0.350 1 2
34 100 0.227 1 0
36 100 0.130 1 0
97 40 0.355 1 2
53 5 0.187 1 0
30 15 0.133 1 0
12 15 0.044 1 0
62 15 0.405 1 2
29 70 0.136 1 0
28 100 0.146 1 0
15 70 0.053 1 2
17 10 0.104 1 2
77 10 0.381 1 0
56 30 0.190 1 0
42 10 0.132 1 0
53 70 0.303 1 0
43 10 0.143 1 2
172 100 0.827 1 0
134 52 0.438 1 0
88 15 0.411 1 0
15 22 0.045 1 2
29 70 0.117 1 2
28 52 0.130 1 2
18 22 0.053 1 0
274 30 1.229 1 0
14 100 0.072 1 0
37 22 0.155 1 0
11 10 0.042 1 2
16 30 0.047 1 2
28 30 0.115 1 2
35 70 0.106 1 0
19 5 0.091 1 0
257 40 0.915 1 0
64 30 0.339 1 2
32 30 0.107 1 0
18 100 0.082 1 0
104 15 0.390 1 0
69 10 0.270 1 0
129 52 0.537 1 0
163 10 0.538 1 0
334 70 1.397 1 0
36 30 0.111 1 0
26 22 0.105 1 0
16 15 0.091 1 2
169 5 0.556 1 2
54 52 0.338 1 0
17 5 0.096 1 0
173 30 0.575 1 0
13 70 0.038 1 0
17 40 0.058 1 0
61 15 0.311 1 0
47 100 0.246 1 0
30 10 0.108 1 0
14 30 0.092 1 0
26 70 0.119 1 0
220 52 0.731 1 0
121 15 0.582 1 0
114 15 0.717 1 0
14 40 0.044 1 0
144 22 0.629 1 0
12 40 0.041 1 0
18 30 0.108 1 2
116 100 0.356 1 0
12 40 0.056 1 0
16 30 0.059 1 0
316 5 1.756 1 0
17 15 0.104 1 2
29 5 0.098 1 0
144 30 0.567 1 2
137 22 0.449 1 0
167 100 0.843 1 2
17 70 0.077 1 2
68 100 0.244 1 0
32 15 0.180 1 0
95 52 0.357 1 0
19 100 0.076 1 0
15 70 0.086 1 0
75 10 0.235 1 0
308 5 1.579 1 0
19 52 0.083 1 2
28 52 0.092 1 0
47 100 0.250 1 2
185 52 0.680 1 2
29 70 0.094 1 0
209 5 1.142 1 2
16 100 0.054 1 0
16 40 0.086 1 2
30 5 0.135 1 0
65 100 0.210 1 2
40 15 0.207 1 0
161 40 0.668 1 0
39 5 0.162 1 0
52 40 0.175 1 2
35 22 0.178 1 0
78 10 0.373 1 2
18 5 0.075 1 0
61 15 0.205 1 0
10 22 0.041 1 2
165 22 0.545 1 0
24 52 0.096 1 0
38 15 0.200 1 2
35 30 0.112 1 0
23 100 0.076 1 2
19 30 0.106 1 0
17 10 0.060 1 2
38 15 0.153 1 2
34 40 0.187 1 2
40 10 0.176 1 2
323 30 1.292 1 2
32 70 0.118 1 0
11 40 0.071 1 0
33 40 0.102 1 0
145 100 0.560 1 0
158 100 0.919 1 2
18 100 0.088 1 0
254 40 0.930 1 0
79 70 0.288 1 0
36 70 0.112 1 0
17 70 0.077 1 2
224 40 0.911 1 2
39 40 0.235 1 0
53 52 0.305 1 2
31 40 0.137 1 2
10 70 0.051 1 0
296 10 1.165 1 0
18 70 0.091 1 0
38 70 0.114 1 0
32 22 0.139 1 2
17 100 0.050 1 0
10 5 0.041 1 0
78 5 0.500 1 2
56 40 0.193 1 0
205 70 0.598 1 0
18 70 0.108 1 0
24 70 0.133 1 0
38 22 0.257 1 0
19 10 0.123 1 0
21 10 0.079 1 2
13 70 0.050 1 0
287 52 0.889 1 2
16 10 0.059 1 0
11 40 0.048 1 0
31 30 0.130 1 0
64 15 0.221 1 0
81 15 0.276 1 2
18 40 0.101 1 2
243 10 0.781 1 0
19 40 0.097 1 0
14 100 0.051 1 0
27 52 0.082 1 0
36 22 0.141 1 0
55 40 0.208 1 0
46 70 0.251 1 2
170 52 0.876 1 2
163 100 0.610 1 2
75 52 0.410 1 0
90 52 0.448 1 0
28 30 0.103 1 2
182 100 0.634 1 2
15 5 0.048 1 2
23 15 0.084 1 2
34 30 0.134 1 0
51 100 0.345 1 2
138 5 0.414 1 0
159 22 0.930 1 0
312 10 1.608 1 0
110 10 0.663 1 0
52 52 0.154 1 0
19 52 0.063 1 0
32 22 0.104 1 0
12 40 0.043 1 0
97 30 0.409 1 2
67 52 0.234 1 0
39 70 0.136 1 2
11 15 0.061 1 2
50 70 0.230 1 0
24 30 0.155 1 0
23 10 0.125 1 0
15 22 0.054 1 0
34 70 0.152 1 0
15 22 0.077 1 0
31 5 0.193 1 0
126 30 0.586 1 2
15 52 0.046 1 0
16 15 0.094 1 2
19 70 0.114 1 0
55 100 0.359 1 0
25 70 0.122 1 0
18 10 0.063 1 2
324 70 0.985 1 2
195 10 0.574 1 0
71 10 0.219 1 0
22 52 0.091 1 2
15 40 0.096 1 0
18 100 0.092 1 0
28 100 0.083 1 0
129 30 0.838 1 2
171 15 0.617 1 0
90 70 0.517 1 2
70 10 0.311 1 2
21 70 0.073 1 0
13 40 0.040 1 0
11 22 0.040 1 0
66 30 0.415 1 0
64 22 0.229 1 0
10 5 0.067 1 0
57 100 0.218 1 2
61 70 0.316 1 0
47 10 0.175 1 2
32 5 0.179 1 0
143 22 0.421 1 0
29 52 0.098 1 0
47 30 0.171 1 0
97 30 0.379 1 0
29 40 0.142 1 0
26 15 0.079 1 0
97 5 0.404 1 2
250 100 1.214 1 0
11 5 0.034 1 0
34 15 0.131 1 2
18 15 0.094 1 0
26 30 0.109 1 0
218 10 0.886 1 0
30 70 0.111 1 0
34 100 0.124 1 2
231 30 0.729 1 0
72 15 0.260 1 0
72 15 0.407 1 0
19 22 0.061 1 2
32 100 0.113 1 2
38 100 0.236 1 2
70 5 0.255 1 2
43 40 0.224 1 2
179 5 0.710 1 0
21 15 0.093 1 0
59 30 0.266 1 0
63 15 0.191 1 0
20 70 0.072 1 0
101 22 0.419 1 0
33 5 0.130 1 0
18 15 0.113 1 0
19 10 0.098 1 0
57 5 0.200 1 0
30 40 0.120 1 2
73 30 0.326 1 0
107 100 0.713 1 0
159 30 0.652 1 0
15 15 0.052 1 0
18 52 0.097 1 0
79 40 0.341 1 0
17 40 0.075 1 2
17 40 0.050 1 0
169 40 0.809 1 0
58 30 0.345 1 2
62 10 0.190 1 2
317 10 2.086 1 0
12 40 0.068 1 2
52 30 0.277 1 2
35 10 0.118 1 0
67 22 0.216 1 0
32 70 0.109 1 0
232 70 0.684 1 2
14 100 0.047 1 2
33 100 0.113 1 0
226 5 0.722 1 0
165 15 0.750 1 2
43 10 0.155 1 2
41 100 0.261 1 0
65 70 0.249 1 0
88 100 0.311 1 0
286 100 1.765 1 0
68 40 0.316 1 0
39 40 0.162 1 2
54 70 0.177 1 0
64 15 0.299 1 0
60 10 0.214 1 0
59 5 0.240 1 2
79 22 0.500 1 0
27 22 0.157 1 2
146 10 0.579 1 0
29 70 0.180 1 2
13 10 0.074 1 2
147 70 0.477 1 0
68 40 0.252 1 2
13 100 0.040 1 0
240 5 0.830 1 0
336 22 2.154 1 0
16 30 0.074 1 0
192 40 1.110 1 0
75 15 0.221 1 0
11 5 0.057 1 0
12 40 0.071 1 0
26 22 0.080 1 0
11 100 0.064 1 0
33 10 0.177 1 2
15 40 0.047 1 0
55 15 0.267 1 2
73 52 0.213 1 0
75 100 0.457 1 0
19 40 0.106 1 0
189 70 1.112 1 0
37 100 0.128 1 0
26 15 0.174 1 0
60 52 0.299 1 0
22 22 0.129 1 0
72 40 0.229 1 0
150 40 0.943 1 0
94 15 0.623 1 0
111 15 0.590 1 0
36 100 0.216 1 2
117 52 0.676 1 0
52 30 0.158 1 0
51 5 0.207 1 0
21 15 0.091 1 0
138 40 0.608 1 0
37 70 0.145 1 0
34 70 0.109 1 2
110 52 0.611 1 2
38 30 0.242 1 2
40 5 0.141 1 2
159 5 0.585 1 0
30 30 0.158 1 2
74 52 0.325 1 2
78 10 0.231 1 2
138 70 0.552 1 0
28 40 0.109 1 0
200 30 0.709 1 0
23 10 0.126 1 2
39 40 0.190 1 0
77 100 0.263 1 0
153 40 0.781 1 2
98 10 0.330 1 0
41 70 0.261 1 2
100 30 0.585 1 0
11 100 0.039 1 0
14 30 0.045 1 0
30 15 0.109 1 0
169 10 0.537 1 2
11 15 0.033 1 0
12 22 0.066 1 0
22 40 0.117 1 0
15 5 0.045 1 2
51 22 0.271 1 0
54 30 0.190 1 0
12 22 0.044 1 0
165 10 0.786 1 0
59 22 0.280 1 0
50 30 0.196 1 0
15 40 0.056 1 0
43 22 0.125 1 0
158 5 0.669 1 2
33 10 0.127 1 0
11 70 0.052 1 0
19 100 0.073 1 0
152 15 0.738 1 0
25 100 0.086 1 0
18 22 0.081 1 0
43 10 0.185 1 0
66 22 0.373 1 0
29 10 0.144 1 0
46 5 0.206 1 2
62 15 0.225 1 2
185 22 1.039 1 0
35 15 0.108 1 0
71 52 0.223 1 0
43 52 0.145 1 2
45 52 0.155 1 0
14 52 0.062 1 2
21 40 0.137 1 0
47 100 0.299 1 0
11 40 0.038 1 2
45 5 0.198 1 2
167 22 0.525 1 0
79 52 0.441 1 0
34 10 0.133 1 0
68 15 0.219 1 2
132 52 0.512 1 0
74 52 0.216 1 0
10 52 0.045 1 0
192 5 0.861 1 0
39 10 0.134 1 0
119 100 0.763 1 0
17 70 0.063 1 0
66 22 0.280 1 2
80 15 0.449 1 0
35 40 0.118 1 0
33 5 0.103 1 2
27 70 0.131 1 0
32 15 0.107 1 0
86 10 0.289 1 0
202 5 0.835 1 0
277 40 0.996 1 0
21 5 0.091 1 0
167 10 0.888 1 0
41 22 0.162 1 0
165 70 0.829 1 2
38 10 0.135 1 0
13 30 0.042 1 0
98 15 0.331 1 2
42 22 0.142 1 0
28 70 0.082 1 2
52 15 0.289 1 0
186 15 0.775 1 0
33 70 0.115 1 2
81 30 0.332 1 0
74 100 0.457 1 2
25 15 0.126 1 2
13 15 0.052 1 0
44 52 0.141 1 2
120 10 0.606 1 2
262 10 1.120 1 2
58 52 0.293 1 0
125 22 0.791 1 2
16 10 0.048 1 0
197 5 0.801 1 0
130 100 0.405 1 0
179 15 0.861 1 0
24 30 0.088 1 0
22 70 0.100 1 0
76 52 0.232 1 0
12 15 0.038 1 0
26 30 0.083 1 0
184 15 0.548 1 0
141 52 0.442 1 2
39 40 0.182 1 0
112 30 0.602 1 2
76 30 0.427 1 0
19 22 0.057 1 0
36 40 0.148 1 2
195 40 0.569 1 0
10 52 0.065 1 2
58 15 0.202 1 0
36 70 0.141 1 0
34 10 0.099 1 2
85 70 0.322 1 0
22 70 0.149 1 0
307 100 1.715 1 0
26 70 0.076 1 2
53 30 0.249 1 0
18 10 0.111 1 0
34 40 0.183 1 0
24 22 0.093 1 2
161 5 0.953 1 0
32 40 0.142 1 0
14 30 0.063 1 0
34 100 0.116 1 0
34 30 0.143 1 0
30 22 0.140 1 0
138 52 0.831 1 2
232 100 1.381 1 2
55 15 0.169 1 2
46 30 0.200 1 0
104 70 0.650 1 2
18 100 0.054 1 0
24 100 0.078 1 2
300 100 1.852 1 0
52 100 0.171 1 0
51 22 0.263 1 2
18 52 0.071 1 2
13 22 0.068 1 2
198 22 0.892 1 0
19 70 0.126 1 0
30 40 0.123 1 0
127 100 0.416 1 0
78 30 0.377 1 0
54 70 0.194 1 0
15 15 0.073 1 0
280 10 1.505 1 2
34 40 0.119 1 0
20 5 0.059 1 0
12 22 0.041 1 2
34 10 0.108 1 0
157 10 0.489 1 0
36 5 0.212 1 0
10 52 0.041 1 0
33 22 0.202 1 0
26 30 0.077 1 0
338 5 1.290 1 0
165 10 0.623 1 0
14 22 0.043 1 0
79 15 0.462 1 2
90 40 0.349 1 0
44 10 0.267 1 0
20 10 0.073 1 0
132 15 0.589 1 2
23 10 0.124 1 2
61 100 0.203 1 0
16 30 0.062 1 2
214 10 1.086 1 2
31 10 0.113 1 0
14 70 0.042 1 0
12 52 0.035 1 0
13 52 0.063 1 2
332 100 1.876 1 0
89 5 0.574 1 2
71 22 0.348 1 0
138 10 0.902 1 0
15 5 0.055 1 0
35 22 0.172 1 2
37 30 0.247 1 0
198 40 0.667 1 2
271 40 1.397 1 2
13 30 0.046 1 0
139 22 0.496 1 0
38 5 0.208 1 2
175 22 0.729 1 0
28 52 0.112 1 0
73 100 0.408 1 0
19 15 0.104 1 0
11 30 0.038 1 0
226 15 1.097 1 0
143 70 0.647 1 0
247 100 0.879 1 0
10 30 0.067 1 2
180 40 0.978 1 2
53 70 0.170 1 2
123 15 0.628 1 0
275 22 1.495 1 0
201 10 0.663 1 0
106 100 0.371 1 0
138 5 0.663 1 0
19 5 0.074 1 2
14 52 0.041 1 2
75 15 0.292 1 0
117 10 0.346 1 0
138 10 0.896 1 2
37 52 0.113 1 0
142 30 0.840 1 2
15 30 0.097 1 0
70 70 0.467 1 2
262 52 1.351 1 0
12 40 0.072 1 0
17 100 0.092 1 2
52 5 0.224 1 0
19 5 0.081 1 2
45 5 0.155 1 0
21 100 0.107 1 0
187 100 0.954 1 0
36 22 0.188 1 0
16 40 0.103 1 0
212 52 0.862 1 0
122 30 0.616 1 0
150 15 0.754 1 0
161 5 0.890 1 0
35 40 0.114 1 2
329 15 1.443 1 2
149 15 0.510 1 0
34 52 0.188 1 2
13 22 0.044 1 0
71 5 0.320 1 0
92 10 0.339 1 0
55 70 0.291 1 0
19 40 0.081 1 2
19 22 0.095 1 0
94 10 0.400 1 0
78 52 0.247 1 0
133 5 0.388 1 0
313 22 1.278 1 2
34 40 0.200 1 0
18 15 0.071 1 0
126 15 0.512 1 2
30 70 0.188 1 2
62 10 0.207 1 0
24 40 0.079 1 0
64 15 0.235 1 2
148 10 0.763 1 0
78 22 0.377 1 0
185 40 0.547 1 2
159 10 0.828 1 2
46 10 0.223 1 0
114 30 0.504 1 0
13 40 0.046 1 0
28 52 0.096 1 2
42 70 0.235 1 0
19 70 0.104 1 0
41 10 0.253 1 0
27 30 0.097 1 0
110 70 0.601 1 2
214 100 0.637 1 0
59 10 0.197 1 2
98 22 0.314 1 0
219 52 1.395 1 0
13 100 0.073 1 0
46 22 0.174 1 0
21 30 0.095 1 2
49 10 0.187 1 2
105 5 0.565 1 0
27 15 0.084 1 2
13 22 0.077 1 2
10 15 0.034 1 0
48 15 0.178 1 0
22 22 0.065 1 0
103 100 0.402 1 0
100 10 0.503 1 0
11 100 0.034 1 2
79 22 0.416 1 0
12 15 0.036 1 2
60 22 0.403 1 0
311 30 1.033 1 0
79 22 0.234 1 2
29 22 0.158 1 2
13 15 0.055 1 2
58 10 0.174 1 2
326 30 1.449 1 0
36 40 0.225 1 0
47 30 0.179 1 0
17 15 0.051 1 0
23 22 0.113 1 2
254 30 1.530 1 2
64 52 0.237 1 2
16 30 0.071 1 2
23 10 0.076 1 0
11 40 0.050 1 0
11 10 0.034 1 0
10 40 0.067 1 2
14 10 0.078 1 2
170 40 0.837 1 0
136 5 0.727 1 0
317 10 1.822 1 0
134 10 0.585 1 0
14 22 0.083 1 0
303 30 1.152 1 0
48 40 0.166 1 0
15 5 0.051 1 0
305 40 1.805 1 0
11 52 0.039 1 0
336 15 1.714 1 0
21 40 0.096 1 0
36 70 0.200 1 0
233 30 0.782 1 0
13 52 0.049 1 2
26 40 0.108 1 0
12 70 0.054 1 0
106 10 0.394 1 0
46 100 0.177 1 0
35 30 0.154 1 0
71 22 0.218 1 2
65 40 0.394 1 2
11 30 0.047 1 2
111 10 0.330 1 0
13 10 0.071 1 0
17 30 0.084 1 0
42 100 0.201 1 2
51 30 0.186 1 0
16 22 0.087 1 0
268 15 1.031 1 0
18 52 0.060 1 2
12 70 0.050 1 0
18 10 0.078 1 0
32 70 0.144 1 0
51 15 0.163 1 0
58 30 0.286 1 2
10 5 0.040 1 0
258 15 0.770 1 0
138 70 0.793 1 2
16 100 0.059 1 0
143 30 0.470 1 2
52 70 0.152 1 2
22 22 0.074 1 2
171 100 0.750 1 0
19 5 0.057 1 0
35 70 0.153 1 2
32 30 0.109 1 0
19 70 0.068 1 0
10 10 0.031 1 0
176 30 1.181 1 2
32 52 0.119 1 2
161 40 0.626 1 0
36 70 0.109 1 0
17 5 0.061 1 0
12 5 0.037 1 0
284 30 1.246 1 0
139 5 0.724 1 0
32 30 0.150 1 0
18 40 0.109 1 0
25 10 0.085 1 2
127 22 0.738 1 2
145 10 0.446 1 0
24 22 0.073 1 0
158 10 0.715 1 0
24 100 0.096 1 2
26 15 0.157 1 0
59 40 0.204 1 0
33 15 0.100 1 0
186 30 0.791 1 0
12 40 0.071 1 2
58 70 0.174 1 0
18 70 0.075 1 0
180 70 0.561 1 2
20 52 0.089 1 2
189 5 0.713 1 2
62 30 0.205 1 2
55 70 0.337 1 0
70 5 0.289 1 2
44 22 0.133 1 0
31 52 0.121 1 2
159 70 0.688 1 0
175 5 0.593 1 0
23 22 0.084 1 0
39 30 0.187 1 0
108 15 0.326 1 0
18 52 0.104 1 0
205 40 0.629 1 2
160 15 0.482 1 0
139 30 0.500 1 0
38 22 0.111 1 0
18 30 0.082 1 0
91 52 0.562 1 0
72 22 0.252 1 0
59 40 0.269 1 0
21 70 0.068 1 0
24 5 0.078 1 0
76 15 0.355 1 0
23 52 0.092 1 0
89 15 0.294 1 0
178 5 0.978 1 0
20 52 0.106 1 2
75 10 0.227 1 2
19 40 0.096 1 2
197 15 0.602 1 0
148 30 0.865 1 0
114 52 0.374 1 0
34 40 0.114 1 2
19 15 0.091 1 2
31 5 0.110 1 2
235 15 0.975 1 0
266 30 1.511 2 0
12 22 0.036 2 0
136 30 0.576 2 1
160 40 0.604 2 1
15 22 0.046 2 0
16 30 0.080 2 0
16 30 0.099 2 0
22 52 0.071 2 0
43 10 0.143 2 0
98 5 0.301 2 0
281 30 1.227 2 0
11 5 0.057 2 1
24 22 0.121 2 0
173 70 0.636 2 0
135 10 0.682 2 0
179 10 0.613 2 0
19 52 0.074 2 0
132 10 0.473 2 1
184 100 0.669 2 0
32 70 0.099 2 1
117 100 0.696 2 0
17 5 0.090 2 0
75 22 0.237 2 0
15 5 0.070 2 0
18 10 0.071 2 0
58 15 0.190 2 0
60 100 0.189 2 1
16 40 0.054 2 0
26 15 0.110 2 0
18 30 0.116 2 1
153 10 0.950 2 0
51 100 0.219 2 0
20 30 0.059 2 1
150 10 0.600 2 0
151 10 0.737 2 0
52 40 0.271 2 0
36 52 0.128 2 1
13 52 0.064 2 0
194 10 0.767 2 1
57 15 0.192 2 0
33 40 0.121 2 0
235 70 1.270 2 0
175 100 0.636 2 0
334 22 1.031 2 1
17 22 0.087 2 1
143 15 0.502 2 0
44 5 0.217 2 0
14 100 0.045 2 0
212 70 0.812 2 0
75 40 0.258 2 0
126 30 0.438 2 0
147 22 0.913 2 0
18 5 0.055 2 0
29 100 0.090 2 0
14 22 0.053 2 1
79 70 0.497 2 0
155 5 0.525 2 1
122 100 0.356 2 1
45 15 0.236 2 0
54 10 0.335 2 1
324 100 1.281 2 0
143 40 0.753 2 0
179 22 0.609 2 0
46 22 0.200 2 0
38 10 0.180 2 0
70 100 0.240 2 0
31 5 0.134 2 0
55 15 0.179 2 0
64 40 0.225 2 0
291 40 1.508 2 1
32 30 0.102 2 0
17 5 0.099 2 1
50 100 0.202 2 0
173 5 0.712 2 0
50 70 0.194 2 0
59 22 0.358 2 0
333 30 0.979 2 0
39 30 0.144 2 1
332 100 1.720 2 1
40 22 0.179 2 0
44 70 0.151 2 0
14 5 0.050 2 1
186 40 0.578 2 1
51 10 0.264 2 0
40 70 0.212 2 0
21 40 0.098 2 0
23 52 0.108 2 1
17 30 0.051 2 0
70 5 0.213 2 1
16 70 0.071 2 1
314 100 1.716 2 0
20 100 0.090 2 0
34 15 0.165 2 1
19 40 0.063 2 0
23 70 0.112 2 0
48 22 0.148 2 0
43 30 0.160 2 0
181 22 0.883 2 0
88 22 0.429 2 1
10 40 0.040 2 1
20 30 0.080 2 0
168 22 0.730 2 1
181 10 0.777 2 0
64 100 0.306 2 0
28 10 0.101 2 0
70 10 0.452 2 0
14 10 0.080 2 0
29 22 0.105 2 0
54 40 0.230 2 0
246 15 0.719 2 0
41 30 0.148 2 0
54 52 0.254 2 0
13 15 0.075 2 0
35 5 0.190 2 1
29 70 0.093 2 1
29 10 0.146 2 0
199 52 0.605 2 1
241 5 1.545 2 0
26 100 0.136 2 0
16 40 0.080 2 0
38 15 0.165 2 0
18 5 0.090 2 1
181 100 0.780 2 1
18 40 0.085 2 0
14 30 0.042 2 0
54 5 0.323 2 1
111 30 0.561 2 0
47 30 0.297 2 0
22 5 0.146 2 1
127 15 0.765 2 0
180 52 0.659 2 0
39 5 0.129 2 0
13 40 0.076 2 0
16 30 0.050 2 0
87 52 0.264 2 0
90 15 0.277 2 0
59 52 0.197 2 0
23 40 0.077 2 0
13 10 0.041 2 1
35 15 0.210 2 0
21 100 0.077 2 1
14 30 0.081 2 1
42 30 0.130 2 0
32 10 0.209 2 0
24 10 0.106 2 0
29 40 0.091 2 1
17 40 0.110 2 1
117 100 0.718 2 0
29 70 0.111 2 1
43 30 0.144 2 1
32 30 0.172 2 0
18 40 0.059 2 0
63 52 0.235 2 1
180 30 0.657 2 0
15 52 0.076 2 1
35 10 0.130 2 0
25 5 0.114 2 0
43 30 0.171 2 0
37 70 0.112 2 1
193 70 1.287 2 1
188 70 1.093 2 0
77 5 0.367 2 0
25 15 0.094 2 0
79 40 0.332 2 1
26 30 0.081 2 0
141 70 0.505 2 1
121 22 0.511 2 0
12 52 0.063 2 0
173 30 0.671 2 0
27 22 0.174 2 0
15 10 0.057 2 0
286 30 1.497 2 0
15 10 0.081 2 0
121 15 0.407 2 0
11 100 0.053 2 0
224 15 0.707 2 0
37 22 0.159 2 0
13 40 0.084 2 0
52 5 0.231 2 0
176 70 0.640 2 0
28 100 0.150 2 0
329 52 1.449 2 0
12 40 0.051 2 1
131 52 0.789 2 1
134 5 0.456 2 0
11 70 0.032 2 0
174 5 0.537 2 0
43 30 0.162 2 0
77 22 0.266 2 1
218 100 0.717 2 1
215 100 0.857 2 0
55 30 0.195 2 0
192 30 0.923 2 1
195 40 0.730 2 0
36 30 0.189 2 1
217 22 0.889 2 0
51 40 0.202 2 0
23 40 0.138 2 0
81 15 0.297 2 0
77 52 0.259 2 1
173 52 0.920 2 1
13 15 0.057 2 0
15 30 0.099 2 0
74 5 0.303 2 1
12 70 0.054 2 0
76 100 0.352 2 0
299 22 0.879 2 0
99 5 0.390 2 0
17 15 0.058 2 0
12 15 0.079 2 0
31 15 0.093 2 1
129 52 0.629 2 0
75 100 0.429 2 0
232 100 0.856 2 0
299 5 1.790 2 1
115 15 0.498 2 0
67 10 0.344 2 0
24 70 0.135 2 0
15 70 0.045 2 1
57 10 0.196 2 1
311 10 1.440 2 0
11 15 0.036 2 0
68 52 0.236 2 0
209 5 0.829 2 0
25 100 0.109 2 0
12 70 0.036 2 0
30 70 0.186 2 1
158 52 0.667 2 0
29 52 0.196 2 1
31 40 0.117 2 0
20 5 0.115 2 0
34 10 0.183 2 0
19 40 0.128 2 1
118 30 0.752 2 0
69 70 0.418 2 0
12 70 0.065 2 1
54 5 0.174 2 0
29 15 0.103 2 0
188 30 0.780 2 0
16 15 0.049 2 1
98 40 0.500 2 0
17 30 0.051 2 0
17 10 0.069 2 1
16 100 0.068 2 1
159 40 0.566 2 0
157 15 0.651 2 0
162 30 0.585 2 0
34 30 0.114 2 0
85 5 0.351 2 0
67 30 0.204 2 0
175 22 0.608 2 0
98 40 0.340 2 0
66 52 0.207 2 1
27 70 0.091 2 0
15 70 0.048 2 1
18 30 0.086 2 1
221 40 0.664 2 1
13 5 0.050 2 0
107 30 0.517 2 0
107 30 0.324 2 0
50 5 0.197 2 1
11 22 0.071 2 1
22 10 0.087 2 0
24 100 0.116 2 0
117 100 0.680 2 0
283 22 1.281 2 1
21 30 0.104 2 1
13 52 0.047 2 0
21 10 0.066 2 0
14 15 0.068 2 1
38 100 0.114 2 0
17 40 0.104 2 0
197 70 0.599 2 1
74 10 0.295 2 1
53 70 0.161 2 0
197 70 0.798 2 1
21 52 0.064 2 1
52 40 0.236 2 0
33 22 0.099 2 0
11 10 0.033 2 0
47 10 0.240 2 0
20 52 0.063 2 1
117 40 0.413 2 0
15 100 0.045 2 0
110 30 0.611 2 1
15 10 0.077 2 0
22 5 0.085 2 0
33 5 0.108 2 0
12 40 0.037 2 0
15 40 0.071 2 1
146 100 0.551 2 1
66 30 0.272 2 0
18 10 0.056 2 0
241 40 1.153 2 0
153 70 0.746 2 0
245 100 1.172 2 0
15 52 0.046 2 0
141 100 0.513 2 0
317 5 1.732 2 0
15 10 0.079 2 0
99 15 0.463 2 1
31 30 0.142 2 0
249 70 1.297 2 0
116 100 0.472 2 0
159 70 0.548 2 0
237 22 1.087 2 0
43 22 0.202 2 1
41 5 0.152 2 0
17 5 0.077 2 0
144 10 0.689 2 0
44 15 0.155 2 0
14 10 0.094 2 1
275 100 1.291 2 0
195 10 0.806 2 0
25 100 0.077 2 0
218 22 0.683 2 0
227 40 0.991 2 1
296 30 1.480 2 0
49 22 0.164 2 1
11 70 0.054 2 0
19 15 0.069 2 0
31 100 0.151 2 0
74 70 0.224 2 0
43 30 0.173 2 0
138 22 0.566 2 0
66 15 0.314 2 1
166 5 0.555 2 1
47 52 0.146 2 1
55 40 0.238 2 0
12 5 0.054 2 1
73 70 0.236 2 1
25 52 0.074 2 0
208 30 1.000 2 0
48 40 0.141 2 0
21 70 0.095 2 1
177 70 0.847 2 0
39 70 0.194 2 1
52 40 0.169 2 0
55 5 0.216 2 0
20 30 0.076 2 0
15 22 0.085 2 0
118 10 0.352 2 0
37 100 0.195 2 1
44 5 0.136 2 0
46 100 0.254 2 1
54 52 0.261 2 0
13 30 0.045 2 1
13 22 0.039 2 0
30 30 0.133 2 1
16 100 0.049 2 0
52 10 0.182 2 0
139 30 0.695 2 0
58 100 0.276 2 1
31 100 0.150 2 0
13 15 0.052 2 1
26 52 0.117 2 1
115 40 0.593 2 0
47 70 0.204 2 0
16 30 0.048 2 0
18 52 0.106 2 1
11 30 0.045 2 0
38 40 0.222 2 1
97 70 0.393 2 0
39 5 0.145 2 0
16 52 0.068 2 0
26 15 0.088 2 1
226 30 0.879 2 0
48 5 0.296 2 0
136 100 0.579 2 1
143 22 0.688 2 0
34 30 0.195 2 0
11 40 0.067 2 0
19 100 0.061 2 0
110 100 0.337 2 1
21 52 0.078 2 1
50 22 0.265 2 0
49 40 0.227 2 1
103 30 0.324 2 0
31 100 0.094 2 0
45 30 0.176 2 0
101 5 0.627 2 0
19 15 0.090 2 0
10 30 0.041 2 0
21 52 0.099 2 0
37 70 0.143 2 1
16 100 0.061 2 0
52 70 0.182 2 0
22 40 0.071 2 0
18 70 0.085 2 1
13 5 0.067 2 0
14 5 0.060 2 0
46 40 0.271 2 0
11 10 0.047 2 0
59 100 0.215 2 0
10 52 0.062 2 1
82 70 0.400 2 0
19 40 0.112 2 0
156 5 0.706 2 0
16 15 0.065 2 0
273 30 0.910 2 0
22 15 0.130 2 0
145 10 0.833 2 0
109 5 0.565 2 0
78 15 0.459 2 1
48 40 0.291 2 1
19 52 0.082 2 0
46 70 0.179 2 0
198 22 0.853 2 0
85 100 0.284 2 0
152 22 0.749 2 0
37 70 0.219 2 0
222 70 0.782 2 0
64 22 0.327 2 1
63 10 0.401 2 1
26 52 0.092 2 1
14 40 0.059 2 1
25 30 0.133 2 0
184 22 1.040 2 0
63 30 0.227 2 1
12 40 0.039 2 1
58 40 0.289 2 0
60 52 0.343 2 0
14 30 0.073 2 0
10 5 0.057 2 0
13 30 0.072 2 1
61 22 0.271 2 0
47 30 0.150 2 0
37 100 0.223 2 0
22 22 0.080 2 0
15 10 0.089 2 0
12 22 0.059 2 0
107 70 0.629 2 1
52 70 0.168 2 0
36 30 0.150 2 0
39 40 0.131 2 0
33 15 0.138 2 1
41 22 0.188 2 1
76 10 0.300 2 1
127 52 0.397 2 0
18 15 0.055 2 0
19 40 0.099 2 0
24 40 0.089 2 0
43 10 0.147 2 0
176 52 0.786 2 1
11 22 0.057 2 1
19 100 0.075 2 0
78 40 0.301 2 0
13 100 0.054 2 1
28 5 0.144 2 1
12 70 0.035 2 0
59 5 0.188 2 1
216 5 0.704 2 1
96 15 0.297 2 1
133 40 0.528 2 1
31 15 0.143 2 1
36 52 0.159 2 1
92 15 0.409 2 1
10 10 0.030 2 0
131 70 0.784 2 0
18 5 0.060 2 0
218 40 0.719 2 0
185 52 0.673 2 0
111 70 0.351 2 0
10 30 0.029 2 0
190 10 0.691 2 0
15 5 0.052 2 0
199 52 0.650 2 0
12 100 0.062 2 0
14 30 0.052 2 0
144 15 0.483 2 0
17 52 0.076 2 0
254 15 0.992 2 1
13 22 0.044 2 0
60 52 0.233 2 0
12 5 0.062 2 1
229 40 0.898 2 0
283 15 0.850 2 1
166 40 0.643 2 0
14 22 0.047 2 0
22 100 0.066 2 1
51 70 0.193 2 0
11 5 0.032 2 1
12 15 0.041 2 0
111 40 0.411 2 0
22 40 0.076 2 0
144 70 0.746 2 0
219 40 0.887 2 0
61 40 0.295 2 0
147 15 0.484 2 0
70 30 0.232 2 0
126 70 0.412 2 0
294 15 0.888 2 1
11 30 0.035 2 0
130 22 0.535 2 0
76 52 0.232 2 1
145 52 0.541 2 1
20 40 0.112 2 0
234 100 1.330 2 0
243 100 0.903 2 1
13 100 0.045 2 0
68 10 0.439 2 1
36 40 0.152 2 0
52 52 0.183 2 1
80 15 0.402 2 0
50 40 0.284 2 0
35 70 0.111 2 0
17 22 0.051 2 0
22 52 0.120 2 1
315 22 1.071 2 1
57 52 0.361 2 0
129 40 0.535 2 1
69 5 0.205 2 1
13 52 0.042 2 0
54 40 0.158 2 0
77 15 0.295 2 0
55 70 0.177 2 1
85 52 0.363 2 0
252 5 1.096 2 1
29 22 0.090 2 0
14 15 0.091 2 0
18 100 0.062 2 1
268 10 1.457 2 0
60 70 0.197 2 1
125 70 0.458 2 0
79 10 0.369 2 1
33 100 0.110 2 0
189 10 0.811 2 0
180 52 0.596 2 0
22 10 0.068 2 1
31 52 0.181 2 1
39 100 0.222 2 1
45 10 0.268 2 1
10 100 0.060 2 0
321 30 1.581 2 0
119 70 0.380 2 1
27 70 0.141 2 1
117 100 0.496 2 0
77 70 0.232 2 0
104 40 0.512 2 1
46 70 0.245 2 1
263 15 1.283 2 1
20 5 0.124 2 0
66 5 0.257 2 0
194 5 1.220 2 1
46 100 0.223 2 0
57 10 0.265 2 1
15 52 0.047 2 0
53 70 0.299 2 1
139 22 0.574 2 0
55 70 0.342 2 0
20 30 0.109 2 0
140 5 0.464 2 1
38 40 0.192 2 0
21 30 0.100 2 0
179 40 0.624 2 0
11 100 0.047 2 0
327 40 1.211 2 1
37 22 0.216 2 0
17 15 0.066 2 1
18 22 0.098 2 0
69 70 0.312 2 1
132 52 0.650 2 0
80 22 0.369 2 0
222 30 0.758 2 1
16 5 0.104 2 0
36 100 0.200 2 0
38 15 0.115 2 0
32 22 0.095 2 0
17 22 0.084 2 1
37 30 0.142 2 1
136 30 0.795 2 0
19 22 0.103 2 0
18 40 0.085 2 0
46 70 0.236 2 0
180 30 0.849 2 0
34 40 0.158 2 0
28 100 0.120 2 0
11 52 0.052 2 0
120 15 0.656 2 0
133 15 0.578 2 1
46 40 0.177 2 0
29 22 0.088 2 0
93 5 0.437 2 0
48 100 0.194 2 1
15 15 0.065 2 0
32 15 0.097 2 0
20 40 0.063 2 1
11 70 0.049 2 1
40 15 0.149 2 1
30 40 0.197 2 1
79 10 0.439 2 0
130 10 0.783 2 0
60 5 0.302 2 0
23 30 0.135 2 0
38 10 0.218 2 0
66 10 0.255 2 0
36 100 0.224 2 1
33 22 0.151 2 0
219 70 1.190 2 1
292 10 1.578 2 0
36 70 0.106 2 0
29 10 0.098 2 0
42 40 0.186 2 1
26 70 0.080 2 0
29 100 0.184 2 0
34 15 0.106 2 1
12 15 0.057 2 0
302 5 0.921 2 1
71 100 0.343 2 1
17 70 0.088 2 0
191 15 0.591 2 0
18 5 0.096 2 1
115 15 0.477 2 1
22 30 0.069 2 1
46 70 0.136 2 0
216 100 0.956 2 1
199 22 0.780 2 0
54 70 0.168 2 0
11 22 0.042 2 0
11 100 0.034 2 1
61 40 0.231 2 0
11 40 0.056 2 0
12 22 0.037 2 0
12 15 0.036 2 1
32 100 0.101 2 0
27 30 0.081 2 0
10 22 0.052 2 0
24 22 0.157 2 0
45 52 0.292 2 1
60 22 0.351 2 1
174 52 0.696 2 0
32 52 0.118 2 0
23 22 0.079 2 0
114 52 0.403 2 0
54 100 0.329 2 0
84 100 0.491 2 0
74 100 0.418 2 0
70 52 0.214 2 0
48 100 0.207 2 0
73 100 0.395 2 0
320 22 1.481 2 0
39 52 0.167 2 0
312 100 1.061 2 1
108 22 0.562 2 0
137 100 0.413 2 1
74 40 0.261 2 1
16 52 0.070 2 0
13 100 0.044 2 0
327 52 1.181 2 0
50 15 0.219 2 1
14 5 0.052 2 0
144 22 0.520 2 0
29 5 0.108 2 0
10 22 0.061 2 0
95 10 0.424 2 0
16 52 0.101 2 1
24 40 0.160 2 0
51 15 0.151 2 0
88 15 0.272 2 0
93 52 0.396 2 1
23 10 0.076 2 1
107 15 0.510 2 1
50 15 0.243 2 0
45 15 0.241 2 1
92 100 0.434 2 0
98 10 0.533 2 1
19 10 0.056 2 1
11 10 0.033 2 1
297 40 0.914 2 0
93 40 0.437 2 1
198 100 0.843 2 1
50 15 0.311 2 0
18 100 0.070 2 0
233 10 0.679 2 1
64 5 0.277 2 0
74 5 0.435 2 1
291 30 0.901 2 0
47 10 0.187 2 0
16 70 0.055 2 0
172 10 0.585 2 0
196 70 0.669 2 0
31 10 0.116 2 0
298 40 0.955 2 1
70 30 0.372 2 1
67 22 0.302 2 0
165 15 0.864 2 1
190 30 0.691 2 0
187 10 0.634 2 0
253 30 1.259 2 0
220 52 0.824 2 0
257 100 1.586 2 1
12 30 0.046 2 1
185 30 1.051 2 1
14 40 0.069 2 1
19 5 0.069 2 1
62 10 0.261 2 1
55 5 0.218 2 0
78 5 0.238 2 0
13 22 0.067 2 1
79 70 0.387 2 0
31 52 0.151 2 0
76 100 0.283 2 0
20 10 0.135 2 0
54 15 0.165 2 1
39 70 0.174 2 0
16 10 0.091 2 0
29 30 0.100 2 0
14 5 0.065 2 0
14 10 0.057 2 1
185 5 0.569 2 0
67 15 0.289 2 0
13 10 0.058 2 1
66 30 0.282 2 1
163 22 0.780 2 0
324 5 1.500 2 0
131 70 0.784 2 0
19 10 0.112 2 0
16 100 0.057 2 1
58 70 0.170 2 0
77 10 0.231 2 0
59 30 0.230 2 0
111 22 0.404 2 0
86 15 0.266 2 0
159 30 0.898 2 0
47 22 0.190 2 0
23 100 0.069 2 1
171 70 0.855 2 0
65 5 0.404 2 0
324 40 1.688 2 0
307 30 1.838 2 0
15 15 0.084 2 0
69 100 0.228 2 1
94 100 0.487 2 0
26 10 0.152 2 0
329 70 1.530 2 1
220 30 1.486 2 0
67 52 0.215 2 0
47 100 0.172 2 0
24 5 0.073 2 0
38 70 0.199 2 0
33 5 0.111 2 1
105 40 0.686 2 0
15 15 0.082 2 0
21 22 0.095 2 0
28 70 0.181 2 0
20 40 0.102 2 1
68 52 0.255 2 0
78 70 0.363 2 0
15 10 0.085 2 0
179 70 1.162 2 0
40 100 0.143 2 0
13 100 0.054 2 0
106 10 0.538 2 1
37 5 0.109 2 0
66 100 0.192 2 1
19 10 0.075 2 0
83 30 0.273 2 0
36 10 0.179 2 0
15 22 0.079 2 0
43 40 0.133 2 1
183 30 0.656 2 0
76 10 0.427 2 1
10 100 0.039 2 0
15 52 0.064 2 1
160 5 0.604 2 0
11 30 0.038 2 0
34 100 0.121 2 1
72 100 0.288 2 1
10 40 0.038 2 0
40 22 0.252 2 1
334 10 1.740 2 0
168 52 0.566 2 0
226 52 0.810 2 0
18 22 0.080 2 0
73 10 0.283 2 1
15 100 0.048 2 0
20 100 0.069 2 0
125 15 0.517 2 1
22 5 0.071 2 0
34 10 0.150 2 1
208 5 0.743 2 1
28 15 0.137 2 0
47 52 0.175 2 0
130 22 0.872 2 1
142 30 0.522 2 0
65 52 0.218 2 0
11 52 0.051 2 0
24 5 0.105 2 0
101 100 0.594 2 0
12 5 0.080 2 0
16 5 0.067 2 1
19 22 0.101 2 1
30 100 0.104 2 1
17 70 0.056 2 0
52 52 0.194 2 0
149 70 0.662 2 0
30 100 0.156 2 0
121 70 0.729 2 0
19 10 0.084 2 0
75 10 0.268 2 0
41 10 0.137 2 1
175 70 0.989 2 1
73 70 0.332 2 1
77 5 0.517 2 0
74 15 0.430 2 1
181 22 0.631 2 0
135 22 0.763 2 1
22 70 0.100 2 0
78 40 0.262 2 1
32 40 0.142 2 0
13 100 0.082 2 0
43 30 0.188 2 1
90 15 0.404 2 0
76 5 0.283 2 0
62 40 0.395 2 0
13 52 0.065 2 1
87 15 0.307 2 0
34 70 0.101 2 0
36 5 0.126 2 0
19 40 0.066 2 0
65 40 0.194 2 1
30 100 0.161 2 0
44 52 0.141 2 1
12 10 0.040 2 0
16 40 0.078 2 0
142 10 0.432 2 0
72 100 0.287 2 0
121 15 0.465 2 0
41 10 0.132 2 0
26 30 0.094 2 0
16 5 0.065 2 0
12 52 0.060 2 0
37 100 0.119 2 1
37 22 0.177 2 1
70 70 0.292 2 0
79 40 0.520 2 0
17 70 0.054 2 1
68 30 0.430 2 1
35 30 0.135 2 0
14 22 0.054 2 1
15 10 0.082 2 1
39 100 0.245 2 1
10 10 0.037 2 0
170 40 0.742 2 1
38 52 0.200 2 0
58 15 0.198 2 0
71 10 0.225 2 1
89 40 0.556 2 1
302 52 1.027 2 0
79 100 0.520 2 1
161 30 0.649 2 1
18 5 0.070 2 0
105 40 0.382 2 0
254 15 1.396 2 0
71 30 0.258 2 1
176 30 0.811 2 0
122 100 0.369 2 1
10 30 0.029 2 1
195 10 0.970 2 1
41 15 0.187 2 0
142 22 0.772 2 1
61 15 0.370 2 0
18 15 0.099 2 0
126 100 0.529 2 0
19 5 0.058 2 0
30 70 0.101 2 0
56 5 0.172 2 0
135 100 0.672 2 1
19 40 0.092 2 0
265 40 1.167 2 0
115 22 0.564 2 1
21 10 0.080 2 1
69 22 0.322 2 1
151 70 0.938 2 0
37 100 0.118 2 0
62 22 0.238 2 0
34 40 0.185 2 1
56 30 0.227 2 1
50 40 0.150 2 1
15 70 0.049 2 0
136 100 0.607 2 0
107 70 0.645 2 0
37 70 0.165 2 0
28 70 0.096 2 0
37 40 0.209 2 0
12 15 0.035 2 1
60 22 0.345 2 0
136 52 0.673 2 1
96 15 0.429 2 0
313 30 1.442 2 0
18 15 0.063 2 1
147 52 0.778 2 0
97 15 0.451 2 0
127 70 0.545 2 0
33 10 0.210 2 0
171 100 0.713 2 0
194 70 1.115 2 1
38 10 0.190 2 0
63 40 0.300 2 0
90 22 0.308 2 0
49 52 0.247 2 0
18 70 0.096 2 0
169 22 0.665 2 1
205 40 0.840 2 1
24 40 0.075 2 1
18 10 0.056 2 0
19 22 0.074 2 0
123 15 0.439 2 0
123 40 0.557 2 0
161 40 0.626 2 1
56 5 0.237 2 0
24 30 0.073 2 0
219 52 0.758 2 1
60 30 0.188 2 1
42 15 0.144 2 0
173 70 0.601 2 0
161 52 0.739 2 0
25 10 0.160 2 0
63 30 0.208 2 1
33 30 0.181 2 0
27 10 0.175 2 1
165 10 0.536 2 0
16 5 0.085 2 0
169 22 0.909 2 0
20 100 0.073 2 0
199 10 0.905 2 0
48 100 0.267 2 0
52 10 0.230 2 0
28 100 0.093 2 0
16 22 0.095 2 0
32 70 0.121 2 0
30 10 0.134 2 0
67 30 0.316 2 0
42 22 0.179 2 0
18 40 0.079 2 1
28 15 0.128 2 1
58 5 0.280 2 0
113 52 0.382 2 0
144 22 0.973 2 0
28 100 0.139 2 0
10 100 0.059 2 0
23 30 0.074 2 0
79 52 0.320 2 1
33 30 0.159 2 0
17 70 0.061 2 1
16 22 0.074 2 0
213 22 0.986 2 0
53 70 0.273 2 0
52 40 0.310 2 0
55 52 0.344 2 0
17 15 0.086 2 0
18 100 0.067 2 0
78 40 0.275 2 0
45 30 0.137 2 0
68 52 0.224 2 0
19 15 0.108 2 0
72 100 0.450 2 0
77 52 0.244 2 1
28 22 0.181 2 0
22 40 0.093 2 0
121 30 0.558 2 0
13 15 0.071 2 0
54 100 0.184 2 1
11 70 0.072 2 0
40 30 0.209 2 1
243 10 0.748 2 1
79 10 0.359 2 1
76 52 0.296 2 0
189 22 0.592 2 0
12 70 0.044 2 1
151 40 0.570 2 1
15 5 0.056 2 0
80 15 0.276 2 0
65 30 0.250 2 0
69 100 0.311 2 1
179 15 0.932 2 1
183 100 0.553 2 0
84 40 0.359 2 0
124 15 0.464 2 1
12 70 0.071 2 0
18 40 0.075 2 0
36 30 0.170 2 1
89 52 0.271 2 0
45 15 0.188 2 1
122 10 0.693 2 1
