60 40 0.248 0 2
42 22 0.127 0 2
127 100 0.718 0 1
136 10 0.421 0 2
229 30 0.718 0 2
25 30 0.073 0 2
51 40 0.242 0 2
64 30 0.206 0 1
50 30 0.183 0 1
10 52 0.052 0 2
15 100 0.044 0 1
31 52 0.091 0 1
29 30 0.147 0 1
17 10 0.057 0 1
28 100 0.094 0 2
23 5 0.116 0 1
54 15 0.231 0 1
78 100 0.431 0 1
41 10 0.164 0 1
29 10 0.105 0 2
40 100 0.153 0 1
37 30 0.143 0 2
62 40 0.365 0 2
18 5 0.053 0 2
38 100 0.134 0 1
22 10 0.090 0 2
179 40 1.091 0 2
59 10 0.304 0 2
48 5 0.304 0 2
28 10 0.087 0 2
43 52 0.133 0 2
12 5 0.060 0 2
17 30 0.061 0 2
86 40 0.453 0 2
10 52 0.038 0 2
130 10 0.450 0 2
19 22 0.058 0 2
73 70 0.218 0 1
10 100 0.065 0 1
242 22 0.840 0 1
69 52 0.292 0 1
77 15 0.236 0 2
40 10 0.190 0 1
57 30 0.170 0 2
14 10 0.070 0 2
62 40 0.254 0 2
37 5 0.142 0 2
192 70 0.613 0 1
25 100 0.076 0 2
129 40 0.436 0 2
309 100 1.884 0 1
78 5 0.262 0 2
95 52 0.422 0 1
20 70 0.109 0 2
169 70 1.070 0 1
54 40 0.225 0 1
172 52 0.860 0 1
67 52 0.284 0 2
219 30 0.785 0 1
18 100 0.090 0 2
156 10 0.647 0 1
31 22 0.126 0 2
66 22 0.287 0 2
77 15 0.475 0 1
161 22 0.542 0 2
126 15 0.488 0 1
19 15 0.091 0 2
335 22 1.782 0 1
44 100 0.186 0 1
10 52 0.044 0 1
95 10 0.540 0 1
47 22 0.309 0 1
75 10 0.244 0 1
18 10 0.118 0 2
70 40 0.458 0 1
253 70 1.297 0 2
77 22 0.243 0 1
321 52 0.944 0 2
12 10 0.059 0 2
192 30 0.577 0 2
19 100 0.099 0 1
10 40 0.047 0 1
21 40 0.126 0 2
54 30 0.169 0 2
67 70 0.313 0 1
44 100 0.153 0 2
190 10 0.782 0 1
180 22 0.928 0 2
248 52 0.905 0 2
20 40 0.122 0 2
18 22 0.056 0 2
55 15 0.342 0 2
39 10 0.175 0 1
26 40 0.080 0 2
14 15 0.045 0 2
117 40 0.374 0 1
15 52 0.058 0 2
313 5 0.923 0 2
108 30 0.537 0 1
11 40 0.039 0 1
33 5 0.170 0 1
19 40 0.123 0 2
177 100 0.615 0 2
43 40 0.145 0 1
301 70 1.498 0 1
98 52 0.395 0 1
50 100 0.318 0 2
33 70 0.146 0 2
12 5 0.056 0 2
16 40 0.048 0 2
107 52 0.413 0 2
25 22 0.120 0 2
111 40 0.569 0 1
211 52 0.624 0 1
18 70 0.121 0 1
14 70 0.045 0 1
61 10 0.186 0 1
16 10 0.086 0 2
11 5 0.033 0 1
79 5 0.254 0 2
197 15 0.804 0 2
36 40 0.202 0 1
13 70 0.049 0 2
169 40 0.509 0 1
36 22 0.113 0 1
77 10 0.321 0 2
202 52 0.721 0 2
35 5 0.132 0 1
323 10 2.084 0 1
136 100 0.594 0 2
224 30 0.711 0 1
28 70 0.103 0 1
44 5 0.142 0 1
37 100 0.112 0 2
38 100 0.133 0 2
18 10 0.056 0 2
111 40 0.346 0 1
16 100 0.073 0 2
36 10 0.123 0 2
66 30 0.242 0 1
298 70 1.577 0 2
131 5 0.682 0 1
12 70 0.072 0 2
75 22 0.225 0 2
10 15 0.052 0 2
13 5 0.049 0 1
20 15 0.091 0 2
128 100 0.595 0 2
29 70 0.100 0 2
43 10 0.139 0 1
12 52 0.072 0 2
130 10 0.605 0 2
318 100 2.013 0 2
286 5 0.839 0 1
277 10 0.829 0 1
178 22 0.721 0 2
31 22 0.175 0 2
160 5 0.640 0 1
142 52 0.518 0 1
78 52 0.241 0 2
46 40 0.301 0 1
61 10 0.363 0 2
22 52 0.084 0 1
50 10 0.158 0 2
13 10 0.050 0 1
13 40 0.049 0 1
47 100 0.140 0 2
46 52 0.251 0 1
12 5 0.079 0 2
11 10 0.056 0 2
81 10 0.280 0 2
70 22 0.315 0 1
10 15 0.039 0 1
35 100 0.122 0 1
62 22 0.310 0 2
15 70 0.096 0 2
26 52 0.150 0 2
37 5 0.185 0 2
19 22 0.105 0 2
58 22 0.337 0 2
116 70 0.703 0 2
48 52 0.183 0 1
73 15 0.243 0 2
79 40 0.319 0 1
15 5 0.086 0 2
122 15 0.592 0 1
16 52 0.075 0 2
162 52 0.675 0 2
11 100 0.037 0 1
15 30 0.099 0 1
33 10 0.149 0 2
65 22 0.298 0 1
12 52 0.049 0 1
152 15 0.522 0 1
20 70 0.071 0 2
334 5 1.491 0 2
26 100 0.116 0 1
114 52 0.394 0 1
133 15 0.424 0 1
275 15 1.368 0 1
12 30 0.046 0 1
133 52 0.496 0 1
12 30 0.070 0 1
21 100 0.098 0 2
66 52 0.229 0 1
274 52 1.363 0 2
73 52 0.415 0 2
106 10 0.414 0 1
31 40 0.112 0 1
19 100 0.081 0 2
175 52 0.792 0 2
103 100 0.339 0 2
33 100 0.121 0 1
58 10 0.175 0 1
170 52 0.749 0 1
20 100 0.085 0 2
15 40 0.047 0 2
50 52 0.189 0 1
305 5 1.676 0 1
19 30 0.116 0 2
77 5 0.374 0 1
170 40 0.885 0 1
204 5 0.857 0 1
77 30 0.507 0 2
71 70 0.420 0 2
35 40 0.216 0 1
44 30 0.148 0 2
13 22 0.057 0 2
11 52 0.037 0 1
316 52 1.939 0 1
140 15 0.680 0 1
17 100 0.053 0 1
261 30 1.048 0 2
21 40 0.106 0 2
88 52 0.263 0 2
19 5 0.067 0 2
190 52 0.701 0 1
165 40 0.679 0 1
152 40 0.628 0 1
166 30 0.601 0 1
58 5 0.233 0 1
71 5 0.212 0 1
168 22 0.812 0 2
26 5 0.102 0 1
105 10 0.313 0 1
45 70 0.237 0 1
111 22 0.422 0 2
322 70 0.976 0 1
142 30 0.835 0 2
63 5 0.203 0 2
15 10 0.094 0 2
19 40 0.058 0 2
34 100 0.103 0 1
18 40 0.053 0 2
48 52 0.150 0 1
39 70 0.148 0 2
38 22 0.215 0 1
22 22 0.069 0 2
142 10 0.514 0 2
182 100 1.006 0 2
10 52 0.053 0 1
82 10 0.390 0 1
112 5 0.421 0 1
228 70 1.357 0 2
75 52 0.273 0 2
23 10 0.095 0 1
51 40 0.190 0 1
199 52 1.157 0 1
299 52 0.977 0 1
34 70 0.134 0 1
10 22 0.050 0 1
205 40 0.730 0 2
14 52 0.055 0 1
121 22 0.703 0 1
184 22 0.667 0 2
12 52 0.049 0 2
13 40 0.073 0 2
48 40 0.190 0 2
143 15 0.490 0 1
11 70 0.056 0 2
265 70 0.940 0 1
38 100 0.217 0 1
39 15 0.219 0 2
77 70 0.326 0 2
150 10 0.728 0 1
14 70 0.074 0 1
10 70 0.033 0 2
204 22 0.611 0 2
57 15 0.284 0 2
18 52 0.083 0 2
25 5 0.102 0 1
95 70 0.552 0 1
31 10 0.140 0 2
18 15 0.121 0 1
56 40 0.172 0 1
142 10 0.602 0 1
174 10 1.101 0 1
302 15 0.938 0 1
16 15 0.071 0 1
82 30 0.394 0 2
299 5 1.154 0 1
15 22 0.047 0 2
33 100 0.102 0 1
67 15 0.271 0 2
74 10 0.265 0 1
101 52 0.315 0 2
10 5 0.037 0 1
33 22 0.120 0 2
110 40 0.585 0 1
328 40 1.918 0 1
37 5 0.127 0 1
15 22 0.066 0 2
185 5 1.101 0 1
35 70 0.159 0 1
55 22 0.171 0 2
48 70 0.258 0 1
14 52 0.042 0 2
137 70 0.745 0 1
32 5 0.105 0 2
35 5 0.109 0 2
10 100 0.050 0 2
15 10 0.046 0 1
11 100 0.041 0 1
160 70 0.608 0 2
321 100 1.211 0 2
48 30 0.306 0 1
35 100 0.142 0 1
47 22 0.192 0 2
147 100 0.474 0 1
38 100 0.130 0 2
14 10 0.051 0 2
18 30 0.095 0 2
58 5 0.203 0 1
62 10 0.265 0 2
39 70 0.165 0 2
10 22 0.043 0 2
25 40 0.116 0 1
17 15 0.073 0 1
34 30 0.116 0 2
40 100 0.136 0 1
47 10 0.161 1 2
116 5 0.338 1 0
35 30 0.172 1 0
16 5 0.075 1 0
18 15 0.058 1 0
44 70 0.244 1 2
10 22 0.038 1 0
32 15 0.098 1 2
14 70 0.091 1 2
14 30 0.043 1 2
11 40 0.042 1 2
70 100 0.285 1 0
308 40 1.517 1 0
54 10 0.263 1 0
61 10 0.302 1 0
79 15 0.361 1 0
80 22 0.242 1 0
62 10 0.301 1 0
75 70 0.379 1 2
17 70 0.073 1 0
43 10 0.230 1 0
105 10 0.393 1 0
73 70 0.282 1 0
31 5 0.122 1 0
34 15 0.123 1 0
12 52 0.044 1 0
22 70 0.084 1 0
37 70 0.169 1 0
259 30 0.918 1 0
23 52 0.072 1 0
14 100 0.081 1 0
113 5 0.419 1 0
224 52 0.836 1 0
21 5 0.107 1 2
10 52 0.031 1 2
11 70 0.040 1 0
42 70 0.235 1 2
17 22 0.100 1 0
63 30 0.220 1 2
135 52 0.567 1 0
82 52 0.404 1 2
79 52 0.459 1 0
17 15 0.052 1 2
11 22 0.070 1 0
16 100 0.079 1 0
246 40 1.302 1 0
47 40 0.175 1 0
47 52 0.257 1 0
125 15 0.694 1 0
11 30 0.045 1 0
15 40 0.083 1 0
67 100 0.419 1 2
28 40 0.110 1 0
199 100 1.345 1 0
21 52 0.138 1 0
13 22 0.046 1 0
16 40 0.059 1 2
32 30 0.129 1 2
108 10 0.425 1 2
41 70 0.181 1 0
320 10 1.103 1 0
19 10 0.057 1 0
22 52 0.144 1 0
36 40 0.109 1 2
150 40 0.492 1 0
84 52 0.339 1 0
23 40 0.078 1 0
44 10 0.206 1 2
99 52 0.478 1 0
177 5 0.783 1 0
38 10 0.213 1 2
73 40 0.327 1 2
28 22 0.123 1 0
14 15 0.089 1 2
265 100 0.808 1 0
193 70 0.592 1 0
60 15 0.178 1 2
143 52 0.448 1 0
53 70 0.215 1 0
16 100 0.078 1 0
73 52 0.477 1 2
17 22 0.063 1 2
18 5 0.054 1 0
75 5 0.238 1 0
40 5 0.126 1 0
36 5 0.183 1 0
193 10 0.928 1 0
167 15 0.537 1 0
136 15 0.907 1 0
115 5 0.685 1 0
24 100 0.071 1 0
15 70 0.048 1 0
23 100 0.076 1 0
41 40 0.147 1 2
186 30 0.598 1 0
53 5 0.196 1 0
59 30 0.243 1 2
323 100 1.429 1 2
57 40 0.343 1 0
195 22 0.572 1 0
12 22 0.055 1 2
19 30 0.076 1 2
106 5 0.323 1 2
11 5 0.072 1 0
296 52 1.039 1 2
39 5 0.217 1 0
17 10 0.089 1 0
199 52 0.921 1 0
45 70 0.300 1 2
14 100 0.069 1 2
14 100 0.045 1 0
37 10 0.170 1 2
64 40 0.379 1 2
40 40 0.267 1 2
35 10 0.197 1 0
90 40 0.431 1 0
139 40 0.525 1 2
160 5 0.874 1 0
35 5 0.164 1 2
32 70 0.103 1 0
187 22 0.940 1 0
15 70 0.063 1 0
187 10 0.617 1 0
13 40 0.075 1 2
157 30 0.559 1 0
17 70 0.103 1 0
36 15 0.159 1 0
26 40 0.100 1 0
11 40 0.060 1 2
47 15 0.173 1 0
27 70 0.171 1 2
71 30 0.324 1 0
139 15 0.444 1 0
25 100 0.074 1 0
10 52 0.035 1 2
18 52 0.065 1 0
17 15 0.051 1 0
64 5 0.376 1 0
53 40 0.156 1 0
74 52 0.286 1 2
12 15 0.069 1 0
101 22 0.523 1 0
272 52 1.789 1 2
138 30 0.416 1 0
21 30 0.065 1 0
306 52 0.990 1 2
184 22 0.763 1 2
181 22 0.571 1 0
36 15 0.151 1 0
39 5 0.172 1 0
70 30 0.395 1 2
36 40 0.129 1 0
38 100 0.123 1 0
144 40 0.702 1 0
50 52 0.182 1 0
23 5 0.089 1 2
37 40 0.179 1 2
27 100 0.081 1 2
284 15 1.919 1 2
10 15 0.038 1 0
73 5 0.341 1 2
71 52 0.275 1 0
183 5 0.691 1 2
66 5 0.218 1 2
15 10 0.064 1 0
246 100 1.359 1 0
257 5 1.122 1 0
49 100 0.198 1 0
54 70 0.312 1 0
30 100 0.111 1 2
98 100 0.359 1 2
16 70 0.060 1 2
57 5 0.294 1 0
17 52 0.072 1 0
22 52 0.138 1 0
38 10 0.119 1 0
34 10 0.199 1 0
13 52 0.046 1 2
68 22 0.327 1 2
138 30 0.545 1 2
100 10 0.526 1 0
16 30 0.058 1 0
97 52 0.390 1 2
169 5 0.885 1 0
73 30 0.332 1 0
281 5 1.351 1 0
32 100 0.126 1 0
146 22 0.912 1 2
45 30 0.183 1 2
123 52 0.447 1 0
94 10 0.500 1 0
32 40 0.102 1 0
25 100 0.086 1 2
54 52 0.309 1 2
44 15 0.143 1 0
198 40 0.658 1 2
34 70 0.133 1 2
50 52 0.222 1 2
67 40 0.298 1 0
14 15 0.049 1 2
307 70 1.044 1 0
117 100 0.393 1 0
141 15 0.441 1 2
179 52 0.942 1 0
88 30 0.515 1 2
16 100 0.064 1 2
30 22 0.103 1 0
17 22 0.063 1 2
172 5 0.614 1 2
12 70 0.047 1 2
51 30 0.170 1 2
13 30 0.056 1 0
77 30 0.261 1 2
52 40 0.206 1 0
26 70 0.109 1 2
45 5 0.141 1 0
217 100 0.751 1 2
74 15 0.307 1 0
75 30 0.265 1 0
15 70 0.050 1 2
11 5 0.068 1 2
182 70 0.989 1 2
11 70 0.034 1 0
125 40 0.422 1 2
51 30 0.276 1 0
44 70 0.160 1 2
43 40 0.256 1 0
14 5 0.054 1 2
31 22 0.163 1 0
21 40 0.078 1 0
58 40 0.169 1 0
109 10 0.665 1 0
17 70 0.090 1 0
24 30 0.139 1 0
142 15 0.436 1 0
10 40 0.037 1 2
61 10 0.332 1 0
68 70 0.275 1 2
18 100 0.088 1 0
64 22 0.247 1 2
51 10 0.258 1 2
41 40 0.148 1 0
35 40 0.232 1 2
118 52 0.498 1 0
37 22 0.171 1 0
11 70 0.062 1 0
23 15 0.101 1 0
266 30 0.884 1 0
71 5 0.314 1 2
179 100 0.531 1 2
16 40 0.095 1 0
21 15 0.133 1 2
50 15 0.208 1 2
130 70 0.413 1 0
92 40 0.293 1 2
219 10 0.750 1 0
194 15 1.276 1 2
38 22 0.151 1 2
19 70 0.066 1 0
12 100 0.078 1 0
116 30 0.380 1 0
43 70 0.230 1 0
37 40 0.166 1 0
62 52 0.323 1 0
72 22 0.456 1 0
42 5 0.147 1 0
45 15 0.162 1 2
286 52 1.202 1 0
15 15 0.050 1 0
69 70 0.218 1 0
228 100 0.733 1 0
14 10 0.059 1 0
63 5 0.189 1 0
225 30 0.852 1 0
185 40 0.720 1 0
50 40 0.235 1 0
37 5 0.141 1 0
124 40 0.470 1 0
158 100 0.549 1 0
45 10 0.139 1 2
112 5 0.371 1 0
44 15 0.145 1 2
59 70 0.281 1 0
300 30 1.042 1 2
39 5 0.231 1 2
72 100 0.389 1 2
39 15 0.140 1 0
30 52 0.094 1 2
22 15 0.080 1 0
150 40 0.987 1 2
167 40 0.679 1 2
64 5 0.242 1 0
12 70 0.055 1 0
33 10 0.134 1 0
192 30 0.995 1 2
106 5 0.361 1 2
14 15 0.072 1 0
208 15 0.785 1 0
238 52 0.888 1 0
18 22 0.095 1 0
153 10 0.512 1 0
50 30 0.292 1 0
17 22 0.087 1 0
17 100 0.064 1 2
29 70 0.135 1 0
70 5 0.363 1 2
12 30 0.048 1 0
58 30 0.345 1 0
54 100 0.191 1 0
10 70 0.040 1 2
121 70 0.399 1 0
63 70 0.241 1 0
69 10 0.350 1 0
110 70 0.710 1 2
46 22 0.134 1 2
19 22 0.062 1 2
231 100 1.185 1 0
27 100 0.105 1 0
223 30 0.868 1 0
103 5 0.363 1 0
71 22 0.329 1 2
59 40 0.215 1 0
20 70 0.092 1 2
18 10 0.120 1 0
85 52 0.434 1 0
41 40 0.255 1 0
58 10 0.174 1 0
146 22 0.479 1 2
34 5 0.206 1 0
41 70 0.163 1 2
70 100 0.338 1 0
49 10 0.269 1 0
14 70 0.073 1 2
141 15 0.473 1 0
26 30 0.108 1 2
13 30 0.083 1 0
36 52 0.207 1 0
187 22 0.574 1 0
15 22 0.045 1 0
15 70 0.072 1 0
15 15 0.054 1 2
40 5 0.119 1 2
321 15 1.099 1 2
93 30 0.274 1 0
78 30 0.527 1 0
66 5 0.418 1 0
12 22 0.075 1 0
19 22 0.121 1 2
13 5 0.044 1 0
10 10 0.032 1 0
38 15 0.178 1 0
86 5 0.391 1 0
199 52 1.118 1 0
132 10 0.714 1 2
90 5 0.417 1 2
257 40 0.886 1 2
64 52 0.342 1 0
50 30 0.203 1 0
264 22 1.184 1 0
39 22 0.170 1 2
328 52 2.172 1 0
88 22 0.327 2 0
130 10 0.823 2 1
122 52 0.547 2 0
37 100 0.185 2 1
23 30 0.082 2 1
16 70 0.057 2 0
131 10 0.498 2 0
37 100 0.161 2 0
31 100 0.155 2 0
15 100 0.082 2 0
35 10 0.131 2 0
175 52 0.774 2 0
131 52 0.604 2 0
299 40 1.533 2 1
89 40 0.500 2 0
56 15 0.245 2 1
172 40 0.630 2 0
51 10 0.258 2 1
99 100 0.310 2 0
25 5 0.110 2 0
30 15 0.138 2 1
37 15 0.109 2 0
82 5 0.412 2 0
70 40 0.232 2 0
23 40 0.119 2 0
71 52 0.272 2 1
62 22 0.380 2 1
14 70 0.074 2 1
42 15 0.221 2 1
50 100 0.178 2 1
37 10 0.220 2 1
89 15 0.283 2 1
228 5 0.919 2 0
312 30 1.472 2 0
202 40 0.667 2 0
75 30 0.387 2 0
13 15 0.043 2 0
15 22 0.098 2 1
71 10 0.307 2 0
167 30 0.726 2 0
228 40 0.738 2 0
12 30 0.042 2 1
199 100 0.636 2 1
15 5 0.061 2 0
11 5 0.051 2 0
176 5 0.553 2 0
18 52 0.059 2 0
29 30 0.102 2 0
13 5 0.087 2 1
28 40 0.156 2 1
57 22 0.311 2 1
14 5 0.065 2 1
19 100 0.070 2 0
136 15 0.519 2 0
237 22 1.529 2 0
56 22 0.184 2 1
158 52 0.477 2 0
132 5 0.436 2 0
254 100 0.988 2 1
180 22 0.604 2 0
31 5 0.108 2 0
12 70 0.054 2 0
64 52 0.225 2 0
104 100 0.315 2 0
22 10 0.078 2 0
11 52 0.067 2 0
176 100 0.696 2 0
18 52 0.056 2 1
12 70 0.064 2 1
33 22 0.108 2 0
11 15 0.045 2 0
199 10 0.980 2 0
39 100 0.130 2 0
27 15 0.090 2 1
42 100 0.255 2 0
120 100 0.659 2 0
179 22 0.844 2 0
70 30 0.329 2 0
14 100 0.043 2 0
141 22 0.476 2 0
38 22 0.151 2 1
69 70 0.232 2 0
38 40 0.159 2 0
30 40 0.174 2 0
43 15 0.156 2 1
18 52 0.070 2 0
56 22 0.225 2 0
44 100 0.186 2 0
48 5 0.187 2 0
39 22 0.147 2 1
65 10 0.283 2 0
79 40 0.339 2 0
60 10 0.176 2 0
227 30 1.261 2 0
19 52 0.123 2 1
110 22 0.640 2 1
289 70 1.424 2 1
60 10 0.279 2 0
17 15 0.067 2 1
107 10 0.312 2 1
48 5 0.168 2 0
61 30 0.333 2 0
136 10 0.401 2 0
91 100 0.311 2 0
10 70 0.032 2 0
11 52 0.040 2 0
20 40 0.074 2 1
276 10 1.595 2 1
23 30 0.091 2 1
130 5 0.423 2 0
147 30 0.770 2 1
14 5 0.095 2 0
176 10 0.548 2 0
52 10 0.168 2 0
69 15 0.260 2 0
99 100 0.446 2 1
13 5 0.049 2 1
84 40 0.457 2 0
248 15 1.312 2 1
19 15 0.058 2 1
318 52 0.981 2 0
14 5 0.065 2 1
10 70 0.030 2 1
322 100 1.364 2 1
26 100 0.079 2 0
35 70 0.137 2 0
71 100 0.368 2 0
277 10 1.018 2 1
10 10 0.047 2 0
26 100 0.076 2 1
239 5 0.752 2 0
18 70 0.072 2 0
74 70 0.366 2 0
16 70 0.073 2 0
265 100 1.523 2 1
204 52 1.005 2 0
55 40 0.177 2 0
62 10 0.201 2 1
51 10 0.291 2 0
139 30 0.702 2 0
34 40 0.168 2 1
41 10 0.147 2 0
61 70 0.339 2 0
39 70 0.127 2 0
179 22 0.899 2 1
81 52 0.306 2 0
116 22 0.460 2 0
11 10 0.048 2 1
176 5 0.685 2 0
82 22 0.345 2 1
15 70 0.051 2 0
15 10 0.097 2 0
10 70 0.045 2 0
58 22 0.283 2 0
10 10 0.034 2 0
188 52 0.595 2 1
12 22 0.077 2 1
13 15 0.051 2 1
58 70 0.352 2 0
72 70 0.214 2 1
67 22 0.253 2 1
51 100 0.227 2 1
140 5 0.654 2 0
179 15 0.694 2 0
317 22 1.144 2 0
186 40 0.631 2 0
34 70 0.131 2 0
56 5 0.299 2 1
66 70 0.203 2 0
13 22 0.060 2 0
44 100 0.150 2 0
102 52 0.630 2 1
48 70 0.270 2 0
23 22 0.086 2 0
12 30 0.062 2 0
17 70 0.113 2 0
10 30 0.053 2 0
24 70 0.133 2 0
36 100 0.207 2 0
201 70 0.679 2 0
31 30 0.124 2 1
19 52 0.085 2 1
173 10 0.695 2 0
69 40 0.327 2 0
112 52 0.644 2 1
76 22 0.269 2 0
120 22 0.372 2 0
121 100 0.373 2 0
33 70 0.174 2 0
97 40 0.379 2 1
253 70 1.446 2 0
46 10 0.234 2 0
48 30 0.210 2 0
50 100 0.208 2 1
72 70 0.316 2 0
155 30 0.689 2 0
219 40 1.141 2 0
52 15 0.335 2 0
14 10 0.087 2 0
29 10 0.092 2 0
118 52 0.439 2 1
199 10 0.614 2 1
109 30 0.372 2 0
38 5 0.139 2 1
13 5 0.054 2 0
52 100 0.242 2 0
13 100 0.063 2 0
21 100 0.066 2 1
23 5 0.092 2 0
28 30 0.100 2 0
24 22 0.073 2 0
54 40 0.194 2 0
24 22 0.115 2 1
22 30 0.069 2 1
186 10 0.762 2 1
228 15 0.829 2 0
21 52 0.092 2 0
171 15 0.737 2 0
70 70 0.208 2 1
17 10 0.052 2 1
59 52 0.284 2 1
18 10 0.054 2 1
59 15 0.216 2 1
121 15 0.776 2 0
44 30 0.214 2 1
85 100 0.447 2 0
12 40 0.044 2 0
162 22 0.574 2 0
23 40 0.070 2 0
35 30 0.124 2 1
19 70 0.061 2 0
114 40 0.344 2 0
154 22 0.975 2 0
49 40 0.275 2 0
11 100 0.048 2 1
159 52 1.046 2 1
297 15 1.014 2 0
14 10 0.053 2 0
21 40 0.078 2 1
295 22 0.863 2 0
40 5 0.181 2 1
159 40 0.535 2 0
133 70 0.409 2 0
12 40 0.043 2 0
11 22 0.038 2 0
16 30 0.056 2 1
20 70 0.072 2 1
77 5 0.391 2 0
310 30 1.020 2 0
49 22 0.210 2 0
17 30 0.061 2 0
184 40 0.925 2 0
40 100 0.154 2 0
284 5 1.456 2 0
33 100 0.101 2 0
10 30 0.045 2 1
21 30 0.099 2 1
19 40 0.099 2 0
56 70 0.183 2 1
21 100 0.068 2 0
25 70 0.089 2 0
70 30 0.370 2 1
12 52 0.054 2 1
301 30 1.750 2 1
20 22 0.098 2 0
238 52 0.960 2 0
109 10 0.661 2 0
51 100 0.201 2 1
74 15 0.261 2 0
22 40 0.076 2 0
25 52 0.084 2 1
31 15 0.091 2 0
78 22 0.503 2 1
19 100 0.061 2 0
54 22 0.258 2 0
70 22 0.332 2 0
43 15 0.183 2 0
35 22 0.110 2 0
100 100 0.505 2 1
66 22 0.265 2 0
43 22 0.155 2 1
31 40 0.196 2 1
80 5 0.374 2 0
313 52 1.000 2 0
32 5 0.143 2 0
29 15 0.136 2 0
13 10 0.044 2 1
30 15 0.138 2 1
10 10 0.037 2 1
183 52 0.709 2 1
173 40 0.611 2 0
27 52 0.117 2 0
10 100 0.032 2 1
143 10 0.662 2 0
28 15 0.182 2 0
82 52 0.301 2 0
10 100 0.035 2 0
10 40 0.047 2 0
22 100 0.082 2 0
61 15 0.193 2 0
20 22 0.065 2 1
87 22 0.380 2 0
37 40 0.152 2 0
27 100 0.093 2 1
307 5 2.074 2 1
107 5 0.540 2 0
18 52 0.054 2 0
93 100 0.560 2 0
58 5 0.175 2 0
50 22 0.245 2 0
14 22 0.047 2 0
92 70 0.514 2 0
45 40 0.197 2 0
172 30 0.568 2 0
36 5 0.107 2 0
138 22 0.633 2 0
62 52 0.185 2 1
78 52 0.419 2 0
85 15 0.248 2 0
228 70 0.979 2 0
322 52 1.025 2 1
33 5 0.122 2 0
192 22 0.784 2 1
11 10 0.042 2 0
34 15 0.111 2 0
70 10 0.288 2 0
287 40 1.216 2 0
31 22 0.113 2 0
27 70 0.096 2 0
30 70 0.138 2 0
22 10 0.093 2 0
324 40 1.466 2 0
33 100 0.102 2 1
14 70 0.059 2 1
47 5 0.311 2 1
58 70 0.209 2 1
133 100 0.442 2 0
35 22 0.176 2 1
296 52 0.943 2 0
10 100 0.052 2 0
109 30 0.348 2 1
120 22 0.529 2 0
16 15 0.077 2 1
18 15 0.053 2 1
26 100 0.141 2 0
12 5 0.041 2 1
186 30 0.594 2 1
16 10 0.061 2 0
13 5 0.040 2 0
11 52 0.041 2 0
18 100 0.054 2 1
