13 15 0.052 0 1
25 15 0.081 0 1
107 5 0.330 0 2
215 100 1.335 0 2
186 15 1.134 0 2
33 30 0.102 0 2
194 70 0.572 0 1
29 52 0.085 0 2
14 100 0.077 0 1
65 15 0.241 0 2
21 100 0.133 0 2
18 10 0.056 0 2
26 52 0.140 0 2
96 70 0.392 0 2
38 15 0.170 0 2
64 15 0.254 0 2
56 22 0.311 0 2
26 70 0.173 0 2
52 40 0.335 0 2
20 70 0.086 0 2
62 22 0.358 0 2
112 5 0.392 0 1
12 5 0.066 0 2
64 40 0.262 0 2
12 40 0.044 0 2
69 52 0.208 0 2
16 10 0.102 0 2
125 30 0.385 0 2
25 52 0.124 0 1
35 22 0.127 0 1
56 40 0.354 0 2
75 5 0.224 0 1
27 10 0.136 0 1
14 5 0.075 0 1
19 22 0.106 0 2
57 100 0.348 0 2
197 15 0.838 0 1
76 15 0.382 0 1
117 52 0.692 0 1
42 22 0.154 0 2
41 15 0.147 0 2
20 10 0.114 0 1
119 30 0.465 0 2
58 30 0.392 0 2
10 15 0.036 0 1
19 30 0.082 0 2
33 40 0.116 0 1
101 22 0.647 0 1
147 100 0.447 0 2
200 52 1.053 0 1
66 22 0.375 0 1
76 40 0.352 0 1
18 10 0.055 0 1
19 40 0.116 0 1
283 70 1.415 0 1
26 100 0.077 0 2
28 10 0.156 0 1
278 52 0.993 0 2
42 30 0.195 0 2
143 10 0.614 0 2
15 100 0.053 0 2
169 40 0.558 0 2
33 10 0.142 0 1
23 52 0.106 0 2
15 100 0.054 0 1
10 5 0.040 0 2
307 40 1.154 0 1
72 30 0.327 0 1
114 10 0.400 0 2
45 52 0.202 0 2
45 40 0.217 0 2
21 30 0.102 0 2
11 40 0.038 0 1
17 5 0.056 0 2
278 100 0.933 0 2
21 15 0.068 0 1
118 10 0.403 0 2
137 100 0.489 0 2
10 15 0.044 0 1
18 15 0.077 0 2
97 30 0.286 0 1
95 100 0.586 0 1
58 52 0.280 0 1
10 5 0.036 0 1
36 70 0.147 0 2
28 100 0.148 0 1
81 40 0.407 0 1
83 100 0.320 0 1
52 22 0.211 0 2
142 10 0.488 0 1
32 10 0.116 0 2
18 15 0.058 0 1
11 70 0.044 0 2
24 40 0.111 0 2
22 15 0.117 0 2
57 15 0.188 0 2
72 5 0.326 0 2
195 40 1.121 0 1
18 10 0.068 0 2
99 52 0.544 0 1
11 30 0.034 0 2
123 5 0.618 0 2
73 5 0.462 0 2
37 30 0.141 0 2
73 30 0.229 0 2
26 15 0.172 0 1
12 5 0.051 0 2
43 10 0.144 0 2
86 70 0.368 0 2
88 40 0.263 0 1
178 40 0.952 0 2
39 40 0.157 0 1
123 100 0.380 0 1
33 30 0.178 0 2
17 22 0.054 0 1
31 40 0.096 0 2
145 52 0.453 0 2
19 5 0.108 0 1
104 100 0.439 0 2
285 52 1.332 0 2
163 22 0.481 0 1
10 40 0.044 0 2
25 40 0.087 0 1
111 15 0.457 0 1
72 40 0.353 0 1
39 40 0.116 0 1
76 15 0.241 0 2
30 5 0.093 0 2
303 30 1.165 0 2
17 22 0.069 0 1
15 100 0.096 0 1
11 70 0.036 0 1
59 15 0.364 0 2
56 15 0.371 0 1
40 100 0.175 0 2
12 10 0.060 0 1
12 100 0.074 0 1
287 10 1.153 0 1
270 22 1.120 0 1
32 15 0.120 0 1
10 30 0.050 0 2
43 10 0.154 0 2
85 70 0.570 0 1
26 100 0.088 0 2
79 100 0.243 0 1
248 30 1.550 0 1
50 22 0.230 0 2
17 22 0.056 0 1
44 15 0.240 0 2
108 70 0.474 0 2
34 70 0.186 0 1
45 52 0.236 0 1
165 15 0.668 0 1
106 22 0.592 0 1
204 52 1.133 0 1
194 5 0.946 0 1
152 70 0.741 0 2
297 30 0.946 0 1
271 15 1.604 0 2
62 15 0.302 0 1
50 52 0.278 0 1
64 10 0.368 0 1
45 15 0.175 0 2
66 100 0.375 0 2
24 52 0.076 0 2
146 15 0.507 0 1
19 15 0.088 0 2
36 70 0.169 0 1
18 10 0.083 0 2
230 52 1.292 0 1
70 22 0.308 0 2
43 52 0.145 0 2
26 10 0.170 0 2
178 100 0.873 0 1
138 40 0.405 0 1
79 70 0.465 0 1
184 70 0.624 0 1
41 30 0.222 0 2
141 10 0.731 0 1
172 40 0.977 0 2
36 40 0.161 0 2
20 30 0.115 0 2
37 15 0.116 0 1
47 100 0.311 0 2
13 22 0.057 0 2
20 70 0.078 0 2
128 70 0.457 0 1
29 70 0.097 0 1
325 22 1.022 0 1
19 10 0.095 0 2
63 22 0.218 0 1
107 70 0.426 0 2
15 100 0.059 0 1
19 15 0.087 0 1
12 40 0.079 0 1
121 52 0.496 0 1
75 30 0.291 0 2
153 15 0.450 0 1
10 70 0.048 0 2
319 40 1.564 0 2
198 30 0.715 0 2
79 40 0.359 0 2
182 70 0.571 0 1
30 30 0.123 0 2
42 10 0.139 0 1
25 52 0.102 0 2
10 22 0.046 0 1
27 100 0.096 0 2
57 52 0.235 0 2
22 5 0.100 0 1
113 100 0.477 0 1
319 40 1.181 0 1
29 10 0.109 0 1
15 100 0.096 0 1
69 10 0.247 0 2
29 40 0.159 0 2
23 10 0.114 0 1
76 100 0.450 0 2
18 100 0.097 0 1
88 15 0.267 0 1
171 22 0.734 0 1
78 40 0.336 0 1
160 15 0.505 0 1
186 22 0.838 0 1
34 15 0.137 0 2
52 15 0.239 0 2
37 22 0.128 0 2
146 30 0.896 0 1
32 22 0.108 0 1
14 40 0.044 0 2
317 40 1.219 0 2
73 10 0.354 0 2
65 5 0.206 0 2
11 70 0.054 0 2
149 22 0.637 0 2
21 70 0.080 0 1
298 10 1.674 0 1
128 70 0.490 0 2
174 100 0.534 0 1
156 100 0.639 0 2
20 70 0.107 0 1
22 52 0.098 0 1
12 5 0.068 0 2
134 10 0.504 0 2
198 22 0.888 0 2
68 52 0.226 0 2
38 30 0.125 0 2
326 15 1.988 0 2
14 30 0.049 0 1
63 100 0.356 0 1
114 22 0.334 0 2
66 52 0.351 0 2
15 40 0.077 0 1
112 5 0.357 0 1
45 5 0.194 0 2
19 30 0.076 0 2
60 22 0.191 0 2
71 52 0.330 0 2
142 70 0.514 0 2
29 70 0.147 0 1
27 30 0.136 0 1
117 100 0.369 0 2
32 10 0.183 0 1
27 30 0.111 0 1
42 22 0.172 0 2
32 15 0.142 0 2
68 15 0.327 0 2
11 52 0.038 0 1
60 10 0.357 0 2
170 15 0.584 0 1
37 10 0.117 0 2
50 52 0.207 0 2
29 22 0.092 0 2
326 40 1.190 0 2
48 70 0.306 0 2
41 30 0.272 0 2
98 22 0.601 0 2
56 52 0.241 0 2
17 70 0.075 0 1
15 5 0.059 0 1
74 5 0.484 0 2
12 15 0.062 0 2
44 30 0.265 0 2
297 22 1.571 0 1
102 5 0.486 0 2
289 40 0.993 0 2
57 5 0.300 0 1
10 15 0.055 0 2
333 52 1.229 0 1
211 10 0.887 0 1
38 15 0.174 0 2
179 40 0.728 0 1
73 100 0.369 0 1
86 5 0.528 0 1
32 100 0.173 0 2
152 30 0.717 0 2
54 40 0.314 0 2
56 40 0.166 0 1
55 10 0.193 0 2
14 15 0.064 0 1
12 100 0.044 0 1
179 22 0.737 0 1
328 22 1.822 0 2
39 30 0.209 0 1
66 22 0.353 0 2
41 22 0.207 0 2
28 100 0.120 0 1
51 22 0.220 0 2
326 70 1.038 0 2
13 40 0.067 0 2
43 52 0.264 0 1
257 30 1.212 0 2
12 22 0.044 0 2
72 40 0.212 0 2
48 30 0.229 0 1
13 30 0.061 0 1
333 5 1.117 0 2
14 22 0.056 0 1
60 22 0.258 0 1
94 22 0.508 0 2
17 15 0.067 0 2
33 40 0.099 0 1
242 30 0.720 0 1
31 15 0.091 0 2
18 30 0.055 0 1
291 5 0.986 0 1
57 5 0.193 0 2
62 52 0.253 0 1
29 100 0.138 0 2
23 70 0.102 0 1
45 15 0.165 0 1
39 22 0.129 0 2
196 30 1.133 0 1
64 15 0.254 0 2
142 30 0.570 0 2
12 70 0.037 0 2
47 5 0.154 0 1
36 70 0.148 0 2
169 5 0.758 0 2
13 100 0.044 0 1
16 10 0.048 0 1
13 40 0.039 0 2
106 10 0.377 0 2
43 40 0.126 0 2
67 40 0.366 0 1
26 100 0.132 0 1
79 30 0.265 0 1
11 5 0.041 0 2
17 70 0.073 0 2
73 40 0.231 0 2
14 10 0.077 0 2
17 52 0.072 0 2
338 52 1.320 0 2
60 22 0.189 0 2
108 52 0.324 0 1
171 70 0.518 0 2
54 100 0.261 0 2
37 100 0.156 0 2
50 15 0.179 0 2
317 30 0.975 0 2
25 40 0.115 0 2
39 15 0.214 0 2
157 5 0.737 0 2
21 52 0.098 0 1
104 70 0.477 0 1
66 40 0.216 0 2
33 22 0.160 0 1
22 40 0.099 0 2
16 10 0.058 0 1
66 52 0.238 0 1
69 40 0.309 0 1
50 100 0.179 0 1
34 15 0.110 0 2
18 52 0.063 0 1
73 15 0.417 0 1
41 70 0.186 0 2
32 15 0.203 0 2
38 22 0.159 0 1
256 52 1.089 0 1
37 40 0.113 0 1
14 10 0.045 0 1
71 10 0.281 0 2
180 5 0.544 0 2
118 52 0.702 0 1
333 15 1.601 0 1
25 22 0.114 0 1
33 15 0.161 0 2
56 15 0.216 0 1
311 52 1.637 0 2
28 52 0.086 0 2
10 40 0.035 0 2
55 15 0.182 0 1
59 30 0.381 0 1
124 40 0.473 0 2
73 5 0.315 0 2
50 100 0.204 0 2
37 30 0.111 0 2
104 70 0.545 0 1
12 15 0.069 0 1
26 15 0.117 0 1
326 100 2.076 0 1
15 52 0.069 0 1
81 5 0.308 0 1
24 5 0.108 0 1
11 52 0.056 0 1
17 52 0.064 0 2
39 22 0.164 0 2
11 30 0.033 0 2
17 52 0.105 0 2
10 30 0.034 0 1
39 30 0.224 0 2
287 100 0.911 0 2
25 15 0.144 0 1
132 70 0.415 0 1
15 15 0.070 0 1
12 70 0.041 0 1
17 5 0.052 0 1
103 15 0.678 0 2
160 40 1.081 0 1
28 70 0.185 0 1
12 22 0.035 0 2
29 70 0.157 0 1
165 15 0.673 0 1
220 100 0.743 0 1
28 40 0.102 0 1
63 40 0.264 0 1
25 30 0.124 0 2
77 52 0.318 0 2
10 100 0.033 0 2
31 10 0.115 0 2
19 10 0.114 0 2
38 5 0.146 0 1
23 100 0.074 0 2
65 5 0.223 0 2
79 15 0.422 0 1
34 40 0.189 0 1
120 15 0.622 0 2
12 22 0.071 0 2
37 70 0.190 0 1
56 30 0.341 0 1
39 100 0.128 0 1
60 15 0.206 0 1
52 15 0.175 0 2
15 15 0.056 0 2
287 52 0.993 0 2
63 70 0.325 0 2
62 10 0.264 0 1
34 15 0.119 0 2
38 30 0.138 0 1
13 15 0.063 0 1
29 15 0.103 0 2
16 70 0.076 0 1
61 100 0.367 0 1
199 100 0.616 0 1
14 40 0.042 0 2
54 22 0.348 0 1
17 15 0.061 0 2
183 30 0.750 0 1
197 10 0.675 0 1
11 70 0.071 0 1
191 100 0.872 0 2
53 30 0.230 0 2
36 52 0.120 0 1
57 52 0.248 0 1
65 40 0.404 0 2
44 52 0.278 0 1
33 70 0.154 0 1
69 22 0.208 0 2
52 5 0.244 0 1
27 52 0.166 0 2
20 30 0.062 0 1
160 100 0.792 0 2
65 52 0.346 0 2
214 10 0.738 0 1
20 30 0.077 0 1
47 52 0.241 0 2
22 100 0.068 0 2
149 52 0.453 0 1
15 22 0.094 0 1
46 22 0.152 0 2
44 10 0.270 0 1
55 70 0.302 0 1
13 70 0.070 0 1
18 30 0.055 0 2
41 5 0.149 0 2
17 15 0.090 0 1
37 22 0.112 0 2
101 15 0.447 0 1
56 15 0.192 0 1
62 30 0.185 0 2
269 5 0.906 0 1
14 100 0.073 0 2
147 100 0.445 0 1
48 22 0.262 0 2
17 5 0.112 0 2
146 22 0.643 0 2
78 5 0.333 0 1
38 10 0.245 0 1
17 100 0.050 0 2
60 70 0.204 0 1
75 30 0.276 0 1
18 30 0.110 0 2
207 15 1.262 0 2
128 30 0.531 0 2
47 70 0.151 0 2
47 40 0.177 0 2
87 15 0.289 0 1
155 15 0.721 0 1
24 15 0.130 0 1
19 40 0.097 0 2
233 70 0.823 0 1
331 30 1.068 0 2
31 15 0.113 0 1
52 22 0.201 0 2
10 5 0.048 0 1
70 10 0.366 0 2
14 15 0.050 0 1
146 5 0.479 0 1
51 22 0.153 0 2
21 5 0.089 0 2
153 40 0.458 0 2
97 5 0.460 0 1
85 22 0.556 0 1
19 10 0.062 0 2
72 15 0.310 0 1
26 70 0.126 0 2
66 5 0.268 0 1
12 40 0.050 0 2
50 22 0.153 0 2
65 70 0.217 0 1
146 52 0.471 0 1
47 40 0.171 0 2
158 100 0.681 0 2
19 15 0.128 0 2
18 70 0.065 0 2
27 22 0.166 0 2
95 5 0.348 0 1
11 30 0.032 0 2
17 22 0.050 0 2
37 30 0.181 0 2
43 22 0.153 0 2
150 30 0.459 0 1
18 40 0.058 0 1
60 10 0.319 0 1
71 52 0.286 0 2
91 10 0.329 0 2
178 15 0.701 0 1
26 40 0.085 0 1
85 10 0.373 0 2
18 15 0.070 0 2
21 22 0.108 0 2
262 10 0.777 0 1
189 40 0.634 0 2
46 5 0.139 0 1
100 22 0.424 0 2
87 15 0.494 0 2
12 10 0.055 0 1
60 30 0.188 0 1
32 10 0.117 0 1
24 30 0.081 0 2
13 52 0.064 0 1
189 5 1.016 0 2
43 100 0.225 0 2
75 40 0.271 0 2
35 30 0.117 0 2
46 100 0.251 0 2
60 70 0.206 0 2
14 100 0.062 0 1
71 70 0.263 0 1
56 30 0.280 0 2
16 5 0.090 1 2
65 15 0.217 1 0
22 52 0.120 1 2
291 70 0.879 1 0
18 10 0.066 1 0
50 100 0.159 1 0
177 52 0.941 1 0
13 100 0.072 1 0
78 22 0.306 1 2
13 52 0.052 1 2
10 10 0.051 1 2
19 40 0.080 1 0
199 10 0.777 1 0
16 52 0.062 1 2
86 10 0.355 1 0
10 22 0.039 1 0
76 70 0.384 1 0
21 100 0.129 1 0
54 5 0.234 1 0
24 52 0.080 1 0
25 5 0.104 1 0
11 40 0.042 1 2
11 5 0.055 1 2
23 40 0.080 1 0
15 100 0.044 1 2
40 22 0.125 1 0
21 10 0.106 1 0
12 70 0.052 1 0
18 70 0.057 1 0
250 100 0.812 1 0
181 52 0.900 1 0
322 52 1.347 1 0
27 22 0.091 1 0
61 40 0.372 1 0
217 70 0.973 1 0
37 52 0.123 1 0
31 15 0.112 1 0
57 5 0.380 1 2
161 5 0.516 1 0
78 22 0.282 1 0
31 30 0.190 1 0
12 40 0.060 1 0
27 22 0.102 1 0
37 40 0.193 1 0
36 5 0.139 1 0
69 22 0.322 1 0
151 70 0.803 1 0
20 15 0.105 1 0
123 30 0.403 1 0
93 40 0.574 1 0
11 10 0.055 1 0
29 30 0.099 1 2
12 52 0.048 1 0
68 70 0.259 1 0
72 100 0.285 1 0
196 70 1.048 1 0
34 52 0.109 1 2
118 5 0.562 1 0
110 100 0.328 1 0
13 30 0.082 1 2
14 100 0.056 1 0
13 40 0.059 1 2
35 52 0.129 1 0
167 52 1.025 1 0
22 52 0.085 1 0
218 10 1.112 1 0
17 70 0.084 1 2
42 70 0.131 1 2
46 10 0.187 1 0
297 70 1.326 1 2
11 5 0.035 1 0
256 30 1.684 1 2
38 22 0.204 1 0
59 30 0.241 1 2
14 30 0.051 1 2
151 22 0.696 1 0
57 5 0.248 1 0
37 10 0.121 1 0
59 52 0.245 1 0
39 5 0.120 1 0
14 30 0.057 1 0
13 10 0.046 1 0
32 40 0.142 1 0
151 52 0.627 1 0
76 30 0.226 1 2
53 30 0.196 1 0
15 30 0.063 1 2
53 5 0.241 1 0
15 70 0.046 1 0
52 5 0.174 1 0
32 10 0.183 1 0
99 22 0.312 1 0
53 22 0.158 1 2
19 40 0.097 1 0
25 15 0.111 1 2
14 10 0.044 1 0
172 22 0.649 1 0
100 15 0.316 1 2
12 22 0.037 1 0
126 30 0.636 1 2
31 40 0.195 1 2
95 15 0.569 1 2
119 22 0.669 1 0
11 40 0.041 1 2
137 5 0.409 1 0
204 22 0.630 1 0
79 10 0.271 1 2
167 22 1.071 1 2
337 22 2.006 1 0
32 15 0.108 1 2
136 30 0.435 1 2
34 40 0.212 1 0
181 10 0.642 1 2
62 52 0.310 1 0
66 52 0.382 1 0
19 100 0.088 1 2
59 5 0.316 1 2
71 5 0.353 1 0
53 10 0.226 1 0
28 52 0.117 1 2
48 40 0.231 1 0
279 10 1.004 1 0
14 70 0.048 1 0
68 5 0.456 1 0
307 100 1.408 1 0
131 70 0.452 1 0
55 30 0.248 1 0
15 100 0.084 1 0
11 10 0.057 1 0
37 70 0.111 1 0
16 100 0.053 1 2
37 100 0.122 1 0
293 5 1.450 1 2
29 100 0.132 1 0
18 5 0.070 1 0
10 15 0.035 1 0
41 10 0.134 1 0
63 10 0.203 1 0
75 100 0.251 1 2
34 30 0.120 1 2
39 100 0.162 1 2
18 70 0.082 1 0
34 100 0.190 1 0
280 52 1.421 1 0
31 52 0.117 1 2
14 5 0.053 1 0
20 70 0.084 1 0
21 15 0.061 1 2
32 100 0.137 1 2
281 100 0.983 1 0
122 15 0.419 1 0
67 22 0.310 1 2
195 22 0.595 1 2
19 70 0.097 1 0
19 30 0.095 1 0
70 10 0.223 1 0
144 70 0.444 1 0
27 15 0.140 1 0
161 10 0.745 1 2
59 15 0.242 1 0
31 30 0.116 1 0
173 30 0.848 1 0
19 52 0.085 1 0
223 40 0.652 1 0
15 22 0.072 1 0
44 5 0.206 1 0
51 15 0.287 1 0
16 100 0.061 1 2
42 100 0.276 1 0
143 100 0.467 1 0
62 40 0.181 1 0
32 15 0.114 1 0
16 10 0.084 1 0
10 10 0.035 1 0
34 30 0.105 1 0
24 15 0.096 1 0
19 30 0.091 1 0
233 15 1.177 1 0
31 40 0.093 1 0
14 10 0.066 1 2
11 100 0.046 1 0
17 10 0.059 1 0
15 10 0.074 1 0
119 5 0.534 1 2
66 40 0.333 1 2
109 30 0.361 1 2
67 100 0.246 1 0
141 70 0.705 1 2
21 22 0.089 1 0
32 30 0.125 1 0
135 10 0.446 1 0
12 15 0.043 1 2
28 10 0.126 1 2
196 30 1.010 1 2
16 52 0.068 1 0
56 22 0.290 1 0
53 100 0.340 1 0
74 5 0.250 1 2
284 22 1.076 1 0
76 5 0.442 1 0
87 5 0.319 1 0
143 10 0.624 1 0
61 22 0.276 1 0
54 15 0.171 1 2
338 52 2.253 1 0
12 40 0.042 1 2
47 15 0.278 1 2
119 15 0.768 1 2
37 52 0.129 1 2
37 100 0.240 1 0
88 30 0.268 1 2
252 52 0.937 1 0
56 22 0.272 1 0
164 100 0.763 1 0
15 100 0.101 1 0
130 70 0.510 1 2
14 22 0.054 1 0
198 5 0.736 1 0
23 30 0.073 1 2
114 40 0.416 1 0
15 15 0.066 1 0
24 5 0.108 1 2
192 15 0.610 1 2
64 10 0.360 1 0
33 52 0.199 1 0
59 100 0.381 1 0
65 40 0.244 1 0
12 22 0.038 1 0
122 22 0.365 1 0
16 22 0.052 1 0
80 100 0.285 1 0
110 22 0.498 1 2
60 40 0.206 1 2
235 10 0.734 1 2
69 40 0.272 1 0
19 5 0.123 1 0
26 10 0.088 1 0
161 70 0.716 1 2
109 70 0.677 1 0
49 30 0.196 1 0
17 52 0.063 1 0
73 100 0.269 1 0
243 10 0.711 1 0
35 52 0.128 1 0
23 100 0.086 1 2
12 5 0.067 1 2
193 52 0.748 1 0
38 15 0.177 1 2
13 15 0.077 1 0
32 40 0.216 1 2
155 22 0.771 1 0
72 100 0.486 1 2
17 30 0.061 1 0
38 40 0.129 1 2
23 5 0.068 1 2
67 70 0.263 1 2
35 22 0.131 1 0
53 22 0.202 1 2
149 15 0.671 1 2
42 40 0.183 1 2
94 40 0.279 1 0
17 22 0.109 1 2
20 10 0.107 1 2
183 70 0.766 1 0
77 15 0.458 1 0
113 5 0.739 1 0
37 15 0.160 1 0
25 100 0.090 1 2
37 40 0.177 1 2
105 52 0.522 1 0
120 22 0.529 1 0
124 40 0.405 1 0
266 70 1.511 1 0
77 10 0.240 1 0
11 10 0.052 1 0
122 30 0.550 1 0
15 52 0.052 1 2
116 5 0.438 1 0
134 100 0.843 1 0
15 22 0.063 1 0
124 70 0.373 1 0
66 15 0.239 1 2
12 5 0.048 1 0
176 30 0.587 1 2
322 5 1.032 1 0
11 15 0.038 1 2
109 30 0.443 1 0
54 100 0.164 1 0
20 40 0.065 1 2
25 10 0.078 1 0
10 70 0.050 1 0
10 70 0.029 1 0
69 100 0.274 1 2
32 30 0.103 1 2
25 70 0.117 1 0
13 22 0.048 1 0
10 30 0.068 1 2
16 70 0.069 1 0
307 40 1.827 1 2
175 100 0.576 1 2
58 100 0.362 1 0
69 52 0.295 1 2
69 5 0.224 1 2
180 22 0.643 1 0
21 5 0.090 1 0
60 40 0.250 1 2
13 10 0.056 1 0
24 52 0.099 1 0
87 100 0.358 1 0
22 40 0.102 1 0
120 5 0.471 1 0
30 15 0.126 1 0
101 10 0.635 1 2
257 10 0.915 1 0
14 30 0.044 1 2
40 52 0.153 1 0
190 10 0.709 1 0
72 10 0.291 1 0
15 100 0.056 1 0
96 5 0.390 1 2
152 10 0.933 1 0
50 30 0.172 1 2
15 30 0.056 1 0
36 100 0.125 1 2
136 52 0.683 1 0
42 10 0.127 1 0
10 10 0.045 1 2
167 22 0.933 1 2
185 10 0.761 1 0
117 40 0.376 1 0
83 15 0.405 1 0
55 10 0.270 1 0
44 5 0.234 1 0
70 22 0.254 1 0
27 10 0.106 1 2
78 10 0.497 1 0
15 70 0.049 1 2
70 100 0.258 1 0
74 40 0.379 1 0
18 22 0.073 1 0
12 15 0.037 1 0
145 30 0.578 1 2
59 30 0.246 1 2
11 10 0.039 1 0
14 70 0.061 1 0
166 70 0.878 1 0
26 52 0.102 1 0
18 15 0.085 1 0
266 22 0.869 1 0
178 52 0.659 1 0
274 100 1.280 1 0
290 40 1.021 1 0
10 10 0.048 1 0
11 100 0.034 1 2
14 22 0.086 1 0
87 70 0.390 1 2
132 10 0.400 1 0
120 30 0.619 1 0
36 30 0.152 1 2
231 30 0.909 1 0
28 100 0.139 1 0
15 100 0.056 1 2
13 70 0.083 1 2
58 100 0.195 1 2
110 70 0.679 1 2
55 52 0.172 1 0
68 40 0.402 1 0
21 5 0.100 1 2
14 22 0.095 1 0
19 15 0.068 1 2
64 30 0.269 1 0
22 100 0.080 1 2
20 40 0.118 1 2
148 70 0.464 1 0
184 100 0.684 1 0
18 52 0.053 1 2
37 40 0.145 1 0
37 22 0.121 1 2
147 30 0.770 1 0
218 10 0.673 1 0
188 40 0.570 1 2
15 15 0.061 1 0
159 40 0.480 1 0
14 10 0.047 1 0
161 30 0.594 1 2
19 30 0.073 1 2
40 70 0.121 1 0
53 52 0.176 1 0
306 22 1.681 1 2
26 10 0.105 1 0
60 52 0.192 1 0
12 52 0.044 1 0
25 40 0.117 1 2
53 22 0.225 1 2
38 5 0.111 1 0
19 10 0.123 1 2
149 5 0.530 1 0
16 30 0.053 1 0
19 52 0.063 1 0
14 100 0.074 1 0
65 10 0.273 1 0
145 30 0.520 1 0
18 40 0.074 1 0
23 70 0.091 1 0
62 70 0.207 1 0
59 100 0.291 1 0
66 30 0.332 1 0
38 70 0.128 1 0
64 52 0.368 1 2
17 30 0.055 1 0
248 22 1.378 1 0
14 52 0.078 1 0
149 22 0.738 1 0
121 40 0.582 1 0
138 52 0.537 1 0
11 10 0.035 1 0
132 52 0.451 1 0
297 30 0.977 1 0
36 15 0.170 1 2
326 10 1.083 1 2
122 5 0.425 1 0
77 30 0.252 1 0
41 10 0.216 1 2
55 22 0.342 1 0
63 5 0.199 1 0
16 10 0.081 1 0
181 22 1.117 1 0
68 15 0.316 1 0
50 52 0.230 1 2
32 30 0.119 1 0
38 30 0.212 1 0
71 15 0.461 1 2
18 70 0.054 1 0
176 22 0.562 1 0
40 100 0.197 1 0
11 22 0.049 1 0
304 40 1.528 1 0
67 70 0.409 1 2
70 30 0.230 1 0
48 22 0.203 1 0
52 52 0.181 1 2
43 10 0.257 1 0
54 15 0.266 1 0
73 100 0.399 1 0
80 40 0.248 1 0
25 22 0.107 1 2
153 22 0.453 1 0
207 40 1.286 1 0
147 10 0.967 1 0
17 10 0.078 1 0
70 100 0.230 1 0
18 15 0.090 1 2
18 10 0.060 1 0
203 30 1.068 1 2
29 52 0.190 1 2
14 10 0.092 1 2
40 10 0.159 1 0
75 15 0.366 1 2
14 70 0.063 1 2
74 40 0.319 1 0
26 52 0.131 1 2
34 70 0.120 1 0
77 10 0.279 1 0
16 10 0.047 1 2
51 15 0.218 1 0
35 70 0.114 1 0
25 15 0.134 1 2
68 40 0.211 1 0
23 10 0.135 1 0
265 30 0.860 1 0
17 5 0.107 1 2
35 22 0.208 1 0
11 100 0.071 1 2
15 52 0.060 1 0
50 40 0.192 1 2
28 15 0.095 1 0
163 5 0.620 1 0
186 100 0.589 1 2
132 22 0.489 1 0
10 5 0.038 1 0
136 52 0.872 1 2
10 100 0.050 1 0
10 10 0.051 1 0
70 70 0.329 1 0
14 10 0.044 1 2
105 40 0.383 1 0
43 30 0.156 1 0
144 10 0.522 1 0
35 70 0.117 1 0
147 52 0.746 1 0
230 52 0.861 1 2
70 70 0.288 1 0
24 5 0.122 1 0
13 52 0.068 1 0
93 22 0.313 1 2
37 22 0.129 1 0
66 10 0.213 1 2
17 5 0.109 1 0
34 15 0.139 1 2
221 10 1.195 1 0
58 22 0.367 1 0
13 100 0.052 1 2
29 52 0.093 1 2
16 70 0.050 1 2
31 22 0.176 1 0
134 10 0.439 1 0
34 70 0.100 1 0
14 70 0.062 1 0
55 70 0.281 1 0
24 22 0.089 1 0
100 100 0.312 1 2
39 30 0.241 1 0
143 15 0.422 1 2
52 15 0.284 1 2
220 52 0.703 1 0
14 15 0.073 1 0
34 22 0.147 1 0
19 5 0.064 1 0
208 40 0.751 1 0
223 70 0.788 1 0
184 5 0.783 1 0
111 15 0.430 1 0
16 52 0.067 1 0
51 100 0.190 1 0
32 40 0.162 1 2
187 52 1.222 1 2
66 30 0.292 1 2
104 52 0.671 1 0
126 22 0.467 1 2
196 22 0.715 1 2
44 52 0.136 1 0
38 30 0.132 1 2
18 70 0.060 1 0
24 40 0.092 1 0
37 5 0.197 1 2
39 40 0.123 1 0
304 5 1.469 1 0
17 22 0.065 1 0
85 40 0.374 1 2
40 22 0.175 1 0
144 40 0.670 1 0
28 40 0.123 1 0
26 40 0.088 1 0
305 52 1.533 1 0
147 70 0.588 1 0
12 40 0.042 1 0
12 22 0.050 1 2
33 10 0.154 1 0
55 22 0.172 1 0
126 5 0.427 1 0
52 22 0.220 1 0
21 40 0.069 1 2
29 10 0.135 1 2
34 70 0.116 1 0
14 5 0.089 1 2
36 70 0.115 1 2
181 70 0.562 1 2
70 70 0.246 1 0
50 70 0.160 1 2
104 5 0.531 1 0
193 15 0.965 1 0
26 15 0.088 1 0
35 22 0.199 1 0
17 52 0.058 1 0
31 5 0.165 1 0
331 10 1.085 1 0
32 10 0.096 1 0
133 5 0.468 1 2
45 100 0.273 1 0
61 70 0.211 1 2
107 52 0.641 1 0
12 10 0.055 1 0
52 5 0.152 1 0
29 5 0.103 1 2
161 30 0.531 1 0
11 40 0.045 1 0
83 22 0.270 2 1
50 52 0.185 2 1
15 30 0.047 2 0
24 10 0.094 2 1
33 30 0.109 2 0
10 52 0.045 2 0
29 5 0.188 2 0
102 100 0.675 2 1
74 30 0.230 2 1
34 5 0.152 2 0
291 30 1.233 2 0
26 10 0.085 2 1
98 70 0.551 2 1
140 100 0.504 2 0
35 10 0.103 2 0
106 52 0.411 2 1
338 5 1.368 2 1
316 15 1.016 2 0
133 40 0.899 2 0
158 100 0.742 2 1
74 70 0.316 2 0
22 70 0.089 2 0
64 52 0.198 2 0
53 100 0.342 2 0
120 70 0.522 2 0
243 40 0.853 2 1
271 10 0.889 2 0
206 100 0.602 2 1
10 70 0.033 2 0
26 15 0.151 2 0
39 5 0.124 2 0
29 70 0.107 2 0
281 52 1.527 2 1
18 30 0.054 2 0
12 40 0.047 2 1
19 100 0.069 2 0
13 5 0.041 2 1
165 40 0.805 2 1
195 40 1.127 2 0
28 52 0.097 2 1
55 40 0.194 2 0
28 30 0.127 2 1
58 100 0.180 2 1
25 22 0.114 2 0
142 70 0.513 2 1
36 5 0.171 2 0
10 22 0.054 2 0
12 22 0.039 2 0
36 70 0.242 2 1
90 10 0.517 2 1
41 10 0.195 2 0
15 10 0.066 2 0
297 10 1.717 2 0
186 5 0.620 2 0
113 70 0.333 2 1
135 100 0.506 2 0
12 10 0.036 2 1
128 52 0.432 2 0
93 10 0.298 2 1
24 5 0.084 2 0
225 70 0.771 2 1
20 10 0.085 2 0
24 5 0.147 2 1
11 15 0.042 2 1
76 30 0.406 2 1
62 5 0.221 2 1
226 10 1.215 2 0
212 15 0.691 2 0
18 10 0.108 2 0
19 30 0.098 2 0
16 30 0.101 2 0
328 70 0.956 2 0
36 100 0.121 2 0
144 40 0.420 2 1
61 70 0.252 2 1
36 10 0.141 2 0
39 40 0.162 2 0
53 40 0.155 2 0
63 100 0.185 2 0
197 40 0.689 2 1
73 5 0.286 2 0
319 70 1.491 2 0
14 10 0.057 2 0
178 40 0.539 2 1
27 10 0.146 2 0
61 70 0.351 2 0
29 100 0.176 2 0
211 52 1.199 2 0
59 40 0.281 2 1
81 100 0.319 2 1
14 100 0.077 2 0
12 15 0.058 2 0
23 100 0.073 2 0
80 52 0.286 2 1
173 100 0.542 2 1
188 40 0.862 2 0
107 40 0.338 2 1
10 15 0.059 2 0
286 22 0.867 2 0
15 15 0.068 2 1
18 100 0.090 2 0
178 40 0.978 2 1
60 30 0.200 2 1
53 30 0.170 2 1
17 52 0.052 2 0
231 10 1.520 2 1
25 30 0.112 2 0
18 5 0.090 2 0
187 52 0.813 2 0
158 40 0.590 2 0
96 30 0.286 2 0
314 5 1.926 2 1
175 10 1.159 2 0
79 52 0.319 2 0
12 70 0.052 2 0
43 15 0.200 2 0
63 52 0.240 2 0
75 100 0.270 2 1
83 10 0.293 2 0
35 15 0.107 2 1
10 100 0.055 2 0
79 10 0.283 2 0
16 70 0.051 2 0
10 10 0.047 2 0
18 22 0.055 2 0
53 40 0.279 2 0
54 40 0.223 2 1
76 10 0.249 2 1
12 22 0.073 2 0
15 22 0.058 2 0
39 5 0.152 2 0
68 15 0.308 2 0
75 100 0.269 2 1
181 15 0.675 2 0
330 22 1.142 2 1
72 52 0.296 2 0
53 30 0.183 2 0
15 15 0.051 2 0
123 10 0.429 2 1
87 5 0.309 2 1
304 22 1.551 2 1
27 40 0.107 2 1
70 10 0.279 2 1
281 40 0.906 2 0
26 22 0.150 2 0
33 5 0.201 2 0
50 70 0.260 2 0
12 10 0.060 2 0
25 100 0.124 2 0
17 52 0.064 2 0
191 52 0.705 2 0
31 5 0.116 2 0
29 15 0.112 2 1
91 52 0.479 2 0
26 15 0.077 2 0
222 30 0.667 2 0
179 22 0.984 2 1
34 22 0.129 2 0
10 52 0.033 2 0
166 52 0.574 2 1
200 52 0.669 2 0
29 40 0.102 2 0
272 5 0.840 2 0
82 40 0.497 2 0
86 5 0.256 2 0
44 52 0.131 2 1
50 70 0.307 2 0
21 15 0.061 2 1
14 15 0.056 2 0
16 10 0.072 2 0
37 100 0.130 2 0
184 30 1.227 2 0
14 5 0.043 2 1
18 100 0.110 2 0
12 5 0.079 2 0
76 30 0.286 2 0
16 10 0.048 2 0
20 30 0.078 2 0
310 15 1.047 2 0
187 52 1.222 2 0
131 22 0.809 2 0
228 52 0.934 2 0
89 52 0.359 2 1
37 5 0.156 2 1
56 10 0.198 2 1
254 52 1.427 2 1
52 5 0.170 2 0
10 22 0.050 2 0
16 10 0.104 2 0
26 40 0.114 2 0
76 30 0.237 2 1
25 15 0.079 2 1
78 10 0.277 2 0
37 22 0.206 2 1
88 30 0.359 2 0
10 5 0.042 2 0
13 100 0.046 2 0
21 22 0.067 2 0
19 52 0.127 2 1
34 40 0.110 2 0
300 52 1.685 2 1
68 22 0.224 2 0
21 22 0.070 2 1
292 5 1.659 2 0
79 5 0.292 2 0
78 70 0.308 2 1
337 70 1.327 2 0
10 40 0.037 2 0
116 30 0.387 2 0
13 40 0.043 2 0
143 70 0.671 2 1
304 52 1.261 2 1
229 30 0.818 2 0
55 52 0.179 2 0
11 100 0.040 2 0
42 5 0.158 2 1
12 22 0.046 2 0
15 15 0.053 2 0
144 30 0.514 2 1
28 52 0.083 2 1
24 70 0.085 2 1
253 30 1.171 2 0
321 10 1.074 2 0
233 22 0.943 2 0
66 22 0.310 2 1
10 40 0.051 2 0
56 10 0.179 2 0
23 22 0.071 2 0
33 52 0.142 2 1
157 22 0.766 2 1
224 100 0.858 2 0
12 100 0.052 2 0
46 10 0.153 2 1
55 52 0.274 2 0
312 30 0.975 2 1
76 5 0.373 2 0
31 52 0.103 2 1
112 52 0.396 2 0
79 5 0.336 2 0
17 52 0.053 2 0
25 100 0.164 2 1
168 30 0.501 2 1
11 40 0.046 2 0
75 5 0.466 2 0
10 100 0.061 2 0
63 22 0.208 2 0
16 22 0.059 2 0
195 22 1.258 2 0
29 52 0.133 2 1
39 40 0.217 2 0
285 10 1.071 2 0
317 30 1.174 2 0
60 100 0.286 2 0
15 70 0.047 2 1
269 52 1.228 2 0
145 22 0.780 2 1
13 52 0.059 2 0
55 10 0.162 2 0
23 70 0.118 2 0
142 22 0.620 2 0
61 52 0.228 2 0
130 5 0.783 2 0
60 30 0.311 2 0
65 5 0.245 2 0
26 30 0.168 2 1
17 22 0.093 2 0
11 30 0.062 2 1
25 22 0.101 2 0
65 10 0.212 2 1
52 52 0.194 2 0
11 30 0.039 2 0
21 5 0.073 2 0
78 100 0.290 2 0
61 10 0.203 2 1
318 5 1.132 2 0
14 5 0.092 2 0
70 22 0.239 2 0
35 100 0.230 2 1
46 10 0.185 2 0
70 10 0.378 2 0
39 52 0.125 2 0
30 52 0.112 2 0
140 15 0.449 2 0
72 15 0.226 2 0
16 30 0.049 2 0
15 5 0.097 2 0
37 5 0.163 2 0
67 70 0.302 2 0
30 52 0.108 2 1
47 5 0.261 2 0
219 100 1.244 2 1
40 70 0.175 2 1
278 5 1.086 2 1
11 40 0.042 2 0
17 10 0.068 2 0
14 30 0.065 2 0
16 30 0.048 2 0
69 5 0.335 2 0
15 52 0.045 2 0
226 15 0.663 2 0
41 52 0.128 2 0
31 15 0.161 2 1
35 70 0.236 2 0
16 30 0.059 2 0
185 52 0.720 2 1
60 30 0.400 2 0
158 22 0.541 2 0
18 30 0.056 2 0
155 15 0.643 2 0
64 22 0.337 2 1
11 15 0.056 2 0
170 30 0.500 2 0
34 52 0.134 2 0
50 70 0.159 2 0
48 5 0.225 2 0
16 22 0.054 2 0
32 100 0.108 2 1
12 52 0.036 2 0
17 40 0.068 2 0
246 30 1.509 2 0
37 10 0.226 2 0
65 70 0.308 2 0
42 10 0.235 2 1
15 30 0.065 2 0
26 52 0.103 2 1
39 40 0.117 2 0
13 5 0.042 2 0
337 30 1.166 2 0
23 100 0.078 2 0
261 40 1.097 2 1
12 10 0.037 2 0
148 15 0.607 2 0
14 22 0.087 2 1
159 40 0.574 2 0
15 5 0.056 2 0
52 100 0.166 2 1
61 52 0.268 2 0
13 70 0.039 2 0
32 5 0.137 2 0
14 15 0.074 2 0
54 52 0.181 2 0
180 40 0.773 2 1
174 22 0.515 2 0
128 30 0.579 2 0
28 100 0.144 2 0
68 15 0.337 2 0
183 15 0.675 2 0
148 10 0.592 2 0
56 40 0.368 2 0
68 15 0.382 2 0
19 100 0.061 2 0
66 30 0.243 2 0
50 22 0.323 2 0
199 22 1.318 2 0
15 10 0.046 2 1
11 70 0.065 2 0
19 40 0.058 2 0
157 52 0.863 2 0
48 40 0.187 2 1
106 10 0.631 2 1
69 52 0.234 2 0
40 30 0.132 2 0
98 40 0.375 2 0
67 10 0.351 2 0
51 40 0.166 2 0
44 100 0.291 2 1
18 40 0.091 2 0
17 70 0.089 2 1
28 10 0.100 2 0
16 30 0.061 2 1
176 30 1.035 2 0
10 22 0.055 2 0
93 5 0.346 2 0
18 5 0.096 2 0
178 15 0.586 2 0
56 40 0.348 2 0
12 40 0.048 2 0
70 100 0.414 2 1
16 22 0.054 2 0
10 30 0.050 2 0
75 100 0.469 2 0
113 52 0.753 2 0
28 10 0.097 2 0
50 5 0.190 2 0
75 10 0.395 2 0
319 100 1.186 2 0
59 5 0.187 2 0
196 15 0.705 2 0
243 5 1.110 2 1
280 52 1.302 2 0
78 22 0.481 2 0
64 30 0.198 2 1
98 40 0.298 2 0
57 100 0.302 2 0
38 52 0.123 2 0
91 15 0.310 2 0
31 52 0.107 2 0
12 10 0.042 2 0
72 40 0.358 2 0
259 22 1.112 2 1
106 52 0.541 2 1
30 30 0.164 2 0
16 52 0.080 2 0
269 5 1.401 2 0
208 5 1.387 2 1
92 22 0.364 2 1
53 100 0.180 2 0
17 40 0.067 2 0
259 52 1.321 2 0
44 10 0.239 2 0
60 100 0.306 2 0
76 52 0.472 2 0
211 15 0.708 2 0
232 22 0.947 2 0
18 52 0.100 2 0
82 40 0.249 2 1
22 22 0.064 2 0
38 10 0.154 2 0
168 40 0.913 2 1
29 22 0.107 2 0
134 15 0.720 2 0
45 52 0.160 2 1
33 10 0.171 2 1
145 30 0.525 2 1
79 30 0.476 2 0
22 5 0.124 2 1
281 15 0.836 2 0
10 52 0.039 2 1
25 52 0.074 2 0
18 10 0.061 2 0
18 15 0.071 2 1
71 5 0.271 2 0
73 52 0.440 2 0
102 52 0.593 2 1
58 52 0.352 2 0
185 40 0.794 2 0
31 30 0.138 2 0
192 70 0.768 2 0
198 52 1.112 2 0
47 22 0.313 2 0
207 5 0.668 2 0
252 40 1.595 2 1
18 10 0.070 2 0
52 52 0.233 2 0
17 30 0.069 2 1
57 5 0.172 2 1
170 70 0.776 2 1
196 70 0.609 2 0
11 30 0.071 2 1
224 70 0.689 2 0
162 22 0.885 2 0
37 52 0.239 2 1
52 70 0.198 2 0
10 40 0.034 2 0
11 30 0.033 2 1
24 40 0.084 2 0
43 70 0.185 2 0
100 5 0.431 2 0
150 70 0.573 2 0
52 15 0.254 2 0
187 22 0.813 2 1
13 22 0.057 2 1
161 30 0.485 2 0
119 10 0.439 2 1
190 30 0.691 2 1
180 70 0.690 2 1
264 40 0.828 2 1
33 10 0.096 2 0
36 100 0.141 2 0
52 15 0.267 2 1
195 10 0.903 2 0
12 100 0.071 2 0
292 10 1.431 2 0
23 40 0.106 2 1
66 15 0.200 2 0
31 22 0.099 2 0
68 52 0.422 2 0
71 30 0.297 2 0
17 52 0.073 2 0
12 30 0.049 2 1
11 5 0.042 2 1
14 30 0.043 2 1
134 10 0.694 2 0
12 30 0.068 2 0
13 100 0.062 2 0
43 30 0.229 2 1
192 40 0.610 2 0
56 5 0.293 2 0
38 40 0.207 2 0
65 5 0.255 2 1
103 5 0.355 2 1
90 22 0.489 2 0
18 40 0.096 2 1
46 10 0.260 2 1
190 22 0.569 2 0
128 100 0.459 2 1
20 30 0.066 2 0
245 15 1.070 2 0
339 15 1.027 2 0
89 15 0.345 2 0
114 40 0.695 2 1
128 15 0.810 2 0
78 40 0.324 2 0
71 70 0.284 2 0
286 40 0.872 2 1
