17 22 0.093 0 1
31 100 0.205 0 1
27 100 0.124 0 1
47 70 0.311 0 2
10 70 0.065 0 2
224 10 1.266 0 2
12 40 0.052 0 2
126 10 0.442 0 2
277 40 0.877 0 2
168 100 1.012 0 2
77 30 0.401 0 1
28 5 0.113 0 1
27 52 0.102 0 1
102 15 0.459 0 2
17 70 0.056 0 2
269 10 1.263 0 2
72 52 0.453 0 2
289 15 1.914 0 1
26 22 0.080 0 1
39 100 0.117 0 1
17 30 0.058 0 1
41 52 0.129 0 2
93 40 0.303 0 1
107 40 0.591 0 2
199 10 0.952 0 2
21 40 0.107 0 1
15 30 0.067 0 2
274 22 0.968 0 2
161 22 0.636 0 2
117 40 0.525 0 1
11 52 0.074 0 1
246 70 1.134 0 1
13 100 0.040 0 2
83 15 0.299 0 2
76 5 0.429 0 2
31 15 0.093 0 1
131 100 0.444 0 1
36 5 0.139 0 1
32 70 0.096 0 2
58 10 0.290 0 2
47 22 0.204 0 2
214 22 1.196 0 2
33 40 0.107 0 1
100 40 0.344 0 2
24 15 0.072 0 2
21 15 0.071 0 2
17 15 0.083 0 1
11 70 0.037 0 1
62 52 0.312 0 1
102 100 0.637 0 1
17 15 0.063 0 2
27 100 0.127 0 2
27 100 0.125 0 1
28 30 0.121 0 1
174 30 0.813 0 2
70 30 0.215 0 2
29 30 0.099 0 1
264 22 1.660 0 2
28 52 0.112 0 1
112 5 0.487 0 2
10 70 0.051 0 2
160 40 0.488 0 1
150 22 0.682 0 1
65 30 0.249 0 2
161 15 0.894 0 1
132 5 0.737 0 2
64 5 0.372 0 2
71 52 0.418 0 2
73 10 0.279 0 1
33 30 0.173 0 1
164 30 0.567 0 2
10 30 0.037 0 1
283 15 0.871 0 1
140 40 0.545 0 2
23 5 0.068 0 2
98 10 0.488 0 1
109 15 0.388 0 1
60 100 0.226 0 2
16 5 0.071 0 2
336 10 2.012 0 2
61 15 0.318 0 2
199 10 1.259 0 1
159 15 0.566 0 2
14 40 0.042 0 1
291 22 1.014 0 1
19 10 0.090 0 2
16 70 0.055 0 1
62 52 0.264 0 2
26 52 0.146 0 1
152 15 0.859 0 2
132 52 0.399 0 2
124 100 0.443 0 2
14 70 0.053 0 2
295 70 1.157 0 1
19 30 0.116 0 2
122 10 0.540 0 1
37 40 0.190 0 1
50 30 0.182 0 1
198 30 0.658 0 1
29 30 0.196 0 1
23 40 0.091 0 2
40 15 0.192 0 2
73 30 0.332 0 1
215 70 0.870 0 2
20 70 0.060 0 1
28 100 0.152 0 2
77 22 0.268 0 2
161 5 0.494 0 2
15 52 0.045 0 2
32 10 0.094 0 2
17 15 0.060 0 1
61 15 0.323 0 1
13 15 0.040 0 1
30 10 0.152 0 2
31 70 0.187 0 1
15 40 0.069 0 1
293 22 0.997 0 2
52 5 0.152 0 2
54 10 0.202 0 2
39 22 0.127 0 1
10 15 0.050 0 1
15 52 0.052 0 2
15 22 0.057 0 1
273 15 1.696 0 2
150 5 0.704 0 2
21 5 0.083 0 2
29 5 0.102 0 2
111 100 0.376 0 1
76 40 0.238 0 1
256 15 1.237 0 1
19 22 0.064 0 2
35 40 0.128 0 1
114 22 0.659 0 2
138 100 0.414 0 2
13 22 0.065 0 2
85 10 0.286 0 2
107 52 0.370 0 1
14 100 0.045 0 1
152 70 0.749 0 2
44 40 0.228 0 2
106 22 0.688 0 2
15 70 0.060 0 1
68 52 0.439 0 2
46 30 0.245 0 1
47 30 0.146 0 2
22 70 0.066 0 1
151 70 0.766 0 1
32 5 0.113 0 2
76 40 0.434 0 1
64 40 0.233 0 2
13 40 0.052 0 2
18 70 0.065 0 2
72 5 0.211 0 1
36 10 0.140 0 1
40 5 0.217 0 2
103 30 0.548 0 1
64 10 0.227 0 2
12 22 0.052 0 1
13 40 0.039 0 1
106 30 0.671 0 1
220 40 0.741 0 1
189 30 0.551 0 2
187 22 0.601 0 2
19 10 0.091 0 2
10 5 0.035 0 2
17 15 0.096 0 2
17 15 0.079 0 2
92 15 0.447 0 2
10 70 0.038 0 2
17 30 0.056 0 1
113 100 0.420 0 2
59 70 0.185 0 2
119 5 0.405 0 1
73 30 0.237 0 2
44 10 0.136 0 2
88 10 0.518 0 1
35 100 0.119 0 2
44 100 0.238 0 1
23 30 0.067 0 1
73 22 0.344 0 2
283 5 1.241 0 2
316 52 1.350 0 2
25 10 0.153 0 2
32 15 0.097 0 2
102 10 0.654 0 2
120 100 0.638 0 2
21 5 0.140 0 2
63 100 0.234 0 1
43 30 0.287 0 2
17 15 0.113 0 2
195 30 0.621 0 2
26 5 0.096 0 1
129 100 0.721 0 2
170 15 0.612 0 1
76 100 0.335 0 2
15 52 0.077 0 1
178 15 1.085 0 2
124 52 0.678 0 2
313 30 0.913 0 2
22 40 0.124 0 1
17 40 0.053 0 2
194 52 0.862 0 2
306 40 1.308 0 2
185 70 1.000 0 2
77 5 0.339 0 2
173 52 0.901 0 1
71 22 0.228 0 2
123 70 0.386 0 2
139 22 0.474 0 1
17 100 0.053 0 1
59 40 0.258 0 1
335 100 2.120 0 1
298 70 0.909 0 1
109 15 0.343 0 1
16 15 0.101 0 1
24 52 0.076 0 1
17 40 0.065 0 2
177 30 0.717 0 1
89 5 0.303 0 1
76 100 0.313 0 2
252 15 0.951 0 2
16 52 0.077 0 2
29 52 0.193 0 2
16 40 0.053 0 2
52 22 0.236 0 2
36 22 0.167 0 2
38 100 0.184 0 2
68 70 0.364 0 2
23 52 0.111 0 1
189 15 0.645 0 2
60 22 0.211 0 1
265 15 1.035 0 2
17 5 0.052 0 2
10 40 0.040 0 1
191 22 0.582 0 1
79 5 0.305 0 2
24 22 0.139 0 2
11 15 0.047 0 2
31 5 0.133 0 2
36 40 0.220 0 1
48 40 0.180 0 2
18 100 0.079 0 1
64 5 0.308 0 2
13 30 0.042 0 1
54 100 0.213 0 2
39 30 0.184 0 2
115 40 0.518 0 1
142 30 0.736 0 1
321 15 1.613 0 2
37 40 0.112 0 1
322 10 1.438 0 2
15 52 0.054 0 2
32 22 0.094 0 2
165 70 0.778 0 1
17 22 0.063 0 1
34 22 0.222 0 2
15 40 0.073 0 1
25 40 0.166 0 1
71 5 0.336 0 2
88 40 0.402 0 2
107 100 0.374 0 2
165 70 0.506 0 2
100 15 0.313 0 1
39 30 0.239 0 2
79 15 0.234 0 2
55 52 0.242 0 1
111 5 0.665 0 2
29 15 0.088 0 1
45 100 0.170 0 1
178 15 0.937 0 1
24 5 0.106 0 2
14 40 0.057 0 2
24 10 0.098 0 1
30 5 0.145 0 1
139 10 0.747 0 2
49 40 0.144 0 1
10 40 0.060 0 2
287 40 1.181 0 2
109 52 0.450 0 2
69 70 0.209 0 1
60 30 0.287 0 2
45 5 0.188 0 2
16 15 0.054 0 1
10 15 0.030 0 2
20 70 0.090 0 2
36 5 0.111 0 1
108 5 0.460 0 1
50 10 0.164 0 2
23 70 0.131 0 1
28 70 0.144 0 2
126 70 0.467 0 1
44 40 0.197 0 2
24 70 0.083 0 1
15 22 0.050 0 2
32 100 0.179 0 2
60 40 0.205 0 2
37 22 0.120 0 2
46 22 0.274 0 1
34 15 0.228 0 1
27 15 0.132 0 1
156 15 0.598 0 2
43 10 0.156 0 2
23 52 0.070 0 2
95 100 0.312 0 2
134 100 0.415 0 2
331 52 1.149 0 2
38 30 0.215 0 1
45 10 0.148 0 2
218 5 0.694 0 1
28 10 0.107 0 1
15 30 0.047 0 2
161 40 1.088 0 2
38 70 0.130 0 1
13 22 0.062 0 2
19 30 0.078 0 1
10 40 0.043 0 1
56 10 0.348 0 1
32 10 0.126 0 2
182 15 0.532 0 1
70 22 0.473 0 2
132 15 0.510 0 2
41 10 0.169 0 2
10 22 0.046 0 2
12 30 0.043 0 2
94 70 0.285 0 1
150 15 0.698 0 2
113 10 0.355 0 1
17 15 0.072 0 1
24 15 0.122 0 2
181 5 1.046 0 1
98 22 0.533 0 1
77 15 0.470 0 2
13 100 0.050 0 2
15 15 0.061 0 1
105 22 0.660 0 2
45 70 0.153 0 2
16 5 0.089 0 2
196 5 0.632 0 1
35 30 0.175 0 1
126 22 0.384 0 2
87 5 0.314 0 1
112 100 0.365 0 2
10 5 0.034 0 1
20 10 0.065 0 1
15 100 0.094 0 2
26 100 0.098 0 1
175 15 0.593 0 2
25 40 0.088 0 2
25 10 0.092 0 1
75 30 0.403 0 1
191 10 0.562 0 1
269 100 0.897 0 1
174 30 0.524 0 2
19 5 0.083 0 2
183 22 1.116 0 1
141 30 0.578 0 1
23 10 0.117 0 2
15 5 0.060 0 2
21 100 0.099 0 1
75 52 0.463 0 2
257 40 0.880 0 2
312 52 1.228 0 2
25 10 0.078 0 1
74 5 0.463 0 1
46 5 0.166 0 1
15 40 0.061 0 2
16 22 0.101 0 2
41 30 0.164 0 1
260 70 0.798 0 2
166 70 0.834 0 2
25 5 0.088 0 1
144 10 0.520 0 2
179 70 0.688 0 1
65 70 0.359 0 1
29 30 0.107 0 2
19 52 0.060 0 2
18 40 0.065 0 2
18 22 0.085 0 1
16 40 0.057 0 1
18 52 0.098 0 2
22 22 0.124 0 1
24 40 0.075 0 2
144 40 0.796 0 2
13 100 0.068 0 1
177 5 0.731 0 2
165 30 0.864 0 1
68 10 0.224 0 2
75 100 0.362 0 1
186 15 1.081 0 1
143 52 0.593 0 2
19 15 0.057 0 2
162 52 0.589 0 1
10 10 0.049 0 2
44 22 0.150 0 1
44 22 0.243 0 1
128 52 0.401 0 1
16 52 0.053 0 1
13 70 0.079 0 2
124 15 0.747 0 1
53 52 0.233 0 1
297 52 1.515 0 2
224 100 0.700 0 1
199 52 1.064 0 1
107 40 0.404 0 2
35 10 0.196 0 1
86 5 0.265 0 1
125 5 0.604 0 1
16 100 0.055 0 2
62 70 0.234 0 2
197 100 0.675 0 2
12 22 0.042 0 1
95 100 0.556 0 2
117 10 0.373 0 2
15 70 0.073 0 2
28 100 0.107 0 1
41 52 0.165 0 2
37 22 0.139 0 1
67 30 0.419 0 2
27 52 0.116 0 2
37 70 0.154 0 2
17 30 0.071 0 2
12 30 0.035 0 2
147 30 0.936 0 2
25 10 0.141 0 1
20 15 0.076 0 2
16 10 0.056 0 2
35 5 0.126 0 1
93 70 0.429 0 2
108 52 0.419 0 1
179 70 0.785 0 2
129 70 0.439 0 1
293 52 1.010 0 1
152 30 0.489 0 1
14 15 0.050 0 2
29 5 0.093 0 2
79 22 0.252 0 2
26 70 0.077 0 1
17 70 0.054 0 2
51 100 0.156 0 2
107 15 0.459 0 2
34 15 0.120 0 1
78 70 0.328 0 2
33 22 0.158 0 1
14 22 0.069 0 1
155 5 1.013 0 2
65 15 0.257 0 2
19 22 0.067 0 1
45 100 0.150 0 2
20 5 0.062 0 1
82 5 0.406 0 2
37 40 0.236 0 2
197 5 0.691 0 2
57 52 0.243 0 1
28 52 0.126 0 1
72 22 0.266 0 2
223 52 0.914 0 2
68 40 0.368 0 2
72 70 0.222 0 2
189 100 0.936 0 1
63 10 0.217 0 2
10 70 0.035 0 2
315 40 1.544 0 1
13 40 0.050 0 2
121 40 0.354 0 2
209 70 0.954 0 1
16 100 0.100 0 2
327 52 1.694 0 1
88 10 0.481 0 1
13 70 0.071 0 1
48 10 0.207 0 1
37 40 0.155 0 1
13 10 0.055 0 2
55 70 0.188 0 2
125 15 0.706 0 2
21 100 0.076 0 2
178 15 0.687 0 2
39 10 0.123 0 2
30 40 0.158 0 1
16 10 0.062 0 1
38 70 0.154 0 1
330 30 1.078 0 1
43 100 0.250 0 2
100 10 0.529 0 2
25 15 0.077 0 1
25 70 0.088 0 1
21 52 0.063 0 2
65 52 0.411 0 1
76 30 0.326 0 1
12 10 0.079 0 1
90 10 0.330 0 1
12 40 0.040 0 1
42 100 0.247 0 2
29 10 0.090 0 1
17 15 0.050 0 2
34 10 0.100 0 2
43 40 0.200 0 1
27 15 0.181 0 1
17 100 0.072 0 2
65 5 0.214 0 1
282 70 1.056 0 2
13 100 0.044 0 2
88 10 0.266 0 1
36 22 0.117 0 1
26 100 0.164 0 2
163 10 0.881 0 2
18 100 0.065 0 1
337 22 1.948 0 1
28 10 0.133 0 2
102 15 0.347 0 2
232 70 1.303 0 1
10 52 0.036 0 2
26 40 0.117 0 2
234 15 0.743 0 2
22 52 0.148 0 1
181 70 0.910 0 1
22 5 0.082 0 1
190 70 1.038 0 1
14 100 0.065 0 2
101 22 0.430 0 1
147 10 0.746 0 2
38 100 0.131 0 1
13 30 0.039 0 1
30 15 0.094 0 1
71 15 0.336 0 2
63 100 0.215 0 2
16 10 0.079 0 2
52 70 0.251 0 1
18 5 0.082 0 2
11 22 0.053 0 1
191 40 0.786 0 1
58 52 0.302 0 2
11 52 0.045 0 1
21 10 0.069 0 2
138 15 0.529 0 1
43 15 0.147 0 2
18 52 0.057 0 1
334 22 1.898 0 1
14 100 0.081 0 1
140 5 0.569 0 1
123 40 0.788 0 2
15 100 0.051 0 2
143 30 0.464 0 2
219 10 1.147 0 1
38 30 0.194 0 2
106 40 0.409 0 2
10 100 0.066 0 1
83 15 0.423 0 2
131 70 0.645 0 1
186 10 0.964 0 1
67 100 0.351 0 1
77 15 0.353 0 1
224 5 1.062 0 2
34 100 0.209 0 2
10 30 0.029 0 1
26 10 0.166 0 1
65 40 0.305 0 2
17 5 0.070 0 2
104 100 0.481 0 2
57 30 0.180 0 2
37 100 0.178 0 1
334 22 2.212 0 1
13 100 0.051 0 2
31 15 0.104 0 1
28 40 0.158 0 1
45 100 0.144 0 2
43 22 0.141 0 2
38 5 0.190 0 1
102 22 0.403 0 1
195 15 0.809 0 1
15 22 0.092 0 2
154 22 0.456 0 1
69 70 0.363 0 2
22 52 0.126 0 2
17 5 0.092 0 2
17 40 0.053 0 1
214 40 0.796 0 2
72 10 0.264 0 1
23 5 0.091 0 1
62 30 0.244 0 1
41 30 0.181 0 2
23 15 0.071 0 1
16 70 0.063 0 2
16 10 0.067 0 2
43 30 0.281 0 1
12 10 0.056 0 1
16 40 0.056 0 2
161 100 0.551 0 1
59 15 0.399 0 2
284 70 1.552 0 1
11 40 0.033 0 1
17 70 0.082 0 1
30 52 0.184 0 1
179 100 0.533 0 2
79 22 0.420 0 2
37 30 0.177 0 1
25 10 0.105 0 2
15 70 0.066 0 2
13 22 0.042 0 2
75 22 0.424 0 2
179 40 0.743 0 2
32 5 0.125 0 2
190 100 1.073 0 1
34 30 0.101 0 1
19 40 0.060 0 1
189 100 0.587 0 2
17 5 0.054 0 2
30 15 0.090 0 1
42 30 0.145 0 2
56 70 0.207 0 1
18 5 0.055 0 1
35 5 0.232 0 2
19 52 0.060 0 1
31 30 0.174 0 2
24 52 0.105 0 2
61 30 0.252 0 2
25 15 0.078 0 2
12 5 0.055 0 2
12 30 0.073 0 2
33 100 0.181 0 2
45 40 0.207 0 1
178 22 0.873 0 2
17 40 0.066 0 2
35 30 0.148 0 1
66 30 0.257 0 2
30 100 0.115 0 2
59 30 0.225 0 2
45 22 0.150 0 1
18 70 0.081 0 1
24 10 0.089 0 2
150 70 0.495 0 2
158 10 1.013 0 1
82 40 0.358 0 2
32 5 0.112 0 1
59 52 0.253 0 1
23 40 0.135 0 2
212 70 0.869 0 1
12 15 0.049 0 2
106 30 0.707 0 1
27 5 0.152 0 1
122 22 0.646 0 1
333 10 1.110 0 2
34 52 0.112 0 1
18 22 0.071 0 2
154 30 0.981 0 2
277 40 1.358 0 1
18 30 0.057 0 2
76 100 0.229 0 2
20 40 0.062 0 2
64 22 0.298 0 2
18 52 0.060 0 2
16 10 0.052 0 2
193 52 0.723 0 2
14 15 0.077 0 2
26 10 0.143 0 1
13 5 0.051 0 2
111 5 0.555 0 1
145 100 0.455 0 1
15 70 0.082 0 2
94 5 0.606 0 1
24 40 0.091 0 1
14 40 0.055 0 2
10 15 0.035 0 2
303 70 1.202 0 2
167 5 0.944 0 1
39 100 0.162 0 1
17 40 0.072 0 2
14 52 0.079 0 2
16 15 0.102 0 1
168 100 0.944 0 1
218 40 0.969 0 1
267 22 0.778 0 2
18 30 0.097 0 1
19 5 0.102 0 2
153 40 0.680 0 2
11 40 0.065 0 1
66 52 0.231 0 2
48 5 0.204 0 1
55 30 0.239 0 2
140 5 0.791 0 2
20 70 0.084 0 2
12 70 0.068 0 2
13 5 0.066 0 1
50 30 0.289 0 2
71 40 0.444 0 1
66 40 0.431 0 2
181 10 0.790 0 1
80 15 0.255 0 1
40 70 0.125 0 1
16 52 0.058 0 1
52 52 0.231 0 2
155 52 0.886 0 1
254 22 1.076 0 2
63 5 0.214 0 2
13 70 0.041 0 2
25 40 0.111 0 2
19 52 0.078 0 2
17 5 0.067 0 2
327 5 1.703 0 2
64 15 0.292 0 1
10 52 0.029 0 2
53 15 0.314 0 2
161 100 0.590 0 1
102 100 0.432 0 2
78 40 0.252 0 1
34 70 0.108 0 2
147 70 0.896 0 1
76 100 0.330 0 2
195 52 0.602 0 1
42 100 0.232 0 1
23 5 0.082 0 2
58 30 0.372 0 2
211 30 0.735 0 1
74 52 0.235 0 1
173 52 1.048 0 2
73 22 0.300 0 2
13 5 0.062 0 2
75 30 0.439 0 2
12 22 0.051 0 1
319 22 1.443 0 2
31 15 0.143 0 1
54 22 0.237 0 1
292 100 1.090 0 1
146 15 0.825 0 1
59 100 0.294 0 2
184 52 0.697 0 2
19 52 0.084 0 1
11 100 0.056 0 2
19 70 0.116 0 2
288 15 1.029 0 2
17 10 0.087 0 2
33 70 0.099 0 1
12 5 0.037 0 2
14 5 0.073 0 2
16 22 0.104 0 2
26 30 0.087 0 2
67 100 0.354 0 2
10 70 0.032 0 1
16 15 0.101 0 2
20 40 0.059 0 2
152 40 0.691 0 2
12 22 0.069 0 1
13 70 0.068 0 1
131 40 0.446 0 1
16 15 0.063 0 2
270 10 1.337 0 2
126 100 0.374 0 2
48 15 0.230 0 2
101 22 0.398 0 1
47 52 0.149 0 2
88 5 0.383 0 1
14 10 0.056 0 2
10 30 0.048 0 2
103 15 0.495 0 2
15 70 0.050 0 1
195 70 0.933 0 1
23 22 0.074 0 2
27 15 0.123 0 1
42 40 0.174 0 2
79 10 0.275 0 2
16 100 0.053 0 2
69 40 0.245 0 2
28 70 0.091 0 2
30 22 0.119 0 1
112 5 0.382 0 2
67 40 0.208 0 2
46 10 0.232 0 1
12 5 0.052 0 1
81 100 0.298 0 2
34 40 0.104 0 2
37 40 0.188 0 1
16 70 0.103 0 1
69 22 0.215 0 2
36 40 0.166 0 1
74 5 0.349 0 1
164 15 0.484 0 1
78 10 0.259 0 1
70 30 0.264 0 2
30 15 0.191 0 1
238 10 1.308 0 2
39 15 0.115 0 1
59 100 0.291 0 2
73 30 0.371 0 1
18 30 0.059 0 1
209 5 0.760 0 1
78 10 0.400 0 1
207 30 1.247 0 2
191 30 1.110 0 2
177 15 0.770 0 2
79 52 0.259 0 2
277 30 1.345 0 2
50 15 0.331 0 1
19 30 0.057 0 2
12 40 0.062 0 1
239 52 1.101 0 2
118 100 0.715 0 1
264 30 1.039 0 2
22 30 0.064 0 1
21 70 0.112 0 1
169 15 0.939 0 2
11 30 0.034 0 1
55 40 0.223 0 2
62 70 0.365 0 1
204 15 1.291 0 2
105 5 0.550 0 2
174 52 0.719 0 2
11 5 0.052 0 2
41 52 0.177 0 2
127 22 0.383 0 2
232 22 1.268 0 1
37 22 0.171 0 1
56 52 0.177 0 2
190 22 1.086 0 1
124 30 0.408 0 2
194 15 1.169 0 1
185 10 0.856 0 1
10 5 0.045 0 2
98 70 0.355 0 1
73 15 0.255 0 1
18 10 0.054 0 2
133 52 0.395 0 2
28 52 0.089 0 1
57 70 0.213 0 2
46 5 0.193 0 2
143 40 0.633 0 1
17 30 0.105 0 1
25 30 0.095 0 1
26 5 0.103 0 2
55 52 0.184 0 1
153 52 0.465 0 2
322 70 1.114 0 1
58 30 0.241 0 1
182 5 0.652 0 2
131 40 0.840 0 1
12 40 0.047 0 2
64 70 0.238 0 2
10 70 0.038 0 1
149 40 0.521 0 1
106 22 0.362 0 2
14 22 0.043 0 1
68 15 0.227 0 1
32 70 0.178 0 1
120 22 0.443 0 2
205 100 0.616 0 2
19 10 0.070 0 1
28 22 0.091 0 2
18 70 0.053 0 2
11 100 0.042 0 2
22 5 0.077 0 2
29 30 0.158 0 2
56 40 0.339 0 1
56 70 0.242 0 1
122 40 0.409 0 1
46 52 0.144 0 1
16 70 0.059 0 2
264 40 0.846 0 1
21 22 0.121 0 1
60 52 0.205 0 1
40 10 0.211 0 1
136 70 0.638 0 2
22 52 0.111 0 2
12 40 0.036 0 2
40 52 0.265 0 2
34 52 0.133 0 1
15 22 0.067 0 2
78 10 0.231 0 2
10 10 0.030 0 1
29 10 0.098 0 1
186 52 1.248 0 1
21 22 0.077 0 2
41 100 0.159 0 1
31 10 0.093 0 1
18 30 0.060 0 1
28 100 0.142 0 1
20 100 0.106 0 1
19 30 0.086 0 1
122 100 0.813 0 1
20 5 0.112 0 1
165 40 0.600 0 1
18 5 0.073 0 1
317 10 1.832 0 1
55 10 0.267 0 2
62 22 0.278 0 1
195 30 0.717 0 2
29 40 0.192 0 1
182 52 0.919 0 1
71 15 0.399 0 2
66 22 0.420 0 2
12 15 0.045 0 1
173 15 0.824 0 2
134 52 0.575 0 2
10 15 0.038 0 2
19 40 0.079 0 1
106 10 0.642 0 1
45 52 0.253 0 2
37 15 0.141 0 2
12 15 0.042 0 2
29 40 0.150 0 1
37 5 0.149 0 1
121 52 0.438 0 1
86 40 0.326 0 1
17 22 0.067 0 2
187 52 0.757 0 1
16 22 0.063 0 1
56 10 0.186 0 1
69 10 0.224 0 1
20 30 0.124 0 2
167 40 0.506 0 2
26 10 0.098 0 2
72 10 0.306 0 2
69 15 0.214 0 1
10 70 0.044 0 2
15 22 0.069 0 1
61 10 0.228 0 2
322 22 2.038 0 1
69 10 0.240 0 2
20 30 0.127 0 1
160 10 0.645 0 2
60 70 0.385 0 2
15 30 0.085 0 2
14 15 0.093 0 2
66 22 0.244 0 1
321 70 1.597 0 2
37 52 0.146 0 2
99 40 0.321 0 2
15 40 0.052 0 1
15 10 0.084 0 1
15 40 0.077 0 2
55 70 0.185 0 2
266 22 0.829 0 1
39 100 0.139 0 2
16 10 0.048 0 2
60 30 0.248 0 1
16 22 0.074 0 1
11 40 0.057 0 1
339 52 1.083 0 1
35 22 0.116 0 1
16 22 0.068 0 2
19 52 0.064 0 2
71 40 0.212 0 1
19 5 0.065 0 1
21 100 0.064 0 2
41 40 0.188 0 2
15 52 0.052 0 2
37 22 0.112 0 1
13 22 0.045 0 1
54 40 0.188 0 2
59 70 0.227 0 2
254 5 0.758 0 1
21 22 0.064 0 2
256 40 1.376 0 2
64 70 0.193 0 1
15 22 0.045 0 2
110 52 0.553 0 1
183 22 0.824 0 2
255 30 0.823 0 1
10 5 0.033 1 0
146 5 0.730 1 0
16 30 0.092 1 0
135 70 0.628 1 0
11 22 0.058 1 0
16 5 0.080 1 2
163 5 1.019 1 0
67 40 0.226 1 0
51 5 0.172 1 0
248 70 0.770 1 2
325 30 1.498 1 0
70 70 0.407 1 0
153 70 0.718 1 0
163 10 0.554 1 2
31 40 0.104 1 2
310 22 0.934 1 0
23 100 0.126 1 2
19 52 0.075 1 2
35 100 0.220 1 0
165 22 0.693 1 0
13 22 0.059 1 0
172 52 0.669 1 0
78 15 0.254 1 0
13 40 0.084 1 0
18 100 0.092 1 2
62 70 0.215 1 2
42 30 0.141 1 0
12 5 0.043 1 2
31 30 0.207 1 0
168 52 0.556 1 2
193 30 1.129 1 0
62 30 0.210 1 2
39 40 0.125 1 0
50 22 0.147 1 2
79 22 0.516 1 2
159 22 0.511 1 2
50 52 0.158 1 0
187 22 0.725 1 0
11 100 0.032 1 2
186 5 0.628 1 0
62 52 0.395 1 0
173 52 1.116 1 0
61 22 0.359 1 2
309 70 0.994 1 2
117 52 0.453 1 2
169 40 1.076 1 2
10 5 0.054 1 2
39 70 0.245 1 2
18 5 0.102 1 2
14 22 0.068 1 0
34 5 0.103 1 0
19 52 0.102 1 2
33 15 0.125 1 0
49 22 0.249 1 0
14 52 0.050 1 2
60 40 0.199 1 0
191 15 0.680 1 0
177 100 0.917 1 2
70 40 0.271 1 0
187 22 0.754 1 0
15 5 0.067 1 0
122 15 0.592 1 0
20 70 0.068 1 0
11 15 0.032 1 2
28 30 0.096 1 0
12 70 0.041 1 0
11 52 0.039 1 2
155 40 0.518 1 0
18 52 0.054 1 2
154 52 0.449 1 2
20 30 0.123 1 0
26 15 0.089 1 0
120 30 0.769 1 2
66 5 0.202 1 0
10 40 0.065 1 2
27 10 0.182 1 0
31 100 0.203 1 0
19 22 0.060 1 2
26 30 0.126 1 2
14 100 0.055 1 0
29 10 0.164 1 2
20 30 0.091 1 0
55 30 0.221 1 0
32 15 0.097 1 0
177 5 0.660 1 0
245 30 1.332 1 0
10 70 0.031 1 2
13 52 0.046 1 0
28 52 0.087 1 2
283 40 1.780 1 0
32 5 0.124 1 0
12 100 0.041 1 0
188 10 0.891 1 2
44 40 0.197 1 0
117 22 0.594 1 2
16 70 0.050 1 0
11 70 0.038 1 0
16 52 0.066 1 2
19 22 0.099 1 2
186 100 1.016 1 0
177 100 1.035 1 2
60 5 0.233 1 0
243 22 1.100 1 2
12 52 0.044 1 0
70 100 0.213 1 2
73 22 0.302 1 2
51 52 0.249 1 0
41 40 0.198 1 0
141 52 0.600 1 2
18 22 0.069 1 0
260 40 0.915 1 0
23 22 0.068 1 2
18 52 0.063 1 0
32 10 0.132 1 0
26 22 0.088 1 2
29 22 0.116 1 0
153 30 1.013 1 0
26 10 0.086 1 0
63 100 0.426 1 2
59 5 0.253 1 0
25 70 0.147 1 0
190 70 0.709 1 0
75 52 0.336 1 0
19 15 0.063 1 2
20 5 0.075 1 0
20 30 0.093 1 2
112 5 0.399 1 2
190 100 0.931 1 0
21 52 0.097 1 0
33 5 0.150 1 0
16 5 0.082 1 0
58 70 0.291 1 2
134 10 0.713 1 0
11 30 0.036 1 2
71 15 0.209 1 2
29 22 0.115 1 2
163 70 0.676 1 0
23 22 0.131 1 0
10 22 0.034 1 0
135 10 0.544 1 0
194 52 0.907 1 0
27 5 0.080 1 0
242 15 0.714 1 0
94 30 0.384 1 0
45 40 0.184 1 0
28 52 0.110 1 0
78 30 0.231 1 0
74 15 0.418 1 0
14 70 0.065 1 0
21 22 0.091 1 0
125 10 0.668 1 0
12 52 0.067 1 0
179 5 0.877 1 0
168 5 0.639 1 2
143 10 0.917 1 0
130 40 0.553 1 0
48 10 0.242 1 0
27 22 0.088 1 0
13 52 0.075 1 2
19 70 0.086 1 0
18 52 0.068 1 2
30 40 0.108 1 2
154 15 0.824 1 0
13 30 0.084 1 2
185 30 0.673 1 0
45 52 0.200 1 2
38 40 0.148 1 2
33 22 0.212 1 0
32 15 0.124 1 0
27 70 0.135 1 2
174 40 0.690 1 2
73 5 0.388 1 2
99 22 0.471 1 0
93 70 0.372 1 0
22 70 0.075 1 0
85 22 0.264 1 0
66 52 0.313 1 0
151 70 0.456 1 0
27 40 0.092 1 0
21 52 0.070 1 2
27 5 0.083 1 0
110 40 0.407 1 0
72 10 0.323 1 0
17 22 0.058 1 0
93 70 0.346 1 2
71 70 0.360 1 0
62 22 0.238 1 2
19 70 0.073 1 0
25 52 0.130 1 2
26 100 0.119 1 0
30 52 0.096 1 0
85 30 0.275 1 2
19 22 0.075 1 2
22 22 0.069 1 0
146 40 0.456 1 2
11 30 0.052 1 0
166 70 1.038 1 0
137 52 0.484 1 0
12 15 0.065 1 0
28 10 0.116 1 0
119 10 0.451 1 0
130 100 0.663 1 2
177 15 0.957 1 0
301 22 1.064 1 0
38 70 0.112 1 0
75 70 0.412 1 0
140 10 0.436 1 0
14 15 0.045 1 0
96 30 0.312 1 2
40 30 0.140 1 2
158 70 0.802 1 2
27 5 0.104 1 0
323 10 1.122 1 0
67 100 0.385 1 0
32 100 0.179 1 0
23 15 0.117 1 0
110 5 0.390 1 2
158 15 0.705 1 0
32 40 0.116 1 0
10 5 0.045 1 0
20 52 0.083 1 0
18 22 0.056 1 0
11 22 0.045 1 0
193 5 0.668 1 0
10 22 0.030 1 0
34 5 0.191 1 0
303 15 1.013 1 0
91 52 0.599 1 0
143 100 0.836 1 2
13 5 0.067 1 0
214 5 0.773 1 0
28 22 0.085 1 0
20 52 0.084 1 0
12 70 0.044 1 0
27 40 0.173 1 0
16 10 0.067 1 0
70 5 0.263 1 0
189 10 0.604 1 0
42 10 0.135 1 2
221 100 0.759 1 2
133 52 0.413 1 0
189 5 0.995 1 0
43 30 0.146 1 2
51 15 0.193 1 2
13 10 0.049 1 2
177 40 0.606 1 2
97 40 0.618 1 0
18 30 0.057 1 0
36 30 0.195 1 0
19 100 0.056 1 0
97 70 0.350 1 2
18 52 0.060 1 0
89 22 0.284 1 0
18 100 0.054 1 0
11 15 0.055 1 2
29 52 0.097 1 0
151 5 0.579 1 0
70 5 0.310 1 0
149 40 0.760 1 0
231 30 1.079 1 2
254 100 1.660 1 2
293 5 1.106 1 2
208 100 0.700 1 0
145 52 0.514 1 0
19 40 0.093 1 2
12 30 0.040 1 2
131 22 0.642 1 0
53 15 0.189 1 0
10 5 0.050 1 0
52 5 0.183 1 0
32 52 0.178 1 2
17 30 0.051 1 2
13 30 0.065 1 2
20 5 0.079 1 2
67 5 0.213 1 2
21 5 0.071 1 0
244 52 0.856 1 0
135 30 0.396 1 0
51 70 0.298 1 2
23 15 0.126 1 2
44 30 0.146 1 2
46 70 0.204 1 0
119 22 0.403 1 2
148 70 0.538 1 0
48 100 0.155 1 0
32 70 0.127 1 0
175 10 0.636 1 2
16 40 0.088 1 2
16 52 0.074 1 0
10 10 0.033 1 2
162 40 0.479 1 0
69 40 0.434 1 2
168 22 1.006 1 2
48 15 0.273 1 0
73 40 0.259 1 2
117 10 0.650 1 0
26 22 0.154 1 2
335 15 1.373 1 0
30 5 0.144 1 0
38 5 0.125 1 2
20 15 0.097 1 0
15 5 0.066 1 0
75 22 0.246 1 0
86 52 0.515 1 0
29 22 0.157 1 2
224 52 1.258 1 0
85 30 0.254 1 2
160 100 0.582 1 2
16 22 0.079 1 0
74 22 0.244 1 0
41 10 0.131 1 0
51 52 0.196 1 0
57 15 0.341 1 2
70 15 0.366 1 2
43 52 0.211 1 0
12 15 0.043 1 0
14 100 0.052 1 0
337 70 1.053 1 0
25 15 0.076 1 2
12 30 0.055 1 0
10 15 0.039 1 2
58 30 0.296 1 0
153 70 0.546 1 2
38 52 0.124 1 0
19 5 0.102 1 0
11 70 0.038 1 2
16 5 0.082 1 0
22 30 0.067 1 0
133 15 0.467 1 0
40 10 0.194 1 0
69 22 0.210 1 2
56 5 0.286 1 0
12 5 0.050 1 0
174 40 0.926 1 2
37 10 0.117 1 0
117 30 0.406 1 2
295 15 1.152 1 0
13 22 0.062 1 0
54 40 0.175 1 0
16 15 0.053 1 2
195 40 1.037 1 2
19 100 0.060 1 0
63 5 0.232 1 0
178 52 0.690 1 0
13 15 0.042 1 2
18 22 0.060 1 0
15 52 0.050 1 2
135 70 0.487 1 2
66 22 0.214 1 2
25 40 0.093 1 2
12 5 0.062 1 2
13 40 0.079 1 0
59 30 0.366 1 0
184 15 0.692 1 0
55 30 0.302 1 2
34 22 0.162 1 0
68 70 0.222 1 2
26 15 0.124 1 2
34 22 0.179 1 0
94 100 0.324 1 0
256 22 1.231 1 0
12 100 0.078 1 0
310 10 1.000 1 0
34 15 0.141 1 0
60 30 0.375 1 0
195 10 0.635 1 0
18 52 0.102 1 0
108 40 0.730 1 0
81 52 0.325 1 0
65 30 0.243 1 0
30 100 0.089 1 0
60 40 0.263 1 2
53 22 0.215 1 2
153 15 0.671 1 2
31 15 0.130 1 2
113 40 0.621 1 0
169 5 0.537 1 2
30 52 0.119 1 0
126 10 0.419 1 0
10 70 0.030 1 0
13 70 0.080 1 0
216 100 0.915 1 0
28 52 0.091 1 0
11 100 0.033 1 2
283 70 0.963 1 0
72 5 0.247 1 0
73 40 0.225 1 2
54 52 0.262 1 0
332 52 1.064 1 2
29 40 0.087 1 0
18 30 0.069 1 0
27 52 0.116 1 0
31 100 0.097 1 0
332 100 1.012 1 0
75 15 0.503 1 0
32 100 0.156 1 0
16 5 0.096 1 0
89 30 0.418 1 2
242 40 0.807 1 0
11 10 0.054 1 2
36 40 0.170 1 2
277 10 0.962 1 2
16 100 0.103 1 0
12 15 0.043 1 0
16 40 0.056 1 0
62 15 0.378 1 2
127 22 0.438 1 0
287 52 0.900 1 0
28 100 0.137 1 2
32 40 0.127 1 0
15 52 0.049 1 2
133 10 0.518 1 2
29 40 0.105 1 0
173 10 0.562 1 0
89 30 0.344 1 2
15 30 0.046 1 0
15 15 0.052 1 0
182 70 0.613 1 0
18 10 0.081 1 2
10 52 0.037 1 0
20 30 0.131 1 2
11 52 0.035 1 0
18 10 0.054 1 0
151 22 0.706 1 0
15 30 0.093 1 0
53 10 0.259 1 2
76 52 0.287 1 0
111 15 0.512 1 2
19 30 0.058 1 2
28 30 0.179 1 0
60 30 0.319 1 0
42 15 0.271 1 0
47 5 0.255 1 2
17 22 0.070 1 2
128 52 0.601 1 0
123 22 0.624 1 2
60 40 0.205 1 0
137 10 0.472 1 0
112 30 0.549 1 0
177 5 0.839 1 2
19 10 0.073 1 2
116 70 0.577 1 2
198 100 0.966 1 0
22 100 0.097 1 2
15 15 0.047 1 0
171 52 0.671 1 0
15 5 0.100 1 2
37 15 0.130 1 2
56 100 0.171 1 2
23 70 0.087 1 0
33 70 0.191 1 0
36 30 0.161 1 2
108 22 0.557 1 0
59 52 0.203 1 2
56 30 0.257 1 0
77 22 0.484 1 0
72 22 0.224 1 0
48 5 0.144 1 0
55 30 0.251 1 0
10 100 0.036 1 2
197 30 0.887 1 0
10 100 0.062 1 0
12 52 0.065 1 0
28 10 0.084 1 0
110 5 0.743 1 2
90 100 0.346 1 0
62 40 0.216 1 0
74 10 0.239 1 0
41 15 0.122 1 0
194 52 1.021 1 0
34 40 0.118 1 2
65 70 0.219 1 0
146 22 0.682 1 0
144 5 0.524 1 0
12 30 0.053 1 0
65 22 0.243 1 2
16 30 0.092 1 2
126 5 0.674 1 0
19 52 0.086 1 2
21 40 0.082 1 0
18 30 0.108 1 2
23 22 0.100 1 0
12 5 0.046 1 0
54 30 0.176 1 2
98 30 0.573 1 0
140 70 0.881 1 2
20 15 0.067 1 0
133 70 0.465 1 2
154 10 0.842 1 2
36 40 0.222 1 2
27 70 0.084 1 2
17 5 0.077 1 2
239 30 0.895 1 2
11 52 0.046 1 0
30 52 0.179 1 2
311 70 1.187 1 0
279 22 0.996 1 0
62 15 0.279 1 0
154 40 0.552 1 2
12 70 0.061 1 0
66 100 0.248 1 0
41 5 0.202 1 0
52 10 0.199 1 0
60 15 0.263 1 0
225 70 0.945 1 2
12 22 0.052 1 2
22 5 0.089 1 2
156 30 0.800 1 2
15 100 0.047 1 2
12 22 0.041 1 0
102 15 0.395 1 0
39 15 0.228 1 0
36 52 0.129 1 0
22 10 0.077 1 2
228 30 0.677 1 2
23 15 0.096 1 0
98 70 0.424 1 2
230 15 1.018 1 0
46 22 0.152 1 0
52 100 0.292 1 0
45 22 0.149 1 0
20 100 0.062 1 0
76 10 0.466 1 2
39 22 0.165 1 0
54 5 0.226 1 0
54 100 0.191 1 0
13 52 0.048 1 2
70 70 0.252 1 0
13 40 0.076 1 0
130 40 0.410 1 0
69 52 0.381 1 2
24 100 0.075 1 2
124 15 0.379 1 0
50 10 0.265 1 0
12 40 0.073 1 2
50 40 0.215 1 0
81 22 0.547 1 0
49 40 0.211 1 0
19 15 0.075 1 0
63 15 0.211 1 2
57 30 0.375 1 0
174 40 0.535 1 2
19 15 0.059 1 2
31 10 0.175 1 0
71 22 0.353 1 0
44 40 0.259 1 0
29 22 0.151 1 2
44 52 0.158 1 0
53 10 0.293 1 0
34 100 0.212 1 0
78 30 0.245 1 0
74 100 0.347 1 0
55 40 0.167 1 0
37 10 0.152 1 2
24 70 0.070 1 0
78 40 0.228 1 0
204 22 1.025 1 0
69 40 0.252 1 0
42 5 0.255 1 0
40 52 0.131 1 0
110 10 0.531 1 2
275 40 1.058 1 0
23 10 0.092 1 0
148 15 0.571 1 0
19 70 0.068 1 0
48 70 0.142 1 0
55 30 0.172 1 2
73 40 0.344 1 2
53 10 0.200 1 0
323 52 1.091 1 0
53 100 0.160 1 0
46 52 0.136 1 2
77 70 0.231 1 0
10 40 0.063 1 0
32 10 0.119 1 0
87 52 0.385 1 2
13 52 0.055 1 0
11 22 0.053 1 0
248 22 0.876 1 0
27 70 0.122 1 0
118 5 0.366 1 0
13 70 0.048 1 2
77 30 0.326 1 2
270 100 0.968 1 0
28 40 0.185 1 0
14 30 0.049 1 0
38 70 0.203 1 0
14 5 0.074 1 0
29 40 0.100 1 0
71 100 0.324 1 0
14 40 0.072 1 0
30 15 0.089 1 2
107 100 0.615 1 2
75 100 0.444 1 2
144 100 0.420 1 2
184 10 0.876 1 0
12 70 0.062 1 0
110 22 0.372 1 0
32 52 0.129 1 0
178 15 0.555 1 0
51 15 0.222 1 2
34 5 0.104 1 0
68 52 0.343 1 0
46 10 0.216 1 0
43 70 0.179 1 2
152 30 0.981 1 0
34 100 0.120 1 2
57 70 0.285 1 2
57 10 0.377 1 2
39 100 0.117 1 2
72 22 0.383 1 0
15 15 0.052 1 0
130 5 0.502 1 0
15 15 0.082 1 0
22 40 0.074 1 2
17 40 0.057 1 2
142 30 0.478 1 2
12 5 0.066 1 0
23 40 0.116 1 2
88 5 0.281 1 0
21 30 0.066 1 0
162 30 0.753 1 0
21 5 0.124 1 0
69 30 0.401 1 0
55 70 0.190 1 0
61 40 0.205 1 2
34 22 0.101 1 2
161 100 0.492 1 0
12 70 0.062 1 2
17 30 0.098 1 0
14 100 0.065 1 0
41 10 0.238 1 0
16 15 0.058 1 0
58 10 0.177 1 0
11 10 0.042 1 2
140 15 0.423 1 0
35 52 0.172 1 2
81 100 0.391 1 2
29 5 0.085 1 0
118 70 0.478 1 2
175 52 0.803 1 2
30 10 0.146 1 0
19 100 0.107 1 0
15 22 0.049 1 0
32 100 0.095 1 0
305 30 1.943 1 0
69 30 0.324 1 2
43 10 0.186 1 0
324 22 1.459 1 2
143 30 0.799 1 0
27 70 0.108 1 2
14 22 0.080 1 2
48 5 0.293 1 2
194 15 0.770 1 0
13 100 0.064 1 0
44 30 0.129 1 0
49 40 0.189 1 0
150 10 0.556 1 2
190 52 0.660 1 0
63 22 0.213 1 0
24 100 0.151 1 2
13 52 0.039 1 0
26 70 0.132 1 0
15 30 0.075 1 0
125 52 0.628 1 0
25 30 0.142 1 2
24 22 0.103 1 0
205 70 1.314 1 2
68 22 0.251 1 0
25 70 0.075 1 0
61 52 0.199 1 2
15 70 0.091 1 0
227 5 1.051 1 2
134 30 0.615 1 0
84 40 0.271 1 0
34 30 0.195 1 0
10 5 0.034 1 2
51 52 0.158 1 0
30 40 0.114 1 2
251 52 1.459 1 0
99 30 0.582 1 2
60 10 0.256 1 0
11 40 0.040 1 0
27 5 0.121 1 0
12 10 0.039 1 0
102 70 0.397 1 2
17 52 0.057 1 0
44 30 0.173 1 2
19 100 0.056 1 0
164 5 0.571 1 0
54 5 0.251 1 2
42 52 0.171 1 0
311 30 1.224 1 2
178 100 0.922 1 0
14 5 0.050 1 2
56 70 0.311 1 0
154 22 0.497 1 0
54 10 0.203 1 0
171 10 0.859 1 0
141 22 0.472 1 0
67 15 0.210 1 2
11 30 0.070 1 0
250 40 0.850 1 0
33 70 0.106 1 0
24 70 0.084 1 2
27 52 0.080 1 0
23 100 0.110 1 2
62 70 0.321 1 0
26 30 0.124 1 2
60 30 0.200 1 0
14 40 0.081 1 0
24 5 0.140 1 2
41 30 0.122 1 2
13 15 0.049 1 2
114 5 0.449 1 0
213 70 0.934 1 0
70 5 0.303 1 2
52 30 0.201 1 0
225 15 1.490 1 0
67 5 0.358 1 0
15 22 0.045 1 2
60 5 0.326 1 2
10 52 0.030 1 2
14 22 0.057 1 0
74 30 0.481 1 0
17 5 0.054 1 0
218 22 0.848 1 0
15 100 0.059 1 2
99 100 0.379 1 0
39 10 0.148 1 2
17 40 0.057 1 0
136 10 0.446 1 0
19 40 0.059 1 0
266 100 1.209 1 0
72 40 0.266 1 2
23 100 0.122 1 2
55 5 0.258 1 0
10 22 0.063 1 0
46 30 0.194 1 0
57 22 0.228 1 2
70 15 0.286 1 0
168 5 0.503 1 2
22 100 0.083 1 2
136 22 0.777 1 2
124 70 0.422 1 0
79 100 0.378 1 0
16 10 0.064 1 0
14 5 0.046 1 2
11 30 0.061 1 0
16 70 0.054 1 0
28 70 0.121 1 2
70 52 0.227 1 2
217 10 1.348 1 0
22 22 0.124 1 0
20 22 0.096 1 0
173 10 0.586 1 0
184 15 0.760 1 2
26 15 0.112 1 0
18 22 0.057 1 0
212 70 0.981 1 2
37 70 0.131 1 0
39 10 0.139 1 0
74 100 0.285 1 0
11 40 0.036 1 0
38 5 0.139 1 0
35 70 0.127 1 0
52 15 0.217 1 2
58 22 0.185 1 0
27 5 0.111 1 0
152 22 0.667 1 0
29 5 0.109 1 0
245 40 0.925 1 0
22 10 0.072 1 0
34 5 0.155 1 2
174 40 0.941 1 0
97 22 0.495 1 0
19 22 0.067 1 2
11 5 0.041 1 2
43 40 0.141 1 0
34 40 0.107 1 2
339 5 1.083 1 0
53 10 0.155 1 0
138 5 0.414 1 0
109 52 0.626 1 2
329 30 1.261 1 0
54 52 0.182 1 0
71 30 0.335 1 2
125 100 0.573 1 2
21 10 0.129 1 0
68 100 0.400 1 0
11 22 0.050 1 2
28 40 0.137 1 2
19 70 0.071 1 2
141 15 0.518 1 0
193 30 0.910 1 0
60 10 0.226 1 0
318 40 1.218 1 0
19 30 0.088 1 0
75 22 0.500 1 0
89 30 0.338 1 0
67 40 0.238 1 0
164 70 1.093 1 2
36 40 0.161 1 2
26 100 0.134 1 2
30 10 0.099 1 2
31 5 0.101 1 0
25 10 0.084 1 0
19 52 0.056 1 0
18 15 0.066 1 2
14 30 0.073 1 2
10 30 0.043 1 2
11 40 0.047 1 2
132 5 0.663 1 0
12 52 0.039 1 0
15 10 0.096 1 2
24 5 0.117 1 0
40 70 0.145 1 2
16 30 0.049 1 0
146 100 0.942 1 2
18 100 0.072 1 0
61 15 0.205 1 0
99 100 0.303 1 0
53 70 0.211 1 0
23 100 0.106 1 2
28 52 0.083 1 2
220 15 0.705 1 0
60 70 0.180 1 2
17 15 0.053 1 0
14 30 0.056 1 2
43 40 0.163 1 0
221 22 1.348 1 2
242 15 0.980 1 0
16 10 0.063 1 0
17 70 0.095 1 0
93 40 0.581 1 0
13 10 0.051 1 0
141 5 0.538 1 2
261 40 1.267 1 0
79 10 0.267 1 2
15 5 0.087 1 0
58 100 0.389 1 0
12 40 0.037 1 2
10 100 0.048 1 0
32 40 0.143 1 0
19 10 0.066 1 0
25 30 0.106 1 0
36 5 0.141 1 0
19 52 0.095 1 0
22 22 0.088 1 0
21 52 0.137 1 0
194 15 0.614 1 0
170 100 0.780 1 0
18 100 0.067 1 2
24 52 0.130 1 0
138 100 0.486 1 2
12 40 0.040 1 2
11 52 0.042 1 2
145 100 0.853 1 2
37 100 0.132 1 2
18 30 0.085 1 0
10 22 0.036 1 0
121 52 0.442 1 2
26 40 0.107 1 0
56 30 0.217 1 0
88 5 0.355 1 0
79 40 0.247 1 0
18 22 0.062 1 0
36 5 0.120 1 0
137 15 0.901 1 2
108 5 0.328 1 0
27 5 0.103 1 0
76 30 0.364 1 2
11 15 0.035 1 2
211 30 0.934 1 0
140 70 0.940 1 2
39 52 0.264 1 2
43 22 0.251 1 0
17 10 0.067 1 0
18 5 0.058 1 0
69 100 0.418 1 0
26 22 0.117 1 2
203 40 0.778 1 2
197 15 0.716 1 2
17 10 0.093 1 2
149 52 0.608 1 2
75 22 0.286 1 0
72 52 0.267 1 0
72 70 0.224 1 0
168 70 0.866 1 0
53 15 0.277 1 0
61 22 0.187 1 0
36 5 0.132 1 0
27 10 0.096 1 2
293 22 1.314 1 0
15 52 0.067 1 2
43 10 0.162 1 2
13 30 0.072 1 0
36 40 0.108 1 2
159 52 0.466 1 0
15 30 0.056 1 0
42 52 0.148 1 2
274 10 1.815 1 0
24 52 0.155 1 0
30 15 0.123 1 0
130 30 0.828 1 0
26 15 0.077 1 0
18 5 0.069 1 0
77 5 0.440 1 0
123 100 0.403 1 0
175 5 1.136 1 0
136 40 0.498 1 2
69 70 0.268 1 0
114 52 0.726 1 0
160 40 0.491 1 2
147 5 0.728 1 2
191 70 0.632 1 0
142 15 0.928 1 0
38 10 0.158 1 2
63 15 0.323 1 2
233 10 0.812 1 0
17 10 0.097 1 2
153 100 0.478 1 0
18 40 0.107 1 0
38 15 0.208 1 2
32 10 0.132 1 0
17 5 0.085 1 0
70 5 0.318 1 2
101 40 0.623 1 2
242 15 1.216 1 2
33 15 0.136 1 0
123 40 0.745 1 0
49 40 0.293 1 2
28 40 0.151 1 0
18 15 0.088 1 0
11 5 0.040 1 0
19 40 0.055 1 0
85 70 0.316 1 0
19 15 0.058 1 2
18 5 0.071 1 2
12 22 0.040 1 0
53 22 0.168 1 2
13 5 0.058 1 0
118 70 0.529 1 2
32 10 0.105 1 2
26 52 0.088 1 0
58 52 0.258 1 0
14 5 0.043 1 2
76 100 0.390 1 0
15 100 0.084 1 2
277 15 0.939 1 2
247 5 1.428 1 0
72 52 0.254 1 0
48 52 0.190 1 0
31 70 0.164 1 0
261 40 1.299 1 0
23 15 0.094 1 0
10 70 0.030 1 0
200 40 0.719 1 2
19 52 0.126 1 2
32 100 0.146 1 2
10 10 0.041 1 0
54 30 0.218 1 2
54 22 0.200 1 2
34 30 0.140 1 2
12 40 0.050 1 2
18 30 0.085 1 2
142 52 0.594 1 0
195 40 0.789 1 0
76 22 0.342 1 2
44 5 0.136 1 0
16 30 0.087 1 0
30 52 0.098 1 0
10 22 0.048 1 2
10 15 0.029 1 2
23 100 0.131 1 2
92 100 0.271 1 0
24 30 0.075 1 2
20 22 0.096 1 2
16 30 0.089 1 0
10 70 0.053 1 2
147 22 0.595 1 0
42 10 0.220 1 2
62 52 0.232 1 0
63 5 0.253 1 2
10 40 0.066 1 0
17 22 0.063 1 2
76 30 0.273 1 0
39 15 0.115 1 2
66 30 0.386 1 2
52 30 0.333 1 2
90 52 0.390 1 0
109 40 0.665 1 2
68 100 0.342 1 0
18 22 0.075 1 2
189 70 0.551 1 2
22 70 0.083 1 0
28 10 0.094 1 0
15 70 0.094 1 0
28 22 0.116 1 0
16 30 0.056 1 0
35 30 0.202 1 0
23 70 0.104 1 0
13 40 0.082 1 0
55 22 0.364 1 0
11 15 0.035 1 0
90 52 0.315 1 0
92 70 0.455 1 0
11 100 0.046 1 0
160 100 0.784 1 0
232 15 0.789 1 0
57 10 0.311 1 0
15 70 0.056 1 0
169 22 0.583 1 0
79 100 0.264 1 2
14 40 0.059 1 2
10 52 0.059 1 2
20 70 0.119 1 0
250 52 1.603 1 0
50 10 0.154 1 0
37 40 0.150 1 2
21 52 0.079 1 0
30 30 0.131 1 2
35 22 0.133 1 0
167 52 0.576 1 0
78 22 0.273 1 2
71 40 0.306 1 0
12 52 0.055 1 0
225 15 0.760 1 0
17 52 0.056 1 0
25 5 0.118 1 0
13 52 0.082 1 0
16 30 0.049 1 2
15 40 0.070 1 2
25 5 0.099 1 0
79 70 0.429 1 0
24 30 0.075 1 0
39 10 0.114 1 0
30 22 0.132 1 0
12 22 0.036 1 0
15 70 0.061 1 0
59 10 0.201 1 0
76 70 0.510 1 2
12 10 0.044 1 0
45 70 0.201 1 2
245 10 0.881 1 0
142 15 0.483 1 0
22 22 0.065 1 0
116 10 0.367 1 2
53 15 0.225 1 0
268 15 0.856 1 0
221 15 0.812 2 1
281 100 1.344 2 0
51 100 0.175 2 0
19 22 0.088 2 0
10 22 0.039 2 0
63 52 0.253 2 0
13 22 0.040 2 0
18 30 0.103 2 0
95 22 0.300 2 0
10 52 0.040 2 0
17 30 0.083 2 1
20 30 0.058 2 1
17 100 0.110 2 0
73 40 0.253 2 1
12 52 0.036 2 1
19 5 0.103 2 0
83 40 0.369 2 0
313 10 1.557 2 0
15 52 0.079 2 1
67 100 0.376 2 0
36 5 0.148 2 0
11 22 0.037 2 0
29 40 0.132 2 0
13 100 0.050 2 0
19 40 0.119 2 0
169 15 0.676 2 1
79 15 0.385 2 1
17 5 0.113 2 1
178 70 0.603 2 0
177 22 0.532 2 1
18 15 0.087 2 0
11 52 0.034 2 0
152 70 0.512 2 0
62 30 0.367 2 1
159 40 0.486 2 0
128 10 0.414 2 0
74 15 0.235 2 0
161 5 0.839 2 0
187 52 1.214 2 0
83 100 0.477 2 0
162 30 1.012 2 0
76 10 0.472 2 0
21 100 0.134 2 0
19 70 0.060 2 0
13 10 0.082 2 0
60 15 0.382 2 0
79 15 0.367 2 1
64 70 0.281 2 1
45 52 0.269 2 0
18 40 0.107 2 0
85 52 0.500 2 0
12 10 0.038 2 0
37 30 0.184 2 0
38 40 0.155 2 0
97 22 0.614 2 0
50 40 0.321 2 0
63 70 0.241 2 0
42 40 0.150 2 0
10 15 0.043 2 0
19 70 0.062 2 1
159 70 0.888 2 1
13 22 0.079 2 1
225 40 1.103 2 1
27 40 0.134 2 0
19 30 0.106 2 1
45 30 0.156 2 0
16 52 0.052 2 1
76 40 0.230 2 1
79 40 0.322 2 0
38 52 0.136 2 1
117 15 0.433 2 0
71 10 0.239 2 0
11 10 0.040 2 0
10 40 0.033 2 0
35 5 0.123 2 1
180 40 1.111 2 0
57 30 0.248 2 0
12 10 0.044 2 0
22 10 0.115 2 0
45 5 0.287 2 0
59 10 0.203 2 0
86 15 0.305 2 0
20 40 0.123 2 0
186 5 1.114 2 0
101 30 0.399 2 1
55 30 0.217 2 0
104 100 0.627 2 0
22 15 0.112 2 0
14 10 0.055 2 0
92 70 0.311 2 1
49 100 0.263 2 1
14 30 0.081 2 0
13 70 0.049 2 0
32 22 0.111 2 1
16 15 0.049 2 0
198 10 0.861 2 0
49 52 0.156 2 0
11 15 0.032 2 0
17 15 0.106 2 0
264 5 0.793 2 1
15 40 0.046 2 0
37 100 0.165 2 1
23 22 0.094 2 0
63 100 0.184 2 0
182 70 0.791 2 1
19 52 0.067 2 0
59 10 0.233 2 1
70 52 0.424 2 1
39 22 0.124 2 0
275 70 1.846 2 0
25 10 0.090 2 1
60 40 0.208 2 0
52 30 0.246 2 1
12 10 0.039 2 0
293 15 1.167 2 0
97 70 0.385 2 0
13 70 0.053 2 0
11 15 0.061 2 0
19 10 0.058 2 0
56 15 0.210 2 0
108 52 0.437 2 0
72 5 0.373 2 1
10 70 0.059 2 0
17 30 0.107 2 0
232 22 1.557 2 0
14 52 0.051 2 1
13 30 0.047 2 0
262 52 1.078 2 0
15 10 0.061 2 1
12 5 0.056 2 1
19 10 0.119 2 0
41 100 0.166 2 1
58 15 0.212 2 1
19 15 0.086 2 0
26 15 0.085 2 1
170 10 0.620 2 1
31 100 0.162 2 0
41 100 0.186 2 1
294 5 1.200 2 0
67 5 0.201 2 0
69 70 0.207 2 0
10 100 0.052 2 1
32 100 0.111 2 1
20 52 0.063 2 0
80 10 0.303 2 0
164 10 0.739 2 0
113 52 0.448 2 0
75 22 0.350 2 0
46 22 0.146 2 0
217 15 1.428 2 0
18 30 0.110 2 1
12 52 0.047 2 0
29 30 0.128 2 0
43 15 0.234 2 0
20 22 0.062 2 0
19 100 0.088 2 0
151 30 0.643 2 0
28 40 0.159 2 1
22 15 0.074 2 0
13 70 0.048 2 1
188 10 0.945 2 0
189 70 1.125 2 1
11 52 0.052 2 1
148 40 0.980 2 0
221 22 0.957 2 1
25 15 0.130 2 0
83 5 0.269 2 0
40 30 0.216 2 0
186 100 0.944 2 1
15 70 0.053 2 0
224 5 0.865 2 1
10 5 0.035 2 0
81 22 0.431 2 1
43 52 0.223 2 0
18 30 0.054 2 0
161 70 0.671 2 1
176 30 0.530 2 0
280 15 0.936 2 0
12 15 0.040 2 0
46 22 0.145 2 0
304 22 1.888 2 1
72 5 0.436 2 0
14 100 0.080 2 0
71 10 0.228 2 1
20 100 0.067 2 0
22 100 0.084 2 0
32 40 0.188 2 1
161 30 0.590 2 1
267 15 1.734 2 1
35 40 0.168 2 0
54 5 0.177 2 0
39 30 0.115 2 1
191 15 0.841 2 1
48 70 0.148 2 1
173 40 0.961 2 0
52 52 0.160 2 0
232 30 1.064 2 1
40 40 0.128 2 1
98 15 0.374 2 0
32 100 0.103 2 0
16 70 0.073 2 0
160 52 0.611 2 0
16 52 0.066 2 0
68 40 0.309 2 1
231 100 0.724 2 1
56 40 0.290 2 0
104 10 0.359 2 1
78 10 0.251 2 0
28 15 0.099 2 1
14 30 0.056 2 1
268 22 0.856 2 1
49 52 0.184 2 0
12 10 0.041 2 1
119 10 0.472 2 0
16 15 0.047 2 0
78 70 0.292 2 0
136 40 0.805 2 0
62 100 0.295 2 1
30 40 0.176 2 0
173 52 0.925 2 0
23 10 0.128 2 1
259 10 0.906 2 1
25 5 0.091 2 1
333 15 1.423 2 0
152 10 0.459 2 0
20 15 0.122 2 1
131 52 0.415 2 0
12 10 0.043 2 1
121 5 0.756 2 0
130 52 0.551 2 1
13 15 0.069 2 0
54 5 0.240 2 0
308 5 1.257 2 1
36 52 0.117 2 0
13 40 0.060 2 0
73 5 0.427 2 0
72 30 0.247 2 1
15 100 0.049 2 0
74 70 0.307 2 0
89 10 0.341 2 1
44 52 0.141 2 0
48 70 0.212 2 1
103 22 0.512 2 0
156 70 0.559 2 1
151 10 0.883 2 1
19 52 0.093 2 1
61 10 0.184 2 0
321 15 1.006 2 1
17 52 0.080 2 1
168 10 0.718 2 0
125 40 0.413 2 1
20 5 0.062 2 1
157 30 0.623 2 0
78 15 0.282 2 0
103 22 0.442 2 0
43 10 0.174 2 0
134 5 0.393 2 0
43 52 0.137 2 0
16 100 0.101 2 0
15 52 0.070 2 0
157 70 0.480 2 1
288 10 1.157 2 0
180 100 0.896 2 0
74 5 0.329 2 0
30 100 0.120 2 1
53 100 0.229 2 1
28 30 0.093 2 0
21 5 0.076 2 0
226 5 0.748 2 0
35 5 0.220 2 0
19 100 0.057 2 0
95 52 0.351 2 0
25 100 0.147 2 0
197 40 0.798 2 0
79 52 0.362 2 0
154 52 0.599 2 0
50 40 0.162 2 0
101 10 0.451 2 0
13 10 0.054 2 0
15 52 0.072 2 1
16 52 0.050 2 1
88 40 0.561 2 0
32 30 0.146 2 0
204 70 0.718 2 0
12 30 0.036 2 1
33 70 0.116 2 0
77 70 0.298 2 1
21 100 0.068 2 1
60 70 0.182 2 0
10 100 0.048 2 0
39 30 0.163 2 1
115 30 0.572 2 0
11 22 0.039 2 1
11 100 0.035 2 0
76 5 0.284 2 1
14 100 0.056 2 0
116 70 0.439 2 0
36 10 0.235 2 0
23 100 0.092 2 1
24 15 0.096 2 0
14 40 0.063 2 0
23 22 0.149 2 1
52 22 0.349 2 0
12 22 0.061 2 1
117 5 0.350 2 1
39 100 0.167 2 0
164 100 0.953 2 1
14 10 0.043 2 0
47 52 0.202 2 0
151 5 0.634 2 0
12 30 0.036 2 1
31 15 0.102 2 0
29 100 0.177 2 1
303 15 1.620 2 0
20 5 0.099 2 0
88 100 0.447 2 1
87 5 0.433 2 1
84 10 0.553 2 0
188 15 0.608 2 0
66 52 0.314 2 1
16 40 0.053 2 1
70 40 0.393 2 1
59 30 0.255 2 0
69 30 0.304 2 0
204 52 0.843 2 0
14 22 0.065 2 0
19 10 0.093 2 0
18 52 0.113 2 1
11 5 0.058 2 0
37 15 0.143 2 0
302 10 0.965 2 1
17 40 0.065 2 0
17 70 0.063 2 0
24 52 0.128 2 1
38 30 0.169 2 0
13 100 0.087 2 0
10 22 0.030 2 0
37 5 0.128 2 1
170 52 0.515 2 0
196 30 0.852 2 0
70 22 0.473 2 0
60 10 0.312 2 0
12 22 0.050 2 1
29 15 0.105 2 1
110 15 0.743 2 0
41 100 0.128 2 1
169 100 0.820 2 0
29 52 0.132 2 1
75 5 0.493 2 0
57 30 0.189 2 0
170 15 0.837 2 0
13 40 0.081 2 1
45 5 0.134 2 0
20 40 0.094 2 1
54 5 0.169 2 0
331 30 1.913 2 1
13 10 0.048 2 0
11 52 0.038 2 0
68 5 0.252 2 1
16 52 0.064 2 0
117 30 0.661 2 0
65 70 0.308 2 1
64 40 0.253 2 0
155 22 0.550 2 0
15 15 0.063 2 1
55 15 0.176 2 0
66 22 0.224 2 0
99 100 0.495 2 1
36 100 0.115 2 0
47 15 0.192 2 0
89 22 0.461 2 1
14 70 0.054 2 0
46 30 0.159 2 0
94 30 0.321 2 1
22 70 0.139 2 0
105 70 0.322 2 0
27 30 0.155 2 0
172 5 0.702 2 0
63 70 0.209 2 1
48 5 0.164 2 0
45 5 0.142 2 0
44 10 0.134 2 1
18 5 0.057 2 1
16 30 0.064 2 1
25 100 0.098 2 0
74 70 0.288 2 1
23 15 0.084 2 0
54 22 0.323 2 0
63 70 0.213 2 0
46 5 0.165 2 1
97 40 0.464 2 0
182 10 1.182 2 0
12 40 0.063 2 1
170 15 1.018 2 0
22 40 0.065 2 0
44 22 0.179 2 0
198 30 0.627 2 1
25 52 0.129 2 0
77 40 0.273 2 0
110 30 0.363 2 1
53 52 0.265 2 1
143 70 0.530 2 0
20 52 0.133 2 0
187 52 0.850 2 0
232 5 0.746 2 0
18 5 0.081 2 0
31 15 0.133 2 0
26 22 0.131 2 0
112 15 0.385 2 0
11 15 0.055 2 0
19 15 0.122 2 0
38 10 0.228 2 0
282 40 1.500 2 0
29 30 0.180 2 1
27 22 0.087 2 0
239 70 1.133 2 1
21 52 0.097 2 1
64 70 0.198 2 0
26 10 0.076 2 0
118 52 0.747 2 1
70 5 0.238 2 0
222 22 1.014 2 1
57 100 0.278 2 0
144 100 0.581 2 0
75 70 0.369 2 1
18 40 0.066 2 0
10 22 0.053 2 0
26 5 0.108 2 0
25 10 0.132 2 0
28 70 0.124 2 1
71 40 0.394 2 0
59 22 0.176 2 0
57 15 0.202 2 0
52 5 0.153 2 0
20 15 0.130 2 0
39 70 0.164 2 0
181 10 0.536 2 0
76 5 0.328 2 1
54 15 0.216 2 1
116 30 0.537 2 0
165 10 0.561 2 0
57 10 0.227 2 0
15 30 0.046 2 1
37 100 0.138 2 0
15 10 0.063 2 0
19 40 0.091 2 0
154 70 0.755 2 1
23 5 0.068 2 1
69 10 0.330 2 0
13 30 0.048 2 0
72 15 0.252 2 0
19 30 0.093 2 1
101 15 0.481 2 1
28 40 0.128 2 1
55 10 0.179 2 1
24 70 0.077 2 0
18 70 0.087 2 1
46 15 0.148 2 0
53 15 0.223 2 1
51 70 0.154 2 0
265 30 1.636 2 1
14 5 0.048 2 0
21 100 0.072 2 0
59 15 0.303 2 0
74 70 0.217 2 0
31 22 0.137 2 0
74 52 0.239 2 0
15 40 0.064 2 0
145 5 0.523 2 0
42 10 0.190 2 0
67 70 0.239 2 0
64 30 0.261 2 0
183 100 0.661 2 1
133 10 0.581 2 0
77 5 0.385 2 0
47 30 0.204 2 1
325 10 1.970 2 0
14 70 0.050 2 0
121 10 0.699 2 0
77 52 0.372 2 1
58 15 0.221 2 1
162 30 0.585 2 0
109 70 0.694 2 1
26 52 0.129 2 0
10 40 0.031 2 0
17 30 0.059 2 1
110 15 0.493 2 0
59 22 0.195 2 0
73 70 0.277 2 0
186 15 0.724 2 0
47 5 0.160 2 1
17 30 0.103 2 0
159 5 0.572 2 1
13 15 0.048 2 1
159 30 0.619 2 1
141 30 0.684 2 0
15 5 0.077 2 0
40 30 0.162 2 0
41 30 0.229 2 0
15 30 0.089 2 0
101 70 0.481 2 0
90 52 0.304 2 1
13 40 0.041 2 0
56 15 0.184 2 0
12 22 0.035 2 0
29 5 0.107 2 0
75 5 0.258 2 0
73 30 0.420 2 0
75 15 0.312 2 1
270 5 0.989 2 1
53 10 0.174 2 0
26 15 0.081 2 0
34 52 0.110 2 0
88 5 0.429 2 1
12 10 0.053 2 1
25 40 0.080 2 1
57 22 0.254 2 1
177 15 0.615 2 0
68 40 0.356 2 1
15 100 0.057 2 0
27 70 0.117 2 1
12 5 0.044 2 1
120 5 0.789 2 0
134 100 0.573 2 0
336 40 1.175 2 1
28 10 0.165 2 0
16 30 0.075 2 0
76 100 0.432 2 0
19 30 0.059 2 1
24 70 0.137 2 0
111 100 0.437 2 0
35 40 0.147 2 0
21 15 0.062 2 0
50 40 0.258 2 0
45 52 0.201 2 0
27 40 0.080 2 0
17 52 0.088 2 1
38 30 0.172 2 0
15 70 0.075 2 1
195 100 0.899 2 0
61 10 0.199 2 1
19 10 0.057 2 0
37 30 0.143 2 1
34 10 0.141 2 0
20 22 0.086 2 0
54 70 0.346 2 0
10 22 0.053 2 1
64 10 0.242 2 1
18 100 0.065 2 0
186 100 1.039 2 0
34 100 0.125 2 1
109 100 0.356 2 1
58 100 0.374 2 1
46 30 0.261 2 0
20 22 0.067 2 0
142 52 0.728 2 1
57 100 0.170 2 0
134 30 0.411 2 0
38 10 0.114 2 0
28 5 0.091 2 0
114 40 0.421 2 0
17 5 0.083 2 1
58 15 0.250 2 1
17 22 0.075 2 0
17 52 0.058 2 0
30 52 0.119 2 0
62 5 0.199 2 0
231 100 1.036 2 1
13 22 0.046 2 1
72 30 0.279 2 1
39 100 0.196 2 0
12 70 0.041 2 0
10 22 0.067 2 0
47 22 0.152 2 1
69 5 0.256 2 1
48 30 0.236 2 0
45 52 0.163 2 1
23 40 0.106 2 1
23 5 0.080 2 0
35 15 0.229 2 1
70 30 0.333 2 1
210 70 0.702 2 0
21 40 0.101 2 1
12 100 0.044 2 0
12 100 0.039 2 1
36 70 0.159 2 0
35 100 0.124 2 1
285 40 1.192 2 0
49 10 0.144 2 1
45 10 0.184 2 0
182 22 1.006 2 1
30 5 0.168 2 0
94 30 0.308 2 0
60 5 0.253 2 0
177 40 0.952 2 0
15 10 0.045 2 0
93 5 0.307 2 1
169 22 0.497 2 0
12 15 0.038 2 0
23 100 0.106 2 0
35 22 0.203 2 0
120 5 0.382 2 1
35 70 0.150 2 0
160 15 0.497 2 1
100 52 0.538 2 1
26 40 0.171 2 1
12 15 0.037 2 0
60 22 0.243 2 1
58 15 0.312 2 0
182 15 0.919 2 0
52 10 0.185 2 1
66 5 0.310 2 1
155 15 0.505 2 1
42 10 0.251 2 1
39 15 0.219 2 1
18 52 0.065 2 0
325 10 1.087 2 0
41 70 0.142 2 0
154 5 0.917 2 1
189 5 0.639 2 0
150 15 0.476 2 1
313 30 0.972 2 1
177 5 0.600 2 0
48 10 0.233 2 1
11 70 0.043 2 1
16 52 0.054 2 0
24 5 0.091 2 0
183 52 0.924 2 0
12 52 0.069 2 1
31 52 0.091 2 1
187 70 0.850 2 1
174 52 0.558 2 0
21 100 0.070 2 0
16 70 0.051 2 0
18 40 0.081 2 0
20 10 0.070 2 0
269 30 1.234 2 0
73 70 0.399 2 0
31 100 0.100 2 0
15 22 0.091 2 0
11 10 0.037 2 0
30 52 0.178 2 0
130 22 0.510 2 0
25 30 0.120 2 1
23 15 0.099 2 1
10 30 0.031 2 0
294 40 0.862 2 1
136 100 0.467 2 1
34 30 0.217 2 0
31 40 0.150 2 0
17 10 0.058 2 1
56 15 0.194 2 0
181 22 1.104 2 1
22 10 0.068 2 0
306 100 0.930 2 0
33 10 0.108 2 0
52 5 0.161 2 1
10 10 0.043 2 1
79 10 0.441 2 0
17 5 0.083 2 0
16 52 0.094 2 1
133 70 0.566 2 0
178 22 1.127 2 0
13 40 0.050 2 1
15 10 0.053 2 0
33 10 0.161 2 0
126 70 0.667 2 0
109 52 0.559 2 1
12 10 0.079 2 0
56 10 0.222 2 1
120 22 0.536 2 0
18 70 0.066 2 0
11 5 0.051 2 0
34 10 0.184 2 1
261 70 0.897 2 0
72 52 0.434 2 0
44 52 0.242 2 1
21 22 0.069 2 0
13 15 0.050 2 0
116 40 0.420 2 0
15 40 0.083 2 0
11 22 0.061 2 0
37 52 0.114 2 0
39 52 0.209 2 0
162 22 0.747 2 0
134 10 0.876 2 1
46 100 0.160 2 1
34 10 0.109 2 0
48 30 0.194 2 0
59 70 0.358 2 1
22 70 0.100 2 0
25 30 0.111 2 0
295 52 1.139 2 0
12 40 0.037 2 0
144 5 0.451 2 0
313 5 0.948 2 1
59 40 0.292 2 1
37 40 0.182 2 1
42 22 0.269 2 0
32 30 0.116 2 0
195 52 1.168 2 0
23 100 0.119 2 0
199 40 1.144 2 0
163 40 0.823 2 0
189 5 0.753 2 0
44 40 0.167 2 0
82 52 0.322 2 0
121 15 0.515 2 0
116 100 0.682 2 0
21 5 0.069 2 0
176 22 0.826 2 1
10 22 0.036 2 0
12 52 0.037 2 0
42 30 0.141 2 0
70 40 0.311 2 0
13 70 0.077 2 0
69 15 0.235 2 1
34 40 0.115 2 0
65 40 0.291 2 0
185 5 0.617 2 1
36 100 0.221 2 1
66 70 0.227 2 0
16 70 0.051 2 0
137 52 0.464 2 1
333 70 1.665 2 1
145 100 0.502 2 0
75 100 0.354 2 1
12 40 0.036 2 1
71 30 0.350 2 1
42 22 0.141 2 0
42 52 0.154 2 0
40 52 0.166 2 0
22 22 0.078 2 0
59 10 0.208 2 0
56 5 0.252 2 0
22 5 0.106 2 0
327 70 1.363 2 1
22 30 0.116 2 0
10 70 0.057 2 0
16 70 0.066 2 1
14 40 0.082 2 1
119 30 0.370 2 0
61 40 0.224 2 0
272 100 0.877 2 1
131 5 0.411 2 1
83 15 0.333 2 1
66 5 0.230 2 1
15 100 0.047 2 0
11 70 0.047 2 0
60 10 0.242 2 1
24 70 0.121 2 0
46 40 0.194 2 0
53 15 0.182 2 1
333 52 1.892 2 0
17 70 0.087 2 0
64 100 0.257 2 1
42 15 0.177 2 1
43 52 0.177 2 0
159 52 0.713 2 1
25 5 0.117 2 0
77 100 0.356 2 1
49 15 0.146 2 0
46 100 0.143 2 0
254 100 1.198 2 0
16 40 0.051 2 0
17 22 0.053 2 1
12 30 0.046 2 0
121 52 0.624 2 1
25 30 0.146 2 0
12 15 0.075 2 0
245 40 1.591 2 0
18 30 0.084 2 0
200 30 0.778 2 0
13 52 0.074 2 0
59 30 0.246 2 0
43 5 0.209 2 0
31 70 0.137 2 1
102 10 0.315 2 0
70 52 0.312 2 0
29 70 0.170 2 1
28 70 0.133 2 0
183 22 0.647 2 0
14 15 0.080 2 0
91 22 0.272 2 1
80 52 0.340 2 1
11 5 0.033 2 1
80 10 0.533 2 0
16 10 0.051 2 1
26 70 0.083 2 0
338 22 1.271 2 1
63 30 0.333 2 0
13 52 0.059 2 1
19 40 0.122 2 1
11 52 0.056 2 0
60 100 0.179 2 0
28 70 0.085 2 0
79 10 0.332 2 1
62 52 0.205 2 0
231 70 1.453 2 0
57 5 0.320 2 0
59 15 0.274 2 0
29 30 0.180 2 1
29 70 0.110 2 0
178 40 1.127 2 0
14 40 0.041 2 1
59 100 0.399 2 1
21 52 0.119 2 1
65 22 0.333 2 0
67 70 0.349 2 0
45 5 0.265 2 1
183 30 0.906 2 0
65 10 0.230 2 0
41 15 0.140 2 0
15 70 0.045 2 1
30 10 0.182 2 0
63 100 0.409 2 1
37 5 0.159 2 0
89 100 0.346 2 1
177 100 0.973 2 1
46 15 0.183 2 0
303 10 1.359 2 1
41 10 0.219 2 1
48 40 0.143 2 0
12 15 0.053 2 0
54 22 0.184 2 0
38 30 0.113 2 0
79 40 0.248 2 0
14 70 0.044 2 1
196 30 0.582 2 1
19 10 0.102 2 0
13 52 0.056 2 0
175 22 0.792 2 0
57 100 0.289 2 0
54 40 0.165 2 1
24 15 0.079 2 0
36 70 0.140 2 1
157 52 0.897 2 0
136 5 0.615 2 0
195 70 0.894 2 1
201 15 0.734 2 1
196 70 0.956 2 0
197 70 1.209 2 0
15 40 0.047 2 1
131 15 0.630 2 0
27 30 0.087 2 1
142 10 0.528 2 0
75 30 0.257 2 0
39 22 0.147 2 0
17 22 0.059 2 0
53 40 0.174 2 1
190 15 1.118 2 0
54 30 0.160 2 0
186 22 1.107 2 0
35 22 0.113 2 0
339 40 1.165 2 0
120 52 0.467 2 0
329 100 1.183 2 0
47 52 0.290 2 0
24 70 0.078 2 0
10 100 0.034 2 0
147 70 0.742 2 0
38 100 0.120 2 0
58 40 0.190 2 0
85 22 0.390 2 0
12 22 0.062 2 0
22 70 0.070 2 0
90 40 0.364 2 1
12 100 0.061 2 0
10 5 0.029 2 1
181 15 0.661 2 0
16 22 0.098 2 1
72 30 0.419 2 0
38 5 0.160 2 0
165 40 0.855 2 0
10 100 0.042 2 0
14 52 0.056 2 0
23 30 0.091 2 1
10 30 0.049 2 0
11 5 0.043 2 0
120 10 0.569 2 0
43 70 0.209 2 0
65 52 0.223 2 0
12 70 0.045 2 0
13 52 0.039 2 1
50 40 0.172 2 0
47 52 0.201 2 0
138 30 0.852 2 1
149 10 0.837 2 1
10 10 0.047 2 0
31 30 0.090 2 0
16 5 0.057 2 0
10 100 0.062 2 0
163 22 0.787 2 1
35 40 0.139 2 1
63 22 0.409 2 0
33 5 0.107 2 0
15 100 0.045 2 1
50 10 0.309 2 1
28 15 0.106 2 1
162 30 1.000 2 1
69 5 0.262 2 0
32 52 0.172 2 0
198 30 0.584 2 0
22 15 0.082 2 0
75 40 0.478 2 0
151 30 0.585 2 0
305 30 1.206 2 1
14 5 0.045 2 0
15 15 0.055 2 0
44 15 0.135 2 0
212 30 1.262 2 0
35 100 0.121 2 0
19 52 0.066 2 1
157 30 0.952 2 0
30 40 0.155 2 0
75 100 0.357 2 0
76 100 0.248 2 0
17 52 0.076 2 1
112 52 0.350 2 1
15 10 0.056 2 0
172 15 0.575 2 1
102 22 0.340 2 1
32 30 0.134 2 0
36 5 0.133 2 0
27 15 0.124 2 0
39 15 0.130 2 0
34 10 0.112 2 0
91 15 0.542 2 0
13 30 0.051 2 0
265 10 1.008 2 0
156 100 0.463 2 0
110 15 0.573 2 0
171 15 0.609 2 1
236 40 0.874 2 0
10 40 0.055 2 0
10 100 0.035 2 0
194 22 1.078 2 0
17 100 0.072 2 0
78 52 0.443 2 0
77 22 0.510 2 0
229 5 1.180 2 0
176 15 0.789 2 0
323 52 1.631 2 0
138 10 0.789 2 0
10 40 0.035 2 0
74 22 0.418 2 1
15 100 0.073 2 0
37 40 0.162 2 0
188 40 0.639 2 0
41 70 0.230 2 0
28 30 0.161 2 1
99 22 0.314 2 1
165 70 0.954 2 0
74 52 0.352 2 1
129 22 0.413 2 0
328 30 1.097 2 1
34 10 0.142 2 0
93 52 0.589 2 0
35 10 0.212 2 1
71 100 0.397 2 0
10 30 0.032 2 0
20 40 0.068 2 1
14 52 0.049 2 1
263 22 0.851 2 0
56 100 0.204 2 1
77 100 0.467 2 0
75 52 0.299 2 0
63 22 0.325 2 0
50 5 0.180 2 0
30 40 0.098 2 0
274 40 1.062 2 1
51 100 0.195 2 0
73 52 0.239 2 0
10 10 0.060 2 1
76 52 0.466 2 1
103 52 0.682 2 1
20 40 0.120 2 0
19 5 0.076 2 0
10 100 0.060 2 0
47 52 0.152 2 0
20 15 0.102 2 1
11 22 0.068 2 1
19 15 0.076 2 0
63 10 0.299 2 0
22 70 0.126 2 0
29 100 0.190 2 1
67 15 0.293 2 0
172 70 0.531 2 0
257 10 0.911 2 0
17 5 0.052 2 1
32 5 0.142 2 1
174 5 0.853 2 0
29 22 0.125 2 1
29 22 0.092 2 0
67 52 0.245 2 1
198 5 0.828 2 0
58 52 0.280 2 0
76 30 0.404 2 1
105 10 0.314 2 1
17 10 0.064 2 0
15 15 0.060 2 1
18 52 0.054 2 0
17 52 0.081 2 0
299 100 0.958 2 0
36 10 0.122 2 0
192 70 0.937 2 0
