53 22 0.227 0 2
16 5 0.060 0 2
134 30 0.456 0 2
13 15 0.057 0 2
74 100 0.302 0 2
169 5 0.561 0 2
34 100 0.215 0 2
322 30 0.939 0 1
44 30 0.133 0 2
34 52 0.106 0 2
60 70 0.373 0 1
27 100 0.090 0 2
106 70 0.570 0 1
105 70 0.387 0 2
11 30 0.073 0 2
123 22 0.459 0 1
12 52 0.048 0 2
49 5 0.188 0 2
12 10 0.042 0 2
32 40 0.116 0 2
338 10 1.305 0 1
78 30 0.289 0 2
126 70 0.555 0 2
62 5 0.231 0 2
279 5 1.622 0 1
58 22 0.252 0 2
14 40 0.069 0 2
105 22 0.603 0 2
88 15 0.328 0 1
34 10 0.194 0 1
18 22 0.054 0 2
64 15 0.421 0 1
25 30 0.100 0 1
77 5 0.264 0 1
35 10 0.109 0 2
35 70 0.136 0 1
22 40 0.071 0 1
11 5 0.044 0 2
175 52 0.616 0 1
12 40 0.064 0 2
140 40 0.940 0 1
112 70 0.358 0 2
45 40 0.253 0 1
42 15 0.226 0 2
123 70 0.449 0 1
81 22 0.463 0 2
50 10 0.163 0 1
168 5 0.727 0 2
14 40 0.057 0 2
71 5 0.239 0 2
24 22 0.091 0 2
111 30 0.370 0 2
151 5 0.448 0 1
27 40 0.081 0 1
77 70 0.330 0 2
19 5 0.062 0 2
125 70 0.845 0 2
13 15 0.045 0 1
11 22 0.034 0 1
106 22 0.463 0 2
23 22 0.140 0 2
153 10 0.827 0 1
20 52 0.114 0 1
33 100 0.133 0 1
34 15 0.161 0 2
130 10 0.778 0 1
32 100 0.131 0 2
54 100 0.201 0 1
20 52 0.067 0 2
170 22 0.787 0 1
14 5 0.062 0 2
34 100 0.114 0 1
317 5 1.183 0 1
38 22 0.124 0 2
228 70 0.970 0 2
163 10 0.688 0 2
159 40 0.539 0 1
128 5 0.525 0 2
33 100 0.097 0 1
70 30 0.355 0 1
120 70 0.606 0 1
16 70 0.077 0 1
65 30 0.218 0 2
50 70 0.303 0 1
19 52 0.099 0 1
336 15 2.225 0 2
29 15 0.186 0 2
39 100 0.153 0 1
12 52 0.058 0 1
11 15 0.033 0 2
116 5 0.555 0 1
164 10 0.631 0 1
68 5 0.311 0 1
136 15 0.476 0 2
44 15 0.195 0 2
30 52 0.092 0 1
29 30 0.134 0 1
19 22 0.077 0 1
126 40 0.397 0 1
113 15 0.457 0 2
27 70 0.091 0 2
37 40 0.239 0 2
26 70 0.128 0 1
65 5 0.250 0 2
164 70 0.575 0 2
150 100 0.685 0 2
127 70 0.760 0 2
16 10 0.059 0 1
67 10 0.370 0 1
33 10 0.159 0 2
45 15 0.169 0 2
127 52 0.428 0 2
256 10 1.446 0 2
21 40 0.096 0 1
147 40 0.462 0 2
10 70 0.035 0 2
56 30 0.171 0 1
32 40 0.104 0 1
275 40 1.341 0 2
25 100 0.090 0 1
38 15 0.225 0 1
66 100 0.253 0 1
72 70 0.365 0 1
49 52 0.246 0 1
38 70 0.180 0 1
34 100 0.211 0 2
152 30 0.443 0 1
14 15 0.043 0 1
78 10 0.402 0 2
75 30 0.250 0 1
59 30 0.286 0 2
74 30 0.413 0 2
38 52 0.180 0 1
22 100 0.121 0 2
115 10 0.353 0 2
24 10 0.072 0 1
62 15 0.229 0 2
124 40 0.444 0 1
134 30 0.404 0 1
12 10 0.044 0 1
17 15 0.081 0 2
135 15 0.587 0 2
113 52 0.378 0 1
70 100 0.246 0 1
75 70 0.256 0 2
21 5 0.076 0 2
75 5 0.455 0 1
57 40 0.170 0 2
20 100 0.067 0 2
77 10 0.410 0 2
29 30 0.121 0 2
40 22 0.141 0 1
25 15 0.099 0 2
16 22 0.051 0 2
13 10 0.058 0 2
16 30 0.050 0 2
27 30 0.079 0 2
182 70 1.230 0 1
41 30 0.134 0 1
18 70 0.077 0 2
67 52 0.253 0 2
94 30 0.307 0 2
80 15 0.312 0 2
15 30 0.097 0 1
58 100 0.307 0 1
249 5 1.304 0 2
24 52 0.136 0 1
99 10 0.497 0 2
11 100 0.072 0 1
89 100 0.401 0 2
36 15 0.178 0 1
119 40 0.377 0 1
40 52 0.217 0 1
18 100 0.072 0 2
82 52 0.432 0 1
39 10 0.207 0 1
106 52 0.570 0 2
166 30 0.751 0 2
12 100 0.049 0 1
38 40 0.116 0 1
12 100 0.057 0 2
122 15 0.467 0 2
32 52 0.212 0 2
58 30 0.249 0 2
11 40 0.043 0 1
103 30 0.363 0 1
183 100 0.696 0 2
13 15 0.055 0 1
48 40 0.199 0 1
57 52 0.179 0 2
13 52 0.084 0 2
55 100 0.216 0 2
16 30 0.102 0 2
76 15 0.466 0 2
23 40 0.128 0 2
29 5 0.087 0 1
14 22 0.052 0 2
43 15 0.257 0 1
19 30 0.086 0 1
298 70 1.361 0 2
97 70 0.497 0 2
14 52 0.056 0 2
274 15 1.539 0 1
305 40 1.658 0 1
12 70 0.081 0 1
117 100 0.358 0 2
163 5 0.572 0 1
43 30 0.230 0 2
115 5 0.673 0 2
167 70 0.799 0 1
10 15 0.047 0 2
80 5 0.311 0 1
15 52 0.091 0 1
18 100 0.056 0 1
134 5 0.865 0 1
16 52 0.073 0 2
307 30 1.030 0 1
13 5 0.049 0 1
19 70 0.123 0 1
31 70 0.122 0 1
51 100 0.206 0 1
203 100 0.674 0 1
58 52 0.335 0 1
231 22 1.400 0 1
187 22 0.984 0 2
185 15 1.209 0 1
48 10 0.241 0 1
14 30 0.066 0 2
46 100 0.183 0 1
22 70 0.113 0 2
167 30 0.831 0 1
137 52 0.733 0 2
154 30 0.994 0 2
134 30 0.563 0 2
22 22 0.120 0 2
22 22 0.079 0 2
11 30 0.035 0 1
244 10 1.277 0 1
131 100 0.575 0 1
70 40 0.335 0 1
23 70 0.094 0 2
31 22 0.138 0 1
54 70 0.178 0 1
150 40 0.449 0 2
196 10 0.634 0 2
34 30 0.173 0 1
22 70 0.110 0 1
16 22 0.055 0 2
144 100 0.842 0 2
29 100 0.146 0 2
11 30 0.033 0 1
64 10 0.192 0 1
36 10 0.125 0 1
28 70 0.111 0 1
326 52 2.188 0 1
31 22 0.141 0 1
14 15 0.060 0 2
70 100 0.247 0 2
25 30 0.083 0 2
206 22 1.062 0 2
75 52 0.235 0 2
48 15 0.223 0 1
13 52 0.081 0 2
31 52 0.102 0 2
11 10 0.040 0 2
132 10 0.433 0 1
61 100 0.185 0 1
71 100 0.210 0 2
39 52 0.170 0 1
59 100 0.198 0 1
188 10 0.887 0 2
62 70 0.310 0 1
14 100 0.091 0 1
120 70 0.435 0 1
69 52 0.359 0 1
62 100 0.228 0 1
162 30 0.574 0 1
36 22 0.129 0 2
14 5 0.073 0 1
89 40 0.481 0 2
11 70 0.037 0 2
27 15 0.134 0 1
25 15 0.149 0 1
104 10 0.355 0 1
198 40 0.641 0 1
12 70 0.048 0 2
32 10 0.122 0 2
78 100 0.318 0 1
188 5 0.825 0 1
130 70 0.703 0 1
192 22 1.185 0 2
19 22 0.077 0 2
17 40 0.067 0 2
37 5 0.237 0 1
47 52 0.188 0 2
68 100 0.338 0 2
34 100 0.147 0 2
78 15 0.392 0 1
32 70 0.157 0 2
11 22 0.039 0 2
14 70 0.042 0 2
32 5 0.101 0 1
16 30 0.098 0 1
179 5 1.078 0 2
65 30 0.235 0 1
31 40 0.123 0 1
32 22 0.163 0 2
173 40 0.848 0 1
22 10 0.112 0 2
22 52 0.119 0 2
29 40 0.098 0 1
11 52 0.044 0 2
168 52 0.573 0 2
103 100 0.484 0 2
44 22 0.147 0 1
35 30 0.104 0 1
66 70 0.434 0 2
277 52 0.996 0 1
56 15 0.322 0 1
45 15 0.178 0 1
110 15 0.353 0 1
283 70 0.993 0 2
18 70 0.054 0 2
103 70 0.410 0 1
44 52 0.224 0 2
140 30 0.549 0 2
26 22 0.123 0 2
125 15 0.566 0 2
33 10 0.184 0 1
27 100 0.122 0 1
14 10 0.048 0 2
45 10 0.152 0 1
56 15 0.201 0 1
56 5 0.341 0 1
44 52 0.153 0 1
133 22 0.787 0 1
77 15 0.368 0 2
15 52 0.057 0 1
54 52 0.159 0 1
10 10 0.061 0 2
11 15 0.034 0 1
38 40 0.255 0 2
34 52 0.108 0 2
116 15 0.453 0 2
116 30 0.485 0 2
14 100 0.044 0 1
34 30 0.120 0 1
27 70 0.103 0 2
37 100 0.138 0 2
29 10 0.092 0 2
90 40 0.340 0 1
189 52 0.969 0 1
53 15 0.349 0 1
81 22 0.335 0 1
13 15 0.048 0 2
26 5 0.176 0 2
18 30 0.068 0 1
37 5 0.174 0 2
14 5 0.093 0 1
17 10 0.057 0 2
22 52 0.082 0 2
54 15 0.242 0 2
31 10 0.106 0 1
212 10 0.700 0 2
52 40 0.218 0 1
31 40 0.163 0 2
12 70 0.035 0 2
55 100 0.289 0 2
42 100 0.162 0 1
133 15 0.424 0 1
41 40 0.233 0 2
12 5 0.037 0 1
105 52 0.362 0 2
17 22 0.055 0 2
24 15 0.128 0 1
55 52 0.170 0 2
105 15 0.607 0 2
140 30 0.773 0 2
70 100 0.222 0 1
108 52 0.371 0 2
85 70 0.266 0 1
92 40 0.575 0 1
22 52 0.066 0 2
32 22 0.102 0 1
63 22 0.315 0 2
30 52 0.195 0 2
107 40 0.629 0 1
64 5 0.260 0 1
16 10 0.055 0 1
26 5 0.115 0 2
18 70 0.108 0 1
14 100 0.045 0 1
184 70 0.544 0 2
21 52 0.075 0 2
25 15 0.091 0 2
135 10 0.828 0 2
25 70 0.086 0 1
26 100 0.168 0 1
95 5 0.322 0 1
16 100 0.064 0 1
42 40 0.268 0 2
35 30 0.116 0 2
266 40 1.064 0 1
21 40 0.067 0 2
32 5 0.101 0 2
29 40 0.104 0 2
113 5 0.373 0 2
53 5 0.173 0 2
71 100 0.338 0 2
65 70 0.223 0 2
220 10 1.477 0 1
189 30 1.277 0 2
104 30 0.495 0 1
16 22 0.065 0 2
63 15 0.214 0 2
257 30 0.751 0 2
20 30 0.093 0 1
18 70 0.068 0 2
18 5 0.084 0 2
28 30 0.093 0 1
77 22 0.274 0 1
31 52 0.195 0 1
52 40 0.200 0 2
77 10 0.310 0 2
92 52 0.347 0 2
56 22 0.219 0 2
60 5 0.217 0 1
187 52 0.545 0 2
78 10 0.251 0 1
69 10 0.219 0 1
142 10 0.959 0 2
57 70 0.224 0 1
35 52 0.210 0 2
40 30 0.214 0 1
77 5 0.318 0 1
49 100 0.149 0 1
42 22 0.169 0 2
69 5 0.216 0 2
21 40 0.063 0 2
49 5 0.162 0 1
14 30 0.084 0 2
189 40 0.564 0 2
19 22 0.059 0 1
152 15 0.596 0 2
27 40 0.178 0 1
16 40 0.105 0 2
12 100 0.053 0 1
13 10 0.040 0 2
246 22 0.794 0 2
12 70 0.036 0 1
157 15 0.616 0 2
163 5 1.045 0 2
59 10 0.212 0 1
70 52 0.219 0 1
191 70 1.049 0 2
71 10 0.277 0 2
181 100 0.566 0 2
19 5 0.064 0 2
33 70 0.178 0 2
58 30 0.227 0 1
81 10 0.306 0 2
128 22 0.660 0 2
188 10 0.900 0 1
59 10 0.251 0 1
174 52 0.510 0 2
166 100 1.000 0 2
33 70 0.162 0 2
67 22 0.349 0 1
11 22 0.057 0 2
85 40 0.277 0 2
143 22 0.478 0 2
18 15 0.063 0 1
10 30 0.062 0 1
112 40 0.337 0 1
23 100 0.102 0 1
62 22 0.221 0 2
69 100 0.300 0 2
21 100 0.062 0 2
178 5 0.558 0 1
73 15 0.243 0 1
20 15 0.099 0 1
71 15 0.225 0 1
149 100 0.503 0 1
11 5 0.069 0 2
39 5 0.149 0 1
22 70 0.097 0 2
121 70 0.602 0 1
89 52 0.303 0 2
180 30 0.594 0 2
66 22 0.393 0 1
62 10 0.270 0 2
36 22 0.237 0 1
155 52 0.587 0 2
12 70 0.043 0 1
15 70 0.055 0 2
86 70 0.309 0 2
17 70 0.069 0 1
62 100 0.205 0 2
85 70 0.500 0 2
16 30 0.050 0 1
210 100 1.099 0 1
161 5 0.471 0 2
156 5 0.506 0 1
125 100 0.442 0 1
16 52 0.055 0 1
62 22 0.277 0 2
119 15 0.492 0 2
33 52 0.205 0 2
75 30 0.234 0 1
26 100 0.103 0 1
20 52 0.085 0 1
62 15 0.235 0 2
186 52 0.547 0 2
269 40 1.592 0 2
70 10 0.427 0 1
11 70 0.069 0 2
16 10 0.060 0 1
68 70 0.228 0 2
16 5 0.071 0 2
15 70 0.089 0 2
18 40 0.057 0 2
35 100 0.107 0 1
82 100 0.366 0 1
79 15 0.470 0 2
314 40 1.010 0 1
28 15 0.116 0 2
94 40 0.450 0 1
13 15 0.068 0 1
159 15 0.859 0 2
128 30 0.627 0 1
18 30 0.105 0 2
49 70 0.212 0 2
30 100 0.159 0 1
25 10 0.076 0 1
135 5 0.399 0 1
158 70 0.940 0 1
43 30 0.180 0 1
14 10 0.060 0 2
27 5 0.124 0 2
76 22 0.269 0 2
60 70 0.245 0 2
40 30 0.122 0 1
77 100 0.266 0 2
265 70 1.456 0 1
38 100 0.116 0 2
29 100 0.151 0 1
38 30 0.142 0 2
102 10 0.513 0 2
27 40 0.105 0 2
32 30 0.203 0 2
14 52 0.066 0 2
39 22 0.140 0 1
62 10 0.304 0 1
25 100 0.074 0 2
292 22 1.718 0 2
22 70 0.080 0 1
11 10 0.033 0 1
50 52 0.309 0 1
10 70 0.050 0 1
99 15 0.365 0 1
75 40 0.266 0 2
69 30 0.418 0 2
49 100 0.180 0 1
304 5 1.455 0 2
75 100 0.424 0 2
192 52 0.625 0 1
28 10 0.166 0 1
190 70 0.712 0 1
183 15 0.792 0 1
48 10 0.235 0 2
35 22 0.133 0 1
12 15 0.048 0 1
82 22 0.248 0 1
63 30 0.288 0 1
298 40 1.373 0 2
55 100 0.191 0 2
156 5 0.464 0 2
65 10 0.322 0 1
123 70 0.414 0 1
141 10 0.762 0 1
68 15 0.221 0 1
14 70 0.064 0 1
23 22 0.091 0 2
303 30 1.595 0 2
32 40 0.181 0 2
159 100 0.841 0 2
16 30 0.068 0 2
40 30 0.158 0 1
67 30 0.338 0 1
319 10 0.970 0 2
16 10 0.087 0 2
22 5 0.081 0 1
105 22 0.593 0 1
64 10 0.277 0 2
142 5 0.845 0 1
50 10 0.191 0 1
334 10 1.637 0 2
30 52 0.112 0 1
203 100 1.160 0 1
38 10 0.121 0 2
193 15 1.287 0 2
179 10 1.017 0 1
59 15 0.230 0 2
15 10 0.057 0 2
47 100 0.197 0 1
146 70 0.885 0 2
183 30 0.635 0 2
38 22 0.170 0 2
47 15 0.215 0 1
10 52 0.032 0 2
30 10 0.108 0 1
279 30 1.011 0 2
17 100 0.062 0 1
13 22 0.043 0 2
101 70 0.393 0 2
164 15 1.019 0 1
19 5 0.074 0 1
79 70 0.234 0 1
18 22 0.069 0 2
128 40 0.510 0 2
43 10 0.163 0 2
190 15 0.995 0 2
19 22 0.095 0 2
181 52 0.528 0 2
26 100 0.088 0 2
146 5 0.785 0 1
39 22 0.190 0 2
50 40 0.250 0 2
146 5 0.537 0 1
77 100 0.335 0 1
44 70 0.158 0 2
75 15 0.484 0 1
14 100 0.056 0 1
34 22 0.171 0 2
314 15 0.954 0 1
139 15 0.457 0 2
46 15 0.173 0 1
11 22 0.045 0 1
16 15 0.070 0 2
10 10 0.067 0 1
40 70 0.217 0 1
116 5 0.422 0 2
183 40 0.540 0 2
29 100 0.126 0 2
10 15 0.046 0 2
23 5 0.110 0 1
38 5 0.170 0 2
12 70 0.049 0 2
205 22 0.663 0 1
189 40 0.794 0 1
17 15 0.083 0 1
26 70 0.136 0 2
148 70 0.481 0 1
198 52 1.286 0 2
40 10 0.227 0 2
29 22 0.106 0 1
82 30 0.317 0 2
22 100 0.117 0 2
41 52 0.253 0 2
78 30 0.400 0 1
120 52 0.561 0 1
75 100 0.387 0 2
10 40 0.033 0 1
272 52 0.853 0 2
19 15 0.066 0 2
68 40 0.220 0 2
36 40 0.149 0 1
194 52 0.874 0 1
32 52 0.158 0 1
14 30 0.067 0 2
38 52 0.165 0 2
270 52 1.027 0 1
88 22 0.486 0 2
44 70 0.214 0 2
11 70 0.035 0 1
58 100 0.193 0 1
138 70 0.585 0 2
29 100 0.131 0 2
28 30 0.112 0 2
182 5 0.989 0 1
39 52 0.127 0 2
16 22 0.066 0 2
19 100 0.067 0 1
63 10 0.250 0 1
18 10 0.110 0 2
257 52 1.016 0 2
20 22 0.074 0 2
20 40 0.077 0 1
28 30 0.088 0 2
44 22 0.291 0 2
181 52 0.968 0 2
68 40 0.287 0 2
68 22 0.405 0 2
39 10 0.149 0 1
54 40 0.302 0 1
137 52 0.640 0 1
17 5 0.055 0 2
148 52 0.698 0 2
35 5 0.210 0 2
145 100 0.539 0 2
91 52 0.294 0 1
176 100 0.552 0 2
70 40 0.219 0 1
20 10 0.123 0 1
45 70 0.158 0 1
36 30 0.131 0 2
21 30 0.080 0 1
47 22 0.237 0 2
26 30 0.120 0 2
150 52 0.558 0 2
153 5 0.712 0 2
145 5 0.960 0 1
322 70 1.056 0 2
36 52 0.107 0 2
78 15 0.523 0 1
63 40 0.337 0 1
63 5 0.191 0 1
76 52 0.376 0 1
69 100 0.358 0 1
135 15 0.394 0 1
37 30 0.141 0 2
279 70 1.368 0 2
81 100 0.445 0 2
28 30 0.102 0 2
165 40 0.583 0 2
76 22 0.411 0 1
75 40 0.371 0 1
15 100 0.053 0 2
199 30 0.670 0 2
55 52 0.272 0 2
119 10 0.721 0 1
130 5 0.388 0 1
178 100 0.562 0 1
27 100 0.080 0 2
312 40 1.118 0 2
60 52 0.335 0 2
193 15 0.661 0 1
41 10 0.132 0 1
55 100 0.214 0 2
17 40 0.063 0 1
69 30 0.257 0 2
170 15 0.730 0 1
147 100 0.955 0 1
49 70 0.285 0 2
302 15 1.285 0 1
32 70 0.143 0 1
12 15 0.045 0 2
75 40 0.250 0 1
35 100 0.112 0 1
40 10 0.142 0 1
16 10 0.094 0 1
190 15 1.284 0 2
17 70 0.056 0 1
142 30 0.530 0 2
264 15 0.974 0 1
160 15 1.067 0 1
34 10 0.192 0 1
18 22 0.079 0 1
83 10 0.290 0 1
18 22 0.081 0 1
31 70 0.138 0 2
50 70 0.185 0 1
19 40 0.056 0 2
19 70 0.114 0 2
19 30 0.056 0 1
224 100 0.732 0 1
37 100 0.138 0 1
39 30 0.176 0 2
22 52 0.073 0 1
17 100 0.055 0 1
84 52 0.281 0 1
58 40 0.184 0 2
29 40 0.154 0 1
15 100 0.071 0 1
13 15 0.047 0 1
20 70 0.079 0 2
74 22 0.327 0 2
53 15 0.162 0 1
37 52 0.123 0 2
32 15 0.101 0 1
32 15 0.178 0 1
39 15 0.139 0 2
81 30 0.299 0 2
66 15 0.301 0 2
11 15 0.038 0 2
26 70 0.078 0 2
157 70 0.477 0 2
171 22 0.531 0 1
14 100 0.081 0 1
37 5 0.119 0 1
38 70 0.157 0 1
29 5 0.109 0 2
15 5 0.045 0 2
26 10 0.097 0 2
198 15 0.607 0 1
77 100 0.310 0 2
14 5 0.071 0 1
40 52 0.120 0 2
205 70 0.865 0 1
255 10 0.823 0 1
15 40 0.053 0 2
14 30 0.065 0 1
39 100 0.218 0 1
14 5 0.088 0 1
12 40 0.052 0 1
119 15 0.484 0 2
190 22 0.945 0 1
242 52 0.934 0 2
166 15 0.731 0 2
131 30 0.736 0 1
317 5 1.832 0 1
13 40 0.039 0 1
44 52 0.224 0 1
15 5 0.055 0 1
188 15 0.589 0 1
50 15 0.162 0 1
24 70 0.075 0 1
35 40 0.175 0 2
40 5 0.165 0 2
199 22 0.833 0 2
307 40 0.927 0 2
12 5 0.040 0 1
58 52 0.242 0 2
17 22 0.102 0 2
194 10 0.975 0 1
30 5 0.162 0 1
172 5 0.956 0 1
70 40 0.227 0 1
20 52 0.125 0 1
22 22 0.074 0 1
29 22 0.144 0 2
25 30 0.088 0 1
16 22 0.074 0 1
18 10 0.110 0 1
33 100 0.112 0 2
15 40 0.082 0 2
37 52 0.125 0 2
14 10 0.063 0 1
53 15 0.155 0 1
15 22 0.058 0 1
219 22 0.898 0 1
19 52 0.089 0 2
19 15 0.059 0 2
26 5 0.155 0 2
243 10 1.185 0 2
178 100 0.848 0 1
46 15 0.295 0 2
78 10 0.506 0 1
13 70 0.079 0 1
196 5 0.975 0 1
31 70 0.137 0 1
27 5 0.089 0 2
43 100 0.201 0 2
121 100 0.519 0 1
15 5 0.090 0 2
19 10 0.070 0 2
33 70 0.128 0 2
21 15 0.062 0 2
13 70 0.051 0 2
15 10 0.051 0 2
14 70 0.063 0 2
168 10 0.848 0 1
28 15 0.099 0 2
268 15 0.830 0 1
258 52 1.147 0 2
118 40 0.421 0 2
18 70 0.068 0 1
14 70 0.045 0 2
15 100 0.084 0 1
66 30 0.375 0 2
78 22 0.375 0 2
171 15 0.517 0 1
20 40 0.063 0 2
161 100 1.006 0 1
42 30 0.199 0 2
275 10 1.846 0 1
273 30 1.325 0 2
26 52 0.078 0 2
271 40 1.143 0 1
35 52 0.235 0 1
12 5 0.041 0 1
176 5 0.568 0 1
144 100 0.783 0 1
331 40 1.421 0 1
72 30 0.305 0 1
21 22 0.064 0 1
61 52 0.186 0 1
71 100 0.336 0 1
20 30 0.114 0 1
79 100 0.322 0 2
295 100 1.180 0 1
226 100 1.061 0 1
18 15 0.088 0 1
13 5 0.060 0 1
10 22 0.037 0 1
134 30 0.436 0 1
239 52 1.406 0 1
17 70 0.089 0 1
62 10 0.212 0 2
15 15 0.052 0 1
176 30 0.863 0 1
14 5 0.061 0 2
102 10 0.342 0 2
18 52 0.056 0 2
73 70 0.313 0 2
30 5 0.169 0 1
22 70 0.071 0 2
190 30 0.564 0 1
195 15 0.593 0 1
50 5 0.168 0 2
14 52 0.069 0 1
12 70 0.070 0 1
15 52 0.057 0 1
10 40 0.037 0 1
220 40 1.438 0 2
17 22 0.087 0 2
178 5 1.072 0 1
127 22 0.567 0 1
16 15 0.063 0 1
16 10 0.062 0 2
39 100 0.122 0 2
197 15 1.271 0 2
36 70 0.228 0 2
25 5 0.105 0 2
39 22 0.211 0 1
111 22 0.531 0 1
226 70 0.665 0 2
34 30 0.106 0 1
39 10 0.183 0 2
179 10 0.895 0 1
54 100 0.189 0 1
216 40 0.828 0 1
132 100 0.810 0 2
56 15 0.218 0 2
53 15 0.209 0 2
27 30 0.099 0 2
174 5 0.637 0 1
36 5 0.148 0 2
32 22 0.094 0 2
69 30 0.454 0 1
47 70 0.204 0 1
63 22 0.191 0 1
24 22 0.091 0 1
32 22 0.183 0 1
38 40 0.150 0 1
34 15 0.123 0 1
21 22 0.112 0 2
157 22 0.623 0 1
67 5 0.261 0 1
10 40 0.031 0 2
54 100 0.176 0 2
71 52 0.248 0 1
193 15 0.885 0 1
12 52 0.041 0 2
79 15 0.239 0 2
59 15 0.331 0 2
10 22 0.038 0 2
53 30 0.279 0 1
12 10 0.080 0 2
14 22 0.048 0 2
61 52 0.194 0 1
60 40 0.269 0 2
339 100 1.194 0 2
73 30 0.422 0 2
22 100 0.074 0 2
19 52 0.060 0 1
55 100 0.316 0 2
32 30 0.132 0 1
28 22 0.118 0 2
13 70 0.086 0 2
42 15 0.273 0 2
75 15 0.395 0 2
13 100 0.084 0 1
78 5 0.231 0 1
93 15 0.472 0 2
81 10 0.424 0 1
69 40 0.270 0 2
228 40 0.673 0 2
34 30 0.111 0 2
165 22 0.484 0 2
146 5 0.689 0 1
13 22 0.041 0 1
38 40 0.166 0 1
19 70 0.107 0 2
15 100 0.048 0 2
309 70 2.060 0 1
117 70 0.504 1 0
126 100 0.372 1 0
46 30 0.167 1 2
306 52 1.209 1 2
29 15 0.109 1 0
77 52 0.267 1 2
28 30 0.087 1 0
40 22 0.134 1 0
47 15 0.222 1 2
15 30 0.044 1 0
39 52 0.232 1 2
19 5 0.091 1 0
12 5 0.040 1 0
27 52 0.126 1 2
20 5 0.123 1 0
11 22 0.046 1 0
227 100 0.942 1 0
74 10 0.471 1 0
36 70 0.117 1 2
47 70 0.144 1 0
22 30 0.117 1 0
158 10 0.878 1 2
226 40 1.119 1 0
111 40 0.657 1 2
37 30 0.134 1 0
11 40 0.036 1 2
168 40 0.743 1 2
15 10 0.050 1 0
39 5 0.217 1 0
235 70 1.442 1 2
29 15 0.137 1 0
115 15 0.540 1 2
66 10 0.228 1 2
30 40 0.142 1 0
106 15 0.346 1 2
19 22 0.078 1 0
79 22 0.251 1 0
273 15 0.925 1 0
198 40 0.733 1 0
45 5 0.151 1 0
40 5 0.253 1 2
11 22 0.051 1 0
22 40 0.105 1 2
35 70 0.182 1 2
110 10 0.341 1 0
22 100 0.071 1 0
75 52 0.393 1 2
24 70 0.128 1 0
63 52 0.204 1 0
36 70 0.145 1 2
155 5 0.912 1 0
75 5 0.487 1 0
25 40 0.081 1 2
232 70 1.326 1 0
14 22 0.062 1 2
16 15 0.082 1 0
111 70 0.649 1 2
224 22 0.770 1 0
10 22 0.049 1 0
77 40 0.252 1 2
123 15 0.575 1 2
50 100 0.201 1 0
16 22 0.050 1 0
121 10 0.455 1 0
17 15 0.073 1 0
12 5 0.059 1 0
198 70 1.131 1 2
25 22 0.164 1 0
78 100 0.262 1 0
38 70 0.115 1 2
13 22 0.070 1 2
13 10 0.076 1 0
48 22 0.157 1 0
42 30 0.183 1 0
198 10 0.728 1 2
62 40 0.358 1 0
120 15 0.350 1 0
22 15 0.083 1 2
15 100 0.059 1 0
17 15 0.059 1 0
10 10 0.055 1 0
19 5 0.062 1 0
177 100 0.578 1 0
172 40 0.520 1 2
153 40 0.718 1 2
106 15 0.463 1 0
26 100 0.130 1 0
23 70 0.104 1 0
147 40 0.770 1 0
123 70 0.498 1 0
30 10 0.097 1 0
48 22 0.284 1 0
49 15 0.145 1 0
61 15 0.321 1 0
21 52 0.130 1 0
18 15 0.059 1 2
159 15 0.671 1 2
180 30 1.023 1 2
140 100 0.560 1 0
85 40 0.457 1 0
128 10 0.579 1 2
14 10 0.048 1 0
11 5 0.051 1 2
46 10 0.161 1 0
22 30 0.095 1 0
15 52 0.044 1 0
145 10 0.457 1 2
12 40 0.052 1 0
25 100 0.134 1 0
83 15 0.519 1 0
15 100 0.076 1 2
65 40 0.351 1 0
18 100 0.096 1 0
318 40 1.988 1 0
14 22 0.046 1 2
45 40 0.146 1 0
293 52 0.888 1 0
109 52 0.365 1 0
23 52 0.094 1 0
59 52 0.219 1 0
12 22 0.039 1 0
11 52 0.054 1 2
11 22 0.039 1 0
56 22 0.211 1 2
65 30 0.294 1 0
26 15 0.151 1 2
12 40 0.070 1 0
60 22 0.264 1 0
133 70 0.498 1 0
37 22 0.121 1 2
92 22 0.601 1 0
25 30 0.115 1 0
14 100 0.080 1 2
285 30 1.084 1 0
73 30 0.232 1 2
13 5 0.088 1 2
26 15 0.085 1 0
71 70 0.313 1 0
34 22 0.194 1 2
20 5 0.067 1 2
37 40 0.206 1 2
11 5 0.037 1 2
138 22 0.701 1 0
74 70 0.319 1 0
23 100 0.078 1 0
12 70 0.073 1 2
159 5 0.598 1 0
24 5 0.162 1 2
60 15 0.181 1 2
28 70 0.148 1 0
28 100 0.087 1 0
22 40 0.095 1 0
10 100 0.030 1 2
106 22 0.507 1 2
160 100 0.630 1 0
19 5 0.075 1 0
287 10 1.805 1 0
192 10 0.955 1 0
55 10 0.267 1 2
35 70 0.130 1 0
92 70 0.276 1 2
71 100 0.250 1 0
73 52 0.218 1 2
10 30 0.045 1 0
196 100 0.748 1 0
29 5 0.088 1 2
322 10 1.741 1 2
79 22 0.427 1 0
101 40 0.357 1 0
311 22 1.095 1 0
231 10 1.013 1 2
23 22 0.070 1 0
60 40 0.259 1 0
46 10 0.162 1 0
128 22 0.386 1 0
39 100 0.144 1 2
26 40 0.077 1 0
249 30 1.576 1 0
17 40 0.076 1 2
116 70 0.768 1 0
251 100 1.651 1 0
16 70 0.051 1 0
39 30 0.114 1 0
17 30 0.090 1 0
33 15 0.097 1 0
32 15 0.205 1 0
32 22 0.136 1 0
25 100 0.079 1 0
208 52 1.300 1 2
31 10 0.135 1 0
13 52 0.073 1 2
186 10 1.192 1 2
15 30 0.060 1 0
10 52 0.061 1 0
195 15 0.621 1 0
15 40 0.080 1 0
65 5 0.207 1 0
15 52 0.065 1 2
108 40 0.403 1 2
28 22 0.091 1 0
60 22 0.302 1 0
44 5 0.239 1 2
68 10 0.313 1 0
12 52 0.040 1 2
41 70 0.139 1 0
19 30 0.057 1 0
52 52 0.188 1 0
29 5 0.098 1 0
18 10 0.065 1 0
28 15 0.114 1 2
61 100 0.189 1 0
12 52 0.053 1 2
15 70 0.095 1 0
83 52 0.335 1 0
16 52 0.085 1 0
88 15 0.367 1 0
26 15 0.078 1 0
52 15 0.165 1 0
74 5 0.420 1 0
130 15 0.380 1 2
37 70 0.110 1 0
70 52 0.285 1 2
68 15 0.199 1 2
211 22 0.950 1 0
50 15 0.202 1 0
24 40 0.126 1 2
10 5 0.043 1 2
57 30 0.171 1 0
15 22 0.080 1 0
163 52 0.700 1 2
41 52 0.180 1 0
52 5 0.169 1 0
30 100 0.114 1 2
28 30 0.103 1 2
134 10 0.525 1 0
181 52 0.842 1 2
176 22 0.752 1 2
186 22 1.045 1 0
35 22 0.143 1 0
25 40 0.106 1 2
50 30 0.169 1 0
26 22 0.084 1 0
18 10 0.053 1 0
104 100 0.398 1 2
22 40 0.098 1 0
142 22 0.910 1 2
70 100 0.333 1 0
11 100 0.072 1 0
136 100 0.476 1 2
14 10 0.065 1 0
154 100 0.890 1 0
13 52 0.064 1 0
37 30 0.109 1 0
128 5 0.394 1 2
31 22 0.114 1 0
71 22 0.461 1 0
143 52 0.905 1 2
285 70 1.092 1 2
184 10 0.546 1 0
21 10 0.101 1 0
166 22 0.798 1 0
55 40 0.246 1 2
37 15 0.200 1 2
33 30 0.109 1 2
26 30 0.136 1 0
29 52 0.115 1 2
14 40 0.060 1 0
99 40 0.559 1 0
157 5 0.503 1 0
191 10 1.005 1 0
42 22 0.189 1 0
40 30 0.158 1 0
28 10 0.112 1 0
20 100 0.067 1 0
16 15 0.050 1 2
184 5 0.868 1 2
142 15 0.457 1 0
180 70 0.833 1 2
14 40 0.077 1 0
26 5 0.083 1 0
61 15 0.236 1 2
78 30 0.424 1 0
17 30 0.060 1 2
35 5 0.211 1 2
57 22 0.271 1 0
60 15 0.283 1 0
26 30 0.161 1 2
34 10 0.167 1 2
26 100 0.079 1 0
23 10 0.083 1 0
128 22 0.637 1 0
103 100 0.389 1 0
192 15 0.688 1 0
19 40 0.067 1 2
36 40 0.224 1 0
10 22 0.040 1 2
70 30 0.424 1 0
278 40 0.840 1 0
11 52 0.043 1 2
13 100 0.042 1 2
29 15 0.094 1 0
35 100 0.189 1 0
146 70 0.880 1 2
144 40 0.947 1 0
15 15 0.100 1 0
43 15 0.136 1 0
12 52 0.043 1 0
152 52 0.956 1 0
125 10 0.398 1 2
111 52 0.594 1 0
11 100 0.033 1 0
19 22 0.090 1 2
14 70 0.079 1 0
133 100 0.416 1 0
12 70 0.040 1 0
70 5 0.260 1 0
54 22 0.342 1 0
82 5 0.347 1 0
106 5 0.596 1 0
71 5 0.326 1 0
64 70 0.245 1 0
62 52 0.337 1 0
144 5 0.466 1 0
198 100 0.952 1 0
18 22 0.094 1 2
198 70 1.031 1 0
20 5 0.060 1 0
83 100 0.259 1 2
19 5 0.114 1 0
12 10 0.049 1 0
13 30 0.074 1 2
223 100 0.996 1 0
169 52 0.575 1 0
18 100 0.060 1 0
187 15 0.661 1 2
175 15 0.735 1 0
11 5 0.033 1 0
113 15 0.465 1 0
123 100 0.826 1 0
30 15 0.110 1 0
75 52 0.335 1 0
29 5 0.124 1 2
43 22 0.152 1 0
164 40 0.514 1 2
42 30 0.144 1 0
44 100 0.192 1 2
48 30 0.183 1 0
181 10 0.528 1 0
219 100 1.009 1 0
144 52 0.502 1 0
77 40 0.265 1 0
45 10 0.138 1 0
174 70 0.647 1 0
14 5 0.044 1 0
91 10 0.280 1 0
39 22 0.220 1 2
19 22 0.058 1 0
171 70 0.503 1 0
12 70 0.066 1 0
112 15 0.514 1 0
159 5 0.952 1 0
12 30 0.074 1 2
291 10 1.420 1 0
67 15 0.235 1 2
15 52 0.063 1 0
18 100 0.067 1 0
16 5 0.092 1 2
60 22 0.181 1 2
65 70 0.286 1 2
129 70 0.713 1 2
126 40 0.643 1 0
62 10 0.190 1 0
19 40 0.062 1 0
51 15 0.224 1 0
120 100 0.373 1 2
36 52 0.119 1 0
57 52 0.292 1 0
53 22 0.198 1 0
51 40 0.300 1 0
16 100 0.075 1 2
200 52 0.585 1 2
14 15 0.053 1 0
48 5 0.162 1 0
61 10 0.187 1 0
48 52 0.204 1 0
19 40 0.104 1 2
98 10 0.289 1 0
54 40 0.178 1 0
37 30 0.115 1 0
54 5 0.346 1 0
164 52 0.492 1 0
112 22 0.612 1 2
153 15 0.757 1 2
162 100 0.786 1 2
105 5 0.469 1 0
173 10 0.627 1 0
48 40 0.199 1 2
54 70 0.277 1 2
151 100 0.674 1 0
37 30 0.119 1 0
88 52 0.281 1 2
53 5 0.186 1 0
203 52 0.695 1 2
19 30 0.069 1 2
316 70 1.078 1 0
23 22 0.112 1 2
11 70 0.037 1 0
57 40 0.236 1 0
14 15 0.087 1 2
135 52 0.730 1 2
27 100 0.180 1 2
18 70 0.054 1 0
15 52 0.071 1 0
71 30 0.258 1 0
112 40 0.574 1 0
297 30 0.990 1 2
26 40 0.151 1 0
72 30 0.269 1 2
73 10 0.435 1 0
78 5 0.270 1 0
30 22 0.138 1 0
54 70 0.342 1 2
75 100 0.359 1 0
95 10 0.430 1 0
16 100 0.096 1 0
56 22 0.308 1 2
11 10 0.042 1 0
284 10 1.315 1 2
14 40 0.072 1 0
125 22 0.548 1 2
57 100 0.282 1 2
61 22 0.353 1 2
36 15 0.226 1 2
124 40 0.426 1 2
13 30 0.059 1 2
156 10 0.788 1 0
25 100 0.116 1 0
72 40 0.273 1 0
75 30 0.466 1 0
43 10 0.151 1 2
44 70 0.135 1 0
104 100 0.491 1 0
18 70 0.096 1 0
41 10 0.161 1 0
308 70 2.000 1 0
13 30 0.079 1 0
10 70 0.044 1 2
13 30 0.044 1 0
27 30 0.085 1 0
17 22 0.055 1 0
69 70 0.348 1 2
70 52 0.217 1 2
170 100 0.971 1 2
62 40 0.281 1 0
168 40 0.994 1 0
15 30 0.052 1 0
74 10 0.440 1 0
23 70 0.120 1 0
153 30 0.777 1 2
10 30 0.066 1 0
30 100 0.184 1 0
153 15 0.823 1 2
52 10 0.333 1 0
11 70 0.035 1 0
107 15 0.557 1 0
18 22 0.073 1 0
11 15 0.037 1 0
14 100 0.052 1 0
327 10 0.979 1 2
23 70 0.088 1 2
46 10 0.152 1 2
52 52 0.179 1 0
62 40 0.256 1 2
197 5 0.956 1 0
56 70 0.238 1 0
73 22 0.280 1 0
19 22 0.097 1 2
268 52 1.098 1 0
38 5 0.114 1 2
101 52 0.555 1 0
73 52 0.214 1 0
106 30 0.433 1 2
57 30 0.375 1 2
25 10 0.081 1 0
213 10 0.826 1 0
159 52 0.975 1 2
18 70 0.119 1 2
16 5 0.082 1 0
10 30 0.039 1 0
33 30 0.097 1 0
15 30 0.091 1 0
74 22 0.251 1 0
64 15 0.272 1 0
31 52 0.105 1 2
290 70 1.120 1 0
107 5 0.557 1 2
161 100 0.885 1 2
103 15 0.440 1 2
11 40 0.071 1 0
12 100 0.078 1 0
16 10 0.053 1 0
32 15 0.123 1 0
31 40 0.124 1 0
104 52 0.671 1 0
59 52 0.277 1 0
35 52 0.207 1 2
121 15 0.756 1 2
37 70 0.142 1 0
15 10 0.090 1 0
16 100 0.086 1 0
51 70 0.309 1 0
16 5 0.067 1 0
193 30 1.237 1 0
10 30 0.037 1 2
18 5 0.055 1 0
18 100 0.074 1 0
19 22 0.101 1 2
72 40 0.419 1 0
55 70 0.244 1 0
16 30 0.078 1 0
24 52 0.126 1 2
131 22 0.512 1 0
240 30 1.600 1 0
55 30 0.162 1 0
46 15 0.284 1 0
281 22 0.993 1 0
154 70 0.500 1 0
302 30 1.808 1 0
222 15 1.337 1 2
66 30 0.291 1 0
64 40 0.322 1 0
30 15 0.099 1 0
100 5 0.398 1 2
76 100 0.243 1 0
130 52 0.439 1 0
89 5 0.380 1 0
70 10 0.298 1 0
34 30 0.159 1 2
68 40 0.362 1 2
72 52 0.224 1 0
65 5 0.278 1 0
62 52 0.209 1 0
15 70 0.054 1 0
14 40 0.043 1 0
14 15 0.065 1 0
145 40 0.525 1 0
41 22 0.265 1 0
49 52 0.156 1 0
95 5 0.344 1 0
47 15 0.221 1 2
66 10 0.275 1 0
11 52 0.059 1 0
27 15 0.105 1 0
69 5 0.304 1 0
193 15 1.027 1 0
34 40 0.177 1 0
162 70 0.726 1 2
77 100 0.464 1 2
15 5 0.053 1 0
28 15 0.182 1 2
166 10 0.553 1 0
55 22 0.288 1 2
49 100 0.189 1 2
189 100 1.027 1 0
166 15 0.976 1 2
15 40 0.051 1 2
159 52 0.930 1 0
149 40 0.703 1 2
75 52 0.366 1 2
24 40 0.092 1 0
39 15 0.117 1 2
35 22 0.109 1 0
47 40 0.299 1 2
49 10 0.205 1 2
178 52 0.553 1 0
12 52 0.060 1 2
149 30 0.887 1 2
65 15 0.215 1 2
51 100 0.234 1 2
36 5 0.182 1 0
13 100 0.038 1 2
51 100 0.331 1 0
167 40 0.884 1 0
192 100 0.846 1 2
24 40 0.098 1 0
43 70 0.149 1 0
77 100 0.269 1 0
11 10 0.052 1 2
35 100 0.136 1 2
163 100 0.529 1 0
42 15 0.154 1 0
330 52 1.236 1 0
160 100 0.637 1 2
15 70 0.045 1 0
33 22 0.223 1 2
47 22 0.318 1 0
77 40 0.461 1 2
45 10 0.170 1 2
80 52 0.386 1 0
104 10 0.349 1 0
26 5 0.077 1 0
35 100 0.132 1 2
23 5 0.085 1 0
72 70 0.285 1 2
79 70 0.459 1 0
159 40 0.639 1 2
75 15 0.316 1 0
22 5 0.132 1 0
156 52 0.476 1 2
16 52 0.047 1 2
48 100 0.161 1 0
88 52 0.471 1 0
65 30 0.262 1 0
190 22 0.613 1 2
147 52 0.540 1 0
20 70 0.106 1 0
71 5 0.278 1 0
143 52 0.609 1 0
75 5 0.280 1 0
307 5 1.048 1 0
134 52 0.540 1 0
154 30 0.478 1 0
178 100 1.163 1 2
185 100 0.690 1 0
25 70 0.101 1 2
97 15 0.296 1 0
75 40 0.377 1 0
19 5 0.077 1 0
91 40 0.386 1 0
249 100 1.304 1 0
13 22 0.075 1 0
170 100 1.111 1 0
29 70 0.179 1 2
72 52 0.216 1 0
27 22 0.095 1 0
27 70 0.116 1 0
125 10 0.393 1 0
18 70 0.067 1 0
43 52 0.243 1 0
56 5 0.327 1 0
111 15 0.420 1 2
272 10 1.054 1 0
29 22 0.141 1 0
45 5 0.287 1 0
73 10 0.253 1 0
123 10 0.687 1 0
17 70 0.092 1 2
59 40 0.208 1 0
10 22 0.038 1 2
39 40 0.169 1 0
18 22 0.061 1 0
63 15 0.236 1 2
29 100 0.146 1 2
17 30 0.080 1 0
331 5 1.391 1 0
111 10 0.531 1 0
61 40 0.197 1 0
78 40 0.318 1 2
22 15 0.086 1 0
14 22 0.062 1 0
12 70 0.044 1 2
28 52 0.153 1 0
41 22 0.139 1 0
102 10 0.366 1 2
12 5 0.046 1 0
16 10 0.050 1 2
21 40 0.081 1 2
165 100 0.529 1 2
28 40 0.183 1 0
47 40 0.257 1 2
217 15 0.756 1 2
118 30 0.518 1 0
19 15 0.102 1 0
79 22 0.263 1 2
37 30 0.118 1 2
60 40 0.199 1 0
20 5 0.113 1 2
13 15 0.040 1 0
173 15 1.109 1 2
22 5 0.090 1 0
76 52 0.237 1 0
61 22 0.192 1 0
13 5 0.083 1 0
71 5 0.330 1 0
16 70 0.050 1 0
87 100 0.442 1 0
164 22 0.498 1 0
36 70 0.121 1 0
334 100 1.228 1 0
22 15 0.065 1 0
17 40 0.062 1 2
30 30 0.119 1 0
130 30 0.681 1 2
71 70 0.298 1 2
335 70 1.180 1 0
15 22 0.052 1 2
72 70 0.353 1 2
12 22 0.043 1 0
242 22 1.391 1 0
86 22 0.251 1 0
53 5 0.187 1 2
11 70 0.042 1 0
11 10 0.065 1 2
19 5 0.098 1 2
12 52 0.046 1 0
26 70 0.141 1 0
28 30 0.097 1 0
64 22 0.226 1 0
16 30 0.055 1 2
59 30 0.247 1 0
68 52 0.308 1 0
37 10 0.167 1 0
152 22 0.944 1 2
27 70 0.080 1 2
22 40 0.090 1 0
27 70 0.110 1 0
38 10 0.154 1 0
186 22 0.547 1 0
19 52 0.079 1 0
61 40 0.270 1 2
269 10 0.796 1 0
22 22 0.138 1 2
61 52 0.389 1 0
11 70 0.039 1 0
27 70 0.108 1 0
35 52 0.134 1 2
17 40 0.060 1 0
17 40 0.080 1 2
10 30 0.031 1 0
61 10 0.205 1 0
13 70 0.068 1 0
23 40 0.068 1 2
12 10 0.038 1 2
77 70 0.284 1 2
32 40 0.111 1 2
81 15 0.429 1 0
202 40 0.662 1 0
24 40 0.078 1 0
78 10 0.470 1 0
37 100 0.171 1 0
29 100 0.152 1 0
16 70 0.087 1 0
334 15 1.575 1 0
37 100 0.164 1 2
14 100 0.054 1 0
247 70 0.885 1 2
22 100 0.095 1 2
55 100 0.309 1 0
70 30 0.393 1 2
18 52 0.061 1 2
13 5 0.051 1 0
16 100 0.063 1 2
27 22 0.167 1 2
230 10 1.394 1 2
134 100 0.876 1 2
162 5 0.518 1 0
10 22 0.049 1 2
18 100 0.063 1 0
34 5 0.209 1 0
28 100 0.136 1 2
39 22 0.118 1 0
39 10 0.126 1 0
30 30 0.120 1 2
58 100 0.190 1 0
170 30 0.496 1 0
13 52 0.088 1 0
15 40 0.047 1 0
87 5 0.313 1 0
17 5 0.111 1 0
12 10 0.042 1 0
155 40 0.752 1 0
190 100 0.826 1 2
24 5 0.080 1 2
187 5 0.789 1 0
186 70 1.208 1 0
67 22 0.347 1 2
79 22 0.289 1 0
13 52 0.043 1 0
62 70 0.318 1 0
56 10 0.224 1 0
198 100 1.005 1 2
18 10 0.091 1 0
119 10 0.569 1 0
155 30 0.610 1 0
153 52 0.895 1 0
24 22 0.152 1 2
32 70 0.094 1 0
122 52 0.652 1 2
13 100 0.042 1 0
78 15 0.364 1 0
40 5 0.187 1 2
20 5 0.062 1 2
138 52 0.885 1 0
14 40 0.047 1 2
38 40 0.138 1 2
12 5 0.078 1 0
262 70 1.154 1 2
102 40 0.434 1 0
91 22 0.333 1 0
253 52 0.917 1 0
107 70 0.354 1 0
122 52 0.405 1 2
36 52 0.155 1 2
68 22 0.218 1 0
18 40 0.066 1 0
16 10 0.093 1 0
75 70 0.223 1 2
14 52 0.047 1 0
53 22 0.249 1 0
199 30 0.634 1 2
15 52 0.051 1 0
79 5 0.242 1 0
11 100 0.074 1 0
302 52 1.606 1 2
14 30 0.069 1 0
71 30 0.217 1 0
12 52 0.051 1 0
138 10 0.412 1 0
77 5 0.292 1 2
42 10 0.125 1 0
143 22 0.485 1 2
22 30 0.129 1 2
30 22 0.087 1 0
39 52 0.253 1 0
33 52 0.157 1 2
16 52 0.058 1 2
23 10 0.146 1 2
151 15 0.821 1 0
109 40 0.694 1 0
93 30 0.276 1 0
75 40 0.262 1 0
119 30 0.559 1 2
51 52 0.163 1 2
37 100 0.150 1 2
18 40 0.091 1 2
39 10 0.117 1 0
194 100 0.946 1 2
310 100 0.909 1 2
60 100 0.265 1 2
64 22 0.194 1 0
218 15 0.897 1 2
77 15 0.309 1 2
154 40 0.626 1 0
30 52 0.101 1 0
70 40 0.205 1 0
86 40 0.262 1 0
16 10 0.084 1 0
15 10 0.052 1 0
169 10 0.585 1 2
71 100 0.228 1 0
74 52 0.481 1 0
12 10 0.040 1 0
12 30 0.047 1 2
176 22 0.537 1 0
35 5 0.219 1 2
181 5 0.578 1 2
92 70 0.409 1 2
48 52 0.187 1 0
58 40 0.246 1 0
12 52 0.069 1 2
74 52 0.224 1 2
71 100 0.225 1 0
217 40 1.160 1 0
65 30 0.346 1 0
47 52 0.192 1 0
42 40 0.134 1 0
71 70 0.433 1 0
78 15 0.290 1 0
64 52 0.254 1 2
22 5 0.137 1 0
83 22 0.344 1 0
67 30 0.276 1 2
192 70 0.587 1 0
45 15 0.152 1 0
30 15 0.188 1 0
32 70 0.111 1 0
21 40 0.068 1 0
64 40 0.203 1 0
81 30 0.255 1 0
110 52 0.359 1 2
30 15 0.156 1 0
19 100 0.080 1 2
88 40 0.473 1 0
179 100 0.609 1 0
12 5 0.038 1 0
18 52 0.113 1 0
40 10 0.212 1 2
21 10 0.068 1 0
31 70 0.165 1 0
234 30 1.225 1 2
29 15 0.132 1 2
11 15 0.046 1 2
166 5 0.570 1 2
13 40 0.075 1 0
18 22 0.070 1 0
101 30 0.318 1 0
54 5 0.289 1 2
60 52 0.251 1 2
27 10 0.090 1 0
89 52 0.553 1 2
205 5 0.891 1 0
47 40 0.160 1 0
39 10 0.194 1 0
320 22 1.092 1 2
13 100 0.061 1 0
19 30 0.077 1 0
11 15 0.060 1 2
114 10 0.361 1 2
15 22 0.050 1 0
114 70 0.521 1 0
10 70 0.035 1 0
87 22 0.277 1 0
58 22 0.328 1 2
23 100 0.086 1 0
13 15 0.060 1 2
33 15 0.116 1 0
23 22 0.088 1 0
189 5 0.784 1 0
48 10 0.170 1 2
289 70 0.903 1 0
22 30 0.072 1 0
88 22 0.444 1 0
14 15 0.042 1 0
67 70 0.196 1 2
65 40 0.305 1 0
18 30 0.082 1 0
17 10 0.087 1 2
14 10 0.058 1 0
12 5 0.078 1 0
71 52 0.225 1 2
27 15 0.140 1 0
18 15 0.076 1 0
272 70 0.986 1 2
165 40 1.012 1 2
43 15 0.171 1 0
57 10 0.354 1 2
28 30 0.088 1 2
122 30 0.777 1 0
24 30 0.096 1 0
71 100 0.317 1 0
15 40 0.051 1 0
28 70 0.098 1 0
33 40 0.171 1 2
240 5 0.879 1 2
14 22 0.054 1 0
32 70 0.096 1 2
54 30 0.254 1 0
236 40 1.204 1 0
34 40 0.183 1 2
10 22 0.056 1 0
15 40 0.045 1 0
120 100 0.433 1 2
14 70 0.095 1 2
53 22 0.163 1 0
11 70 0.050 1 0
14 22 0.084 1 0
15 70 0.077 1 0
79 10 0.300 1 0
75 52 0.397 1 0
108 30 0.408 1 0
79 22 0.429 1 0
17 52 0.075 1 0
77 5 0.284 1 0
149 40 0.436 1 2
159 30 0.564 1 2
14 10 0.047 1 0
143 52 0.488 1 0
159 10 0.660 1 0
33 30 0.200 1 2
21 5 0.088 1 0
32 15 0.119 1 2
214 22 1.065 1 0
11 15 0.046 1 0
13 5 0.056 1 2
13 70 0.077 1 0
234 22 1.141 1 0
299 70 1.057 1 0
20 10 0.067 1 0
13 30 0.043 1 0
17 100 0.054 1 0
38 5 0.122 1 2
32 10 0.152 1 2
52 10 0.186 1 0
16 40 0.059 1 2
33 52 0.136 1 0
36 22 0.203 1 0
12 22 0.044 1 2
39 52 0.168 1 0
13 30 0.063 1 0
22 40 0.069 1 0
55 52 0.182 1 0
51 22 0.227 1 0
54 70 0.289 1 0
156 15 0.569 1 2
21 30 0.095 1 2
130 70 0.380 1 2
34 30 0.135 1 0
24 10 0.070 1 2
137 22 0.761 1 0
12 15 0.057 1 0
157 100 0.698 1 2
21 22 0.117 1 0
189 30 1.268 1 2
77 70 0.246 1 0
11 15 0.034 1 2
118 15 0.361 1 0
16 40 0.056 1 2
48 10 0.148 1 2
12 70 0.039 1 0
19 100 0.083 1 0
61 15 0.192 1 0
28 52 0.146 1 2
45 22 0.141 1 0
156 15 0.557 1 0
20 70 0.070 1 2
51 10 0.250 1 0
25 30 0.078 1 0
37 30 0.169 1 0
120 70 0.432 1 2
14 40 0.078 1 0
14 5 0.083 1 2
194 10 0.740 1 0
86 5 0.308 1 2
33 30 0.106 1 0
16 10 0.096 1 2
169 10 1.024 1 0
13 100 0.048 1 0
173 5 0.631 1 0
76 70 0.253 1 0
67 22 0.291 1 0
17 100 0.087 2 0
23 30 0.084 2 0
92 10 0.336 2 0
50 15 0.209 2 1
68 100 0.311 2 1
16 40 0.080 2 0
124 40 0.546 2 0
23 52 0.146 2 0
23 15 0.120 2 0
17 10 0.057 2 1
68 100 0.258 2 0
140 100 0.488 2 0
195 22 0.627 2 0
64 5 0.222 2 0
35 30 0.113 2 0
20 15 0.067 2 0
20 40 0.079 2 0
28 15 0.113 2 0
14 15 0.049 2 0
33 100 0.221 2 0
105 30 0.352 2 0
68 100 0.433 2 1
250 40 0.801 2 0
11 52 0.050 2 0
90 10 0.511 2 0
14 22 0.057 2 1
18 5 0.056 2 0
56 30 0.194 2 1
145 10 0.446 2 1
10 10 0.032 2 0
195 52 0.696 2 0
37 100 0.123 2 0
14 100 0.054 2 1
165 30 0.965 2 0
53 70 0.220 2 1
130 22 0.844 2 0
11 22 0.033 2 0
39 5 0.232 2 0
37 15 0.187 2 0
179 100 0.722 2 0
33 5 0.220 2 1
20 15 0.067 2 1
64 22 0.224 2 0
155 30 0.531 2 1
14 22 0.091 2 0
55 15 0.176 2 0
137 100 0.405 2 0
18 40 0.085 2 0
13 100 0.060 2 0
147 10 0.593 2 0
35 70 0.191 2 1
20 22 0.075 2 1
32 40 0.105 2 0
230 10 1.314 2 1
19 52 0.107 2 0
227 30 1.534 2 0
19 40 0.081 2 0
17 10 0.061 2 1
14 70 0.053 2 0
20 30 0.108 2 0
74 70 0.359 2 0
173 5 0.577 2 1
112 40 0.633 2 0
30 30 0.168 2 0
126 70 0.506 2 0
35 40 0.123 2 0
19 10 0.108 2 0
307 40 1.352 2 0
43 10 0.196 2 0
22 40 0.077 2 0
34 5 0.205 2 0
14 22 0.057 2 0
17 15 0.064 2 1
15 22 0.051 2 1
198 22 0.880 2 0
74 40 0.457 2 0
27 40 0.099 2 1
12 52 0.045 2 0
159 30 0.958 2 1
148 100 0.783 2 0
188 100 0.887 2 1
32 70 0.145 2 0
65 52 0.327 2 1
11 10 0.047 2 1
16 100 0.048 2 1
78 10 0.304 2 0
19 15 0.072 2 0
59 5 0.280 2 0
72 15 0.210 2 1
55 30 0.190 2 1
47 22 0.149 2 0
88 5 0.540 2 0
97 5 0.300 2 0
41 22 0.124 2 1
15 5 0.094 2 0
74 22 0.368 2 1
172 100 1.000 2 0
63 100 0.212 2 0
32 100 0.156 2 0
64 100 0.218 2 1
27 52 0.134 2 0
18 52 0.076 2 0
63 52 0.348 2 1
60 22 0.337 2 0
11 40 0.055 2 0
56 40 0.284 2 0
52 30 0.351 2 1
15 70 0.045 2 0
33 52 0.157 2 0
72 30 0.280 2 0
43 40 0.270 2 0
10 15 0.044 2 1
309 30 1.144 2 0
67 40 0.290 2 1
30 10 0.098 2 0
28 52 0.177 2 0
14 52 0.073 2 0
15 30 0.048 2 0
20 5 0.118 2 0
139 15 0.688 2 1
33 40 0.204 2 0
25 30 0.080 2 0
145 30 0.582 2 1
20 100 0.060 2 1
16 22 0.096 2 1
11 40 0.039 2 0
14 100 0.088 2 0
15 30 0.063 2 0
276 10 1.185 2 0
91 40 0.346 2 1
178 70 0.555 2 0
124 70 0.639 2 0
25 40 0.083 2 0
68 70 0.227 2 0
32 15 0.195 2 0
151 52 0.740 2 0
18 52 0.076 2 1
132 70 0.786 2 0
40 10 0.188 2 0
11 15 0.054 2 0
18 100 0.076 2 1
16 22 0.055 2 1
40 15 0.226 2 0
75 5 0.349 2 0
13 10 0.041 2 0
31 10 0.204 2 0
311 5 1.119 2 0
188 22 0.633 2 1
74 40 0.316 2 0
17 52 0.088 2 0
15 15 0.073 2 0
86 70 0.473 2 0
23 5 0.093 2 0
42 22 0.157 2 0
28 40 0.134 2 0
50 22 0.153 2 0
42 22 0.221 2 0
135 52 0.396 2 0
11 10 0.069 2 0
61 52 0.269 2 0
25 22 0.080 2 0
27 70 0.182 2 0
33 5 0.155 2 1
62 70 0.264 2 1
16 5 0.060 2 0
12 40 0.035 2 0
22 15 0.095 2 0
37 10 0.149 2 0
12 100 0.067 2 0
10 52 0.032 2 0
339 70 1.756 2 0
39 100 0.134 2 1
17 10 0.054 2 0
225 40 0.818 2 0
16 5 0.083 2 0
167 10 1.037 2 0
11 15 0.063 2 1
55 22 0.161 2 0
23 52 0.086 2 0
74 30 0.242 2 0
17 10 0.090 2 0
188 70 1.056 2 1
107 40 0.393 2 0
65 5 0.422 2 0
10 15 0.031 2 0
132 5 0.629 2 0
39 15 0.238 2 0
60 5 0.324 2 0
58 15 0.240 2 0
106 52 0.398 2 0
18 5 0.113 2 0
156 40 0.650 2 1
13 40 0.083 2 0
34 15 0.103 2 0
14 52 0.056 2 1
37 52 0.190 2 0
97 52 0.345 2 1
10 70 0.064 2 0
69 15 0.329 2 1
32 40 0.152 2 0
37 52 0.248 2 1
322 5 1.431 2 0
21 52 0.069 2 0
19 52 0.091 2 0
78 100 0.252 2 0
60 30 0.188 2 1
38 40 0.211 2 1
29 40 0.119 2 0
39 70 0.176 2 0
17 10 0.052 2 0
11 22 0.069 2 1
146 15 0.741 2 1
276 22 1.653 2 0
44 10 0.270 2 0
17 5 0.076 2 1
87 15 0.433 2 0
196 22 0.715 2 0
29 5 0.151 2 1
42 30 0.152 2 0
12 70 0.060 2 1
83 10 0.311 2 1
19 5 0.090 2 0
297 22 1.049 2 1
18 52 0.066 2 0
166 30 0.519 2 0
22 10 0.116 2 0
55 40 0.322 2 0
21 40 0.114 2 0
132 70 0.677 2 1
259 40 1.356 2 0
74 30 0.385 2 0
36 5 0.214 2 0
13 15 0.088 2 0
33 52 0.102 2 0
77 52 0.412 2 0
297 30 1.286 2 0
14 40 0.062 2 1
262 30 1.207 2 1
67 22 0.259 2 1
11 5 0.039 2 0
24 15 0.111 2 0
118 10 0.388 2 1
70 30 0.222 2 0
37 10 0.162 2 0
109 40 0.328 2 0
11 10 0.043 2 0
138 100 0.663 2 0
174 15 0.941 2 0
40 100 0.134 2 1
189 100 0.955 2 0
11 22 0.036 2 1
16 10 0.107 2 0
20 52 0.101 2 0
160 30 0.684 2 1
264 70 1.119 2 0
14 70 0.065 2 1
24 52 0.154 2 0
18 52 0.108 2 0
44 40 0.154 2 1
14 70 0.060 2 0
35 15 0.110 2 0
35 30 0.131 2 1
37 40 0.127 2 0
141 70 0.603 2 0
13 10 0.045 2 0
34 100 0.190 2 0
283 40 1.215 2 1
14 15 0.045 2 0
29 10 0.087 2 0
19 100 0.078 2 0
54 70 0.205 2 0
20 100 0.073 2 1
212 22 1.342 2 0
53 70 0.182 2 0
28 40 0.098 2 0
35 70 0.149 2 0
42 70 0.129 2 0
50 40 0.237 2 0
62 15 0.297 2 1
59 10 0.195 2 1
18 100 0.056 2 0
10 52 0.032 2 1
178 10 0.983 2 0
22 22 0.089 2 1
36 5 0.133 2 1
82 22 0.347 2 0
16 100 0.079 2 0
12 40 0.041 2 1
199 15 0.638 2 0
68 52 0.378 2 1
121 100 0.602 2 0
14 70 0.043 2 1
13 40 0.055 2 0
41 22 0.255 2 1
250 30 1.126 2 0
15 40 0.085 2 0
230 5 1.314 2 0
163 70 0.721 2 1
69 22 0.240 2 0
139 100 0.832 2 0
177 5 1.099 2 0
42 15 0.280 2 0
49 10 0.314 2 1
63 10 0.249 2 1
140 22 0.606 2 0
153 100 0.659 2 0
11 100 0.055 2 0
61 52 0.225 2 1
10 100 0.053 2 0
238 30 0.758 2 0
18 30 0.103 2 0
17 5 0.071 2 0
18 22 0.053 2 0
25 70 0.163 2 1
17 5 0.085 2 0
62 100 0.192 2 1
11 5 0.045 2 0
19 30 0.117 2 0
28 40 0.083 2 0
60 100 0.377 2 0
19 70 0.062 2 1
17 40 0.104 2 0
28 52 0.128 2 0
37 30 0.121 2 1
170 40 0.536 2 0
28 100 0.109 2 0
31 5 0.148 2 0
92 52 0.609 2 0
54 70 0.168 2 0
54 5 0.266 2 0
12 10 0.038 2 1
33 40 0.141 2 1
39 40 0.169 2 0
257 40 1.000 2 0
45 40 0.251 2 0
91 40 0.387 2 1
17 30 0.056 2 1
60 70 0.247 2 1
45 100 0.165 2 0
55 22 0.194 2 0
113 10 0.409 2 0
54 40 0.355 2 0
73 52 0.371 2 1
17 15 0.088 2 0
59 22 0.172 2 0
59 52 0.278 2 0
17 15 0.064 2 1
53 15 0.213 2 0
61 100 0.279 2 0
12 5 0.064 2 1
68 10 0.262 2 1
12 15 0.059 2 0
60 15 0.403 2 0
109 22 0.320 2 0
23 22 0.103 2 0
36 15 0.128 2 1
21 15 0.089 2 1
35 10 0.123 2 0
144 70 0.676 2 0
120 5 0.502 2 0
18 5 0.071 2 0
19 15 0.108 2 1
58 40 0.294 2 1
47 40 0.154 2 1
31 10 0.134 2 1
38 40 0.159 2 0
58 40 0.216 2 1
23 70 0.076 2 0
21 70 0.066 2 1
72 100 0.279 2 0
20 70 0.069 2 0
69 22 0.265 2 0
228 100 0.689 2 0
37 40 0.120 2 1
148 5 0.440 2 0
15 30 0.066 2 0
136 5 0.481 2 1
43 30 0.129 2 1
11 22 0.054 2 1
16 40 0.053 2 1
132 30 0.581 2 1
73 70 0.251 2 1
10 100 0.036 2 0
26 30 0.079 2 1
147 70 0.590 2 0
58 100 0.307 2 1
313 52 1.749 2 1
19 15 0.062 2 1
78 100 0.338 2 1
193 5 0.902 2 0
42 40 0.141 2 1
74 40 0.217 2 0
36 10 0.110 2 1
33 22 0.103 2 0
26 100 0.165 2 0
179 22 0.708 2 0
18 30 0.063 2 0
16 40 0.050 2 0
33 30 0.188 2 0
13 100 0.084 2 0
77 22 0.377 2 1
159 5 0.574 2 0
14 30 0.045 2 0
24 70 0.100 2 0
73 10 0.241 2 1
29 100 0.088 2 1
302 70 1.392 2 0
110 52 0.442 2 0
24 22 0.153 2 0
51 15 0.298 2 1
75 22 0.252 2 1
22 5 0.102 2 0
63 15 0.267 2 1
15 15 0.060 2 1
20 100 0.110 2 0
19 15 0.079 2 0
29 70 0.104 2 0
43 22 0.167 2 0
179 15 1.126 2 0
13 70 0.047 2 0
63 40 0.278 2 0
22 30 0.092 2 1
282 22 1.195 2 0
36 100 0.114 2 1
12 40 0.040 2 0
121 22 0.647 2 1
78 40 0.272 2 1
13 40 0.050 2 1
144 30 0.472 2 1
225 52 1.442 2 0
128 15 0.848 2 0
27 100 0.114 2 1
11 30 0.056 2 0
12 70 0.076 2 0
17 70 0.057 2 0
15 22 0.096 2 0
105 15 0.544 2 0
13 22 0.074 2 0
71 22 0.307 2 0
17 22 0.087 2 0
157 10 0.500 2 1
11 52 0.043 2 0
14 100 0.052 2 0
218 10 1.019 2 0
172 5 0.623 2 0
182 52 0.532 2 0
212 100 0.942 2 0
314 30 1.231 2 0
80 22 0.435 2 0
62 30 0.236 2 0
224 15 0.815 2 1
26 10 0.164 2 1
124 10 0.425 2 0
17 52 0.063 2 0
122 100 0.550 2 0
83 70 0.279 2 0
86 100 0.253 2 0
117 10 0.496 2 1
14 52 0.049 2 1
39 15 0.137 2 0
97 40 0.338 2 1
207 100 0.967 2 0
53 40 0.240 2 1
27 40 0.082 2 0
53 15 0.159 2 0
118 52 0.682 2 0
27 100 0.124 2 0
13 40 0.043 2 1
194 5 0.683 2 0
10 52 0.040 2 0
35 70 0.139 2 0
107 15 0.412 2 0
100 10 0.361 2 1
44 70 0.201 2 1
71 70 0.228 2 0
37 22 0.130 2 1
16 40 0.082 2 0
123 15 0.831 2 0
163 10 0.479 2 0
35 15 0.207 2 0
24 52 0.080 2 1
18 30 0.088 2 0
213 30 1.092 2 1
26 30 0.157 2 0
12 52 0.049 2 0
54 22 0.193 2 0
79 10 0.242 2 0
186 10 1.170 2 0
11 5 0.065 2 0
38 52 0.147 2 0
37 10 0.242 2 0
17 30 0.108 2 1
28 5 0.151 2 0
34 70 0.102 2 0
124 30 0.602 2 0
137 40 0.626 2 1
17 70 0.056 2 1
166 5 0.810 2 0
11 52 0.036 2 1
55 30 0.249 2 1
70 52 0.354 2 0
41 5 0.170 2 0
28 70 0.100 2 1
119 30 0.531 2 0
15 10 0.059 2 1
164 52 0.601 2 1
34 30 0.168 2 0
24 15 0.130 2 1
78 30 0.433 2 0
12 22 0.037 2 0
12 15 0.067 2 1
333 70 1.461 2 0
29 10 0.109 2 1
198 5 1.053 2 0
59 15 0.266 2 1
11 52 0.032 2 1
28 15 0.089 2 0
185 70 0.920 2 0
13 52 0.047 2 1
31 22 0.109 2 1
109 100 0.498 2 1
10 52 0.031 2 0
39 5 0.131 2 0
101 40 0.359 2 0
62 22 0.343 2 0
21 10 0.062 2 1
231 30 0.951 2 0
13 52 0.052 2 0
39 10 0.159 2 0
31 100 0.113 2 1
46 5 0.230 2 0
16 5 0.054 2 0
160 100 0.643 2 0
127 40 0.726 2 1
35 40 0.116 2 0
13 22 0.067 2 1
76 70 0.380 2 0
78 40 0.451 2 1
48 10 0.180 2 0
37 70 0.155 2 1
208 52 0.743 2 0
57 30 0.169 2 0
19 52 0.062 2 0
44 52 0.207 2 0
73 52 0.230 2 1
18 30 0.083 2 0
149 5 0.562 2 1
74 52 0.465 2 0
66 15 0.377 2 0
75 30 0.316 2 0
92 100 0.434 2 1
27 30 0.098 2 1
177 30 1.041 2 1
206 52 1.373 2 0
27 10 0.092 2 0
112 22 0.742 2 0
153 100 0.981 2 0
10 100 0.057 2 1
24 52 0.107 2 1
302 22 0.981 2 0
203 40 0.597 2 0
32 15 0.153 2 0
67 100 0.296 2 0
12 10 0.051 2 1
95 40 0.497 2 0
33 70 0.104 2 0
140 10 0.593 2 0
12 22 0.058 2 1
268 5 1.775 2 1
84 22 0.560 2 0
15 15 0.076 2 1
91 5 0.370 2 1
68 5 0.266 2 0
46 22 0.173 2 0
17 10 0.062 2 1
85 100 0.394 2 0
122 52 0.494 2 0
139 100 0.692 2 0
29 30 0.148 2 1
49 15 0.228 2 0
15 30 0.065 2 1
36 5 0.202 2 0
110 30 0.377 2 0
33 10 0.106 2 1
28 10 0.120 2 1
110 30 0.430 2 0
56 40 0.279 2 0
173 10 0.805 2 0
19 52 0.109 2 1
14 5 0.042 2 1
38 22 0.114 2 1
13 22 0.048 2 0
68 70 0.343 2 0
126 10 0.474 2 0
54 70 0.176 2 1
64 30 0.274 2 0
10 70 0.044 2 0
18 22 0.054 2 1
113 40 0.414 2 1
75 5 0.237 2 0
43 22 0.181 2 0
223 100 1.385 2 1
19 40 0.073 2 0
25 40 0.132 2 1
180 70 1.059 2 1
184 22 0.571 2 1
24 30 0.100 2 0
67 70 0.211 2 1
199 15 1.199 2 1
41 52 0.145 2 0
59 70 0.255 2 0
188 100 1.087 2 0
239 10 0.923 2 0
12 30 0.062 2 1
37 70 0.242 2 1
37 70 0.127 2 0
76 15 0.326 2 0
31 22 0.100 2 0
10 15 0.041 2 0
35 40 0.114 2 1
62 22 0.248 2 1
33 10 0.132 2 0
23 52 0.107 2 1
45 70 0.236 2 1
303 22 1.523 2 1
46 22 0.242 2 1
167 5 0.586 2 1
12 40 0.048 2 0
18 10 0.062 2 0
64 15 0.198 2 1
26 22 0.159 2 0
31 40 0.205 2 1
32 30 0.156 2 0
30 22 0.196 2 1
26 40 0.107 2 0
23 70 0.088 2 1
311 100 1.587 2 0
187 5 1.087 2 1
49 30 0.310 2 0
133 52 0.532 2 1
158 10 0.510 2 1
27 10 0.082 2 0
183 22 0.680 2 0
10 52 0.030 2 1
28 40 0.168 2 0
49 30 0.157 2 1
16 22 0.050 2 0
14 10 0.060 2 0
71 5 0.247 2 0
11 22 0.054 2 0
46 100 0.274 2 0
154 40 0.713 2 0
166 22 0.988 2 0
19 10 0.071 2 0
295 15 1.061 2 1
153 15 0.531 2 1
19 40 0.058 2 1
67 52 0.396 2 1
66 30 0.259 2 0
18 15 0.104 2 0
191 100 0.700 2 0
29 15 0.097 2 0
26 52 0.144 2 1
316 30 1.060 2 1
259 100 0.949 2 0
14 15 0.077 2 1
46 70 0.237 2 0
15 22 0.089 2 1
18 5 0.113 2 0
11 5 0.048 2 1
51 22 0.183 2 0
29 15 0.124 2 0
155 15 0.779 2 0
137 70 0.537 2 0
219 5 0.693 2 1
68 22 0.456 2 0
15 70 0.068 2 0
158 22 0.814 2 0
16 22 0.062 2 0
19 15 0.058 2 1
17 40 0.077 2 0
27 22 0.079 2 0
24 40 0.094 2 0
59 40 0.278 2 0
15 10 0.047 2 1
83 30 0.340 2 0
44 30 0.247 2 1
53 100 0.181 2 1
69 22 0.264 2 1
196 30 0.620 2 0
14 5 0.076 2 0
309 70 0.909 2 1
57 10 0.203 2 0
13 22 0.045 2 1
47 5 0.258 2 0
39 100 0.118 2 0
71 52 0.263 2 0
12 15 0.043 2 0
137 40 0.692 2 0
43 30 0.192 2 0
26 22 0.173 2 1
44 40 0.193 2 0
33 15 0.102 2 0
15 10 0.053 2 1
53 22 0.226 2 1
64 30 0.241 2 0
114 5 0.740 2 0
127 30 0.702 2 1
151 52 0.534 2 0
19 5 0.060 2 1
16 100 0.050 2 1
158 22 0.605 2 1
185 15 0.593 2 0
16 70 0.051 2 1
74 52 0.239 2 0
194 70 1.155 2 0
164 15 0.491 2 0
55 22 0.367 2 0
163 52 0.542 2 0
11 100 0.038 2 0
34 5 0.101 2 0
12 15 0.050 2 0
15 15 0.051 2 1
152 15 0.724 2 1
132 70 0.650 2 0
49 70 0.195 2 1
15 22 0.069 2 0
92 30 0.285 2 0
22 5 0.107 2 1
53 5 0.282 2 0
37 100 0.117 2 1
10 52 0.034 2 0
46 40 0.157 2 0
49 40 0.212 2 0
70 70 0.385 2 0
53 5 0.279 2 1
16 10 0.093 2 0
19 15 0.067 2 0
15 22 0.074 2 0
16 100 0.047 2 1
13 70 0.038 2 1
78 30 0.366 2 0
88 5 0.324 2 0
39 15 0.143 2 1
31 5 0.134 2 1
254 52 1.289 2 0
48 70 0.194 2 0
192 40 0.759 2 0
74 22 0.454 2 0
37 100 0.116 2 0
97 52 0.422 2 0
38 10 0.180 2 1
170 15 0.950 2 1
68 15 0.234 2 0
48 22 0.236 2 0
152 10 0.455 2 0
119 70 0.461 2 1
259 10 1.075 2 0
57 100 0.375 2 0
115 15 0.376 2 1
22 10 0.065 2 0
32 15 0.132 2 0
129 5 0.518 2 0
39 30 0.119 2 0
162 5 0.535 2 0
28 30 0.084 2 1
111 52 0.333 2 0
30 22 0.098 2 0
62 22 0.326 2 0
224 30 1.302 2 0
50 30 0.301 2 0
51 15 0.149 2 1
23 15 0.146 2 0
76 100 0.258 2 0
120 70 0.444 2 0
289 10 0.948 2 1
30 52 0.094 2 1
154 22 0.498 2 0
261 70 0.900 2 0
22 52 0.122 2 0
74 70 0.234 2 1
13 15 0.050 2 0
60 5 0.195 2 0
205 10 1.306 2 0
11 30 0.046 2 0
27 70 0.115 2 0
86 5 0.413 2 1
171 70 1.148 2 1
29 22 0.109 2 0
31 15 0.130 2 0
159 40 0.520 2 0
16 40 0.061 2 0
157 40 0.686 2 0
125 5 0.422 2 1
21 15 0.140 2 1
38 40 0.141 2 0
45 100 0.265 2 0
15 5 0.096 2 0
18 10 0.054 2 0
102 15 0.528 2 0
195 52 0.637 2 1
24 52 0.118 2 0
31 10 0.107 2 1
72 15 0.238 2 0
16 52 0.108 2 0
60 52 0.230 2 1
106 22 0.328 2 0
207 5 1.113 2 1
78 100 0.441 2 0
14 70 0.094 2 1
22 30 0.067 2 0
41 52 0.154 2 0
126 40 0.367 2 0
153 10 0.793 2 0
11 10 0.036 2 0
156 100 0.761 2 0
106 22 0.671 2 1
32 10 0.121 2 0
41 30 0.140 2 0
38 52 0.184 2 1
139 10 0.436 2 0
62 52 0.194 2 1
292 100 0.866 2 0
14 40 0.047 2 0
23 5 0.108 2 0
243 40 1.528 2 0
60 5 0.366 2 0
36 52 0.132 2 0
176 30 1.011 2 0
139 100 0.615 2 0
17 5 0.051 2 0
130 100 0.524 2 0
70 10 0.317 2 0
134 52 0.788 2 0
16 5 0.058 2 0
121 70 0.450 2 1
91 70 0.455 2 0
148 30 0.479 2 1
129 5 0.453 2 0
39 5 0.166 2 0
86 52 0.368 2 1
79 5 0.288 2 1
158 10 0.539 2 0
73 100 0.371 2 0
55 52 0.171 2 0
19 22 0.057 2 0
31 22 0.095 2 0
207 70 1.203 2 1
236 10 0.971 2 0
39 52 0.125 2 0
16 52 0.081 2 1
49 5 0.200 2 0
12 5 0.074 2 0
13 100 0.040 2 0
26 30 0.123 2 0
58 5 0.201 2 0
12 40 0.049 2 1
33 52 0.174 2 1
22 40 0.082 2 0
34 52 0.101 2 0
186 70 0.944 2 0
57 15 0.324 2 0
17 22 0.065 2 0
114 100 0.375 2 1
56 15 0.171 2 1
135 70 0.888 2 0
148 22 0.444 2 0
37 52 0.171 2 1
281 5 1.111 2 1
82 52 0.451 2 0
15 5 0.094 2 0
197 10 0.794 2 1
18 52 0.102 2 0
26 22 0.112 2 0
15 70 0.087 2 0
13 22 0.053 2 0
10 40 0.058 2 0
41 10 0.142 2 0
199 100 0.900 2 1
227 52 0.694 2 1
43 70 0.212 2 1
34 10 0.205 2 0
17 22 0.106 2 1
31 5 0.097 2 0
18 5 0.087 2 1
135 22 0.525 2 0
96 100 0.508 2 1
28 52 0.141 2 0
120 5 0.469 2 1
12 22 0.070 2 0
22 30 0.111 2 1
73 70 0.268 2 0
261 5 1.048 2 0
165 100 1.115 2 1
79 10 0.293 2 0
50 22 0.174 2 0
167 100 0.933 2 0
71 52 0.357 2 1
12 15 0.080 2 1
33 5 0.115 2 0
65 52 0.198 2 1
54 100 0.271 2 0
34 100 0.137 2 1
68 15 0.294 2 0
17 52 0.089 2 1
50 5 0.296 2 0
313 22 1.036 2 1
45 70 0.238 2 0
79 100 0.246 2 1
30 70 0.095 2 0
17 15 0.052 2 1
150 30 0.704 2 0
38 10 0.189 2 1
13 40 0.058 2 0
138 5 0.690 2 0
40 5 0.247 2 0
77 22 0.490 2 0
65 22 0.392 2 1
289 5 1.752 2 0
302 22 1.502 2 0
304 52 0.950 2 0
36 10 0.118 2 1
11 100 0.038 2 0
37 10 0.121 2 0
33 30 0.133 2 0
74 100 0.387 2 0
133 22 0.482 2 1
214 100 0.973 2 0
16 30 0.057 2 0
147 100 0.546 2 0
79 100 0.271 2 0
13 52 0.088 2 0
119 70 0.684 2 0
146 100 0.429 2 0
63 100 0.226 2 0
60 22 0.377 2 0
17 30 0.096 2 1
29 100 0.193 2 0
190 15 1.131 2 0
16 70 0.067 2 1
19 40 0.101 2 0
77 10 0.320 2 0
268 100 1.031 2 1
142 30 0.418 2 0
55 70 0.169 2 0
31 10 0.164 2 0
254 22 1.660 2 0
73 30 0.221 2 0
47 10 0.249 2 0
57 5 0.232 2 0
59 15 0.245 2 0
76 22 0.402 2 1
15 52 0.058 2 0
24 5 0.108 2 0
71 52 0.314 2 0
260 30 1.566 2 0
42 40 0.133 2 0
15 10 0.060 2 1
70 70 0.292 2 1
23 5 0.101 2 0
61 22 0.282 2 1
18 40 0.056 2 0
10 5 0.044 2 0
95 70 0.322 2 1
19 100 0.094 2 1
29 52 0.095 2 0
201 30 0.863 2 1
23 30 0.075 2 0
10 10 0.047 2 0
142 100 0.700 2 0
250 10 1.645 2 0
18 10 0.056 2 1
38 52 0.136 2 1
17 5 0.059 2 0
250 10 0.973 2 0
25 10 0.077 2 0
155 30 0.560 2 0
19 100 0.123 2 0
23 10 0.136 2 0
14 10 0.050 2 0
40 30 0.198 2 0
35 10 0.190 2 0
18 10 0.098 2 1
45 70 0.178 2 1
18 10 0.070 2 0
74 22 0.226 2 1
311 100 1.620 2 0
29 52 0.134 2 0
138 52 0.754 2 0
19 52 0.056 2 0
15 5 0.064 2 0
12 22 0.063 2 0
72 30 0.254 2 0
300 70 1.064 2 0
97 5 0.373 2 1
50 22 0.184 2 0
47 52 0.160 2 0
31 15 0.094 2 1
37 40 0.127 2 0
293 52 0.961 2 0
298 15 1.828 2 0
45 100 0.186 2 0
332 22 1.516 2 0
58 30 0.339 2 0
47 70 0.143 2 0
43 15 0.229 2 0
39 10 0.173 2 1
42 22 0.280 2 0
16 100 0.054 2 0
86 100 0.271 2 1
182 22 1.117 2 0
219 52 0.793 2 1
