93 40 0.534 0 4
15 52 0.082 0 3
21 15 0.062 0 1
268 52 1.514 0 4
168 100 0.503 0 2
13 10 0.067 0 1
93 5 0.396 0 2
114 10 0.573 0 3
33 52 0.202 0 4
17 100 0.050 0 3
157 100 0.586 0 2
24 30 0.152 0 4
15 15 0.066 0 3
56 52 0.311 0 2
17 10 0.076 0 3
111 5 0.398 0 2
15 5 0.085 0 3
70 15 0.251 0 1
11 30 0.047 0 3
19 40 0.107 0 2
48 22 0.270 0 4
17 52 0.060 0 2
104 5 0.433 0 3
14 52 0.080 0 4
61 40 0.244 0 3
30 70 0.166 0 2
11 10 0.056 0 3
326 40 1.655 0 4
185 52 0.894 0 2
301 5 1.461 0 2
17 30 0.070 0 1
142 15 0.623 0 3
37 30 0.111 0 3
205 22 0.659 0 4
13 5 0.080 0 4
339 52 1.356 0 3
20 10 0.080 0 3
40 22 0.159 0 2
102 40 0.477 0 4
68 52 0.215 0 3
41 10 0.120 0 1
170 5 0.601 0 3
31 10 0.152 0 4
35 100 0.220 0 1
103 100 0.495 0 3
77 22 0.289 0 3
163 22 0.560 0 2
32 22 0.095 0 4
109 40 0.329 0 3
17 52 0.080 0 1
15 22 0.062 0 2
20 10 0.062 0 3
13 22 0.070 0 3
18 52 0.112 0 2
10 22 0.043 0 2
72 10 0.211 0 4
44 5 0.215 0 4
158 10 0.684 0 3
10 22 0.063 0 2
18 30 0.072 0 4
58 40 0.216 0 4
53 22 0.216 0 2
79 52 0.476 0 4
15 30 0.067 0 2
15 10 0.051 0 1
15 40 0.078 0 3
36 40 0.149 0 2
23 10 0.069 0 4
121 15 0.526 0 3
82 15 0.254 0 2
15 22 0.058 0 4
293 10 1.382 0 4
76 22 0.241 0 4
15 40 0.063 0 2
54 70 0.224 0 3
58 52 0.209 0 3
74 70 0.457 0 1
27 100 0.151 0 4
167 70 0.870 0 1
71 52 0.326 0 1
285 100 0.941 0 4
97 52 0.283 0 1
284 15 1.209 0 3
11 40 0.047 0 1
315 5 1.275 0 3
16 52 0.062 0 2
31 100 0.153 0 2
33 10 0.170 0 4
95 22 0.552 0 1
187 10 1.238 0 3
44 52 0.196 0 1
14 5 0.075 0 1
10 40 0.036 0 3
176 40 0.561 0 1
138 52 0.670 0 2
14 52 0.059 0 1
76 52 0.384 0 1
72 30 0.341 0 3
39 52 0.210 0 4
29 30 0.141 0 2
65 30 0.196 0 3
281 70 1.837 0 4
67 5 0.270 0 3
36 10 0.185 0 4
130 52 0.602 0 2
14 100 0.090 0 2
102 10 0.614 0 3
10 40 0.031 0 2
103 22 0.551 0 1
14 30 0.047 0 4
73 70 0.258 0 4
35 40 0.109 0 2
35 52 0.122 0 3
178 15 0.650 0 4
22 70 0.116 0 1
10 52 0.041 0 4
33 100 0.175 0 4
20 100 0.072 0 3
13 10 0.042 0 4
80 30 0.303 0 3
31 5 0.137 0 4
28 22 0.098 0 1
169 15 0.779 0 4
10 10 0.040 0 3
108 10 0.581 0 3
310 30 1.054 0 4
72 22 0.299 0 1
19 30 0.066 0 4
152 10 1.020 0 2
306 40 0.956 0 2
74 15 0.226 0 1
55 100 0.179 0 2
15 15 0.051 0 4
41 52 0.122 0 3
135 22 0.833 0 2
59 70 0.251 0 1
280 52 1.591 0 2
56 40 0.197 0 2
32 22 0.150 0 3
19 22 0.102 0 3
179 40 0.752 0 1
39 5 0.116 0 2
58 52 0.296 0 3
67 30 0.390 0 3
41 52 0.210 0 4
31 100 0.150 0 1
163 5 1.058 0 1
232 5 1.398 0 4
36 5 0.144 0 2
13 52 0.038 0 3
16 15 0.067 0 1
54 5 0.234 0 2
127 10 0.477 0 2
69 10 0.266 0 3
145 40 0.671 0 4
73 10 0.348 0 3
74 22 0.332 0 4
25 40 0.076 0 4
46 15 0.143 0 3
58 22 0.320 0 3
160 100 0.546 0 1
45 30 0.210 0 4
111 5 0.478 0 4
90 70 0.396 0 4
58 70 0.232 0 1
18 70 0.113 0 2
100 40 0.350 0 1
69 100 0.229 0 1
17 22 0.058 0 2
126 70 0.441 0 2
37 100 0.200 0 4
150 40 0.798 0 2
12 40 0.059 0 1
17 52 0.076 0 4
81 70 0.443 0 2
43 10 0.218 0 2
168 40 0.800 0 2
12 40 0.059 0 2
55 30 0.217 0 3
29 70 0.146 0 4
11 52 0.062 0 1
34 15 0.129 0 3
121 70 0.405 0 3
275 5 1.083 0 4
26 52 0.142 0 1
170 52 0.501 0 2
33 70 0.214 0 4
36 10 0.200 0 3
320 5 1.391 0 2
221 100 0.940 0 3
35 15 0.185 0 1
26 22 0.088 0 3
13 30 0.069 0 2
28 40 0.128 0 1
64 70 0.332 0 3
10 70 0.045 0 3
20 15 0.075 0 4
17 40 0.066 0 2
278 10 0.955 0 1
46 100 0.161 0 1
123 40 0.562 0 1
36 30 0.156 0 4
16 22 0.067 0 2
18 52 0.116 0 4
56 5 0.354 0 2
46 10 0.295 0 4
127 100 0.679 0 1
230 30 0.865 0 3
14 5 0.092 0 1
71 10 0.217 0 3
21 5 0.076 0 2
134 10 0.465 0 1
59 70 0.183 0 2
53 10 0.209 0 1
56 5 0.232 0 3
39 100 0.127 0 4
15 15 0.071 0 3
15 40 0.067 0 3
10 70 0.052 0 2
33 52 0.210 0 3
62 10 0.395 0 3
14 5 0.093 0 4
31 22 0.135 0 4
13 100 0.039 0 1
88 22 0.442 0 3
27 70 0.083 0 3
98 22 0.334 0 4
93 30 0.477 0 1
139 5 0.543 0 2
24 22 0.077 0 2
37 70 0.242 0 4
171 15 0.562 0 3
76 5 0.352 0 3
10 70 0.054 0 1
44 52 0.146 0 4
15 70 0.089 0 3
24 15 0.083 0 1
12 15 0.045 0 2
12 15 0.056 0 2
87 30 0.298 0 3
19 15 0.077 0 3
12 30 0.035 0 2
318 70 1.757 0 3
197 52 0.657 0 1
30 22 0.104 0 2
12 70 0.039 0 1
17 40 0.073 0 4
333 5 1.177 0 2
35 100 0.108 0 3
16 10 0.059 0 2
84 30 0.449 0 4
192 15 0.800 0 3
48 5 0.157 0 1
13 15 0.066 0 3
51 15 0.276 0 4
92 40 0.271 0 1
16 15 0.090 0 4
50 70 0.338 0 4
175 40 0.845 0 1
35 30 0.123 0 3
29 10 0.132 0 3
314 15 1.146 0 4
18 40 0.053 0 4
21 40 0.105 0 2
51 40 0.315 0 1
86 22 0.515 0 4
37 100 0.112 0 2
55 40 0.208 0 4
13 5 0.072 0 4
101 22 0.455 0 3
31 70 0.092 0 2
19 30 0.095 0 2
10 70 0.056 0 4
30 52 0.109 0 2
323 15 1.141 0 3
61 30 0.266 0 2
55 52 0.271 0 1
21 70 0.086 0 4
46 15 0.203 0 1
77 52 0.358 0 4
10 52 0.042 0 2
16 40 0.083 0 2
66 40 0.225 0 3
31 40 0.091 0 2
63 52 0.303 0 3
57 40 0.237 0 1
322 100 0.958 0 4
164 10 0.485 0 1
15 100 0.044 0 3
89 10 0.312 0 4
13 40 0.069 0 4
56 30 0.227 0 1
159 52 0.602 0 1
20 100 0.066 0 2
34 30 0.187 0 4
152 30 0.585 0 4
51 22 0.329 0 3
221 70 0.795 0 1
11 70 0.051 0 3
281 40 0.844 0 4
157 5 0.844 0 3
18 30 0.101 0 4
11 70 0.043 0 2
16 15 0.055 0 3
45 30 0.191 0 2
16 100 0.080 0 1
69 70 0.203 0 1
34 100 0.139 0 4
32 10 0.143 0 3
321 15 1.006 0 2
35 40 0.117 0 1
291 100 0.893 0 4
34 5 0.150 0 3
140 52 0.536 0 4
10 100 0.041 0 1
17 30 0.052 0 2
21 100 0.065 0 4
15 22 0.082 0 1
21 100 0.078 0 4
170 70 0.966 0 1
58 70 0.195 0 3
63 22 0.264 0 4
10 5 0.032 0 2
24 15 0.091 0 2
14 52 0.044 0 3
29 5 0.109 0 3
25 100 0.077 0 1
151 5 0.921 0 4
64 100 0.332 0 2
55 52 0.176 0 1
18 70 0.056 0 2
33 100 0.098 0 1
25 52 0.078 0 4
101 70 0.326 0 4
60 40 0.175 0 4
65 100 0.200 0 1
57 30 0.229 0 3
70 15 0.378 0 4
18 40 0.085 0 4
49 15 0.174 0 1
283 30 1.105 0 2
69 5 0.363 0 3
105 30 0.395 0 3
315 22 1.382 0 3
14 15 0.048 0 3
34 100 0.108 0 1
59 100 0.272 0 3
172 40 0.972 0 3
122 22 0.374 0 4
11 10 0.042 0 1
15 100 0.090 0 2
165 70 0.596 0 2
58 52 0.320 0 2
101 100 0.498 0 3
126 15 0.496 0 4
72 52 0.288 0 1
23 5 0.126 0 2
38 30 0.137 0 4
142 70 0.421 0 1
17 22 0.058 0 3
64 100 0.247 0 4
17 10 0.083 0 4
13 40 0.040 0 3
49 5 0.271 0 1
36 70 0.140 0 3
59 100 0.391 0 2
199 70 1.164 0 2
23 40 0.069 0 2
13 100 0.054 0 1
62 52 0.315 0 2
138 5 0.831 0 1
15 30 0.082 0 4
51 5 0.169 0 1
10 10 0.029 0 2
14 100 0.050 0 1
38 70 0.154 0 4
25 15 0.143 0 1
73 15 0.403 0 2
67 40 0.291 0 2
75 70 0.301 0 1
11 5 0.041 0 2
62 70 0.219 0 4
158 52 0.568 0 4
58 22 0.289 0 3
192 40 0.910 0 1
16 22 0.080 0 4
16 52 0.106 0 1
12 10 0.069 0 4
21 40 0.073 0 2
132 30 0.394 0 1
48 15 0.245 0 2
188 70 0.908 0 1
23 52 0.126 0 1
63 40 0.301 0 4
74 22 0.411 0 2
16 5 0.084 0 3
26 10 0.166 0 3
66 40 0.386 0 1
43 52 0.162 0 4
31 15 0.178 0 2
126 22 0.424 0 1
17 5 0.099 0 1
16 22 0.095 0 4
90 15 0.398 0 3
99 15 0.402 0 2
56 30 0.296 0 3
52 22 0.252 0 4
37 22 0.223 0 2
149 100 0.500 0 3
186 52 0.587 0 1
16 52 0.054 0 3
39 22 0.134 0 3
90 22 0.526 0 4
322 52 0.955 0 4
46 100 0.147 0 2
19 10 0.074 0 1
21 10 0.135 0 3
45 40 0.288 0 2
12 40 0.041 0 1
32 30 0.179 0 4
158 10 0.570 0 3
10 70 0.043 0 4
30 10 0.108 0 1
20 10 0.081 0 2
25 70 0.080 0 1
234 10 1.300 0 4
141 40 0.448 0 1
140 15 0.745 0 4
75 5 0.500 0 2
36 5 0.114 0 1
77 40 0.225 0 2
83 10 0.272 0 2
51 52 0.256 0 4
44 100 0.191 0 3
15 70 0.101 0 3
17 30 0.114 0 2
15 15 0.056 0 4
73 70 0.239 0 1
11 22 0.066 0 4
72 15 0.486 0 4
80 10 0.270 0 3
66 100 0.247 0 1
61 15 0.182 0 4
181 70 0.656 0 1
50 100 0.251 0 3
58 15 0.214 0 3
125 15 0.610 0 1
108 52 0.484 0 4
94 40 0.314 0 2
110 40 0.386 0 2
16 100 0.052 0 1
12 5 0.048 0 2
15 30 0.059 0 1
171 70 1.132 0 3
58 22 0.184 0 2
18 30 0.081 0 3
36 100 0.238 0 3
57 100 0.225 0 1
12 52 0.045 0 4
36 70 0.132 0 2
61 70 0.284 0 3
112 30 0.396 0 1
58 100 0.186 0 2
71 10 0.220 0 1
66 70 0.194 0 1
35 52 0.109 0 3
22 40 0.064 0 2
36 70 0.216 0 1
90 15 0.321 0 1
37 15 0.114 0 2
36 30 0.106 0 2
10 10 0.039 0 2
58 10 0.199 0 3
197 15 0.838 0 1
13 5 0.062 0 1
18 52 0.052 0 4
10 22 0.043 0 3
37 15 0.159 0 4
20 70 0.063 0 4
318 22 1.053 0 1
185 15 0.797 0 2
74 30 0.484 0 3
17 30 0.053 0 4
25 100 0.093 0 2
241 22 0.849 0 1
25 22 0.095 0 1
19 70 0.096 0 3
297 70 0.971 0 4
12 5 0.071 0 4
90 30 0.549 0 3
14 15 0.056 0 4
31 30 0.125 0 4
53 40 0.283 0 4
53 30 0.206 0 4
33 10 0.103 0 3
180 100 0.690 0 3
15 22 0.098 0 1
182 70 0.569 0 1
173 5 1.018 0 1
18 40 0.106 0 1
16 15 0.057 0 2
183 22 0.732 0 2
74 5 0.349 0 1
24 100 0.108 0 4
69 40 0.247 0 2
44 100 0.151 0 1
69 15 0.224 0 4
176 5 0.529 0 3
13 15 0.049 0 3
52 100 0.243 0 2
65 52 0.327 0 3
14 30 0.079 0 1
15 30 0.094 0 4
136 15 0.586 0 3
55 22 0.224 0 1
184 100 0.724 0 1
36 40 0.154 0 2
14 15 0.042 0 1
153 10 0.575 0 2
32 40 0.108 0 3
27 100 0.090 0 1
20 10 0.125 0 1
298 15 1.693 0 1
14 40 0.054 0 3
152 10 0.667 0 2
22 70 0.101 0 2
152 100 0.555 0 1
19 70 0.075 0 1
55 30 0.344 0 1
18 10 0.095 0 3
49 40 0.203 0 3
284 30 1.080 0 3
59 100 0.266 0 3
21 70 0.074 0 4
25 70 0.109 0 3
177 22 0.714 0 2
19 52 0.071 0 1
12 40 0.035 0 4
150 30 0.638 0 1
60 70 0.199 0 1
102 100 0.298 0 3
60 22 0.308 0 2
171 30 0.929 0 4
99 22 0.378 0 3
84 40 0.284 0 2
24 70 0.116 0 4
190 70 0.674 0 3
184 100 0.719 0 1
106 10 0.505 0 3
10 22 0.030 0 3
34 5 0.145 0 3
123 30 0.586 0 3
302 70 1.003 0 1
12 15 0.042 0 1
15 5 0.045 0 4
293 30 0.945 0 4
25 70 0.103 0 1
187 15 0.682 0 4
20 100 0.090 0 1
57 15 0.305 0 2
151 100 0.910 0 1
161 40 0.910 0 1
49 10 0.167 0 4
31 22 0.092 0 4
72 5 0.343 0 4
19 40 0.107 0 3
17 10 0.051 0 4
34 100 0.120 0 4
140 100 0.588 0 2
36 52 0.143 0 4
59 5 0.307 0 4
132 100 0.759 0 3
16 22 0.086 0 3
28 5 0.150 0 2
74 100 0.294 0 1
16 52 0.047 0 4
79 70 0.255 0 4
104 30 0.520 0 4
122 5 0.399 0 4
14 30 0.065 0 1
57 100 0.197 0 4
56 70 0.232 0 3
30 52 0.200 0 4
198 5 1.048 0 4
34 10 0.110 0 1
19 100 0.090 0 3
11 22 0.037 0 2
52 15 0.206 0 4
33 40 0.113 0 4
56 100 0.166 0 1
31 5 0.098 0 3
44 10 0.132 0 2
20 22 0.081 0 1
28 40 0.096 0 1
277 30 1.539 0 1
14 5 0.080 0 3
128 30 0.404 0 1
15 70 0.048 0 4
108 70 0.452 0 1
15 22 0.051 0 2
97 10 0.651 0 4
19 22 0.075 0 2
10 15 0.030 0 3
126 15 0.387 0 3
11 70 0.065 0 1
111 40 0.509 0 4
70 5 0.345 0 3
18 15 0.118 0 2
207 15 1.318 0 3
77 30 0.278 0 2
14 30 0.065 0 1
155 22 0.518 0 3
101 22 0.426 0 4
23 100 0.071 0 2
13 100 0.042 0 2
44 100 0.257 0 1
13 52 0.086 0 4
40 100 0.168 0 1
71 22 0.212 0 4
257 52 1.040 0 3
149 5 0.594 0 1
27 22 0.126 0 3
194 70 0.597 0 2
129 40 0.623 0 4
19 70 0.079 0 1
17 100 0.058 0 3
94 5 0.295 0 3
30 70 0.096 0 4
35 15 0.149 0 4
55 5 0.304 0 4
14 100 0.043 0 3
56 10 0.333 0 3
79 52 0.259 0 4
11 5 0.071 0 3
175 100 0.532 0 1
17 15 0.088 0 2
12 30 0.050 0 2
47 10 0.269 0 3
168 40 0.585 0 2
11 10 0.039 0 1
63 30 0.201 0 1
40 40 0.166 0 4
91 22 0.360 0 4
11 52 0.051 0 1
10 52 0.056 0 1
24 70 0.103 0 1
15 15 0.056 0 3
41 30 0.255 0 2
60 70 0.331 0 3
16 10 0.073 0 3
154 10 0.579 0 3
234 100 0.848 0 3
14 5 0.043 0 3
219 5 0.788 0 2
12 10 0.080 0 3
37 5 0.115 0 2
173 30 0.638 0 1
65 22 0.330 0 1
140 30 0.927 0 3
254 30 1.245 0 4
22 15 0.086 0 4
11 30 0.036 0 3
146 70 0.606 0 1
59 30 0.184 0 4
33 22 0.155 0 4
19 10 0.125 0 1
41 10 0.222 0 2
134 52 0.561 0 1
19 40 0.082 0 2
13 100 0.051 0 2
22 30 0.073 0 2
41 70 0.154 0 4
30 10 0.095 0 1
26 10 0.135 0 4
20 15 0.083 0 3
13 30 0.049 0 1
136 30 0.424 0 4
149 10 0.495 0 3
50 30 0.147 0 3
32 100 0.148 0 1
22 30 0.093 0 1
24 30 0.070 0 1
38 100 0.162 0 4
167 40 0.736 0 3
89 30 0.327 0 3
44 40 0.260 0 3
13 10 0.041 0 4
61 30 0.206 0 2
41 52 0.125 0 3
33 30 0.209 0 3
20 100 0.061 0 4
228 52 0.667 0 1
31 52 0.209 0 1
17 52 0.053 0 1
20 5 0.116 0 3
14 52 0.056 0 3
124 70 0.713 0 2
62 70 0.261 0 2
13 70 0.047 0 4
258 5 0.757 0 3
59 52 0.186 0 3
148 30 0.679 0 1
36 10 0.214 0 4
21 100 0.087 0 1
10 100 0.045 0 4
67 70 0.206 0 1
16 52 0.086 0 2
34 100 0.103 0 4
25 10 0.084 0 3
119 52 0.397 0 3
27 15 0.088 0 2
17 40 0.057 0 2
52 30 0.160 0 4
11 5 0.040 0 4
55 30 0.236 0 3
60 10 0.254 0 3
17 52 0.088 0 1
303 52 1.086 0 4
64 5 0.296 0 2
177 10 0.586 0 2
46 40 0.199 0 1
43 10 0.167 0 3
148 100 0.587 0 3
56 52 0.354 0 4
20 100 0.075 0 1
12 10 0.081 0 3
36 5 0.175 0 1
92 15 0.382 0 2
27 52 0.101 0 1
19 15 0.070 0 4
30 100 0.178 0 1
202 30 0.616 0 3
75 22 0.399 0 3
164 5 0.617 0 2
77 10 0.244 0 4
60 10 0.243 0 3
34 30 0.192 0 2
70 22 0.230 0 1
16 52 0.058 0 4
189 22 0.554 0 2
31 22 0.120 0 2
173 100 1.042 0 2
102 40 0.580 0 3
26 10 0.114 0 2
27 30 0.092 0 4
17 40 0.063 0 3
44 40 0.133 0 1
48 5 0.258 0 4
34 10 0.207 0 1
157 70 0.540 0 4
35 40 0.165 0 1
142 22 0.491 0 1
106 40 0.449 0 1
19 22 0.110 0 3
15 52 0.046 0 1
18 100 0.082 0 1
32 15 0.155 0 2
92 30 0.500 0 2
88 70 0.524 0 4
212 70 0.788 0 2
16 52 0.061 0 2
18 10 0.087 0 3
126 100 0.378 0 4
35 15 0.116 0 3
42 30 0.183 0 3
168 15 0.491 0 4
50 70 0.190 0 4
17 30 0.058 0 4
10 100 0.031 0 1
55 52 0.264 0 3
52 10 0.193 0 1
52 5 0.278 0 4
13 70 0.044 0 3
56 52 0.250 0 1
11 100 0.046 0 3
44 70 0.162 0 2
29 5 0.097 0 1
43 100 0.152 0 2
25 70 0.162 0 4
17 52 0.081 0 4
61 70 0.206 0 4
28 15 0.121 0 4
29 5 0.098 0 4
47 10 0.290 0 4
108 22 0.584 0 4
96 5 0.417 0 2
76 30 0.228 0 2
31 10 0.182 0 2
22 70 0.065 0 2
72 40 0.338 0 4
43 15 0.195 0 4
29 5 0.087 0 2
22 70 0.070 0 1
17 15 0.088 0 3
101 15 0.402 0 4
112 70 0.511 0 1
47 22 0.179 0 3
36 15 0.187 0 3
60 40 0.286 0 4
10 40 0.031 0 4
15 70 0.052 0 3
11 10 0.044 0 3
56 5 0.306 0 2
42 10 0.250 0 4
32 40 0.102 0 1
29 30 0.089 0 2
19 100 0.067 0 2
85 15 0.472 0 3
37 5 0.175 0 2
177 5 0.783 0 2
319 100 2.085 0 3
19 100 0.093 0 2
198 100 0.728 0 2
70 30 0.303 0 1
71 52 0.441 0 4
42 52 0.126 0 2
146 22 0.584 0 3
66 30 0.398 0 3
14 15 0.069 0 4
15 30 0.047 0 4
76 15 0.402 0 4
18 40 0.107 0 2
15 40 0.045 0 3
250 100 0.746 0 2
18 30 0.096 0 3
17 40 0.065 0 2
192 40 0.727 0 4
141 100 0.547 0 4
69 10 0.295 0 1
150 10 0.545 0 1
36 52 0.105 0 1
61 10 0.231 0 3
32 30 0.152 0 1
39 70 0.136 0 3
29 70 0.119 0 1
157 15 0.877 0 1
178 5 0.809 0 3
110 15 0.462 0 3
16 100 0.054 0 4
25 30 0.139 0 4
88 100 0.398 0 2
149 100 0.554 0 1
128 10 0.624 0 1
37 52 0.122 0 2
65 52 0.212 0 2
16 10 0.056 0 1
21 70 0.137 0 4
205 70 1.051 0 3
161 40 0.549 0 3
115 30 0.650 0 1
179 52 0.775 0 4
72 15 0.373 0 3
13 30 0.049 0 4
197 52 0.640 0 1
61 15 0.295 0 2
44 100 0.183 0 3
17 10 0.086 0 2
48 10 0.143 0 2
66 30 0.203 0 3
56 52 0.239 0 2
329 100 1.545 0 4
165 22 0.554 0 1
35 5 0.126 0 3
27 30 0.161 0 2
274 22 1.602 0 1
37 5 0.117 0 2
144 30 0.727 0 4
193 40 0.576 0 4
228 10 1.101 0 3
230 40 1.122 0 1
87 5 0.327 0 2
25 22 0.075 0 3
73 30 0.239 0 2
12 5 0.057 0 1
13 30 0.050 0 4
12 22 0.062 0 2
209 52 0.917 0 4
13 100 0.041 0 3
36 40 0.118 0 3
13 40 0.075 0 3
19 100 0.123 0 4
223 40 1.274 0 3
30 22 0.201 0 2
10 100 0.042 0 3
71 70 0.403 0 3
333 10 1.970 0 1
16 30 0.103 0 4
34 70 0.179 0 1
10 30 0.034 0 3
143 15 0.513 0 4
103 30 0.313 0 3
33 100 0.149 0 1
36 52 0.172 0 3
35 5 0.140 0 4
47 15 0.145 0 4
12 70 0.044 0 1
15 22 0.080 0 4
49 30 0.150 0 3
55 100 0.311 0 3
180 5 0.606 0 4
33 5 0.128 0 1
187 40 0.577 0 2
12 10 0.058 0 4
199 5 0.840 0 1
14 100 0.074 0 2
22 40 0.092 0 2
56 40 0.247 0 3
49 15 0.193 0 3
13 22 0.054 0 4
22 22 0.106 0 2
18 100 0.061 0 1
32 5 0.139 0 1
16 15 0.098 0 2
37 40 0.116 0 4
185 5 1.045 0 3
72 5 0.216 0 4
14 100 0.077 0 3
116 52 0.725 0 3
62 5 0.400 0 4
13 22 0.057 0 3
17 30 0.072 0 4
20 30 0.062 0 1
256 30 0.859 0 1
287 15 1.329 0 4
224 40 0.663 0 3
15 100 0.050 0 1
36 70 0.138 0 4
27 10 0.121 0 2
17 5 0.098 0 4
10 30 0.035 0 3
70 30 0.300 0 3
74 52 0.363 0 3
53 52 0.168 0 4
30 70 0.146 0 2
88 100 0.325 0 2
46 22 0.264 0 3
33 40 0.101 0 3
13 15 0.067 0 2
75 10 0.244 0 3
22 22 0.102 0 1
31 70 0.115 0 2
58 15 0.242 0 3
19 30 0.061 0 2
169 40 0.538 0 4
73 15 0.278 0 1
12 40 0.065 0 3
35 70 0.126 0 4
87 100 0.286 0 1
269 70 1.300 0 2
26 22 0.168 0 4
27 70 0.101 0 4
38 30 0.123 0 4
293 30 0.904 0 4
83 52 0.269 0 2
27 40 0.119 0 1
113 10 0.384 0 4
13 100 0.064 0 3
30 70 0.089 0 1
99 100 0.411 0 2
226 52 0.828 0 1
158 5 0.610 0 4
20 30 0.118 0 2
80 22 0.468 0 3
27 22 0.129 0 1
219 5 1.084 0 2
148 100 0.438 0 2
55 5 0.181 0 1
76 10 0.297 0 2
27 70 0.141 0 3
73 52 0.399 0 4
35 22 0.145 0 1
44 22 0.175 0 3
275 22 0.989 0 3
56 5 0.218 0 3
179 100 0.613 0 1
24 22 0.107 0 2
167 30 1.012 0 2
74 30 0.238 0 4
146 15 0.635 0 2
187 10 0.766 0 1
167 30 0.594 0 4
23 5 0.080 0 1
13 10 0.060 0 3
200 22 1.342 0 4
51 52 0.153 0 3
97 22 0.447 0 3
16 40 0.061 0 2
27 15 0.144 0 4
296 52 1.084 0 4
86 40 0.286 0 4
15 30 0.086 0 3
16 5 0.051 0 3
18 5 0.067 0 2
14 22 0.046 0 2
13 30 0.051 0 1
31 30 0.103 0 4
148 52 0.822 0 2
97 10 0.408 0 1
34 15 0.141 0 1
88 15 0.509 0 4
64 100 0.213 0 3
30 70 0.092 0 2
22 5 0.149 0 2
131 100 0.385 0 3
152 40 0.561 0 4
23 22 0.067 0 1
45 5 0.190 0 1
46 5 0.287 0 3
86 22 0.410 0 2
38 52 0.151 0 4
48 70 0.184 0 2
10 70 0.039 0 3
256 40 1.299 0 2
227 100 0.725 0 3
63 5 0.317 0 2
14 70 0.042 0 3
13 30 0.044 0 2
21 22 0.062 0 2
123 70 0.406 0 3
56 100 0.231 0 3
274 10 0.893 0 4
190 5 1.005 0 4
67 40 0.278 0 2
124 52 0.566 0 2
14 70 0.060 0 1
114 52 0.683 0 2
98 30 0.315 0 1
307 10 1.163 0 2
44 10 0.130 0 4
51 52 0.169 0 2
74 10 0.451 0 2
290 10 1.716 0 2
56 52 0.193 0 3
10 52 0.039 0 4
16 70 0.052 0 4
80 22 0.286 0 4
15 52 0.066 0 1
226 22 1.119 0 3
23 5 0.103 0 1
59 5 0.197 0 3
16 30 0.078 0 2
121 70 0.438 0 3
196 40 1.210 0 3
37 10 0.182 0 4
36 30 0.109 0 2
18 22 0.071 0 1
15 30 0.046 0 4
61 52 0.265 0 2
25 22 0.078 0 3
157 15 0.867 0 2
40 40 0.191 0 4
130 15 0.531 0 4
66 10 0.365 0 3
28 15 0.106 0 4
36 52 0.122 0 4
13 52 0.038 0 1
125 52 0.556 0 2
146 15 0.869 0 4
185 100 0.969 0 3
287 5 1.621 0 1
188 22 0.599 0 4
72 30 0.241 0 1
54 30 0.176 0 3
42 15 0.158 0 2
82 40 0.418 0 4
14 15 0.070 0 1
56 22 0.210 0 2
38 30 0.182 0 3
10 52 0.037 0 3
51 100 0.152 0 3
15 5 0.085 0 4
100 40 0.437 0 3
196 70 1.273 0 2
102 15 0.374 0 4
172 30 0.662 0 1
67 100 0.254 0 1
107 100 0.495 0 1
42 5 0.151 0 1
20 52 0.062 0 1
17 100 0.051 0 2
50 40 0.164 0 4
13 100 0.083 0 4
30 22 0.108 0 1
55 40 0.176 0 4
23 5 0.067 0 3
25 52 0.101 0 1
40 52 0.252 0 3
19 30 0.084 0 1
20 40 0.090 0 2
17 52 0.059 0 3
11 70 0.064 0 3
10 40 0.039 0 4
171 70 1.125 0 3
10 40 0.044 0 3
278 30 1.448 0 2
56 100 0.165 1 3
62 15 0.208 1 0
16 30 0.065 1 4
69 100 0.322 1 0
68 100 0.281 1 2
146 22 0.535 1 2
80 10 0.259 1 2
32 5 0.099 1 2
45 15 0.158 1 0
33 100 0.124 1 0
24 70 0.123 1 2
11 15 0.037 1 2
15 100 0.087 1 0
35 100 0.129 1 0
64 22 0.195 1 0
26 70 0.076 1 2
13 22 0.045 1 0
52 15 0.280 1 2
209 10 0.728 1 4
183 5 0.712 1 0
10 70 0.060 1 0
19 70 0.084 1 4
39 15 0.218 1 2
15 40 0.046 1 0
12 40 0.062 1 4
15 100 0.046 1 4
63 70 0.212 1 4
14 40 0.049 1 3
22 15 0.085 1 0
17 10 0.052 1 4
10 100 0.034 1 0
24 52 0.073 1 3
107 100 0.327 1 3
60 15 0.328 1 0
28 40 0.120 1 2
22 70 0.112 1 3
113 30 0.411 1 4
61 15 0.412 1 2
75 52 0.455 1 0
332 15 1.292 1 0
154 40 0.802 1 3
67 40 0.204 1 0
14 15 0.067 1 0
38 40 0.131 1 3
19 40 0.083 1 2
98 40 0.356 1 4
199 5 0.655 1 4
109 10 0.500 1 0
69 30 0.278 1 4
13 5 0.057 1 0
262 22 0.960 1 0
16 22 0.048 1 3
16 52 0.050 1 0
31 5 0.171 1 4
173 52 0.703 1 0
114 70 0.644 1 3
63 70 0.318 1 3
162 40 0.538 1 0
40 40 0.120 1 3
177 100 0.530 1 2
10 40 0.040 1 0
18 52 0.094 1 3
16 5 0.048 1 3
14 70 0.050 1 3
150 10 0.898 1 4
132 22 0.691 1 4
149 30 0.517 1 4
19 30 0.062 1 2
14 40 0.072 1 0
13 40 0.048 1 2
42 30 0.239 1 0
61 30 0.242 1 0
182 22 1.083 1 4
22 100 0.072 1 0
48 70 0.267 1 0
20 22 0.064 1 4
153 22 0.477 1 2
11 22 0.058 1 3
64 100 0.386 1 0
12 52 0.037 1 0
30 30 0.178 1 0
171 70 0.803 1 4
19 52 0.087 1 0
73 15 0.340 1 4
37 10 0.194 1 0
151 52 0.751 1 2
22 5 0.066 1 4
73 52 0.282 1 4
21 10 0.079 1 4
11 52 0.047 1 0
152 30 0.454 1 0
57 30 0.227 1 2
77 70 0.231 1 4
124 30 0.738 1 2
16 70 0.069 1 3
10 10 0.052 1 3
39 5 0.167 1 3
28 15 0.092 1 0
12 15 0.038 1 2
13 22 0.071 1 4
14 52 0.080 1 2
194 5 0.960 1 2
110 15 0.621 1 0
52 52 0.168 1 0
133 52 0.568 1 0
221 100 1.214 1 2
37 10 0.236 1 0
115 30 0.475 1 4
47 5 0.211 1 0
16 10 0.063 1 0
44 10 0.139 1 4
26 22 0.158 1 0
28 100 0.108 1 2
22 22 0.066 1 0
30 15 0.167 1 0
24 70 0.142 1 0
21 100 0.074 1 2
161 52 0.931 1 0
38 30 0.179 1 3
319 100 1.363 1 2
247 30 0.939 1 3
159 15 0.587 1 0
36 30 0.113 1 3
37 15 0.154 1 4
53 52 0.175 1 4
55 22 0.163 1 3
25 70 0.100 1 3
99 40 0.321 1 3
43 10 0.261 1 2
87 22 0.340 1 4
16 10 0.070 1 3
263 15 1.414 1 3
65 22 0.392 1 0
30 30 0.089 1 2
29 30 0.192 1 2
43 40 0.185 1 3
19 15 0.070 1 0
19 40 0.082 1 4
46 70 0.178 1 0
292 15 1.309 1 2
53 100 0.205 1 4
11 22 0.063 1 4
117 15 0.402 1 3
28 100 0.129 1 4
14 52 0.043 1 4
38 15 0.114 1 3
132 5 0.657 1 2
110 10 0.353 1 0
14 5 0.068 1 2
172 15 0.860 1 2
169 70 0.660 1 4
173 5 0.805 1 0
278 5 1.553 1 3
33 5 0.186 1 0
263 15 1.134 1 0
75 10 0.490 1 4
202 70 0.652 1 0
11 100 0.043 1 3
117 10 0.571 1 0
196 5 0.582 1 2
148 10 0.538 1 0
19 22 0.074 1 3
57 22 0.199 1 3
45 40 0.162 1 3
71 40 0.235 1 2
17 10 0.086 1 0
12 30 0.063 1 2
22 5 0.077 1 3
136 40 0.484 1 3
122 52 0.381 1 0
64 5 0.342 1 3
29 40 0.141 1 0
75 70 0.478 1 0
24 40 0.144 1 0
69 15 0.216 1 3
70 52 0.278 1 3
271 5 0.799 1 4
23 22 0.116 1 0
254 40 0.763 1 3
47 10 0.264 1 2
16 70 0.079 1 0
113 22 0.677 1 3
35 22 0.146 1 3
61 10 0.208 1 0
32 70 0.119 1 2
12 15 0.045 1 0
145 22 0.620 1 3
26 100 0.124 1 0
12 70 0.077 1 4
11 100 0.053 1 0
51 70 0.155 1 0
60 22 0.260 1 0
39 22 0.152 1 4
20 22 0.063 1 0
292 5 1.587 1 0
110 30 0.440 1 2
29 10 0.104 1 4
47 22 0.236 1 3
164 10 0.837 1 0
18 15 0.063 1 0
56 100 0.211 1 2
16 52 0.048 1 0
15 40 0.098 1 0
57 15 0.184 1 4
75 22 0.261 1 0
23 30 0.095 1 3
19 100 0.114 1 2
55 22 0.176 1 4
49 10 0.204 1 3
30 52 0.120 1 3
55 10 0.206 1 3
28 100 0.085 1 0
169 10 0.589 1 2
26 22 0.080 1 3
15 30 0.047 1 0
35 15 0.185 1 3
17 52 0.083 1 0
27 40 0.119 1 0
135 100 0.431 1 3
33 15 0.186 1 0
40 70 0.131 1 0
147 15 0.724 1 0
92 15 0.345 1 2
10 30 0.064 1 0
78 70 0.359 1 4
206 52 0.675 1 2
274 5 0.878 1 0
52 40 0.198 1 0
60 70 0.291 1 4
25 100 0.099 1 4
255 5 0.792 1 3
14 52 0.072 1 4
44 22 0.135 1 4
28 15 0.113 1 4
178 52 0.551 1 0
60 70 0.181 1 0
57 30 0.302 1 0
67 70 0.241 1 4
19 52 0.104 1 2
38 10 0.148 1 4
141 100 0.675 1 0
10 30 0.029 1 0
38 10 0.111 1 3
27 22 0.101 1 0
49 10 0.148 1 0
110 40 0.476 1 0
164 100 0.970 1 0
129 52 0.508 1 3
14 70 0.058 1 4
143 30 0.550 1 0
149 52 0.461 1 4
12 5 0.039 1 2
188 15 0.913 1 3
100 30 0.455 1 4
50 10 0.161 1 4
20 70 0.063 1 0
177 100 0.641 1 3
27 5 0.145 1 2
17 5 0.059 1 0
218 70 0.912 1 3
28 15 0.101 1 3
52 22 0.217 1 0
45 100 0.231 1 2
43 100 0.254 1 4
78 5 0.392 1 0
36 15 0.112 1 0
187 15 0.969 1 2
26 100 0.160 1 3
77 22 0.464 1 3
79 15 0.277 1 4
74 5 0.400 1 2
256 5 0.769 1 3
25 22 0.150 1 2
55 30 0.232 1 3
191 30 0.700 1 0
10 22 0.035 1 4
230 30 1.329 1 0
28 52 0.155 1 4
188 5 0.755 1 2
85 52 0.326 1 3
37 70 0.157 1 0
21 52 0.092 1 0
275 10 1.244 1 0
102 15 0.667 1 2
72 30 0.224 1 4
59 5 0.210 1 0
46 40 0.152 1 2
142 15 0.415 1 0
11 5 0.041 1 0
17 15 0.050 1 0
65 100 0.342 1 0
144 52 0.562 1 2
18 30 0.091 1 3
164 40 0.601 1 2
14 40 0.092 1 3
12 100 0.037 1 0
15 5 0.076 1 3
37 52 0.115 1 0
76 70 0.268 1 0
15 52 0.044 1 4
13 70 0.040 1 3
190 15 0.739 1 4
304 70 0.984 1 4
70 22 0.417 1 3
12 10 0.067 1 3
97 30 0.301 1 0
44 40 0.148 1 4
12 100 0.040 1 4
128 52 0.607 1 0
50 70 0.155 1 3
95 52 0.430 1 4
31 5 0.095 1 4
29 40 0.187 1 0
191 30 0.597 1 0
47 15 0.189 1 0
217 15 0.819 1 0
66 10 0.277 1 2
106 22 0.552 1 0
160 40 0.699 1 4
75 40 0.371 1 0
28 22 0.179 1 0
82 70 0.554 1 4
268 52 1.121 1 3
102 70 0.398 1 3
18 5 0.069 1 0
43 5 0.139 1 3
130 100 0.549 1 4
42 100 0.176 1 3
125 15 0.406 1 2
28 22 0.164 1 3
15 70 0.099 1 0
39 52 0.219 1 0
31 30 0.194 1 0
39 70 0.161 1 3
105 100 0.376 1 2
79 10 0.244 1 0
31 70 0.208 1 0
77 40 0.234 1 4
29 22 0.101 1 2
184 70 0.548 1 3
17 52 0.066 1 0
55 15 0.171 1 3
26 15 0.127 1 0
66 40 0.192 1 0
300 40 1.181 1 4
73 5 0.382 1 4
33 100 0.183 1 3
18 22 0.055 1 0
14 15 0.045 1 3
149 22 0.446 1 0
20 10 0.107 1 4
104 30 0.462 1 0
12 15 0.045 1 3
47 70 0.187 1 0
159 100 1.053 1 4
66 15 0.232 1 0
26 10 0.113 1 2
224 70 0.657 1 2
26 15 0.123 1 0
18 100 0.062 1 3
135 70 0.529 1 4
57 100 0.175 1 4
36 22 0.175 1 3
86 100 0.347 1 3
280 22 1.022 1 0
67 70 0.235 1 0
205 30 0.899 1 0
12 52 0.080 1 0
64 70 0.205 1 0
33 40 0.183 1 4
121 15 0.406 1 0
94 10 0.384 1 4
23 52 0.115 1 4
51 52 0.206 1 2
10 15 0.042 1 0
66 40 0.194 1 4
66 10 0.373 1 0
170 52 0.983 1 0
57 15 0.311 1 3
15 30 0.062 1 2
16 5 0.066 1 3
55 22 0.306 1 2
75 100 0.328 1 0
37 5 0.197 1 0
138 22 0.738 1 2
67 15 0.432 1 3
20 70 0.078 1 0
163 52 0.849 1 0
18 22 0.090 1 4
47 30 0.168 1 0
77 10 0.282 1 4
18 40 0.111 1 4
71 15 0.270 1 0
282 70 0.913 1 0
60 40 0.288 1 3
160 15 0.856 1 0
178 100 0.690 1 2
11 52 0.037 1 3
46 10 0.192 1 0
41 5 0.181 1 3
50 5 0.169 1 4
11 5 0.065 1 4
195 15 0.975 1 4
38 40 0.150 1 3
73 40 0.254 1 0
168 22 0.515 1 3
91 52 0.580 1 4
112 10 0.526 1 0
10 30 0.048 1 0
26 100 0.083 1 4
26 40 0.129 1 0
40 22 0.127 1 4
161 30 0.502 1 0
323 52 0.976 1 0
99 15 0.301 1 0
23 100 0.093 1 0
147 70 0.559 1 0
134 70 0.870 1 3
12 10 0.043 1 0
72 5 0.317 1 3
40 52 0.179 1 0
43 15 0.254 1 0
10 10 0.039 1 4
32 22 0.125 1 0
59 52 0.299 1 0
10 5 0.031 1 2
269 15 0.794 1 4
102 52 0.394 1 0
246 70 1.344 1 2
101 100 0.417 1 0
40 15 0.117 1 2
180 52 0.957 1 0
10 5 0.036 1 3
61 5 0.379 1 3
331 52 1.680 1 0
304 100 1.202 1 4
16 40 0.065 1 4
55 70 0.175 1 0
68 15 0.206 1 2
55 70 0.176 1 2
103 22 0.380 1 0
40 5 0.235 1 2
221 70 1.111 1 0
25 10 0.081 1 3
105 5 0.329 1 2
43 100 0.128 1 0
41 30 0.277 1 4
133 52 0.571 1 0
87 100 0.366 1 0
30 52 0.148 1 0
64 10 0.356 1 0
135 100 0.900 1 0
254 5 0.981 1 0
195 70 0.722 1 4
181 40 0.544 1 3
12 70 0.074 1 2
237 30 0.826 1 2
148 10 0.457 1 0
48 70 0.141 1 0
37 52 0.152 1 4
100 70 0.397 1 4
97 10 0.424 1 0
11 30 0.065 1 0
15 70 0.070 1 3
25 10 0.112 1 4
257 52 1.080 1 0
69 70 0.251 1 2
17 30 0.099 1 2
55 22 0.241 1 2
38 40 0.181 1 4
60 52 0.305 1 0
41 30 0.136 1 2
154 70 0.595 1 0
48 10 0.152 1 0
10 5 0.031 1 0
13 100 0.061 1 3
10 5 0.045 1 0
55 52 0.208 1 0
54 22 0.242 1 0
16 10 0.094 1 2
17 70 0.084 1 0
52 5 0.190 1 2
15 70 0.085 1 2
12 30 0.045 1 3
56 30 0.203 1 0
60 15 0.213 1 0
290 70 1.801 1 0
69 100 0.257 1 0
16 22 0.059 1 3
107 30 0.591 1 0
16 100 0.077 1 4
25 40 0.128 1 4
159 10 0.585 1 2
139 70 0.406 1 3
329 100 1.183 1 0
14 15 0.052 1 4
116 70 0.611 1 3
186 40 0.660 1 4
326 10 0.982 1 2
142 30 0.555 1 3
69 30 0.379 1 0
190 10 0.927 1 0
23 100 0.120 1 0
17 5 0.054 1 2
28 40 0.107 1 0
221 15 0.991 1 4
79 22 0.345 1 3
39 10 0.125 1 2
36 15 0.120 1 2
164 10 0.529 1 0
25 15 0.136 1 4
44 100 0.246 1 0
16 100 0.078 1 3
27 52 0.129 1 3
44 52 0.135 1 0
243 70 1.180 1 4
334 100 1.110 1 2
56 70 0.344 1 2
60 52 0.187 1 3
133 10 0.532 1 2
10 10 0.052 1 0
72 15 0.257 1 4
138 52 0.920 1 3
15 40 0.049 1 2
35 30 0.118 1 3
228 100 0.987 1 4
75 40 0.487 1 0
35 5 0.158 1 4
330 30 1.964 1 0
36 52 0.109 1 2
33 70 0.099 1 0
20 30 0.096 1 0
148 40 0.534 1 0
56 70 0.354 1 3
64 52 0.260 1 2
41 10 0.155 1 2
118 15 0.581 1 0
10 70 0.040 1 0
64 10 0.340 1 4
40 30 0.144 1 0
17 100 0.060 1 2
45 40 0.205 1 0
15 40 0.064 1 0
45 15 0.176 1 0
162 40 0.583 1 4
197 40 0.638 1 3
51 52 0.189 1 2
196 52 0.778 1 3
19 15 0.088 1 3
31 52 0.195 1 0
132 22 0.422 1 0
10 52 0.031 1 4
252 30 1.319 1 4
14 70 0.051 1 0
161 40 0.610 1 0
59 100 0.199 1 0
35 5 0.167 1 0
63 70 0.290 1 3
65 30 0.380 1 4
18 52 0.054 1 0
27 22 0.085 1 2
11 70 0.035 1 0
44 10 0.244 1 0
19 30 0.084 1 4
101 15 0.347 1 0
33 10 0.166 1 2
38 15 0.118 1 2
264 22 1.492 1 0
19 70 0.062 1 0
32 52 0.098 1 4
78 52 0.286 1 0
47 10 0.149 1 2
25 10 0.086 1 4
223 70 0.741 1 3
17 5 0.057 1 4
36 22 0.217 1 3
18 5 0.092 1 4
227 100 1.207 1 0
177 15 0.711 1 0
26 5 0.086 1 0
13 15 0.060 1 0
302 70 2.013 1 3
27 52 0.103 1 4
15 22 0.046 1 0
48 15 0.240 1 3
144 40 0.735 1 4
25 30 0.088 1 0
31 100 0.134 1 2
10 100 0.030 1 4
289 40 1.651 1 3
22 5 0.089 1 2
53 10 0.247 1 0
26 70 0.105 1 2
14 30 0.065 1 4
38 52 0.118 1 0
14 52 0.047 1 4
34 10 0.215 1 4
19 30 0.061 1 3
143 30 0.495 1 4
26 5 0.155 1 0
15 10 0.071 1 0
171 15 0.517 1 0
153 52 0.761 1 0
61 40 0.206 1 0
66 30 0.241 1 0
92 30 0.568 1 2
13 15 0.065 1 3
19 70 0.123 1 0
112 40 0.385 1 0
14 5 0.052 1 0
83 40 0.261 1 0
287 100 1.495 1 4
24 40 0.101 1 0
73 5 0.427 1 2
54 52 0.241 1 0
174 22 0.795 1 4
10 100 0.047 1 2
27 15 0.129 1 2
17 22 0.100 1 3
16 100 0.080 1 0
11 40 0.045 1 0
59 22 0.192 1 3
201 5 0.750 1 2
72 10 0.419 1 0
10 10 0.034 1 0
147 70 0.875 1 2
15 40 0.100 1 0
76 100 0.402 1 3
76 5 0.311 1 2
56 52 0.203 1 0
73 15 0.282 1 0
29 70 0.111 1 3
112 10 0.349 1 0
170 5 0.550 1 0
235 10 0.911 1 2
185 30 0.930 1 3
44 15 0.224 1 2
198 5 0.767 1 4
17 30 0.077 1 2
31 22 0.097 1 3
15 10 0.044 1 0
30 100 0.093 1 3
18 52 0.059 1 0
18 100 0.086 1 0
61 40 0.216 1 0
46 30 0.228 1 0
334 40 1.931 1 2
32 30 0.136 1 2
47 30 0.246 1 2
24 40 0.106 1 0
103 52 0.438 1 0
70 30 0.255 1 2
62 30 0.230 1 0
208 40 0.860 1 4
15 5 0.079 1 4
89 30 0.506 1 2
15 22 0.051 1 2
79 5 0.382 1 0
194 10 0.632 1 0
286 52 1.554 1 0
171 52 0.881 1 0
40 5 0.245 1 2
97 40 0.505 1 0
105 15 0.335 1 0
18 30 0.067 1 0
184 5 0.541 1 2
28 10 0.133 1 0
19 100 0.078 1 0
59 22 0.216 1 0
17 22 0.075 1 4
14 10 0.071 1 2
38 22 0.121 1 4
47 40 0.205 1 3
15 10 0.057 1 0
42 22 0.216 1 0
57 40 0.271 1 2
37 40 0.113 1 3
64 5 0.221 1 2
73 70 0.448 1 2
313 40 0.937 1 0
13 5 0.054 1 4
243 5 0.871 1 0
56 10 0.201 1 3
79 22 0.479 1 2
296 5 1.170 1 4
249 10 1.606 1 2
70 30 0.314 1 3
77 100 0.472 1 3
156 40 0.494 1 0
70 70 0.400 1 0
287 100 0.891 1 4
14 22 0.055 1 0
13 100 0.059 1 3
169 52 0.663 1 0
288 15 0.906 1 4
51 100 0.213 1 0
78 70 0.413 1 3
31 15 0.117 1 4
74 22 0.471 1 0
35 70 0.137 1 2
37 10 0.128 1 3
77 22 0.297 1 0
35 15 0.220 1 3
14 15 0.083 1 0
31 70 0.105 1 4
26 100 0.080 1 0
189 5 1.105 1 2
39 10 0.209 1 4
39 30 0.144 1 0
51 5 0.342 1 0
10 52 0.033 1 4
19 52 0.064 1 3
70 52 0.402 1 4
33 30 0.147 1 2
42 52 0.126 1 2
68 100 0.298 1 0
16 100 0.047 1 0
333 70 1.003 1 4
106 10 0.493 1 0
76 40 0.450 1 0
270 40 1.239 1 0
18 30 0.077 1 4
32 100 0.122 1 3
55 5 0.264 1 4
178 15 0.733 1 4
12 40 0.047 1 0
16 5 0.048 1 0
21 22 0.078 1 0
182 52 0.652 1 0
172 30 0.778 1 2
20 100 0.062 1 4
147 40 0.671 1 3
47 5 0.203 1 4
29 30 0.109 1 3
19 100 0.112 1 0
55 52 0.175 1 3
72 5 0.294 1 0
34 22 0.140 1 0
16 22 0.048 1 2
267 22 0.989 1 3
29 100 0.122 1 2
90 22 0.495 1 4
24 15 0.076 1 2
151 10 0.497 1 4
37 70 0.118 1 0
28 70 0.094 1 2
196 10 0.592 1 2
16 52 0.059 1 0
47 10 0.184 1 0
136 40 0.553 1 3
31 5 0.133 1 4
173 30 1.146 1 0
63 70 0.250 1 3
53 22 0.198 1 3
86 15 0.450 1 3
36 40 0.148 1 0
31 100 0.112 1 4
39 22 0.236 1 3
33 22 0.101 1 2
39 30 0.163 1 4
18 70 0.087 1 3
15 52 0.077 1 2
219 30 1.038 1 0
113 30 0.382 1 0
24 5 0.119 1 0
39 70 0.121 1 3
51 22 0.154 1 2
317 22 1.153 1 0
28 5 0.109 1 0
57 100 0.273 1 3
24 52 0.076 1 3
14 70 0.053 1 2
28 22 0.124 1 0
29 5 0.096 1 3
171 5 1.056 1 3
148 22 0.931 1 0
26 30 0.144 1 4
21 10 0.084 1 0
27 22 0.108 1 4
14 15 0.050 1 0
13 52 0.047 1 0
32 15 0.100 1 2
68 15 0.298 1 0
68 52 0.444 1 2
25 10 0.168 1 3
26 52 0.081 1 2
117 15 0.701 1 4
27 30 0.087 1 0
24 22 0.139 1 4
23 100 0.109 1 4
16 30 0.095 1 3
62 100 0.248 1 2
59 70 0.206 1 0
25 70 0.080 1 0
16 10 0.099 1 4
14 70 0.050 1 0
182 30 0.725 1 0
39 70 0.145 1 2
17 70 0.090 1 4
23 30 0.128 1 0
52 5 0.265 1 0
14 10 0.045 1 4
82 22 0.298 1 3
172 22 0.667 1 3
104 30 0.329 1 2
64 15 0.308 1 0
22 52 0.122 1 0
153 40 0.524 1 4
22 100 0.071 1 4
30 22 0.148 1 4
10 30 0.033 1 3
247 52 1.176 1 4
186 10 1.163 1 3
18 100 0.092 1 2
92 30 0.497 1 0
47 70 0.318 1 2
171 10 0.578 1 3
12 30 0.053 1 0
101 15 0.435 1 3
101 40 0.461 1 2
154 5 0.700 1 0
18 15 0.113 1 2
309 22 0.925 1 0
23 5 0.087 1 4
55 22 0.163 1 0
190 100 0.745 1 0
43 100 0.134 1 2
19 22 0.107 1 0
11 15 0.045 1 4
50 22 0.187 1 0
29 40 0.104 1 0
24 10 0.120 1 3
18 52 0.058 1 3
39 10 0.119 1 4
50 100 0.230 1 4
10 22 0.041 1 0
57 10 0.207 1 0
192 52 1.289 1 0
32 15 0.166 1 0
18 70 0.081 1 0
123 100 0.637 1 4
32 10 0.150 1 3
19 52 0.084 1 0
84 15 0.258 1 0
57 40 0.297 1 0
36 5 0.164 1 0
138 10 0.573 1 0
56 22 0.224 1 4
11 40 0.059 1 0
16 40 0.083 1 4
13 5 0.050 1 0
15 15 0.074 1 2
59 10 0.173 1 2
28 30 0.151 1 2
106 40 0.471 1 3
337 5 1.105 1 2
132 70 0.635 1 0
84 70 0.412 1 2
73 10 0.230 1 2
19 30 0.074 1 2
168 30 0.654 1 0
74 70 0.433 1 0
14 70 0.075 1 0
67 52 0.243 1 4
266 70 0.902 1 0
56 30 0.182 1 0
108 15 0.478 1 0
18 100 0.080 1 0
136 15 0.425 1 3
103 10 0.510 1 3
50 100 0.178 1 3
23 5 0.067 1 0
12 100 0.061 1 2
19 40 0.079 1 4
28 70 0.099 1 0
15 10 0.075 1 0
166 22 0.574 1 2
105 5 0.343 1 4
26 100 0.163 1 4
17 100 0.109 1 0
67 30 0.288 1 4
34 30 0.146 1 4
323 52 1.775 1 3
199 40 0.646 1 2
31 40 0.146 1 0
18 5 0.097 1 3
18 30 0.115 1 3
13 15 0.065 1 0
56 10 0.213 1 0
18 100 0.121 1 3
62 10 0.405 1 2
68 10 0.364 1 3
129 10 0.378 1 3
38 22 0.133 1 4
96 30 0.492 1 3
128 52 0.542 1 4
56 30 0.264 1 0
150 30 0.685 1 2
93 100 0.324 1 4
74 22 0.338 1 0
38 70 0.233 1 0
208 70 1.368 1 3
190 70 0.745 1 0
48 22 0.163 1 0
12 30 0.071 1 0
78 70 0.279 1 2
117 10 0.445 1 2
159 70 0.607 1 0
12 15 0.050 1 3
61 70 0.210 1 3
16 52 0.070 1 0
66 40 0.202 1 0
15 15 0.070 1 3
221 100 0.991 1 2
11 22 0.060 1 3
13 52 0.057 1 3
180 15 1.078 1 0
16 22 0.053 1 3
56 22 0.194 1 4
52 10 0.209 1 2
145 100 0.784 1 4
93 40 0.365 1 0
66 52 0.258 1 3
99 5 0.309 1 2
45 52 0.228 1 4
52 40 0.267 1 2
186 52 0.657 1 0
11 15 0.038 1 0
13 5 0.075 1 0
38 100 0.146 1 0
116 40 0.366 1 3
94 70 0.329 1 2
40 52 0.240 1 0
184 22 0.590 1 0
39 15 0.225 1 4
12 22 0.046 1 0
10 10 0.052 1 0
292 40 1.090 1 0
48 5 0.178 1 3
78 40 0.234 1 3
37 30 0.109 1 3
100 40 0.571 1 3
19 15 0.062 1 2
10 70 0.045 1 0
73 5 0.255 1 2
17 10 0.064 1 2
280 52 0.897 1 0
38 10 0.177 1 4
13 100 0.054 1 4
79 5 0.297 1 0
20 5 0.110 1 3
17 40 0.104 1 0
56 15 0.324 1 0
52 30 0.165 1 2
146 15 0.586 1 0
120 70 0.667 1 4
11 30 0.046 1 4
66 70 0.410 1 0
104 70 0.377 1 0
203 40 0.712 1 0
299 70 1.510 1 4
17 10 0.062 1 0
18 5 0.054 1 3
230 15 1.186 1 0
16 52 0.047 1 4
19 40 0.062 1 2
103 100 0.319 1 0
21 52 0.079 1 4
45 100 0.251 1 3
33 40 0.159 1 0
30 70 0.174 1 4
25 10 0.089 1 2
53 52 0.157 1 3
265 5 1.077 1 2
27 40 0.135 1 0
28 70 0.179 1 0
11 100 0.043 1 2
53 10 0.202 1 2
20 5 0.063 1 0
12 5 0.072 1 4
65 22 0.279 1 4
162 100 0.643 1 2
143 10 0.563 1 0
28 40 0.097 1 4
18 40 0.095 1 0
52 52 0.287 1 2
17 5 0.074 1 0
166 30 0.622 1 0
27 100 0.087 1 0
65 22 0.291 1 0
262 70 1.048 1 2
106 70 0.429 1 3
77 70 0.228 1 0
331 52 1.221 1 0
73 70 0.390 1 3
284 15 0.874 1 2
38 40 0.119 1 0
30 40 0.097 1 2
315 15 1.318 1 2
63 10 0.232 1 4
38 10 0.138 1 0
149 15 0.642 1 0
39 15 0.174 1 4
11 100 0.039 1 4
160 15 0.699 1 0
285 5 1.000 1 3
248 10 1.417 1 3
38 52 0.161 1 0
64 15 0.372 1 2
167 40 0.642 1 2
68 5 0.247 1 0
43 22 0.228 1 3
22 30 0.120 1 3
12 10 0.043 1 4
59 70 0.321 1 0
11 100 0.037 1 2
79 100 0.304 1 3
21 10 0.140 1 2
11 22 0.035 1 4
32 22 0.190 1 4
12 100 0.036 1 0
22 52 0.136 1 4
145 22 0.507 1 4
15 70 0.100 1 3
27 10 0.141 1 0
39 10 0.155 1 0
49 70 0.314 1 0
167 22 0.884 1 0
19 70 0.063 1 2
15 10 0.077 1 3
70 5 0.285 1 0
71 52 0.257 1 3
320 100 1.339 1 4
26 5 0.159 1 4
105 30 0.486 1 4
11 30 0.067 1 4
19 10 0.077 1 4
157 22 0.727 1 3
14 52 0.043 2 4
40 22 0.132 2 3
184 10 0.885 2 1
169 100 1.090 2 3
64 10 0.346 2 3
71 10 0.296 2 1
37 100 0.168 2 3
95 40 0.394 2 1
184 10 0.601 2 0
45 15 0.253 2 0
318 15 1.046 2 0
98 52 0.450 2 3
50 40 0.249 2 4
281 70 1.873 2 0
118 5 0.414 2 0
16 22 0.061 2 4
151 22 0.599 2 0
19 30 0.128 2 1
35 30 0.149 2 4
200 30 1.136 2 4
19 22 0.058 2 0
37 22 0.128 2 4
58 70 0.231 2 3
32 5 0.102 2 3
294 100 1.190 2 0
167 5 0.555 2 0
69 22 0.217 2 0
25 100 0.107 2 3
36 40 0.197 2 1
53 40 0.190 2 3
96 40 0.436 2 4
66 30 0.231 2 4
152 52 0.517 2 1
97 100 0.326 2 4
38 30 0.126 2 0
224 52 1.028 2 0
18 70 0.069 2 0
19 70 0.069 2 3
15 15 0.054 2 0
15 52 0.078 2 0
27 70 0.084 2 3
151 70 0.585 2 4
222 10 0.675 2 4
76 5 0.295 2 1
51 22 0.325 2 0
241 40 0.751 2 4
20 5 0.061 2 0
16 5 0.047 2 0
13 40 0.079 2 1
266 30 1.273 2 3
240 100 0.712 2 0
34 22 0.101 2 0
18 5 0.056 2 4
37 10 0.142 2 1
158 10 0.590 2 0
282 40 1.248 2 0
27 100 0.079 2 0
172 15 0.623 2 0
39 15 0.180 2 0
95 15 0.419 2 0
14 15 0.044 2 3
336 5 1.175 2 0
60 5 0.197 2 4
103 100 0.442 2 0
57 52 0.168 2 1
28 40 0.120 2 0
23 52 0.098 2 4
59 70 0.245 2 0
66 10 0.244 2 3
88 100 0.398 2 3
172 40 0.835 2 4
18 30 0.079 2 4
28 100 0.141 2 0
143 40 0.540 2 0
10 40 0.065 2 0
38 40 0.154 2 1
76 40 0.238 2 3
50 30 0.158 2 0
70 70 0.330 2 4
211 10 1.014 2 0
12 52 0.062 2 0
12 40 0.038 2 3
113 22 0.450 2 4
226 15 1.081 2 4
75 70 0.441 2 0
177 5 0.700 2 0
202 30 0.894 2 1
25 70 0.103 2 4
70 40 0.383 2 4
22 70 0.081 2 0
15 22 0.081 2 4
51 30 0.165 2 1
226 5 1.076 2 0
47 10 0.236 2 3
20 5 0.073 2 0
22 52 0.116 2 1
38 22 0.181 2 1
77 30 0.345 2 3
14 10 0.080 2 4
33 10 0.101 2 3
154 100 0.618 2 3
17 30 0.085 2 1
29 70 0.121 2 4
47 22 0.230 2 4
104 22 0.332 2 4
19 52 0.109 2 0
33 70 0.206 2 0
12 30 0.037 2 4
43 40 0.132 2 1
26 70 0.117 2 1
101 10 0.463 2 1
12 52 0.036 2 0
75 30 0.260 2 0
61 15 0.210 2 1
59 10 0.316 2 3
271 15 1.278 2 0
90 40 0.366 2 0
15 100 0.054 2 1
190 5 0.950 2 0
13 10 0.074 2 1
261 40 1.255 2 0
42 15 0.134 2 0
123 52 0.436 2 3
10 22 0.034 2 1
155 5 1.013 2 1
111 70 0.379 2 3
211 10 1.122 2 1
21 30 0.107 2 1
19 70 0.122 2 1
58 70 0.331 2 1
35 40 0.216 2 3
11 22 0.060 2 4
205 5 1.096 2 1
80 40 0.284 2 4
35 22 0.106 2 0
67 100 0.411 2 1
245 40 0.798 2 0
156 70 0.653 2 1
65 70 0.385 2 0
12 40 0.068 2 4
188 22 0.718 2 3
19 5 0.064 2 0
55 22 0.175 2 0
152 70 0.446 2 1
57 15 0.269 2 1
10 5 0.067 2 0
125 30 0.477 2 3
197 15 1.263 2 1
166 22 1.085 2 3
136 52 0.450 2 4
134 30 0.395 2 0
14 30 0.077 2 3
35 100 0.220 2 4
17 22 0.055 2 0
19 100 0.063 2 4
35 100 0.220 2 1
34 100 0.165 2 1
67 52 0.256 2 3
55 5 0.160 2 0
54 10 0.204 2 0
35 30 0.184 2 3
278 70 1.045 2 0
18 10 0.118 2 3
33 40 0.166 2 0
15 22 0.052 2 1
47 40 0.239 2 4
183 10 0.782 2 3
152 40 0.512 2 0
123 52 0.492 2 1
57 15 0.190 2 0
37 10 0.113 2 0
12 40 0.044 2 1
24 10 0.104 2 0
31 100 0.112 2 0
32 5 0.127 2 0
31 40 0.140 2 3
75 22 0.270 2 3
292 30 1.217 2 1
126 5 0.829 2 4
22 40 0.123 2 0
55 30 0.329 2 0
199 22 0.601 2 3
20 70 0.078 2 1
170 52 0.517 2 1
19 30 0.094 2 0
312 10 1.686 2 0
146 22 0.948 2 0
57 10 0.324 2 0
78 5 0.238 2 0
33 5 0.186 2 3
52 10 0.235 2 0
327 22 1.500 2 0
76 30 0.376 2 4
65 40 0.271 2 3
76 10 0.229 2 1
188 30 1.213 2 0
68 40 0.304 2 1
51 5 0.208 2 3
15 70 0.050 2 0
14 70 0.062 2 3
23 70 0.070 2 3
119 52 0.459 2 4
17 15 0.075 2 3
155 30 0.505 2 1
53 100 0.273 2 0
13 52 0.047 2 1
47 52 0.242 2 0
113 52 0.541 2 3
21 40 0.070 2 3
61 10 0.183 2 0
19 40 0.084 2 0
20 5 0.089 2 4
35 10 0.131 2 1
17 100 0.102 2 3
60 70 0.221 2 0
126 5 0.527 2 3
15 5 0.077 2 3
22 30 0.141 2 3
16 15 0.075 2 3
51 5 0.259 2 1
12 40 0.038 2 1
178 52 0.636 2 4
31 30 0.104 2 0
12 30 0.062 2 0
59 5 0.185 2 3
197 15 0.891 2 0
64 52 0.188 2 3
148 52 0.744 2 1
331 22 1.111 2 0
21 100 0.082 2 0
37 100 0.214 2 3
24 5 0.144 2 3
34 52 0.127 2 1
161 22 0.778 2 3
47 40 0.179 2 4
70 52 0.204 2 0
18 10 0.073 2 0
92 22 0.302 2 1
16 22 0.053 2 0
28 15 0.095 2 1
293 5 1.395 2 4
85 30 0.459 2 0
14 40 0.066 2 3
61 70 0.330 2 4
29 70 0.107 2 4
20 10 0.065 2 0
14 70 0.055 2 3
52 22 0.286 2 0
10 52 0.049 2 1
16 52 0.053 2 3
165 10 0.813 2 1
10 70 0.050 2 0
31 70 0.108 2 0
40 40 0.140 2 0
138 100 0.502 2 4
18 52 0.114 2 0
41 40 0.172 2 0
32 52 0.129 2 0
293 70 1.601 2 1
10 10 0.054 2 3
181 10 0.819 2 4
65 15 0.223 2 4
70 22 0.255 2 1
40 10 0.171 2 4
77 15 0.282 2 0
191 22 1.273 2 3
69 15 0.418 2 0
265 30 0.933 2 0
28 70 0.087 2 3
39 30 0.244 2 3
74 40 0.226 2 4
54 10 0.199 2 3
229 100 0.707 2 4
29 52 0.102 2 1
55 70 0.288 2 0
22 52 0.073 2 0
54 70 0.257 2 3
35 52 0.143 2 4
67 52 0.229 2 0
95 15 0.331 2 3
14 10 0.044 2 1
106 10 0.327 2 0
148 40 0.465 2 4
38 40 0.135 2 0
12 70 0.045 2 4
184 15 1.165 2 3
113 70 0.346 2 0
87 40 0.418 2 3
294 15 1.032 2 0
66 52 0.288 2 3
14 100 0.043 2 0
59 52 0.388 2 3
297 10 1.394 2 0
27 30 0.159 2 3
30 30 0.178 2 4
48 5 0.224 2 3
313 5 1.581 2 0
128 5 0.601 2 0
14 22 0.083 2 4
31 30 0.177 2 3
10 22 0.036 2 3
198 15 0.904 2 0
177 70 0.550 2 4
58 22 0.262 2 0
11 10 0.047 2 0
29 10 0.180 2 0
10 100 0.035 2 0
31 15 0.120 2 1
74 30 0.247 2 0
16 100 0.057 2 0
298 22 0.993 2 4
195 100 0.707 2 0
49 100 0.203 2 0
10 40 0.035 2 0
34 15 0.118 2 3
70 40 0.446 2 0
29 10 0.103 2 1
15 70 0.046 2 0
81 52 0.471 2 4
112 30 0.491 2 4
10 52 0.038 2 4
10 10 0.040 2 0
10 15 0.037 2 0
110 5 0.426 2 0
19 40 0.111 2 0
59 15 0.267 2 0
126 40 0.565 2 0
151 70 0.497 2 1
268 70 0.927 2 4
36 40 0.128 2 0
139 5 0.412 2 1
18 30 0.067 2 1
145 10 0.767 2 0
12 52 0.052 2 4
117 10 0.544 2 3
155 70 0.660 2 0
13 40 0.053 2 3
338 30 1.146 2 0
26 22 0.153 2 3
136 100 0.855 2 4
160 40 0.825 2 4
13 15 0.063 2 0
87 52 0.360 2 0
48 52 0.322 2 4
25 10 0.120 2 0
252 70 0.869 2 0
14 5 0.087 2 4
53 15 0.180 2 4
27 40 0.115 2 3
52 22 0.289 2 3
20 40 0.072 2 3
131 10 0.697 2 0
137 10 0.913 2 1
118 40 0.544 2 0
26 10 0.152 2 3
13 10 0.053 2 0
77 5 0.301 2 3
65 15 0.244 2 0
52 40 0.259 2 1
15 15 0.065 2 4
39 5 0.173 2 3
328 22 1.952 2 0
49 5 0.244 2 4
21 15 0.070 2 0
22 10 0.138 2 3
141 30 0.536 2 0
15 10 0.074 2 4
51 70 0.189 2 4
13 5 0.072 2 4
128 15 0.467 2 4
250 40 1.202 2 0
116 22 0.339 2 0
232 15 0.955 2 0
59 100 0.360 2 4
96 5 0.640 2 0
20 40 0.070 2 1
304 100 1.551 2 3
88 70 0.335 2 1
24 5 0.121 2 3
14 70 0.056 2 4
26 22 0.091 2 4
65 22 0.340 2 0
211 10 0.770 2 3
17 22 0.067 2 1
23 5 0.102 2 1
50 22 0.163 2 0
38 10 0.252 2 0
15 100 0.079 2 0
34 100 0.174 2 3
17 70 0.063 2 1
175 22 0.545 2 3
29 100 0.192 2 1
12 22 0.055 2 1
19 10 0.079 2 0
26 5 0.124 2 0
140 100 0.426 2 1
195 15 0.577 2 1
21 40 0.086 2 4
124 15 0.434 2 1
11 5 0.050 2 1
90 30 0.457 2 0
318 5 1.085 2 0
64 40 0.317 2 0
66 22 0.284 2 0
86 5 0.300 2 1
69 5 0.460 2 3
208 15 0.689 2 0
45 22 0.253 2 0
53 10 0.196 2 3
12 15 0.038 2 4
18 10 0.062 2 0
37 100 0.133 2 4
24 100 0.134 2 4
64 22 0.250 2 0
138 10 0.908 2 1
52 30 0.157 2 3
250 52 0.836 2 3
66 5 0.275 2 3
304 52 1.241 2 4
19 22 0.082 2 0
19 40 0.115 2 0
24 52 0.094 2 4
78 22 0.413 2 4
121 70 0.431 2 4
69 10 0.220 2 0
173 15 0.790 2 1
67 70 0.381 2 0
182 100 0.574 2 0
13 100 0.060 2 4
96 22 0.403 2 1
17 30 0.110 2 0
106 22 0.372 2 4
37 15 0.126 2 0
127 22 0.452 2 4
107 70 0.601 2 4
21 70 0.119 2 0
16 22 0.081 2 0
28 52 0.171 2 1
41 5 0.255 2 4
12 15 0.041 2 0
20 40 0.086 2 4
98 15 0.373 2 4
73 30 0.395 2 0
20 52 0.088 2 0
23 100 0.075 2 1
14 10 0.044 2 4
54 15 0.323 2 3
337 15 2.018 2 4
31 70 0.095 2 3
18 100 0.115 2 3
27 100 0.170 2 0
105 10 0.343 2 0
44 10 0.191 2 3
32 40 0.159 2 3
10 10 0.048 2 0
339 10 1.738 2 0
54 52 0.160 2 0
281 10 1.289 2 4
19 10 0.088 2 0
28 15 0.169 2 4
11 10 0.061 2 0
36 22 0.167 2 0
10 40 0.032 2 1
21 52 0.109 2 4
149 15 0.500 2 4
44 30 0.222 2 3
167 15 0.650 2 0
186 15 0.618 2 4
50 5 0.162 2 3
17 52 0.065 2 0
19 30 0.057 2 1
25 15 0.102 2 4
243 22 0.713 2 0
18 5 0.098 2 4
37 5 0.114 2 3
23 22 0.116 2 4
31 70 0.201 2 0
10 70 0.050 2 1
94 30 0.480 2 0
12 30 0.048 2 4
35 22 0.121 2 3
39 100 0.199 2 1
18 10 0.103 2 4
25 52 0.079 2 4
16 30 0.062 2 0
13 70 0.043 2 3
18 52 0.069 2 4
19 5 0.068 2 1
22 52 0.107 2 0
154 30 0.895 2 0
196 70 0.616 2 1
148 30 0.450 2 0
96 52 0.497 2 4
14 100 0.060 2 1
38 22 0.218 2 1
57 52 0.231 2 0
16 15 0.089 2 1
59 70 0.238 2 4
19 100 0.061 2 0
318 30 1.314 2 1
35 22 0.125 2 0
184 5 0.974 2 4
25 52 0.104 2 0
41 52 0.134 2 1
10 70 0.029 2 1
18 40 0.060 2 3
82 15 0.337 2 0
36 40 0.238 2 0
67 10 0.416 2 1
38 22 0.209 2 0
152 52 0.461 2 0
15 22 0.096 2 0
111 5 0.550 2 1
52 5 0.208 2 3
22 40 0.075 2 3
62 40 0.337 2 1
134 40 0.444 2 3
16 70 0.050 2 0
31 100 0.142 2 0
146 5 0.557 2 1
32 5 0.155 2 0
15 70 0.050 2 0
174 15 1.006 2 0
156 52 0.523 2 0
25 30 0.092 2 1
263 70 0.929 2 4
111 40 0.339 2 0
23 22 0.067 2 1
54 52 0.163 2 0
60 70 0.181 2 3
155 52 0.518 2 4
31 40 0.107 2 0
198 30 0.904 2 1
30 5 0.115 2 3
40 52 0.194 2 0
44 22 0.262 2 4
35 22 0.185 2 4
237 70 1.162 2 0
35 10 0.131 2 0
14 10 0.079 2 1
74 100 0.481 2 4
101 5 0.430 2 4
140 70 0.609 2 0
156 40 0.716 2 1
114 30 0.427 2 0
31 15 0.161 2 3
14 15 0.046 2 0
16 30 0.070 2 1
169 40 0.522 2 0
266 100 1.162 2 4
34 10 0.110 2 3
17 100 0.092 2 0
298 5 1.197 2 1
133 15 0.538 2 0
15 40 0.044 2 0
169 52 0.934 2 0
35 40 0.182 2 0
15 10 0.044 2 0
75 22 0.391 2 4
76 10 0.234 2 0
132 5 0.520 2 0
197 5 0.608 2 0
50 40 0.168 2 0
42 100 0.138 2 0
75 52 0.455 2 0
119 100 0.783 2 4
18 15 0.083 2 0
53 15 0.299 2 1
16 100 0.104 2 0
17 5 0.075 2 4
15 22 0.062 2 0
56 52 0.371 2 1
24 52 0.128 2 1
27 15 0.141 2 4
149 22 1.000 2 1
149 10 0.623 2 0
19 22 0.076 2 1
277 10 1.428 2 0
35 30 0.123 2 0
35 30 0.163 2 4
90 70 0.556 2 1
224 100 1.349 2 0
43 100 0.131 2 3
24 100 0.116 2 0
195 22 0.837 2 0
148 40 0.509 2 0
21 40 0.134 2 1
105 5 0.451 2 0
320 30 1.502 2 3
74 10 0.315 2 0
26 22 0.158 2 1
12 70 0.042 2 4
135 70 0.562 2 1
199 5 1.192 2 3
15 10 0.050 2 1
14 100 0.065 2 1
65 15 0.250 2 3
330 70 1.875 2 4
15 22 0.047 2 1
17 10 0.060 2 4
181 30 0.707 2 1
18 15 0.056 2 1
71 40 0.401 2 1
79 40 0.391 2 0
10 70 0.045 2 4
253 22 0.816 2 0
17 5 0.057 2 4
28 22 0.085 2 3
42 22 0.223 2 4
27 5 0.098 2 3
38 100 0.130 2 4
18 15 0.093 2 4
17 100 0.106 2 1
235 22 1.175 2 0
163 5 0.529 2 1
177 52 0.518 2 3
32 10 0.100 2 0
15 30 0.051 2 0
67 5 0.278 2 1
158 5 0.760 2 3
56 100 0.318 2 0
66 5 0.299 2 4
43 30 0.213 2 0
134 15 0.454 2 0
70 15 0.366 2 0
40 100 0.125 2 0
39 10 0.172 2 4
117 10 0.591 2 3
36 15 0.217 2 4
175 10 0.795 2 3
54 70 0.267 2 1
11 15 0.044 2 0
20 30 0.073 2 1
331 15 1.028 2 1
14 30 0.041 2 3
19 100 0.075 2 0
22 30 0.065 2 0
30 70 0.097 2 0
164 10 0.567 2 0
105 22 0.412 2 0
320 52 1.768 2 1
17 40 0.061 2 3
53 5 0.185 2 1
78 5 0.380 2 3
118 70 0.381 2 3
47 5 0.150 2 0
19 10 0.056 2 4
57 52 0.322 2 0
175 15 0.795 2 0
12 40 0.038 2 0
11 40 0.043 2 0
11 70 0.047 2 4
113 30 0.498 2 0
12 52 0.075 2 1
56 70 0.171 2 0
187 5 0.874 2 1
36 22 0.120 2 0
59 5 0.215 2 0
11 40 0.056 2 0
314 70 1.815 2 0
241 52 0.737 2 3
222 30 0.728 2 0
15 15 0.061 2 0
19 5 0.057 2 0
52 100 0.278 2 0
96 15 0.289 2 0
22 5 0.067 2 0
19 40 0.072 2 3
10 30 0.038 2 0
39 70 0.234 2 3
16 15 0.051 2 0
13 52 0.040 2 4
68 40 0.265 2 0
77 30 0.475 2 0
74 100 0.383 2 0
13 22 0.039 2 0
194 5 1.000 2 0
12 5 0.069 2 1
68 15 0.360 2 3
17 10 0.099 2 0
18 100 0.058 2 4
29 100 0.126 2 0
49 10 0.202 2 1
11 40 0.035 2 4
32 10 0.093 2 1
14 100 0.053 2 4
76 15 0.466 2 1
63 22 0.337 2 0
18 52 0.093 2 4
22 15 0.075 2 1
78 30 0.286 2 0
220 100 1.134 2 1
64 70 0.340 2 3
21 52 0.102 2 3
126 40 0.541 2 0
12 100 0.045 2 0
54 70 0.207 2 3
55 100 0.296 2 1
60 52 0.190 2 0
94 70 0.543 2 4
22 52 0.105 2 4
10 52 0.034 2 0
17 100 0.077 2 0
72 10 0.434 2 1
72 100 0.229 2 4
69 100 0.404 2 0
118 70 0.797 2 3
19 5 0.077 2 4
26 10 0.124 2 0
59 22 0.227 2 4
331 70 1.368 2 1
108 5 0.331 2 0
111 52 0.432 2 3
53 70 0.277 2 0
37 5 0.150 2 4
45 10 0.145 2 4
15 30 0.057 2 1
55 52 0.312 2 0
27 40 0.097 2 3
11 5 0.064 2 0
167 22 0.548 2 3
35 70 0.219 2 0
12 5 0.059 2 3
159 30 0.477 2 3
14 5 0.042 2 4
173 10 0.865 2 4
15 15 0.097 2 0
44 70 0.136 2 0
188 30 0.743 2 0
139 52 0.527 2 4
188 70 0.625 2 0
21 100 0.142 2 3
40 52 0.117 2 3
30 70 0.170 2 4
13 30 0.052 2 3
19 40 0.117 2 1
72 5 0.360 2 3
37 15 0.236 2 1
15 5 0.062 2 0
10 70 0.034 2 0
21 10 0.063 2 0
146 40 0.864 2 0
117 40 0.709 2 3
18 70 0.106 2 1
39 70 0.173 2 0
25 70 0.117 2 3
39 40 0.173 2 3
314 100 1.396 2 1
178 10 0.962 2 1
46 100 0.236 2 4
106 30 0.424 2 0
39 52 0.257 2 3
34 22 0.111 2 4
218 5 1.211 2 0
11 100 0.036 2 1
34 10 0.110 2 0
63 15 0.193 2 4
35 22 0.197 2 1
32 22 0.098 2 4
55 52 0.327 2 3
130 70 0.392 2 0
60 22 0.290 2 1
80 22 0.238 2 3
19 10 0.082 2 3
36 30 0.134 2 0
57 5 0.284 2 0
57 5 0.174 2 0
58 5 0.204 2 4
45 30 0.155 2 3
182 15 0.615 2 0
46 15 0.136 2 4
223 30 0.885 2 1
20 70 0.119 2 0
30 10 0.190 2 1
18 100 0.069 2 0
77 10 0.316 2 1
90 10 0.361 2 3
136 70 0.760 2 3
102 30 0.554 2 4
79 22 0.273 2 0
175 52 0.629 2 4
121 40 0.478 2 4
23 10 0.070 2 3
30 10 0.114 2 0
62 70 0.251 2 1
25 30 0.088 2 0
124 10 0.396 2 4
75 5 0.280 2 3
19 30 0.095 2 0
115 22 0.378 2 0
25 52 0.088 2 4
183 100 0.847 2 0
53 30 0.215 2 0
12 15 0.038 2 0
29 70 0.158 2 1
79 70 0.329 2 4
13 15 0.079 2 4
80 15 0.340 2 3
28 5 0.090 2 0
94 100 0.313 2 3
61 100 0.217 2 0
221 10 1.094 2 1
81 5 0.251 2 0
33 30 0.125 2 3
17 5 0.058 2 4
23 40 0.091 2 4
146 40 0.537 2 1
17 10 0.054 2 0
17 15 0.075 2 4
39 15 0.146 2 0
79 10 0.356 2 0
34 22 0.154 2 4
182 5 0.795 2 0
50 70 0.185 2 4
18 70 0.068 2 0
239 15 1.035 2 3
11 22 0.059 2 1
52 100 0.248 2 4
39 100 0.204 2 1
69 70 0.224 2 1
96 22 0.402 2 0
35 10 0.160 2 4
50 15 0.154 2 0
263 22 1.134 2 4
126 22 0.409 2 1
36 40 0.125 2 4
27 5 0.151 2 1
36 40 0.138 2 0
12 5 0.050 2 0
25 22 0.132 2 4
82 52 0.272 2 0
17 52 0.090 2 4
18 70 0.079 2 0
18 40 0.056 2 3
13 40 0.053 2 4
168 40 0.568 2 0
18 40 0.061 2 0
14 70 0.079 2 0
16 10 0.052 2 0
37 40 0.114 2 3
52 10 0.242 2 0
74 22 0.418 2 1
39 70 0.170 2 3
14 10 0.057 2 0
11 52 0.061 2 3
196 22 1.077 2 4
66 22 0.228 2 3
53 22 0.189 2 0
24 40 0.090 2 3
61 40 0.412 2 3
70 52 0.243 2 0
199 100 1.292 2 1
96 52 0.364 2 0
40 70 0.144 2 0
36 10 0.164 2 3
15 22 0.081 2 4
54 22 0.283 2 0
177 70 0.656 2 3
43 40 0.217 2 0
187 52 0.728 2 1
73 30 0.305 2 0
13 70 0.055 2 4
11 10 0.041 2 3
48 100 0.212 2 0
18 52 0.056 2 0
56 5 0.262 2 4
31 30 0.090 2 3
63 10 0.266 2 0
29 30 0.097 2 4
77 100 0.350 2 3
70 70 0.329 2 4
18 5 0.100 2 0
11 22 0.034 2 1
145 70 0.428 2 0
73 70 0.338 2 4
85 10 0.403 2 4
21 30 0.088 2 0
19 22 0.058 2 4
13 15 0.074 2 0
161 10 0.615 2 4
49 10 0.180 2 4
41 52 0.214 2 3
45 10 0.236 2 4
17 5 0.103 2 0
17 70 0.090 2 4
250 30 0.845 2 3
39 10 0.134 2 4
148 22 0.471 2 0
56 15 0.198 2 0
53 100 0.169 2 0
20 10 0.090 2 4
14 100 0.090 2 1
37 22 0.114 2 0
65 10 0.228 2 0
79 30 0.409 2 0
69 40 0.216 2 0
39 5 0.157 2 3
24 52 0.133 2 3
295 100 1.135 2 0
55 70 0.229 2 3
19 22 0.119 2 4
19 15 0.062 2 0
131 30 0.522 2 0
17 22 0.090 2 0
46 30 0.250 2 1
23 30 0.075 2 1
130 52 0.444 2 3
18 22 0.092 2 4
315 30 1.006 2 4
188 22 0.803 2 0
92 5 0.346 2 3
50 40 0.172 2 1
79 10 0.293 2 1
16 100 0.068 2 1
46 100 0.277 2 4
12 22 0.048 2 0
41 10 0.151 2 4
162 100 0.519 2 0
168 22 0.836 2 3
38 40 0.211 2 0
50 52 0.338 2 1
59 52 0.260 2 3
14 30 0.064 2 1
19 22 0.065 2 0
21 30 0.115 2 3
74 10 0.448 2 4
61 70 0.224 2 4
14 40 0.053 2 0
15 5 0.052 2 1
41 70 0.265 2 4
16 52 0.054 2 0
104 5 0.523 2 0
14 5 0.045 2 0
207 40 0.629 2 4
14 52 0.046 2 1
70 10 0.234 2 0
181 10 0.757 2 1
32 15 0.149 2 0
62 22 0.193 2 3
18 5 0.092 2 1
61 40 0.221 2 0
44 52 0.133 2 3
28 30 0.096 2 1
20 10 0.085 2 3
36 52 0.105 2 4
10 22 0.053 2 0
37 22 0.145 2 4
68 100 0.226 2 1
53 10 0.155 2 4
49 52 0.170 2 1
102 10 0.630 2 3
148 40 0.493 2 3
324 30 1.012 2 1
171 40 0.673 2 3
38 30 0.121 2 3
21 10 0.090 2 4
42 22 0.167 2 0
28 10 0.181 2 3
15 30 0.047 2 4
66 30 0.229 2 0
11 100 0.061 2 1
10 5 0.050 2 4
169 22 0.512 2 0
10 70 0.044 2 1
11 52 0.045 2 1
211 30 1.370 2 0
10 40 0.045 2 0
166 70 0.883 2 4
109 30 0.343 2 3
255 70 0.917 2 4
41 100 0.151 2 0
53 15 0.170 2 4
30 100 0.092 2 1
13 10 0.043 2 0
226 5 1.299 2 1
266 22 0.839 2 3
223 30 1.368 2 0
70 22 0.207 2 4
337 5 2.247 2 0
192 5 0.649 2 3
140 5 0.631 2 1
25 22 0.107 2 4
166 52 0.982 2 3
203 52 0.679 2 0
14 30 0.044 2 0
148 10 0.967 2 0
29 22 0.131 2 3
36 5 0.242 2 1
76 22 0.244 2 0
36 100 0.242 2 3
324 5 1.884 2 4
41 15 0.261 2 4
26 10 0.170 2 3
158 40 0.845 2 0
11 30 0.037 2 0
11 5 0.047 2 0
34 5 0.162 2 1
162 70 0.783 2 0
198 15 1.059 2 4
39 52 0.232 2 0
14 30 0.046 2 0
24 5 0.124 2 1
166 30 0.748 2 3
278 10 1.011 2 3
53 70 0.159 2 0
17 10 0.054 2 0
16 22 0.094 2 4
71 5 0.455 2 0
21 70 0.067 2 1
36 40 0.118 2 1
68 40 0.236 2 3
30 5 0.104 2 0
46 40 0.148 2 3
45 70 0.143 2 0
287 70 1.162 2 0
16 52 0.048 2 0
25 5 0.127 2 1
66 40 0.405 2 4
41 15 0.199 2 4
27 100 0.147 2 3
21 40 0.124 2 0
176 15 0.571 2 0
41 10 0.187 2 4
140 100 0.704 2 4
121 22 0.401 3 0
28 70 0.101 3 1
153 40 0.729 3 2
16 5 0.050 3 0
318 52 1.807 3 1
131 30 0.420 3 0
135 100 0.493 3 4
71 22 0.313 3 0
27 15 0.113 3 0
19 70 0.128 3 0
111 30 0.359 3 4
11 10 0.035 3 0
43 5 0.195 3 1
239 10 1.431 3 4
37 22 0.247 3 0
78 40 0.266 3 2
10 5 0.043 3 0
187 70 0.733 3 4
10 5 0.038 3 0
63 70 0.189 3 0
14 100 0.064 3 2
75 15 0.253 3 1
194 40 0.789 3 1
73 52 0.225 3 4
63 100 0.191 3 2
39 5 0.190 3 2
20 22 0.078 3 0
46 22 0.185 3 1
111 15 0.347 3 1
111 5 0.730 3 0
17 15 0.092 3 0
151 22 0.993 3 0
17 10 0.072 3 1
173 22 0.537 3 1
302 5 0.984 3 2
40 10 0.250 3 0
34 30 0.102 3 0
17 10 0.065 3 1
12 100 0.071 3 4
31 100 0.124 3 0
39 10 0.244 3 0
250 30 0.969 3 4
43 10 0.222 3 2
231 15 1.392 3 2
16 22 0.078 3 1
17 22 0.082 3 2
106 52 0.341 3 1
47 52 0.250 3 4
19 40 0.081 3 2
65 40 0.197 3 1
196 30 0.603 3 4
39 10 0.180 3 2
39 15 0.146 3 0
18 30 0.063 3 2
17 15 0.106 3 1
69 15 0.437 3 0
60 70 0.351 3 4
155 52 0.515 3 4
115 100 0.441 3 2
336 100 1.021 3 4
195 10 0.691 3 2
18 70 0.055 3 1
197 30 0.659 3 1
29 15 0.124 3 1
15 40 0.096 3 4
60 70 0.180 3 1
177 22 0.747 3 1
29 40 0.095 3 0
130 15 0.878 3 0
193 100 0.825 3 4
22 5 0.076 3 1
41 30 0.258 3 2
38 52 0.151 3 0
11 100 0.036 3 0
66 15 0.412 3 2
10 15 0.035 3 1
123 30 0.683 3 0
30 100 0.103 3 0
17 22 0.104 3 0
115 30 0.477 3 4
14 70 0.056 3 0
53 30 0.180 3 1
52 5 0.175 3 0
134 52 0.802 3 1
18 100 0.064 3 0
20 40 0.071 3 0
32 40 0.133 3 4
85 15 0.359 3 2
56 5 0.295 3 1
15 30 0.052 3 1
23 15 0.122 3 0
133 40 0.473 3 0
109 40 0.562 3 0
37 100 0.112 3 1
108 30 0.340 3 0
10 40 0.038 3 0
21 52 0.102 3 0
40 22 0.180 3 2
63 52 0.252 3 0
13 52 0.056 3 2
76 30 0.418 3 0
36 100 0.218 3 2
102 5 0.400 3 1
22 15 0.082 3 4
80 15 0.444 3 2
75 100 0.241 3 0
35 10 0.144 3 0
62 10 0.199 3 2
16 30 0.079 3 1
34 52 0.164 3 4
22 100 0.124 3 0
41 30 0.157 3 0
177 52 0.541 3 4
11 40 0.043 3 2
70 15 0.311 3 2
12 40 0.077 3 0
125 15 0.796 3 0
18 22 0.073 3 4
72 30 0.351 3 1
36 40 0.164 3 0
70 40 0.422 3 0
31 15 0.175 3 1
16 5 0.055 3 0
35 15 0.141 3 4
26 52 0.078 3 1
91 5 0.514 3 0
34 10 0.147 3 2
67 52 0.223 3 4
75 5 0.361 3 0
176 52 0.527 3 0
73 40 0.309 3 4
90 15 0.350 3 4
232 70 1.311 3 2
21 52 0.090 3 2
66 30 0.196 3 4
13 30 0.060 3 0
10 40 0.038 3 1
18 70 0.060 3 0
35 52 0.211 3 0
18 10 0.081 3 0
156 52 0.645 3 2
176 22 0.863 3 1
10 15 0.037 3 0
76 70 0.224 3 4
184 5 0.872 3 2
36 52 0.240 3 2
52 5 0.224 3 0
55 100 0.247 3 4
66 70 0.196 3 0
54 10 0.158 3 4
210 22 0.669 3 2
67 10 0.237 3 2
11 52 0.038 3 1
46 22 0.179 3 1
185 5 0.562 3 4
34 52 0.206 3 1
61 70 0.262 3 4
85 30 0.295 3 0
53 52 0.260 3 0
32 100 0.119 3 0
41 52 0.142 3 0
324 22 1.976 3 4
25 30 0.081 3 4
41 5 0.187 3 0
22 100 0.085 3 0
227 15 0.730 3 0
196 22 0.611 3 4
266 5 0.787 3 0
18 10 0.063 3 1
48 5 0.180 3 1
39 52 0.262 3 2
72 40 0.362 3 2
12 52 0.044 3 4
13 22 0.087 3 4
11 5 0.035 3 0
39 100 0.147 3 0
55 70 0.325 3 4
10 10 0.050 3 2
29 70 0.087 3 0
16 22 0.064 3 1
182 52 0.632 3 2
16 5 0.054 3 0
42 15 0.280 3 4
31 70 0.169 3 1
149 5 0.772 3 4
50 10 0.166 3 2
72 5 0.303 3 4
188 15 0.969 3 0
163 100 0.876 3 0
270 52 0.947 3 4
184 15 0.655 3 0
51 40 0.298 3 0
74 5 0.254 3 0
37 70 0.216 3 0
39 40 0.176 3 4
11 5 0.033 3 1
32 52 0.110 3 0
152 52 0.685 3 1
195 70 0.652 3 0
38 100 0.201 3 0
25 52 0.110 3 0
11 70 0.039 3 0
79 70 0.242 3 0
26 22 0.076 3 2
55 70 0.270 3 0
25 5 0.088 3 0
38 100 0.220 3 0
23 5 0.082 3 0
28 52 0.126 3 1
29 22 0.168 3 1
17 70 0.077 3 4
17 52 0.076 3 0
38 70 0.208 3 2
17 10 0.057 3 0
163 52 0.853 3 2
18 70 0.065 3 0
84 15 0.267 3 2
76 10 0.374 3 1
123 22 0.594 3 4
48 100 0.246 3 4
66 15 0.253 3 2
25 100 0.092 3 1
77 15 0.318 3 2
31 22 0.124 3 1
176 22 0.529 3 0
10 40 0.033 3 0
30 10 0.101 3 0
40 10 0.227 3 4
79 30 0.239 3 0
223 10 0.766 3 1
31 100 0.118 3 0
19 15 0.096 3 0
296 30 1.208 3 0
18 5 0.067 3 0
180 5 1.118 3 0
78 5 0.304 3 1
23 5 0.079 3 2
43 10 0.195 3 0
187 5 0.623 3 4
173 30 0.648 3 0
10 10 0.040 3 0
18 5 0.085 3 1
17 22 0.066 3 0
20 15 0.135 3 4
35 70 0.102 3 0
178 15 0.748 3 1
193 30 0.590 3 0
190 100 0.896 3 0
25 52 0.100 3 2
61 10 0.184 3 0
77 10 0.285 3 4
15 5 0.061 3 4
58 70 0.240 3 2
56 10 0.318 3 0
118 52 0.393 3 1
252 15 1.248 3 0
28 70 0.154 3 1
16 70 0.058 3 0
52 52 0.220 3 2
14 15 0.049 3 0
68 70 0.386 3 1
16 100 0.049 3 0
30 70 0.182 3 4
26 40 0.097 3 0
49 100 0.243 3 1
166 10 0.535 3 2
12 70 0.041 3 0
138 40 0.442 3 0
70 5 0.314 3 0
116 10 0.558 3 0
11 15 0.055 3 2
17 10 0.101 3 0
16 70 0.101 3 1
168 22 0.721 3 0
175 15 0.893 3 1
18 15 0.118 3 2
188 22 1.197 3 0
96 30 0.457 3 2
13 40 0.065 3 2
63 100 0.227 3 0
73 52 0.287 3 1
23 70 0.073 3 0
17 30 0.078 3 4
39 22 0.146 3 2
19 15 0.102 3 4
202 52 0.697 3 0
44 22 0.275 3 0
302 22 1.082 3 0
30 30 0.136 3 1
35 70 0.174 3 1
10 5 0.041 3 2
160 30 0.635 3 4
31 5 0.180 3 0
131 40 0.775 3 0
45 15 0.180 3 0
35 22 0.116 3 1
13 70 0.086 3 0
19 5 0.081 3 0
70 52 0.227 3 1
17 30 0.056 3 0
233 5 1.131 3 4
11 52 0.042 3 0
21 30 0.092 3 2
240 5 0.819 3 1
16 22 0.056 3 0
128 100 0.593 3 4
18 10 0.085 3 4
35 30 0.140 3 0
11 52 0.034 3 0
69 70 0.385 3 1
177 30 0.621 3 2
60 40 0.180 3 4
112 52 0.683 3 1
54 100 0.335 3 0
26 22 0.092 3 4
21 15 0.062 3 2
172 30 0.887 3 1
31 70 0.101 3 0
285 5 0.916 3 0
11 15 0.056 3 4
330 100 1.227 3 1
115 100 0.653 3 0
12 52 0.066 3 0
128 5 0.740 3 0
95 15 0.284 3 4
17 52 0.075 3 0
137 70 0.455 3 4
48 22 0.167 3 0
31 52 0.105 3 0
40 52 0.132 3 1
214 70 0.884 3 1
14 10 0.053 3 0
78 22 0.282 3 4
16 40 0.085 3 2
41 40 0.247 3 2
36 40 0.109 3 1
210 22 0.864 3 1
69 100 0.322 3 0
128 52 0.376 3 4
10 70 0.035 3 4
51 100 0.270 3 2
72 5 0.256 3 0
289 10 1.129 3 4
22 40 0.070 3 1
30 22 0.101 3 2
96 22 0.282 3 0
18 40 0.069 3 1
54 22 0.297 3 4
193 40 0.731 3 1
22 30 0.069 3 2
179 100 0.577 3 1
39 70 0.255 3 4
50 40 0.223 3 0
31 5 0.108 3 0
16 15 0.072 3 0
19 5 0.109 3 0
14 15 0.054 3 0
11 52 0.044 3 2
67 10 0.253 3 0
66 15 0.313 3 2
29 40 0.164 3 1
124 70 0.721 3 4
134 30 0.439 3 2
58 22 0.185 3 4
16 15 0.089 3 0
109 70 0.653 3 0
33 70 0.151 3 2
39 100 0.147 3 1
39 52 0.117 3 2
45 22 0.174 3 4
18 5 0.059 3 0
287 22 1.323 3 0
15 15 0.069 3 2
64 100 0.235 3 1
34 70 0.114 3 4
13 52 0.039 3 0
11 100 0.050 3 1
234 100 1.293 3 2
16 5 0.047 3 4
35 100 0.147 3 2
60 30 0.311 3 2
25 15 0.149 3 1
46 15 0.172 3 4
160 10 1.074 3 4
157 40 0.464 3 1
11 5 0.064 3 2
57 70 0.176 3 1
50 30 0.238 3 1
162 40 0.695 3 1
47 40 0.152 3 2
144 10 0.463 3 2
138 30 0.411 3 4
171 52 0.940 3 0
35 22 0.110 3 0
36 22 0.123 3 4
99 5 0.394 3 2
32 22 0.170 3 2
74 10 0.258 3 0
76 5 0.386 3 4
41 15 0.248 3 4
29 40 0.127 3 2
19 10 0.086 3 2
47 22 0.145 3 4
32 10 0.101 3 2
32 5 0.145 3 2
17 22 0.050 3 4
12 70 0.043 3 4
17 10 0.061 3 1
18 15 0.066 3 1
336 30 1.400 3 1
16 22 0.049 3 0
221 15 0.734 3 0
16 70 0.102 3 0
23 5 0.101 3 4
18 100 0.063 3 1
14 70 0.044 3 1
37 22 0.114 3 0
11 10 0.048 3 2
19 40 0.055 3 0
51 30 0.327 3 4
19 22 0.075 3 0
11 100 0.040 3 1
77 100 0.238 3 0
191 40 0.936 3 2
113 100 0.331 3 4
99 22 0.295 3 0
10 5 0.033 3 0
62 100 0.220 3 1
13 40 0.045 3 4
55 70 0.271 3 4
51 5 0.311 3 2
209 52 0.897 3 4
149 5 0.687 3 0
242 22 0.736 3 0
12 30 0.073 3 2
30 100 0.098 3 0
45 52 0.188 3 0
21 70 0.064 3 0
172 70 0.543 3 2
62 22 0.358 3 2
12 70 0.044 3 0
43 30 0.150 3 2
18 15 0.073 3 0
39 40 0.179 3 4
296 100 1.053 3 0
318 22 1.559 3 4
72 10 0.319 3 0
339 40 2.106 3 1
123 70 0.375 3 0
51 10 0.338 3 0
17 70 0.087 3 0
14 40 0.072 3 4
21 100 0.092 3 2
54 15 0.329 3 1
54 15 0.202 3 2
25 70 0.090 3 1
78 5 0.244 3 0
12 30 0.036 3 2
29 70 0.099 3 2
104 5 0.439 3 1
90 70 0.284 3 0
13 15 0.043 3 2
102 22 0.474 3 1
40 70 0.223 3 0
243 100 0.890 3 0
71 10 0.276 3 1
115 15 0.424 3 0
16 70 0.056 3 2
101 40 0.598 3 4
170 100 0.556 3 4
23 22 0.131 3 4
29 52 0.090 3 4
83 100 0.532 3 2
173 100 0.935 3 0
62 10 0.190 3 2
239 15 0.818 3 2
150 22 0.655 3 2
76 5 0.384 3 4
19 40 0.097 3 1
17 10 0.060 3 4
275 15 1.004 3 4
104 70 0.310 3 0
28 5 0.147 3 4
57 70 0.251 3 4
11 30 0.058 3 2
11 70 0.058 3 4
29 70 0.102 3 0
151 52 0.478 3 0
11 10 0.050 3 0
73 40 0.241 3 4
49 100 0.179 3 0
16 10 0.056 3 0
95 5 0.307 3 2
74 15 0.233 3 4
16 5 0.094 3 1
10 100 0.043 3 2
63 40 0.203 3 2
108 52 0.384 3 1
55 40 0.183 3 0
19 30 0.055 3 2
37 15 0.247 3 0
67 22 0.387 3 2
21 5 0.083 3 0
142 5 0.710 3 4
62 15 0.282 3 1
83 22 0.280 3 2
15 5 0.069 3 0
20 30 0.113 3 0
167 30 0.614 3 0
11 52 0.058 3 0
126 15 0.441 3 4
36 30 0.207 3 1
117 52 0.616 3 4
14 22 0.077 3 4
45 40 0.221 3 1
173 100 0.786 3 0
141 40 0.540 3 0
46 52 0.150 3 4
70 40 0.211 3 2
17 22 0.062 3 2
124 30 0.371 3 4
62 52 0.211 3 0
95 5 0.528 3 0
90 70 0.310 3 0
11 100 0.050 3 2
36 10 0.118 3 1
25 52 0.095 3 0
185 15 0.860 3 1
180 70 0.750 3 0
32 15 0.106 3 1
23 52 0.082 3 2
193 40 0.663 3 2
261 22 1.483 3 4
15 10 0.070 3 2
33 40 0.170 3 0
35 100 0.129 3 1
34 22 0.111 3 0
17 40 0.071 3 0
18 100 0.068 3 2
18 70 0.055 3 0
72 15 0.286 3 4
21 52 0.090 3 0
61 30 0.394 3 0
168 30 0.569 3 1
59 22 0.331 3 0
19 10 0.058 3 2
19 30 0.095 3 0
154 22 0.526 3 1
19 5 0.061 3 1
14 30 0.061 3 2
32 70 0.100 3 2
166 30 0.606 3 2
16 40 0.093 3 4
15 100 0.077 3 2
162 40 0.521 3 0
33 70 0.140 3 0
121 22 0.720 3 1
98 22 0.424 3 0
45 40 0.213 3 4
38 40 0.160 3 0
15 70 0.057 3 2
10 10 0.034 3 0
70 100 0.350 3 0
23 70 0.071 3 1
71 70 0.254 3 1
35 40 0.158 3 0
11 70 0.060 3 0
194 5 1.102 3 4
238 22 1.227 3 0
12 22 0.057 3 0
129 40 0.456 3 2
37 100 0.200 3 2
113 10 0.565 3 1
64 30 0.199 3 0
64 100 0.240 3 0
19 15 0.125 3 1
49 100 0.275 3 2
150 22 0.658 3 1
32 40 0.136 3 0
26 5 0.084 3 1
10 100 0.032 3 0
73 10 0.270 3 0
68 15 0.325 3 0
61 70 0.401 3 4
22 30 0.070 3 0
45 30 0.210 3 4
59 40 0.184 3 4
41 5 0.218 3 1
148 100 0.831 3 2
17 52 0.055 3 4
19 52 0.128 3 1
12 30 0.036 3 1
18 5 0.074 3 4
12 5 0.038 3 1
14 10 0.053 3 1
43 15 0.196 3 2
10 15 0.043 3 0
177 30 1.047 3 0
291 5 0.983 3 1
18 5 0.054 3 0
115 30 0.697 3 1
229 40 0.935 3 4
42 5 0.132 3 0
17 100 0.102 3 4
12 22 0.074 3 0
10 15 0.052 3 1
12 22 0.038 3 0
101 10 0.647 3 4
32 15 0.184 3 0
56 22 0.322 3 4
12 100 0.039 3 0
122 40 0.777 3 4
98 5 0.383 3 1
17 100 0.113 3 2
42 30 0.165 3 4
123 30 0.634 3 0
13 52 0.056 3 1
14 22 0.053 3 1
141 10 0.431 3 0
46 10 0.271 3 4
52 22 0.206 3 0
59 100 0.267 3 0
166 40 0.982 3 4
19 100 0.063 3 4
14 30 0.075 3 4
17 40 0.113 3 2
247 100 1.118 3 0
186 70 0.802 3 0
63 70 0.230 3 0
31 100 0.096 3 4
15 5 0.057 3 0
251 52 1.540 3 4
70 22 0.212 3 1
14 30 0.045 3 1
68 100 0.327 3 0
38 15 0.230 3 0
23 30 0.138 3 0
77 30 0.286 3 2
78 5 0.380 3 0
166 52 0.672 3 4
18 5 0.068 3 4
20 40 0.122 3 2
28 52 0.146 3 0
19 40 0.095 3 0
31 40 0.114 3 0
31 22 0.124 3 0
36 52 0.170 3 4
47 30 0.249 3 0
61 10 0.208 3 2
291 22 1.653 3 4
15 15 0.067 3 2
106 70 0.366 3 2
166 52 0.522 3 2
19 30 0.082 3 0
31 30 0.100 3 4
275 30 1.074 3 1
10 30 0.031 3 0
16 100 0.059 3 2
19 52 0.059 3 2
17 15 0.115 3 1
72 70 0.233 3 0
49 5 0.331 3 0
47 22 0.201 3 0
69 40 0.220 3 2
18 15 0.118 3 0
17 22 0.101 3 2
94 30 0.606 3 4
14 30 0.057 3 1
131 15 0.386 3 0
131 40 0.520 3 0
12 10 0.050 3 0
86 70 0.355 3 0
47 30 0.194 3 1
30 15 0.186 3 1
48 100 0.271 3 4
184 100 1.179 3 2
37 10 0.120 3 0
15 52 0.073 3 1
16 52 0.075 3 0
30 100 0.088 3 2
88 30 0.521 3 2
95 15 0.347 3 0
12 10 0.070 3 0
13 22 0.042 3 0
15 15 0.056 3 0
18 15 0.057 3 2
100 40 0.565 3 4
46 30 0.303 3 0
48 22 0.152 3 0
32 22 0.114 3 4
31 10 0.180 3 1
135 40 0.675 3 4
175 5 0.651 3 2
27 40 0.152 3 4
63 70 0.224 3 1
180 5 0.541 3 1
150 10 0.476 3 0
10 15 0.038 3 0
14 22 0.048 3 0
270 5 1.406 3 2
184 40 0.724 3 1
20 22 0.068 3 0
12 5 0.039 3 0
21 5 0.118 3 1
307 100 1.037 3 4
22 22 0.136 3 2
56 15 0.259 3 2
291 70 1.565 3 0
13 70 0.042 3 0
35 10 0.145 3 1
110 70 0.362 3 0
34 70 0.168 3 0
40 70 0.145 3 2
58 5 0.172 3 4
118 22 0.356 3 2
57 30 0.254 3 0
13 30 0.044 3 2
52 70 0.177 3 0
36 70 0.143 3 0
42 22 0.181 3 2
198 5 1.094 3 1
34 30 0.126 3 4
24 30 0.104 3 0
71 30 0.382 3 2
50 10 0.205 3 0
195 70 0.841 3 2
38 15 0.207 3 0
160 70 0.489 3 4
11 10 0.041 3 2
27 5 0.100 3 2
87 22 0.276 3 4
27 70 0.093 3 4
15 10 0.052 3 0
13 70 0.043 3 4
16 5 0.052 3 0
80 5 0.533 3 2
70 15 0.275 3 0
77 70 0.405 3 0
18 70 0.058 3 1
186 15 1.141 3 4
15 100 0.091 3 0
40 5 0.265 3 4
15 10 0.049 3 1
121 52 0.515 3 1
159 30 0.570 3 4
35 30 0.139 3 4
13 15 0.083 3 2
18 40 0.094 3 1
36 10 0.165 3 1
27 5 0.113 3 0
59 70 0.378 3 4
141 5 0.904 3 0
57 52 0.361 3 4
31 70 0.099 3 1
276 10 1.500 3 2
35 5 0.125 3 4
232 10 1.247 3 2
173 15 0.733 3 0
79 22 0.273 3 0
71 70 0.208 3 2
17 40 0.057 3 4
326 10 2.050 3 0
78 5 0.295 3 2
16 70 0.073 3 0
135 100 0.659 3 0
16 70 0.060 3 2
105 30 0.571 3 4
174 100 0.930 3 1
272 40 1.619 3 0
34 52 0.180 3 0
190 100 0.631 3 0
10 100 0.039 3 0
72 40 0.239 3 2
33 100 0.180 3 2
70 52 0.248 3 4
11 30 0.035 3 0
49 40 0.155 3 4
44 22 0.150 3 4
62 40 0.400 3 1
24 30 0.085 3 2
42 15 0.181 3 0
89 15 0.282 3 1
32 100 0.104 3 0
17 10 0.054 3 0
36 22 0.188 3 0
12 30 0.054 3 4
13 22 0.067 3 4
10 40 0.047 3 2
61 5 0.220 3 0
19 52 0.104 3 4
73 100 0.320 3 1
66 22 0.344 3 0
187 52 0.874 3 2
51 70 0.198 3 2
58 10 0.191 3 1
135 40 0.470 3 2
297 15 1.435 3 0
76 22 0.494 3 0
142 10 0.587 3 4
58 30 0.196 3 2
36 10 0.209 3 0
32 15 0.108 3 0
79 10 0.467 3 0
29 70 0.087 3 4
64 10 0.226 3 0
94 10 0.606 3 2
34 5 0.230 3 2
153 52 0.450 3 0
92 15 0.308 3 0
29 10 0.116 3 4
48 70 0.157 3 0
46 30 0.151 3 0
90 52 0.411 3 2
13 70 0.084 3 0
152 70 0.849 3 1
233 52 1.339 3 1
16 40 0.068 3 0
62 22 0.239 3 0
57 15 0.254 3 0
198 22 0.649 3 2
17 30 0.054 3 0
35 15 0.208 3 0
261 30 0.847 3 0
14 5 0.051 3 4
70 10 0.295 3 0
19 22 0.071 3 4
142 40 0.840 3 0
39 10 0.199 3 2
17 40 0.096 3 4
37 100 0.227 3 1
183 5 0.631 3 2
66 22 0.206 3 4
37 22 0.109 3 0
55 100 0.204 3 0
50 30 0.179 3 1
29 52 0.092 3 0
36 30 0.110 3 0
73 15 0.293 3 4
104 15 0.408 3 4
77 5 0.500 3 0
317 5 1.064 3 0
165 15 0.793 3 0
35 100 0.134 3 4
123 22 0.618 3 0
23 15 0.130 3 2
16 15 0.065 3 2
66 30 0.196 3 2
86 30 0.570 3 1
29 30 0.160 3 4
61 22 0.215 3 0
280 15 0.933 3 0
13 22 0.056 3 4
15 30 0.067 3 2
16 10 0.096 3 4
67 30 0.444 3 0
82 40 0.536 3 0
83 22 0.248 3 4
27 52 0.103 3 1
164 100 0.850 3 4
36 10 0.111 3 4
43 100 0.145 3 0
14 22 0.043 3 4
18 52 0.066 3 0
10 10 0.032 3 4
34 40 0.157 3 4
94 5 0.287 3 2
38 40 0.121 3 0
256 5 1.515 3 0
80 22 0.280 3 0
34 52 0.105 3 4
124 10 0.678 3 0
69 40 0.322 3 0
15 30 0.064 3 2
264 10 0.846 3 1
15 70 0.049 3 1
76 70 0.241 3 1
209 5 0.833 3 0
198 15 1.015 3 2
136 100 0.489 3 0
75 52 0.225 3 2
41 10 0.268 3 0
39 40 0.242 3 4
21 40 0.108 3 0
212 30 0.760 3 1
88 5 0.273 3 4
54 22 0.202 3 0
37 15 0.231 3 0
13 5 0.038 3 0
39 5 0.201 3 4
33 40 0.104 3 2
31 22 0.104 3 2
27 5 0.136 3 0
15 70 0.082 3 0
21 100 0.080 3 2
162 5 1.025 3 0
257 5 0.892 3 2
192 5 1.185 3 4
67 52 0.322 3 4
98 10 0.322 3 4
49 40 0.166 3 1
168 52 0.602 3 1
136 30 0.411 3 1
131 5 0.504 3 0
54 40 0.189 3 4
36 15 0.143 3 1
39 15 0.182 3 0
182 10 0.542 3 1
186 100 0.890 3 0
36 10 0.106 3 0
11 40 0.032 3 0
26 10 0.160 3 1
22 40 0.079 3 4
30 10 0.181 3 0
15 30 0.053 3 2
17 15 0.081 3 2
16 52 0.054 3 0
11 40 0.050 3 0
17 5 0.093 3 4
107 52 0.444 3 0
10 40 0.037 3 4
31 22 0.110 3 2
12 40 0.041 3 0
12 30 0.043 3 2
50 15 0.169 3 1
111 52 0.610 3 0
29 22 0.122 3 0
319 30 1.302 3 0
43 10 0.132 3 4
18 52 0.056 3 4
283 40 1.174 3 1
79 100 0.317 3 0
89 5 0.328 3 1
10 40 0.067 3 0
31 70 0.119 3 1
171 70 0.564 3 0
76 100 0.237 3 4
64 70 0.203 3 0
159 22 0.619 3 4
27 100 0.107 3 4
27 22 0.119 3 0
21 30 0.121 3 1
298 22 1.092 3 0
224 10 1.087 3 0
10 5 0.030 3 4
163 22 0.644 3 0
11 15 0.035 3 0
70 5 0.262 3 1
18 100 0.097 3 4
186 52 1.257 3 0
155 30 1.033 3 1
27 10 0.092 3 1
153 5 0.651 3 1
28 5 0.093 3 2
76 15 0.265 3 1
188 70 0.660 3 2
131 5 0.516 3 0
34 22 0.132 3 0
17 52 0.078 3 1
218 70 0.790 3 1
79 52 0.364 3 2
137 100 0.561 3 0
15 22 0.046 3 1
16 70 0.051 3 2
179 100 0.947 3 2
188 22 0.807 3 0
186 40 1.081 3 0
19 10 0.082 3 0
173 40 0.961 3 1
64 40 0.312 3 0
18 15 0.066 3 2
59 52 0.191 3 4
11 15 0.050 3 1
13 30 0.050 3 0
41 5 0.241 3 0
18 5 0.072 3 1
10 22 0.037 3 0
31 22 0.169 3 0
37 52 0.159 3 0
12 100 0.056 3 4
13 15 0.046 3 4
17 40 0.051 3 0
19 22 0.113 3 2
128 100 0.653 3 4
38 22 0.162 3 2
48 52 0.145 3 2
73 30 0.378 3 0
12 10 0.047 3 0
24 22 0.109 3 4
160 40 0.675 3 4
150 5 0.949 3 2
248 30 1.097 3 1
123 52 0.741 3 4
44 40 0.222 3 1
30 40 0.178 3 0
334 5 1.310 3 2
73 70 0.322 3 1
33 70 0.109 3 1
38 5 0.209 3 4
13 22 0.042 3 2
31 40 0.107 3 2
11 70 0.040 3 1
118 22 0.724 3 1
32 5 0.168 3 2
338 22 1.857 3 0
61 30 0.244 3 0
321 22 0.973 3 0
155 70 0.812 3 0
107 22 0.588 3 0
27 5 0.082 3 4
170 5 0.567 3 1
12 40 0.056 3 2
19 52 0.075 3 1
70 100 0.275 3 1
44 70 0.155 3 1
105 70 0.365 3 0
48 52 0.293 3 2
14 30 0.069 3 2
55 5 0.256 3 4
74 70 0.265 3 0
166 100 0.508 3 0
289 30 0.843 3 0
144 22 0.420 3 0
156 30 0.494 3 0
127 30 0.529 3 4
122 70 0.656 3 0
30 10 0.166 3 0
156 52 1.047 3 1
36 22 0.108 3 0
39 52 0.215 3 1
181 100 0.730 3 0
45 10 0.208 3 0
73 5 0.292 3 4
27 52 0.132 3 0
54 70 0.355 3 0
12 10 0.067 3 0
188 15 0.616 3 1
27 40 0.090 3 0
130 10 0.663 3 4
14 10 0.042 3 0
32 22 0.135 3 4
57 15 0.184 3 1
67 22 0.210 3 1
26 100 0.113 3 1
259 22 1.289 3 1
41 30 0.203 3 0
87 10 0.558 3 2
38 70 0.159 3 2
170 30 0.651 3 2
17 70 0.056 3 2
15 52 0.051 3 0
15 15 0.049 3 1
29 5 0.129 3 0
17 100 0.054 3 0
49 10 0.144 3 0
25 100 0.113 3 4
245 40 1.317 3 0
71 10 0.313 3 0
15 100 0.046 3 0
13 30 0.073 3 0
274 30 0.875 3 4
191 22 0.687 3 0
33 70 0.106 3 2
35 5 0.124 3 1
151 30 0.487 3 2
85 70 0.259 3 1
66 22 0.437 3 0
35 5 0.143 4 0
20 22 0.114 4 3
51 100 0.251 4 3
120 15 0.513 4 3
170 100 0.525 4 2
201 70 1.075 4 3
51 5 0.222 4 3
76 100 0.469 4 0
121 52 0.455 4 3
41 70 0.176 4 1
19 15 0.098 4 1
16 5 0.047 4 0
16 70 0.095 4 0
166 52 0.487 4 2
154 15 1.000 4 2
32 15 0.193 4 3
53 15 0.223 4 0
16 15 0.063 4 2
65 5 0.389 4 1
12 5 0.036 4 3
93 100 0.463 4 1
26 10 0.096 4 3
199 15 1.336 4 1
38 52 0.122 4 0
247 100 1.088 4 0
11 10 0.051 4 0
13 52 0.045 4 0
74 100 0.258 4 0
103 15 0.632 4 1
235 22 1.536 4 0
130 30 0.707 4 1
15 5 0.094 4 1
54 52 0.274 4 3
72 5 0.245 4 2
59 70 0.337 4 2
143 52 0.630 4 2
73 10 0.241 4 0
10 40 0.033 4 0
78 22 0.230 4 3
45 5 0.142 4 0
43 52 0.131 4 3
191 30 0.752 4 1
261 22 0.963 4 3
52 10 0.218 4 0
274 22 1.343 4 2
202 52 0.990 4 1
325 10 1.217 4 1
47 70 0.232 4 0
269 5 1.245 4 0
158 52 0.572 4 1
193 100 1.163 4 2
29 15 0.127 4 0
11 5 0.057 4 2
23 70 0.082 4 3
31 15 0.126 4 3
58 5 0.262 4 3
28 70 0.106 4 0
298 5 1.342 4 0
10 70 0.047 4 2
318 100 1.893 4 0
10 10 0.039 4 2
64 22 0.325 4 0
30 70 0.088 4 1
199 22 1.327 4 3
137 70 0.471 4 0
17 10 0.085 4 0
57 52 0.177 4 2
43 70 0.152 4 0
45 40 0.148 4 1
39 100 0.120 4 3
316 30 1.285 4 1
48 40 0.149 4 3
12 5 0.035 4 0
11 100 0.065 4 1
145 15 0.529 4 0
39 52 0.165 4 3
71 15 0.223 4 3
64 30 0.196 4 2
59 40 0.243 4 3
29 5 0.188 4 1
12 40 0.042 4 0
38 15 0.133 4 1
73 22 0.219 4 2
174 40 0.657 4 0
154 100 0.562 4 2
198 10 0.947 4 0
64 70 0.242 4 0
14 30 0.065 4 0
110 30 0.466 4 0
43 15 0.169 4 0
339 22 1.372 4 3
15 70 0.076 4 0
43 30 0.178 4 1
14 100 0.071 4 2
31 10 0.130 4 3
15 5 0.068 4 2
11 5 0.044 4 1
15 30 0.085 4 1
74 40 0.344 4 1
14 52 0.041 4 0
139 5 0.419 4 1
128 40 0.514 4 3
53 40 0.293 4 0
16 52 0.048 4 0
72 70 0.242 4 0
41 10 0.270 4 1
20 100 0.073 4 2
54 100 0.344 4 0
44 22 0.130 4 1
16 30 0.069 4 3
17 10 0.051 4 0
303 15 1.980 4 0
10 70 0.062 4 3
13 10 0.040 4 2
15 40 0.055 4 0
90 52 0.381 4 3
79 40 0.306 4 0
10 22 0.039 4 2
65 100 0.351 4 1
159 100 0.832 4 1
12 100 0.050 4 2
16 22 0.098 4 0
127 70 0.683 4 3
48 30 0.140 4 3
19 15 0.088 4 0
273 40 1.264 4 0
64 22 0.208 4 2
48 15 0.251 4 0
11 15 0.037 4 2
14 30 0.089 4 1
64 15 0.281 4 0
91 52 0.268 4 2
37 22 0.197 4 1
95 100 0.487 4 1
63 15 0.286 4 0
31 10 0.092 4 0
144 52 0.576 4 2
170 30 0.507 4 2
72 70 0.288 4 3
116 22 0.378 4 1
106 52 0.473 4 0
38 22 0.198 4 2
10 10 0.068 4 0
72 5 0.266 4 2
23 100 0.105 4 1
18 5 0.075 4 1
81 70 0.443 4 3
13 15 0.048 4 2
31 5 0.137 4 2
50 22 0.187 4 2
273 10 0.986 4 0
48 10 0.198 4 2
49 10 0.318 4 0
70 5 0.228 4 0
97 10 0.297 4 0
33 40 0.133 4 1
13 30 0.044 4 0
12 52 0.041 4 0
163 70 0.832 4 3
20 40 0.121 4 0
18 5 0.058 4 0
17 70 0.055 4 1
239 70 0.895 4 1
69 15 0.210 4 3
119 30 0.373 4 2
35 5 0.179 4 0
160 52 0.554 4 2
15 30 0.074 4 3
11 100 0.042 4 3
191 30 0.737 4 0
67 30 0.342 4 2
316 15 0.927 4 3
305 22 1.235 4 1
13 52 0.048 4 0
15 70 0.068 4 3
67 52 0.220 4 1
65 52 0.302 4 3
81 15 0.471 4 0
14 100 0.059 4 0
182 40 0.531 4 1
41 52 0.228 4 0
22 52 0.106 4 1
36 52 0.150 4 1
211 5 0.661 4 2
18 30 0.110 4 2
199 30 0.675 4 3
47 15 0.180 4 1
28 100 0.094 4 3
11 52 0.034 4 3
10 70 0.048 4 1
316 22 1.588 4 2
152 40 0.647 4 3
17 10 0.069 4 0
69 22 0.358 4 0
144 52 0.911 4 2
339 5 1.646 4 0
161 52 0.880 4 3
49 15 0.254 4 2
37 40 0.108 4 1
24 30 0.070 4 0
23 70 0.090 4 1
51 52 0.307 4 3
25 100 0.083 4 1
35 5 0.158 4 0
68 10 0.236 4 2
136 5 0.529 4 3
25 30 0.077 4 3
88 10 0.272 4 1
59 5 0.176 4 0
13 5 0.082 4 1
172 15 1.139 4 3
98 5 0.312 4 0
12 70 0.035 4 0
43 30 0.201 4 0
146 100 0.520 4 3
111 52 0.531 4 1
12 15 0.037 4 0
52 5 0.181 4 0
15 52 0.055 4 3
57 10 0.174 4 1
131 40 0.593 4 0
185 15 0.725 4 0
19 40 0.059 4 3
68 70 0.232 4 3
108 100 0.474 4 2
61 40 0.178 4 0
35 15 0.177 4 3
155 100 0.728 4 0
60 10 0.273 4 3
19 5 0.068 4 1
75 10 0.249 4 0
64 10 0.208 4 1
167 70 0.655 4 3
28 70 0.104 4 1
108 22 0.557 4 0
79 10 0.395 4 0
18 40 0.056 4 0
62 70 0.209 4 3
28 52 0.084 4 2
21 10 0.082 4 0
39 52 0.167 4 0
37 52 0.152 4 0
15 5 0.069 4 0
27 40 0.079 4 1
126 70 0.521 4 3
56 100 0.250 4 0
106 52 0.368 4 1
132 22 0.562 4 0
38 5 0.111 4 3
22 5 0.072 4 2
38 15 0.181 4 0
70 40 0.361 4 3
11 52 0.053 4 3
298 5 1.713 4 0
173 5 0.643 4 3
285 100 0.976 4 0
14 100 0.056 4 3
15 52 0.054 4 3
46 70 0.154 4 0
76 5 0.321 4 0
10 10 0.036 4 0
195 15 1.161 4 2
35 15 0.224 4 1
29 10 0.122 4 2
12 22 0.048 4 3
71 52 0.397 4 3
228 15 0.835 4 0
59 15 0.267 4 0
14 100 0.063 4 3
190 52 0.669 4 0
34 30 0.136 4 1
71 22 0.241 4 1
39 52 0.116 4 1
123 52 0.409 4 0
185 15 0.601 4 2
41 5 0.261 4 1
70 30 0.473 4 2
319 40 0.976 4 1
269 52 0.906 4 0
75 10 0.357 4 0
29 100 0.088 4 1
14 52 0.058 4 0
22 100 0.065 4 2
17 40 0.055 4 2
14 5 0.049 4 1
49 10 0.166 4 1
47 5 0.254 4 2
144 10 0.471 4 1
40 30 0.133 4 0
21 70 0.072 4 0
15 22 0.051 4 2
38 70 0.151 4 2
16 10 0.055 4 2
44 22 0.212 4 3
18 70 0.111 4 0
252 22 0.766 4 2
50 52 0.331 4 2
180 22 1.208 4 1
32 15 0.095 4 0
39 22 0.264 4 2
70 40 0.312 4 3
25 10 0.098 4 0
40 40 0.219 4 3
70 30 0.241 4 3
16 52 0.058 4 0
117 52 0.520 4 2
73 100 0.243 4 0
75 100 0.359 4 1
31 70 0.123 4 2
74 70 0.275 4 0
335 52 1.132 4 1
151 30 0.585 4 2
92 100 0.313 4 3
17 15 0.087 4 3
55 40 0.210 4 1
16 10 0.083 4 1
71 22 0.311 4 3
190 22 1.080 4 0
20 70 0.113 4 2
140 30 0.838 4 0
40 70 0.215 4 2
15 52 0.053 4 0
37 40 0.237 4 2
182 52 0.984 4 3
31 30 0.114 4 0
132 40 0.414 4 2
23 52 0.135 4 3
14 30 0.049 4 2
13 40 0.076 4 0
62 15 0.282 4 2
261 15 1.299 4 0
41 52 0.122 4 3
15 5 0.054 4 1
11 100 0.072 4 2
94 100 0.275 4 1
144 70 0.595 4 2
145 5 0.469 4 0
125 52 0.460 4 1
10 22 0.050 4 2
75 70 0.408 4 0
69 30 0.206 4 3
159 30 0.503 4 3
197 100 0.574 4 0
21 22 0.098 4 0
133 100 0.429 4 0
312 70 0.948 4 3
77 10 0.256 4 0
69 5 0.348 4 1
143 22 0.470 4 0
192 30 0.701 4 2
39 10 0.116 4 0
12 5 0.066 4 3
93 100 0.612 4 0
42 70 0.174 4 1
39 22 0.170 4 3
10 40 0.047 4 0
16 10 0.065 4 0
197 22 0.845 4 1
36 10 0.133 4 0
53 30 0.237 4 2
105 52 0.495 4 1
65 100 0.269 4 2
27 100 0.113 4 0
82 10 0.285 4 3
16 70 0.058 4 2
41 15 0.173 4 3
37 100 0.128 4 0
19 52 0.068 4 0
24 100 0.136 4 3
46 52 0.172 4 3
14 70 0.069 4 1
106 52 0.480 4 1
49 52 0.234 4 3
29 30 0.094 4 0
19 15 0.061 4 0
119 15 0.361 4 0
48 100 0.208 4 3
12 30 0.040 4 3
16 100 0.049 4 2
28 5 0.179 4 2
49 100 0.199 4 0
14 15 0.083 4 1
37 15 0.146 4 0
50 40 0.160 4 3
20 5 0.072 4 3
29 40 0.129 4 1
67 70 0.202 4 2
133 5 0.398 4 1
79 10 0.530 4 0
55 15 0.239 4 0
257 15 1.477 4 0
14 52 0.047 4 0
10 15 0.029 4 0
305 10 1.406 4 0
267 40 1.197 4 1
29 5 0.086 4 1
283 100 1.675 4 2
35 100 0.129 4 0
15 10 0.056 4 1
13 30 0.060 4 2
239 22 1.149 4 0
46 52 0.232 4 1
10 5 0.029 4 0
17 15 0.058 4 2
333 40 2.056 4 1
19 52 0.061 4 3
127 15 0.547 4 1
42 5 0.240 4 3
56 40 0.324 4 1
10 15 0.062 4 2
214 22 0.823 4 1
10 5 0.054 4 3
108 70 0.350 4 0
21 100 0.074 4 3
67 30 0.427 4 2
18 52 0.058 4 1
26 100 0.079 4 1
53 30 0.317 4 2
15 22 0.062 4 3
22 10 0.082 4 3
13 5 0.086 4 3
182 100 0.871 4 0
19 100 0.128 4 3
19 15 0.056 4 3
43 52 0.244 4 1
34 40 0.195 4 0
17 52 0.111 4 0
33 52 0.109 4 0
40 5 0.138 4 0
48 40 0.221 4 1
71 30 0.249 4 3
65 70 0.204 4 0
10 10 0.055 4 0
129 22 0.483 4 2
217 22 0.635 4 0
113 100 0.473 4 3
72 15 0.230 4 2
45 52 0.273 4 1
33 30 0.149 4 1
73 10 0.269 4 0
36 100 0.106 4 1
163 70 0.715 4 2
26 10 0.159 4 1
68 70 0.280 4 2
50 22 0.160 4 2
184 22 1.108 4 2
19 70 0.082 4 3
61 15 0.288 4 0
159 30 0.483 4 2
36 5 0.107 4 2
36 30 0.169 4 2
24 22 0.077 4 1
94 22 0.357 4 3
186 5 1.000 4 2
236 40 0.952 4 0
94 30 0.618 4 2
71 5 0.282 4 2
39 70 0.245 4 0
151 100 0.944 4 3
76 70 0.362 4 3
28 40 0.113 4 1
336 40 1.282 4 0
41 70 0.122 4 0
11 40 0.036 4 2
195 70 0.774 4 3
90 10 0.500 4 3
120 15 0.427 4 0
183 52 0.756 4 0
111 52 0.378 4 0
83 100 0.248 4 2
26 52 0.164 4 3
24 22 0.071 4 2
47 5 0.237 4 3
64 5 0.219 4 0
86 5 0.544 4 2
10 5 0.059 4 0
196 10 1.324 4 0
10 15 0.061 4 0
50 40 0.235 4 0
79 40 0.316 4 0
86 40 0.406 4 3
22 30 0.131 4 1
13 30 0.084 4 0
181 5 0.693 4 0
19 70 0.098 4 0
10 10 0.031 4 2
19 40 0.128 4 0
30 70 0.127 4 0
34 5 0.138 4 3
17 22 0.067 4 2
10 40 0.055 4 0
56 100 0.211 4 0
33 40 0.131 4 2
13 100 0.072 4 1
37 5 0.200 4 1
17 15 0.092 4 0
160 70 0.879 4 2
16 10 0.067 4 0
145 100 0.435 4 3
24 40 0.091 4 0
25 5 0.098 4 2
248 70 0.770 4 2
85 70 0.291 4 1
14 5 0.041 4 2
33 15 0.213 4 1
332 30 0.991 4 0
60 52 0.400 4 1
18 100 0.060 4 0
197 10 0.817 4 2
50 5 0.169 4 2
22 10 0.094 4 1
12 30 0.051 4 0
178 70 0.817 4 0
75 5 0.262 4 2
176 30 0.746 4 3
23 15 0.089 4 2
33 100 0.120 4 1
75 70 0.408 4 2
132 10 0.657 4 2
58 40 0.178 4 0
36 10 0.184 4 2
10 40 0.040 4 0
79 30 0.446 4 1
98 5 0.384 4 2
13 70 0.055 4 0
51 52 0.266 4 3
30 52 0.114 4 1
10 10 0.056 4 2
53 40 0.158 4 1
46 15 0.231 4 3
27 22 0.090 4 3
21 52 0.076 4 3
146 22 0.527 4 3
10 15 0.040 4 0
15 15 0.068 4 0
78 70 0.252 4 1
88 52 0.318 4 3
132 10 0.857 4 0
69 30 0.232 4 3
10 100 0.049 4 3
28 100 0.091 4 2
32 22 0.172 4 3
37 52 0.130 4 2
185 10 0.768 4 1
135 52 0.553 4 0
247 22 0.802 4 0
237 70 0.691 4 3
42 52 0.280 4 1
142 30 0.922 4 1
30 15 0.128 4 0
327 22 1.994 4 0
194 52 1.072 4 3
51 22 0.252 4 2
24 5 0.098 4 0
179 5 0.559 4 3
111 40 0.362 4 0
58 52 0.189 4 0
20 52 0.061 4 1
15 5 0.099 4 0
26 22 0.095 4 0
60 10 0.305 4 0
163 70 0.560 4 0
224 100 0.827 4 0
62 52 0.188 4 0
111 30 0.607 4 3
86 70 0.287 4 1
58 100 0.314 4 3
28 22 0.084 4 1
44 40 0.141 4 0
45 5 0.230 4 0
220 30 1.317 4 0
28 15 0.107 4 0
16 40 0.051 4 3
67 40 0.242 4 1
82 70 0.265 4 3
94 70 0.284 4 0
115 100 0.481 4 1
26 15 0.094 4 3
67 5 0.258 4 1
15 52 0.054 4 0
70 5 0.237 4 1
20 30 0.084 4 2
21 22 0.065 4 2
12 52 0.041 4 0
56 40 0.182 4 0
32 15 0.206 4 0
24 40 0.130 4 0
46 10 0.188 4 0
24 22 0.096 4 3
335 30 1.438 4 1
103 22 0.373 4 0
23 5 0.088 4 0
59 52 0.257 4 0
35 22 0.108 4 2
18 70 0.088 4 1
110 22 0.324 4 0
43 15 0.168 4 0
32 5 0.103 4 0
15 15 0.046 4 0
16 5 0.095 4 0
28 40 0.149 4 0
11 5 0.067 4 3
72 100 0.244 4 1
34 70 0.147 4 0
35 40 0.115 4 0
61 5 0.250 4 0
51 100 0.331 4 2
41 10 0.130 4 2
82 5 0.461 4 0
100 70 0.344 4 0
36 15 0.130 4 1
16 100 0.059 4 0
198 100 0.676 4 1
172 10 0.708 4 0
137 10 0.665 4 1
38 70 0.235 4 0
71 22 0.320 4 3
69 100 0.232 4 3
154 100 0.802 4 0
18 100 0.078 4 2
337 5 1.094 4 0
59 40 0.383 4 0
60 10 0.299 4 1
245 100 0.901 4 0
13 52 0.064 4 3
35 70 0.114 4 1
188 40 0.810 4 3
299 30 1.347 4 2
48 40 0.180 4 2
50 100 0.263 4 1
36 40 0.118 4 2
33 100 0.102 4 0
77 40 0.301 4 0
101 30 0.377 4 1
19 40 0.060 4 2
43 100 0.143 4 0
167 15 0.657 4 0
134 30 0.609 4 0
26 10 0.101 4 0
116 70 0.652 4 3
14 52 0.068 4 2
14 15 0.048 4 0
77 70 0.320 4 0
14 52 0.046 4 3
65 22 0.411 4 0
171 70 0.598 4 2
137 70 0.856 4 0
66 22 0.196 4 0
150 30 0.962 4 0
67 5 0.195 4 2
56 52 0.198 4 1
16 15 0.054 4 0
292 10 1.159 4 0
11 10 0.034 4 3
22 52 0.125 4 3
21 40 0.119 4 0
16 10 0.092 4 0
78 100 0.363 4 0
49 30 0.299 4 0
28 100 0.099 4 2
25 15 0.098 4 1
186 52 0.554 4 0
10 22 0.042 4 1
105 10 0.318 4 3
48 100 0.143 4 2
18 100 0.056 4 3
144 22 0.512 4 0
12 15 0.071 4 1
313 100 1.969 4 0
37 40 0.131 4 3
149 22 0.534 4 2
56 30 0.211 4 2
191 100 0.914 4 1
66 52 0.359 4 0
209 70 1.290 4 3
186 5 1.088 4 0
54 30 0.196 4 0
96 52 0.402 4 0
126 40 0.468 4 2
79 70 0.359 4 3
42 40 0.163 4 0
16 5 0.060 4 2
132 15 0.595 4 0
302 15 1.184 4 2
67 10 0.221 4 1
57 30 0.230 4 0
109 22 0.519 4 1
12 70 0.074 4 3
140 100 0.473 4 0
13 30 0.068 4 2
13 40 0.054 4 2
159 30 0.520 4 3
12 22 0.047 4 3
215 52 0.843 4 0
13 5 0.039 4 2
259 100 0.985 4 3
19 30 0.062 4 1
26 70 0.105 4 3
42 100 0.126 4 0
36 22 0.129 4 0
14 15 0.067 4 0
30 40 0.136 4 2
10 22 0.029 4 3
18 52 0.054 4 1
67 22 0.356 4 0
71 15 0.346 4 1
153 15 0.869 4 2
125 5 0.740 4 3
15 52 0.046 4 3
55 52 0.204 4 3
104 52 0.369 4 0
18 40 0.054 4 0
41 52 0.133 4 2
166 30 0.994 4 0
70 52 0.245 4 2
78 15 0.252 4 0
10 52 0.036 4 2
19 40 0.058 4 0
22 100 0.066 4 3
118 10 0.638 4 3
199 100 1.021 4 0
122 5 0.589 4 1
17 5 0.067 4 0
54 70 0.168 4 0
24 100 0.155 4 0
179 52 0.668 4 0
57 100 0.194 4 0
332 22 1.620 4 0
16 22 0.066 4 2
37 22 0.209 4 2
30 15 0.169 4 2
267 40 0.875 4 0
19 100 0.092 4 1
12 70 0.059 4 0
76 70 0.318 4 0
159 15 0.952 4 0
87 40 0.361 4 3
19 52 0.116 4 2
39 15 0.211 4 2
14 30 0.055 4 0
20 52 0.099 4 1
53 100 0.165 4 1
33 15 0.136 4 0
12 10 0.042 4 2
74 40 0.236 4 0
47 30 0.213 4 3
13 5 0.043 4 0
129 40 0.854 4 0
68 70 0.256 4 0
42 22 0.163 4 3
62 100 0.212 4 3
79 15 0.500 4 1
79 5 0.256 4 2
26 30 0.135 4 3
21 52 0.069 4 1
20 5 0.080 4 2
15 52 0.070 4 0
14 100 0.081 4 3
37 15 0.121 4 0
17 30 0.054 4 3
89 22 0.368 4 3
95 70 0.323 4 2
48 22 0.198 4 0
137 52 0.783 4 1
13 40 0.070 4 2
36 22 0.164 4 0
13 15 0.054 4 2
29 15 0.138 4 1
66 5 0.251 4 1
61 100 0.216 4 2
190 10 0.785 4 2
58 30 0.309 4 0
136 100 0.824 4 2
49 52 0.238 4 3
15 52 0.065 4 3
101 52 0.455 4 2
19 100 0.090 4 0
162 22 0.482 4 3
27 15 0.120 4 0
115 100 0.471 4 0
37 10 0.164 4 3
53 40 0.276 4 0
18 5 0.066 4 1
60 15 0.237 4 1
36 70 0.106 4 1
14 70 0.070 4 1
30 10 0.089 4 0
72 5 0.214 4 0
214 100 1.000 4 3
79 70 0.239 4 1
58 100 0.185 4 2
51 40 0.181 4 2
119 52 0.358 4 3
55 5 0.192 4 0
56 10 0.209 4 0
20 22 0.133 4 3
22 30 0.139 4 3
45 5 0.146 4 2
11 30 0.046 4 0
21 100 0.063 4 2
73 30 0.234 4 0
10 40 0.031 4 0
32 10 0.126 4 0
20 70 0.069 4 2
179 22 1.035 4 0
13 10 0.041 4 3
178 100 0.531 4 2
15 100 0.061 4 0
28 15 0.157 4 2
32 10 0.180 4 1
10 10 0.051 4 0
32 22 0.107 4 0
206 40 0.755 4 2
75 22 0.296 4 1
84 40 0.281 4 3
19 30 0.107 4 3
27 5 0.165 4 2
16 5 0.067 4 2
24 70 0.071 4 1
107 30 0.498 4 0
36 40 0.120 4 0
125 10 0.479 4 1
19 15 0.062 4 3
19 52 0.064 4 1
12 30 0.056 4 0
22 40 0.073 4 1
191 100 1.032 4 2
67 52 0.244 4 3
13 70 0.063 4 3
32 40 0.132 4 2
314 5 1.013 4 0
34 10 0.113 4 3
27 40 0.094 4 1
14 5 0.052 4 1
73 100 0.459 4 2
16 22 0.078 4 0
74 70 0.234 4 3
74 100 0.398 4 2
137 70 0.432 4 1
135 15 0.696 4 1
288 5 1.419 4 3
78 30 0.304 4 0
215 30 1.091 4 1
55 15 0.162 4 3
21 100 0.086 4 3
141 5 0.433 4 1
44 30 0.293 4 0
256 10 0.839 4 0
31 30 0.108 4 3
15 40 0.069 4 0
55 52 0.228 4 2
27 22 0.135 4 0
27 40 0.114 4 0
129 30 0.417 4 0
31 30 0.168 4 3
309 30 1.601 4 0
16 5 0.055 4 0
16 15 0.067 4 2
141 30 0.716 4 0
169 30 0.575 4 0
192 52 0.970 4 1
29 40 0.096 4 3
23 10 0.085 4 0
16 52 0.065 4 3
74 15 0.263 4 1
19 40 0.089 4 1
310 30 1.216 4 2
12 70 0.039 4 2
63 52 0.274 4 0
12 100 0.067 4 2
40 40 0.188 4 2
54 30 0.171 4 0
59 100 0.278 4 0
18 5 0.053 4 0
37 22 0.121 4 3
21 70 0.066 4 2
194 10 1.155 4 0
64 100 0.395 4 3
30 5 0.103 4 2
33 40 0.100 4 1
156 30 0.639 4 1
135 52 0.443 4 0
23 30 0.085 4 0
143 30 0.450 4 0
29 70 0.195 4 0
112 30 0.469 4 0
10 22 0.040 4 2
131 30 0.794 4 1
31 40 0.090 4 0
13 30 0.083 4 0
11 5 0.033 4 0
33 70 0.171 4 1
75 15 0.397 4 3
64 15 0.376 4 3
25 70 0.102 4 2
103 10 0.347 4 3
21 100 0.065 4 1
68 100 0.407 4 0
65 5 0.342 4 2
23 70 0.073 4 1
79 52 0.245 4 0
18 52 0.081 4 0
198 15 1.070 4 3
46 70 0.243 4 0
25 22 0.094 4 0
45 100 0.133 4 0
139 40 0.537 4 0
17 15 0.080 4 2
16 70 0.070 4 0
24 100 0.088 4 1
127 70 0.591 4 3
304 70 1.708 4 0
18 22 0.054 4 3
23 10 0.142 4 2
59 5 0.292 4 2
13 100 0.039 4 3
181 30 0.948 4 3
139 10 0.406 4 0
24 70 0.106 4 1
188 15 0.558 4 1
40 30 0.188 4 2
73 52 0.238 4 0
128 15 0.379 4 3
39 100 0.116 4 0
14 70 0.054 4 0
161 15 0.749 4 1
16 30 0.078 4 3
146 30 0.606 4 3
14 10 0.088 4 0
130 22 0.394 4 2
210 100 0.691 4 0
96 40 0.378 4 2
61 30 0.347 4 2
15 22 0.058 4 3
184 52 0.603 4 0
260 22 1.333 4 0
15 52 0.067 4 0
19 5 0.098 4 3
286 70 1.036 4 0
61 70 0.337 4 0
182 22 0.871 4 1
35 70 0.132 4 0
52 5 0.177 4 2
14 5 0.045 4 1
17 10 0.057 4 0
12 22 0.062 4 1
19 40 0.106 4 0
192 5 1.185 4 3
78 22 0.231 4 3
18 5 0.083 4 3
183 52 0.806 4 1
18 5 0.103 4 0
78 10 0.245 4 0
131 30 0.546 4 2
201 10 1.041 4 3
12 5 0.043 4 0
36 5 0.116 4 0
14 30 0.045 4 3
125 40 0.494 4 3
46 15 0.189 4 1
57 30 0.315 4 1
34 70 0.130 4 0
187 52 0.903 4 2
16 100 0.064 4 1
75 10 0.245 4 1
141 40 0.595 4 0
128 22 0.483 4 1
103 40 0.401 4 0
55 5 0.225 4 1
70 22 0.209 4 2
49 22 0.196 4 2
163 52 0.748 4 3
111 30 0.347 4 1
18 40 0.081 4 3
67 100 0.201 4 2
26 70 0.121 4 0
84 52 0.385 4 0
67 40 0.370 4 0
45 70 0.215 4 2
19 15 0.060 4 0
130 40 0.839 4 3
40 15 0.120 4 1
26 10 0.079 4 0
27 70 0.116 4 2
178 22 0.704 4 1
14 5 0.067 4 3
54 5 0.355 4 3
54 70 0.169 4 1
82 5 0.355 4 3
15 5 0.060 4 3
49 52 0.145 4 0
21 30 0.073 4 0
276 5 1.145 4 0
108 70 0.725 4 2
33 5 0.135 4 2
50 52 0.152 4 3
178 10 0.636 4 0
14 70 0.064 4 2
23 5 0.076 4 1
298 40 0.980 4 3
48 15 0.161 4 0
45 10 0.186 4 0
27 15 0.105 4 0
16 52 0.052 4 0
62 5 0.228 4 2
61 30 0.189 4 3
59 5 0.236 4 2
48 100 0.245 4 3
12 15 0.046 4 1
288 40 1.291 4 0
22 15 0.080 4 3
41 100 0.154 4 0
74 30 0.236 4 2
12 22 0.041 4 0
13 40 0.045 4 0
19 100 0.074 4 2
196 100 1.095 4 2
296 10 0.919 4 0
19 5 0.123 4 0
59 30 0.337 4 1
13 15 0.047 4 0
16 52 0.091 4 1
157 10 0.668 4 0
33 10 0.150 4 1
42 70 0.230 4 0
51 22 0.307 4 2
230 10 1.243 4 1
73 70 0.233 4 3
29 100 0.123 4 0
186 10 0.596 4 0
63 100 0.350 4 1
52 30 0.194 4 0
168 100 0.727 4 0
154 15 0.457 4 3
47 30 0.244 4 0
100 30 0.353 4 0
127 40 0.492 4 0
108 5 0.446 4 0
80 30 0.268 4 0
187 22 0.670 4 2
