10 30 0.032 0 2
16 22 0.106 0 1
32 5 0.139 0 2
57 15 0.297 0 2
72 10 0.341 0 2
75 40 0.311 0 2
52 10 0.194 0 2
166 70 0.709 0 2
12 22 0.049 0 1
315 100 1.061 0 2
38 5 0.178 0 1
34 70 0.124 0 1
276 15 0.821 0 1
65 22 0.205 0 2
10 22 0.034 0 2
181 100 0.830 0 2
241 22 1.331 0 1
60 22 0.182 0 1
32 40 0.143 0 2
65 70 0.223 0 2
38 100 0.126 0 2
56 22 0.264 0 2
29 52 0.094 0 2
70 30 0.359 0 2
14 10 0.042 0 1
94 52 0.402 0 1
54 10 0.203 0 2
166 52 0.643 0 2
62 22 0.237 0 2
16 22 0.068 0 1
10 10 0.066 0 2
202 70 0.902 0 2
34 40 0.104 0 1
36 70 0.119 0 2
71 30 0.237 0 2
12 70 0.047 0 2
21 30 0.071 0 2
50 5 0.236 0 1
145 52 0.507 0 1
28 100 0.131 0 2
54 5 0.243 0 2
67 40 0.383 0 2
13 5 0.055 0 2
16 70 0.065 0 1
148 70 0.871 0 1
12 10 0.047 0 1
128 10 0.707 0 2
39 100 0.119 0 1
60 10 0.195 0 2
63 100 0.332 0 2
179 52 1.017 0 2
50 70 0.161 0 2
12 52 0.036 0 1
47 15 0.272 0 1
10 52 0.046 0 2
25 22 0.081 0 2
124 100 0.752 0 2
26 40 0.089 0 1
16 15 0.047 0 1
69 70 0.463 0 2
99 100 0.365 0 1
39 22 0.183 0 1
43 30 0.141 0 1
195 5 1.005 0 2
25 15 0.081 0 1
37 40 0.240 0 2
62 15 0.332 0 2
87 52 0.366 0 1
11 10 0.059 0 2
228 5 1.253 0 2
162 22 0.689 0 1
33 70 0.209 0 2
15 40 0.071 0 2
288 10 0.850 0 2
55 10 0.204 0 1
18 100 0.060 0 2
32 100 0.193 0 2
59 22 0.243 0 2
284 100 1.052 0 2
14 100 0.057 0 2
34 22 0.116 0 1
17 40 0.114 0 2
192 10 1.178 0 2
44 10 0.183 0 2
157 100 0.466 0 2
17 30 0.052 0 1
13 22 0.085 0 2
167 40 0.488 0 1
159 30 0.631 0 2
15 15 0.059 0 1
13 10 0.058 0 2
15 70 0.087 0 2
134 22 0.580 0 1
196 5 0.760 0 2
51 5 0.202 0 2
116 10 0.614 0 1
24 15 0.157 0 1
111 70 0.360 0 2
39 100 0.130 0 2
111 10 0.368 0 1
20 10 0.108 0 2
305 70 1.101 0 2
16 100 0.064 0 2
156 22 0.584 0 2
166 30 0.506 0 2
11 40 0.047 0 2
12 10 0.049 0 1
37 22 0.148 0 1
36 100 0.135 0 1
12 10 0.075 0 1
18 5 0.105 0 1
17 100 0.076 0 1
110 10 0.368 0 2
12 100 0.077 0 1
28 10 0.118 0 1
167 15 1.050 0 1
17 100 0.106 0 2
20 70 0.078 0 2
37 70 0.138 0 1
33 5 0.100 0 2
30 30 0.098 0 2
73 15 0.313 0 1
13 5 0.052 0 2
24 70 0.126 0 1
190 52 0.683 0 2
38 5 0.172 0 2
170 10 0.664 0 1
68 5 0.327 0 2
47 15 0.153 0 2
15 70 0.094 0 2
86 15 0.551 0 1
167 10 0.623 0 2
31 70 0.097 0 2
241 30 1.310 0 1
307 10 1.274 0 2
18 10 0.071 0 2
66 15 0.218 0 2
157 22 1.061 0 2
64 52 0.364 0 1
69 22 0.230 0 2
131 70 0.385 0 1
38 5 0.167 0 1
142 40 0.542 0 2
106 22 0.356 0 2
319 52 1.236 0 1
17 40 0.062 0 2
28 15 0.145 0 1
136 52 0.673 0 1
49 30 0.145 0 2
186 10 0.557 0 1
145 10 0.449 0 1
162 5 0.561 0 2
120 30 0.496 0 2
26 70 0.146 0 2
23 15 0.070 0 2
13 15 0.088 0 2
97 10 0.289 0 2
57 30 0.358 0 1
66 30 0.238 0 2
16 100 0.056 0 1
10 40 0.042 0 1
290 5 0.866 0 2
10 52 0.035 0 2
35 10 0.107 0 2
16 30 0.053 0 1
48 22 0.197 0 2
21 22 0.063 0 1
17 10 0.062 0 1
10 10 0.039 0 2
88 22 0.431 0 2
154 5 0.951 0 2
10 5 0.061 0 1
161 5 0.649 0 2
117 70 0.373 0 1
15 30 0.079 0 2
11 15 0.047 0 2
21 15 0.080 0 2
112 30 0.336 0 2
32 100 0.116 0 1
149 70 0.562 0 2
100 30 0.368 0 2
18 100 0.059 0 2
16 22 0.064 0 2
13 30 0.058 0 1
18 52 0.083 0 1
36 5 0.228 0 1
79 22 0.244 0 1
330 100 1.162 0 2
13 22 0.051 0 2
37 10 0.149 0 1
14 40 0.086 0 1
42 70 0.211 0 1
10 100 0.046 0 2
65 40 0.199 0 2
92 22 0.277 0 1
16 52 0.106 0 1
68 70 0.203 0 2
158 22 0.465 0 2
28 10 0.099 0 1
17 100 0.075 0 1
153 52 0.607 0 2
39 70 0.182 0 2
15 10 0.051 0 1
24 30 0.071 0 1
146 100 0.455 0 1
44 22 0.289 0 1
25 100 0.086 0 2
155 15 0.912 0 1
97 100 0.402 0 2
60 5 0.201 0 1
145 22 0.607 0 2
18 15 0.089 0 1
112 5 0.596 0 2
22 5 0.067 0 1
82 22 0.309 0 1
187 10 0.548 0 2
12 30 0.039 0 1
53 100 0.216 0 2
61 70 0.213 0 1
144 30 0.661 0 2
74 100 0.271 0 1
130 100 0.432 0 1
171 30 0.504 0 2
272 100 0.814 0 1
22 40 0.100 0 2
17 22 0.054 0 1
243 52 1.168 0 2
23 40 0.085 0 2
43 5 0.163 0 1
15 15 0.056 0 1
28 52 0.144 0 2
65 5 0.361 0 1
155 100 0.453 0 2
59 52 0.292 0 2
10 30 0.032 0 2
199 40 0.663 0 1
120 40 0.606 0 1
31 100 0.148 0 2
35 30 0.150 0 2
19 15 0.113 0 2
123 30 0.411 0 1
101 15 0.363 0 2
45 15 0.143 0 2
13 40 0.046 0 1
15 30 0.053 0 1
38 22 0.239 0 2
26 52 0.144 0 2
43 30 0.213 0 1
184 10 0.730 0 1
45 52 0.197 0 1
19 30 0.079 0 2
78 30 0.282 0 2
18 40 0.058 0 1
27 15 0.112 0 2
127 30 0.555 0 2
63 30 0.299 0 2
56 52 0.279 0 1
197 52 0.625 0 1
98 22 0.524 0 2
13 52 0.038 0 1
17 52 0.056 0 1
38 52 0.193 0 2
45 40 0.274 0 1
35 15 0.125 0 2
48 40 0.245 0 1
162 5 0.806 0 2
44 70 0.190 0 1
43 15 0.217 0 1
18 100 0.070 0 2
120 30 0.774 0 1
31 52 0.174 0 1
54 70 0.182 0 2
82 15 0.243 0 2
294 100 1.670 0 1
43 15 0.198 0 2
36 10 0.105 0 2
16 30 0.051 0 2
302 10 1.307 0 2
197 22 1.000 0 1
43 22 0.181 0 2
17 22 0.055 0 2
38 10 0.176 0 2
71 52 0.418 0 2
36 5 0.161 0 1
105 52 0.449 0 2
61 52 0.217 0 1
14 30 0.054 0 2
126 30 0.737 0 2
15 70 0.057 0 1
11 100 0.035 0 1
102 5 0.388 0 1
145 40 0.736 0 1
33 52 0.146 0 2
174 100 0.787 0 2
11 40 0.033 0 1
27 22 0.088 0 1
49 70 0.263 0 1
24 30 0.093 0 2
337 70 2.119 0 2
19 100 0.084 0 2
58 22 0.235 0 2
276 30 1.136 0 2
182 100 0.768 0 2
186 40 0.912 0 2
185 40 0.734 0 2
19 30 0.081 0 1
173 100 0.541 0 2
38 52 0.155 0 1
14 15 0.049 0 2
65 100 0.348 0 2
27 70 0.136 0 2
18 30 0.113 0 1
51 40 0.222 0 2
245 52 1.094 0 2
25 5 0.109 0 2
34 5 0.184 0 1
54 100 0.290 0 1
171 10 0.624 0 1
331 100 2.031 0 2
30 100 0.200 0 2
88 52 0.530 0 1
235 40 1.516 0 1
32 10 0.143 0 1
29 100 0.147 0 2
18 22 0.059 0 1
45 40 0.134 0 2
32 100 0.201 0 1
12 100 0.078 0 1
17 100 0.071 0 1
73 30 0.365 0 1
29 100 0.103 0 1
38 100 0.150 0 1
65 100 0.211 0 1
256 70 1.249 0 2
303 40 1.772 0 2
10 22 0.033 0 2
38 5 0.118 0 2
15 40 0.060 0 1
30 10 0.102 0 1
13 70 0.052 0 1
61 100 0.311 0 2
198 5 0.747 0 1
12 70 0.043 0 2
328 70 1.600 0 1
28 70 0.087 0 1
229 5 0.979 0 1
328 40 1.812 0 1
137 22 0.606 0 2
10 40 0.039 0 1
130 100 0.699 0 2
19 40 0.077 0 1
35 40 0.115 0 1
45 10 0.280 0 1
13 10 0.043 0 1
33 5 0.202 0 2
26 30 0.154 0 2
108 15 0.603 0 2
140 22 0.467 1 0
44 52 0.204 1 2
28 40 0.149 1 0
51 22 0.212 1 0
12 52 0.071 1 0
153 15 0.722 1 2
96 5 0.421 1 2
115 70 0.578 1 0
10 40 0.048 1 0
19 70 0.069 1 0
32 40 0.142 1 2
15 70 0.079 1 2
17 22 0.074 1 2
117 40 0.362 1 0
97 52 0.638 1 0
23 40 0.133 1 2
121 15 0.691 1 2
52 5 0.152 1 0
101 70 0.402 1 0
14 40 0.071 1 2
79 30 0.286 1 0
284 40 0.830 1 0
42 30 0.175 1 0
77 100 0.292 1 0
213 40 1.039 1 0
33 100 0.206 1 2
121 22 0.517 1 0
32 40 0.144 1 0
69 30 0.218 1 2
13 52 0.056 1 0
13 22 0.064 1 0
152 5 0.472 1 0
69 70 0.252 1 0
16 30 0.072 1 2
141 30 0.429 1 0
23 40 0.112 1 2
12 70 0.047 1 0
36 52 0.195 1 0
285 70 0.947 1 2
19 40 0.065 1 0
14 22 0.045 1 0
133 22 0.652 1 0
26 40 0.090 1 2
150 70 0.794 1 2
20 100 0.072 1 0
108 52 0.328 1 0
11 40 0.043 1 2
10 5 0.030 1 0
39 5 0.168 1 0
42 70 0.154 1 0
19 22 0.061 1 2
170 40 0.509 1 0
51 70 0.176 1 0
62 70 0.369 1 0
101 5 0.510 1 0
128 100 0.800 1 0
95 70 0.328 1 0
175 5 0.941 1 0
18 70 0.089 1 0
146 22 0.652 1 0
73 15 0.369 1 0
77 40 0.423 1 0
66 10 0.235 1 2
35 52 0.165 1 0
141 52 0.502 1 0
19 40 0.062 1 0
126 52 0.636 1 0
164 70 0.781 1 0
15 5 0.051 1 0
36 100 0.171 1 2
24 30 0.156 1 0
18 10 0.069 1 0
37 40 0.233 1 0
185 22 0.811 1 0
183 5 1.011 1 0
278 100 0.930 1 0
35 15 0.155 1 0
61 100 0.229 1 0
24 15 0.096 1 0
27 5 0.108 1 0
15 22 0.067 1 0
141 70 0.675 1 0
10 5 0.036 1 2
18 10 0.110 1 2
10 30 0.048 1 2
84 52 0.433 1 0
18 70 0.090 1 2
58 15 0.331 1 0
63 100 0.202 1 0
12 52 0.041 1 0
42 5 0.165 1 0
14 40 0.086 1 0
34 52 0.177 1 0
85 40 0.341 1 0
130 10 0.647 1 2
17 22 0.104 1 0
140 5 0.741 1 0
305 70 0.930 1 2
66 52 0.197 1 2
59 100 0.378 1 0
111 15 0.391 1 0
38 100 0.233 1 2
269 40 1.051 1 0
217 10 1.048 1 0
77 22 0.273 1 0
105 15 0.536 1 2
91 5 0.286 1 2
34 70 0.184 1 0
63 70 0.382 1 0
66 30 0.249 1 2
61 15 0.394 1 0
110 30 0.414 1 0
30 100 0.189 1 0
15 10 0.063 1 0
221 30 0.822 1 0
170 15 0.697 1 0
79 70 0.385 1 2
90 10 0.304 1 0
36 30 0.111 1 0
11 5 0.033 1 0
18 100 0.099 1 0
260 100 1.140 1 0
48 52 0.229 1 0
33 22 0.147 1 0
61 30 0.198 1 0
48 15 0.264 1 0
15 22 0.074 1 2
61 70 0.247 1 2
54 52 0.189 1 2
21 15 0.080 1 2
56 15 0.239 1 0
70 52 0.352 1 2
45 70 0.169 1 0
48 10 0.173 1 0
75 22 0.335 1 0
18 100 0.069 1 2
32 30 0.114 1 0
18 70 0.076 1 0
191 15 0.737 1 0
104 52 0.698 1 2
18 40 0.062 1 0
258 10 1.265 1 2
28 22 0.126 1 0
149 10 0.467 1 0
57 5 0.297 1 2
13 5 0.052 1 2
24 10 0.102 1 2
119 40 0.358 1 2
108 52 0.379 1 0
36 30 0.140 1 2
27 15 0.112 1 2
22 100 0.137 1 0
45 15 0.153 1 2
31 5 0.109 1 0
178 10 1.023 1 0
38 52 0.118 1 0
34 15 0.167 1 0
58 52 0.203 1 2
24 40 0.077 1 0
67 5 0.290 1 2
198 30 0.888 1 0
25 100 0.126 1 2
35 15 0.145 1 0
39 15 0.174 1 0
16 15 0.059 1 0
10 40 0.031 1 0
16 40 0.064 1 2
12 5 0.055 1 0
71 40 0.452 1 0
67 10 0.358 1 2
18 40 0.114 1 0
124 5 0.596 1 0
51 5 0.155 1 2
47 30 0.213 1 2
32 70 0.103 1 0
69 40 0.345 1 0
76 15 0.500 1 0
21 10 0.102 1 2
79 10 0.343 1 0
70 40 0.265 1 0
50 70 0.321 1 0
89 100 0.299 1 0
66 100 0.359 1 0
36 22 0.188 1 2
22 10 0.071 1 0
10 70 0.037 1 0
248 10 1.042 1 0
49 100 0.164 1 0
166 52 0.748 1 0
63 30 0.284 1 0
40 52 0.135 1 2
11 10 0.040 1 0
39 15 0.228 1 2
37 15 0.128 1 0
14 15 0.070 1 0
13 22 0.040 1 0
64 22 0.248 1 2
20 70 0.122 1 0
185 40 0.845 1 0
33 40 0.190 1 0
21 100 0.071 1 0
63 10 0.272 1 2
43 40 0.285 1 0
225 30 1.014 1 0
50 22 0.266 1 0
118 10 0.468 1 0
208 30 1.156 1 0
161 22 0.508 1 2
19 100 0.107 1 0
79 70 0.242 1 0
22 30 0.065 1 0
17 52 0.063 1 0
34 5 0.128 1 0
147 40 0.487 1 2
11 22 0.047 1 0
24 5 0.108 1 0
10 10 0.030 1 0
69 10 0.216 1 0
34 100 0.123 1 2
119 5 0.578 1 2
16 10 0.085 1 0
56 52 0.373 1 0
20 5 0.073 1 0
42 52 0.220 1 2
27 5 0.083 1 0
97 15 0.443 1 2
291 70 0.864 1 2
19 10 0.085 1 2
20 15 0.061 1 0
51 5 0.173 1 0
107 30 0.440 1 0
15 5 0.046 1 0
33 22 0.114 1 2
123 15 0.820 1 2
31 15 0.102 1 2
117 15 0.547 1 2
269 52 0.903 1 0
210 100 0.769 1 0
58 70 0.191 1 0
119 100 0.661 1 0
163 52 0.694 1 0
37 40 0.129 1 2
127 10 0.476 1 2
56 15 0.275 1 0
30 40 0.087 1 0
77 30 0.228 1 0
16 40 0.047 1 0
154 5 0.498 1 0
14 15 0.056 1 0
15 70 0.076 1 2
208 22 0.904 1 0
145 22 0.465 1 2
31 40 0.146 1 2
21 40 0.068 1 0
235 100 0.951 1 0
13 52 0.067 1 2
44 5 0.259 1 2
76 5 0.270 1 0
255 22 1.128 1 0
66 52 0.237 1 0
76 70 0.234 1 2
13 5 0.044 1 2
41 5 0.190 1 0
89 10 0.403 1 0
37 30 0.176 1 0
34 30 0.157 1 2
18 5 0.110 1 0
43 52 0.145 1 0
50 100 0.287 1 2
13 100 0.052 1 2
130 5 0.439 1 0
228 70 1.246 1 0
144 40 0.483 1 2
25 22 0.085 1 0
12 10 0.067 1 2
52 30 0.344 1 0
171 30 0.818 1 0
12 70 0.048 1 2
18 22 0.116 1 0
53 52 0.155 1 2
186 100 0.559 1 0
52 30 0.325 1 2
125 22 0.514 1 0
320 5 1.488 1 0
80 30 0.367 1 0
111 30 0.416 1 2
132 52 0.487 1 0
11 15 0.072 1 0
53 10 0.195 1 2
259 100 1.599 1 2
19 100 0.110 1 0
216 100 0.850 1 0
118 100 0.524 1 0
34 15 0.160 1 0
138 30 0.687 1 2
41 10 0.141 1 2
11 5 0.037 1 2
104 100 0.340 1 0
34 5 0.126 1 2
186 10 0.705 1 0
11 70 0.038 1 0
12 70 0.056 1 0
10 15 0.033 1 0
197 22 0.904 1 0
25 30 0.097 1 0
17 10 0.084 1 2
52 70 0.173 1 2
19 10 0.075 1 0
46 100 0.160 1 2
129 40 0.782 1 0
13 5 0.040 1 0
44 5 0.169 1 0
52 100 0.184 1 2
189 70 0.573 1 0
17 15 0.071 1 0
110 22 0.385 1 0
16 30 0.060 1 0
26 30 0.129 1 2
11 100 0.050 1 0
189 5 0.578 1 2
102 30 0.347 1 0
106 52 0.309 1 0
85 15 0.570 1 0
55 70 0.210 1 0
123 22 0.461 1 0
193 22 1.206 1 2
14 5 0.093 1 0
15 22 0.044 1 0
17 52 0.054 1 2
78 40 0.280 1 0
56 40 0.179 1 2
57 15 0.243 1 0
11 10 0.064 1 0
44 22 0.213 1 0
176 15 0.533 1 2
173 70 1.036 1 0
10 40 0.042 1 0
33 40 0.130 1 0
332 10 0.976 1 2
17 5 0.070 1 0
27 100 0.116 1 2
49 30 0.186 1 0
116 40 0.550 1 0
16 52 0.096 1 0
30 22 0.111 1 2
138 10 0.417 1 0
149 52 0.479 1 0
14 30 0.061 1 0
14 40 0.049 1 0
14 70 0.061 1 0
133 5 0.743 1 2
149 5 0.540 1 2
53 30 0.221 1 2
38 40 0.184 1 0
130 22 0.393 1 0
73 15 0.358 1 2
165 52 0.514 1 0
21 40 0.070 1 0
25 40 0.078 1 0
50 40 0.265 1 0
22 10 0.081 1 0
15 70 0.072 1 0
211 52 0.649 1 0
20 100 0.118 1 0
18 22 0.059 1 0
24 22 0.121 1 2
11 52 0.046 1 0
23 22 0.119 1 2
12 22 0.071 1 0
98 70 0.510 1 0
153 30 0.567 1 0
112 52 0.612 1 0
45 52 0.154 1 2
20 15 0.074 1 0
291 15 0.942 1 0
78 22 0.339 1 0
47 10 0.146 1 0
11 100 0.036 1 2
76 40 0.270 1 2
11 70 0.036 1 0
183 40 0.654 1 0
90 30 0.352 1 0
41 100 0.270 1 0
211 100 1.122 1 0
207 15 0.657 2 0
32 10 0.156 2 0
22 15 0.073 2 0
155 22 0.494 2 0
86 100 0.503 2 1
222 40 0.774 2 0
101 100 0.453 2 0
18 10 0.068 2 1
61 5 0.307 2 0
79 30 0.338 2 0
18 10 0.079 2 1
338 15 1.543 2 1
30 52 0.121 2 0
299 70 1.823 2 0
192 100 0.960 2 1
18 10 0.074 2 1
13 22 0.062 2 1
19 40 0.065 2 0
33 40 0.108 2 1
13 5 0.077 2 0
169 15 0.845 2 0
53 10 0.199 2 1
12 70 0.057 2 0
37 5 0.154 2 0
11 10 0.057 2 0
51 40 0.327 2 0
94 5 0.286 2 1
36 5 0.108 2 1
76 5 0.315 2 0
339 22 1.206 2 0
40 15 0.153 2 1
53 40 0.299 2 1
57 70 0.170 2 0
22 22 0.068 2 1
63 30 0.259 2 0
13 10 0.042 2 1
16 30 0.096 2 0
26 40 0.085 2 0
26 40 0.084 2 0
10 10 0.037 2 0
17 70 0.060 2 0
16 52 0.060 2 1
36 100 0.151 2 1
14 52 0.050 2 0
47 10 0.193 2 0
47 10 0.272 2 1
176 30 0.863 2 0
26 40 0.100 2 1
158 22 0.823 2 1
15 10 0.075 2 1
16 100 0.075 2 0
55 15 0.167 2 0
120 10 0.388 2 1
10 30 0.035 2 0
292 52 1.136 2 0
160 70 0.865 2 0
12 70 0.054 2 1
183 30 0.534 2 1
96 52 0.527 2 1
63 10 0.394 2 1
55 52 0.189 2 0
20 15 0.081 2 0
26 52 0.091 2 0
262 22 1.588 2 0
45 10 0.283 2 1
85 15 0.574 2 0
223 52 1.458 2 1
33 100 0.113 2 0
85 10 0.390 2 0
22 100 0.107 2 0
18 22 0.064 2 1
38 22 0.174 2 1
10 10 0.032 2 0
16 100 0.049 2 0
48 52 0.178 2 1
68 40 0.374 2 0
214 100 0.656 2 0
14 10 0.068 2 0
40 52 0.166 2 0
31 30 0.143 2 0
184 70 0.543 2 0
192 22 0.814 2 0
13 70 0.042 2 0
257 52 1.158 2 1
25 52 0.094 2 1
77 40 0.414 2 0
266 10 0.887 2 0
51 22 0.188 2 1
22 40 0.134 2 1
39 40 0.159 2 0
53 70 0.158 2 0
15 52 0.081 2 0
23 30 0.092 2 1
170 30 1.018 2 0
24 10 0.101 2 1
99 30 0.332 2 1
68 70 0.349 2 1
11 30 0.067 2 0
183 70 0.851 2 1
100 52 0.413 2 1
77 5 0.374 2 0
23 22 0.095 2 0
35 100 0.170 2 1
55 40 0.249 2 0
14 52 0.047 2 0
13 22 0.062 2 1
59 70 0.378 2 1
19 70 0.062 2 0
18 30 0.057 2 0
49 22 0.224 2 0
17 15 0.070 2 1
78 70 0.318 2 1
17 5 0.109 2 0
100 5 0.457 2 1
17 70 0.066 2 0
199 22 0.686 2 0
10 5 0.035 2 1
21 52 0.067 2 0
17 10 0.081 2 0
29 52 0.195 2 0
145 52 0.801 2 0
12 70 0.053 2 1
18 15 0.107 2 0
16 22 0.073 2 0
134 70 0.740 2 0
17 10 0.099 2 1
73 22 0.270 2 1
32 40 0.187 2 0
46 30 0.237 2 1
39 100 0.117 2 1
96 52 0.296 2 0
110 10 0.601 2 0
16 100 0.064 2 0
147 70 0.662 2 1
198 10 1.100 2 0
15 100 0.048 2 0
19 5 0.064 2 0
34 100 0.102 2 0
88 15 0.327 2 0
108 5 0.432 2 1
10 15 0.032 2 1
90 15 0.437 2 0
13 10 0.061 2 0
71 70 0.232 2 1
76 10 0.455 2 0
299 22 1.689 2 0
206 30 0.636 2 0
22 100 0.133 2 0
81 52 0.332 2 0
12 15 0.037 2 0
24 52 0.122 2 0
262 15 1.480 2 0
24 30 0.089 2 0
13 5 0.044 2 0
118 70 0.413 2 1
17 22 0.070 2 0
39 30 0.114 2 0
18 70 0.056 2 0
26 52 0.088 2 1
39 40 0.152 2 0
270 15 0.975 2 1
117 40 0.506 2 0
11 22 0.065 2 0
75 5 0.220 2 0
13 10 0.042 2 0
51 30 0.163 2 0
290 15 1.133 2 0
196 10 0.576 2 0
24 15 0.154 2 0
31 22 0.148 2 0
240 40 0.899 2 0
37 100 0.200 2 0
79 30 0.436 2 1
13 30 0.043 2 0
10 100 0.029 2 1
17 30 0.060 2 0
82 15 0.506 2 0
59 40 0.226 2 0
339 30 1.169 2 0
14 40 0.052 2 0
11 52 0.039 2 0
51 100 0.311 2 0
53 100 0.270 2 1
20 70 0.105 2 0
10 52 0.061 2 0
119 5 0.384 2 0
283 22 1.236 2 0
81 15 0.453 2 1
33 5 0.100 2 1
86 30 0.332 2 1
150 10 0.466 2 1
140 5 0.442 2 0
172 10 0.537 2 0
77 52 0.450 2 1
10 100 0.041 2 1
97 22 0.447 2 1
19 15 0.059 2 1
41 30 0.123 2 1
290 10 0.871 2 1
20 15 0.077 2 0
15 30 0.048 2 1
226 15 0.890 2 0
14 30 0.077 2 0
29 22 0.086 2 0
25 10 0.127 2 0
30 10 0.096 2 0
33 22 0.101 2 1
12 5 0.071 2 0
320 15 1.808 2 0
250 22 1.179 2 0
39 5 0.152 2 1
13 15 0.040 2 0
13 10 0.058 2 0
14 52 0.083 2 1
45 22 0.162 2 1
26 10 0.080 2 0
16 100 0.102 2 0
163 22 0.560 2 1
11 10 0.039 2 1
71 15 0.394 2 0
39 100 0.193 2 1
181 30 0.704 2 0
10 10 0.038 2 1
35 70 0.169 2 0
39 10 0.173 2 1
13 10 0.084 2 0
37 40 0.111 2 0
144 5 0.468 2 1
29 100 0.109 2 1
28 100 0.086 2 0
240 22 1.057 2 1
32 22 0.147 2 0
49 100 0.183 2 0
78 100 0.438 2 0
178 40 0.524 2 1
28 70 0.125 2 1
339 30 1.034 2 0
11 70 0.073 2 1
22 15 0.100 2 0
45 52 0.283 2 0
32 5 0.098 2 0
63 100 0.339 2 1
72 40 0.424 2 0
102 100 0.304 2 0
17 15 0.052 2 0
19 10 0.077 2 0
10 70 0.043 2 1
174 30 0.592 2 0
66 30 0.304 2 1
310 5 1.483 2 0
45 22 0.156 2 0
18 40 0.115 2 1
111 30 0.417 2 0
22 10 0.075 2 1
27 100 0.181 2 0
294 22 0.862 2 0
207 10 0.633 2 0
31 100 0.152 2 1
56 5 0.179 2 1
80 10 0.293 2 0
16 70 0.050 2 1
110 70 0.438 2 0
18 10 0.091 2 1
72 15 0.222 2 1
163 30 0.558 2 0
29 22 0.147 2 0
54 52 0.284 2 1
119 5 0.442 2 1
39 52 0.176 2 0
12 52 0.060 2 0
26 5 0.116 2 1
36 30 0.157 2 1
18 10 0.058 2 0
32 10 0.104 2 0
21 15 0.099 2 0
44 15 0.179 2 0
64 40 0.204 2 0
62 15 0.263 2 0
35 70 0.178 2 0
15 15 0.050 2 0
52 70 0.154 2 0
28 40 0.126 2 0
60 5 0.179 2 0
58 52 0.211 2 0
27 30 0.126 2 0
175 40 0.526 2 0
120 10 0.462 2 0
107 100 0.480 2 1
15 52 0.082 2 1
10 70 0.053 2 0
26 5 0.123 2 1
113 30 0.653 2 0
18 22 0.102 2 0
70 70 0.326 2 0
169 5 0.977 2 0
13 70 0.076 2 0
60 100 0.188 2 0
71 100 0.262 2 1
94 52 0.540 2 1
14 10 0.064 2 0
73 5 0.273 2 0
92 10 0.526 2 0
51 5 0.199 2 0
79 5 0.367 2 0
144 52 0.804 2 0
11 70 0.055 2 0
142 52 0.500 2 0
84 5 0.364 2 0
11 30 0.045 2 0
47 40 0.167 2 0
71 15 0.420 2 1
75 70 0.307 2 0
60 22 0.200 2 0
94 70 0.400 2 1
74 30 0.277 2 1
102 52 0.310 2 0
72 100 0.377 2 1
18 15 0.089 2 0
116 5 0.695 2 0
15 5 0.048 2 1
17 10 0.089 2 1
150 100 0.661 2 0
19 40 0.081 2 1
176 30 0.577 2 0
74 10 0.285 2 1
22 70 0.069 2 0
160 5 0.982 2 0
13 15 0.049 2 0
79 70 0.319 2 0
39 40 0.133 2 1
16 52 0.052 2 0
202 5 0.692 2 0
22 30 0.066 2 0
65 40 0.237 2 1
12 70 0.061 2 0
62 70 0.365 2 0
100 40 0.610 2 0
93 52 0.503 2 0
113 22 0.635 2 0
189 52 0.559 2 0
19 10 0.076 2 1
12 40 0.066 2 0
185 70 0.885 2 0
24 10 0.083 2 0
36 5 0.140 2 0
21 15 0.068 2 0
31 5 0.097 2 0
46 22 0.250 2 0
27 30 0.085 2 0
10 22 0.061 2 0
48 5 0.274 2 0
18 100 0.056 2 1
114 10 0.675 2 0
14 22 0.041 2 0
95 30 0.277 2 0
24 100 0.089 2 0
51 100 0.300 2 0
43 5 0.155 2 1
47 100 0.187 2 0
184 40 0.561 2 1
42 5 0.195 2 1
36 70 0.146 2 0
16 100 0.058 2 0
14 10 0.077 2 1
140 100 0.468 2 0
69 5 0.352 2 1
32 40 0.097 2 0
31 10 0.147 2 0
79 5 0.336 2 0
19 40 0.066 2 0
147 70 0.665 2 1
37 22 0.197 2 0
14 15 0.051 2 0
73 30 0.338 2 1
192 5 1.255 2 1
10 100 0.031 2 0
152 30 0.889 2 0
37 30 0.120 2 0
18 52 0.069 2 0
19 52 0.073 2 0
210 22 0.963 2 0
18 15 0.084 2 0
18 15 0.061 2 0
29 15 0.102 2 0
36 52 0.162 2 1
35 15 0.177 2 0
121 52 0.412 2 0
33 70 0.176 2 1
25 22 0.088 2 1
143 40 0.668 2 0
57 70 0.224 2 0
