161 15 0.982 0 1
23 52 0.128 0 2
164 15 0.594 0 2
25 15 0.139 0 1
28 100 0.105 0 2
49 15 0.207 0 1
162 100 0.523 0 2
37 10 0.121 0 1
170 30 0.594 0 2
87 52 0.282 0 1
141 22 0.762 0 2
40 22 0.191 0 2
199 100 0.877 0 2
74 30 0.277 0 2
79 52 0.325 0 1
190 22 0.798 0 2
36 52 0.121 0 1
55 15 0.205 0 2
18 52 0.061 0 2
11 22 0.054 0 1
12 5 0.047 0 1
74 15 0.272 0 2
14 5 0.089 0 2
137 15 0.461 0 1
27 70 0.082 0 1
68 15 0.263 0 2
51 100 0.233 0 1
37 5 0.192 0 2
192 100 0.730 0 2
33 70 0.184 0 2
151 52 0.683 0 2
271 30 1.683 0 2
22 40 0.076 0 1
31 52 0.100 0 2
24 100 0.162 0 1
50 15 0.240 0 1
73 30 0.302 0 1
18 22 0.055 0 1
19 100 0.105 0 1
49 10 0.146 0 1
184 70 0.556 0 2
98 30 0.649 0 1
14 30 0.051 0 1
66 30 0.241 0 2
25 70 0.081 0 1
73 40 0.291 0 2
12 70 0.081 0 1
41 52 0.156 0 2
75 10 0.339 0 2
31 100 0.197 0 2
42 10 0.271 0 1
52 15 0.250 0 2
15 10 0.083 0 1
36 10 0.114 0 2
213 100 1.420 0 1
13 100 0.060 0 2
310 10 1.962 0 1
15 10 0.070 0 2
35 10 0.118 0 2
16 70 0.073 0 2
188 30 0.629 0 1
13 100 0.047 0 1
151 70 0.844 0 1
21 30 0.076 0 2
128 100 0.795 0 2
145 22 0.736 0 1
280 40 0.848 0 2
12 100 0.047 0 1
55 52 0.324 0 1
40 100 0.146 0 1
28 10 0.115 0 2
292 10 0.885 0 2
11 100 0.049 0 1
24 30 0.087 0 1
16 52 0.107 0 1
173 30 0.828 0 1
12 22 0.078 0 2
28 5 0.086 0 2
114 100 0.371 0 1
34 40 0.139 0 1
133 40 0.847 0 1
47 70 0.187 0 1
105 30 0.469 0 2
61 15 0.215 0 2
189 22 0.690 0 2
254 40 1.004 0 1
13 40 0.039 0 1
37 5 0.233 0 1
32 70 0.104 0 2
13 52 0.041 0 2
23 30 0.097 0 2
182 30 1.017 0 2
35 10 0.169 0 1
197 40 0.925 0 2
80 5 0.365 0 1
14 70 0.048 0 2
220 15 1.457 0 1
47 100 0.209 0 1
30 40 0.185 0 1
17 100 0.056 0 1
26 52 0.109 0 1
18 10 0.087 0 2
166 22 0.534 0 2
16 40 0.054 0 2
57 100 0.277 0 1
272 70 0.941 0 1
23 70 0.137 0 1
30 40 0.185 0 1
15 70 0.091 0 1
30 52 0.148 0 2
20 70 0.062 0 1
17 10 0.062 0 2
113 100 0.635 0 2
319 10 1.181 0 1
28 70 0.109 0 2
180 52 0.592 0 2
140 70 0.800 0 2
37 52 0.200 0 2
14 30 0.044 0 2
48 52 0.160 0 2
75 100 0.235 0 2
14 10 0.045 0 2
317 15 1.310 0 1
184 15 0.672 0 2
15 52 0.073 0 1
46 40 0.139 0 2
40 52 0.148 0 2
65 22 0.342 0 2
59 30 0.288 0 2
93 52 0.467 0 2
42 15 0.170 0 2
52 100 0.206 0 2
39 52 0.194 0 2
14 15 0.059 0 2
16 40 0.058 0 2
21 5 0.073 0 2
310 22 1.867 0 1
241 52 0.793 0 2
63 30 0.226 0 2
67 5 0.224 0 2
19 30 0.076 0 1
212 30 1.146 0 2
36 70 0.120 0 2
20 100 0.059 0 1
206 70 0.900 0 1
52 100 0.242 0 2
13 10 0.050 0 2
94 70 0.631 0 2
51 15 0.171 0 1
70 70 0.321 0 1
133 22 0.426 0 2
33 52 0.098 0 1
17 52 0.089 0 2
16 5 0.050 0 1
11 100 0.058 0 1
30 40 0.118 0 1
13 52 0.061 0 2
161 100 0.719 0 2
56 10 0.199 0 1
13 22 0.083 0 1
62 52 0.326 0 2
19 100 0.119 0 1
14 30 0.046 0 2
15 100 0.097 0 1
10 15 0.060 0 1
38 30 0.112 0 1
12 5 0.036 0 1
156 15 0.557 0 2
12 100 0.054 0 2
51 40 0.149 0 2
14 40 0.063 0 2
26 15 0.105 0 2
10 5 0.050 0 2
327 70 1.837 0 1
16 10 0.073 0 1
11 22 0.069 0 1
285 100 1.338 0 1
165 10 0.851 0 1
29 30 0.127 0 1
142 5 0.679 0 2
33 5 0.112 0 1
47 22 0.156 0 1
31 100 0.123 0 1
23 30 0.092 0 2
16 100 0.082 0 1
33 15 0.159 0 2
72 5 0.272 0 2
231 5 1.343 0 1
169 5 0.849 0 2
63 15 0.384 0 1
27 40 0.086 0 1
34 15 0.120 0 2
17 100 0.060 0 2
89 15 0.563 0 1
198 40 0.896 0 2
16 22 0.076 0 1
131 40 0.567 0 1
10 30 0.034 0 1
16 30 0.098 0 1
35 15 0.148 0 2
55 15 0.364 0 1
21 15 0.087 0 2
77 100 0.258 0 2
45 5 0.144 0 2
76 10 0.411 0 2
68 70 0.372 0 1
11 15 0.034 0 2
45 100 0.148 0 1
131 5 0.577 0 1
25 10 0.097 0 2
61 30 0.228 0 1
15 30 0.057 0 1
42 22 0.144 0 1
65 30 0.272 0 1
118 30 0.426 0 2
94 52 0.414 0 2
46 70 0.222 0 2
141 5 0.468 0 2
12 40 0.046 0 1
273 52 1.022 0 1
77 30 0.304 0 2
45 22 0.196 0 2
12 40 0.077 0 2
36 70 0.228 0 1
179 40 0.932 0 2
12 30 0.050 0 2
160 15 0.506 0 2
64 70 0.221 0 1
232 5 1.055 0 2
19 30 0.065 0 2
19 5 0.073 0 2
34 40 0.101 0 2
177 30 0.590 0 2
195 40 0.819 0 1
19 40 0.092 0 1
18 40 0.085 0 1
27 15 0.160 0 1
114 10 0.671 0 2
18 70 0.077 0 1
47 30 0.178 0 2
10 70 0.042 0 1
64 30 0.195 0 2
24 22 0.084 0 2
35 22 0.138 0 2
59 40 0.182 0 1
13 30 0.042 0 1
22 70 0.098 0 1
13 100 0.084 0 2
16 15 0.065 0 2
123 52 0.658 0 2
18 52 0.075 0 2
43 15 0.181 0 1
42 10 0.146 0 1
198 5 0.581 0 2
208 30 0.770 0 2
55 15 0.282 0 2
12 70 0.052 0 2
14 5 0.041 0 2
309 10 1.797 0 2
94 100 0.385 0 1
14 10 0.077 0 1
152 30 0.854 0 2
17 22 0.064 0 1
194 70 0.764 0 1
183 100 1.034 0 1
171 15 0.510 0 1
20 10 0.062 0 2
300 30 1.493 0 1
282 15 0.943 0 2
10 15 0.039 0 2
119 40 0.583 0 2
36 52 0.129 0 2
30 40 0.095 0 2
21 52 0.088 0 2
20 52 0.072 0 1
22 30 0.143 0 1
29 5 0.099 0 1
41 30 0.177 0 1
66 22 0.208 0 2
16 70 0.060 0 2
259 10 1.378 0 2
62 100 0.279 0 2
21 30 0.063 0 1
198 52 0.589 0 2
14 15 0.065 0 2
54 5 0.166 0 2
33 70 0.136 0 2
18 5 0.068 0 1
156 52 0.462 0 1
36 52 0.144 0 1
33 22 0.201 0 1
153 70 0.754 0 2
17 5 0.051 0 1
86 70 0.396 0 1
18 40 0.060 0 1
64 70 0.218 0 2
23 40 0.144 0 2
50 100 0.239 0 1
12 30 0.038 0 2
97 10 0.471 0 2
11 15 0.033 0 2
21 22 0.106 0 2
139 10 0.479 0 2
22 70 0.074 0 2
43 100 0.157 0 2
41 15 0.125 0 2
10 15 0.048 0 2
29 52 0.088 0 2
18 100 0.069 0 1
11 22 0.034 0 2
72 100 0.468 0 2
56 15 0.366 0 2
291 30 1.202 0 1
41 70 0.122 0 1
252 15 1.206 0 2
81 30 0.296 0 2
17 10 0.110 0 2
252 100 1.647 0 1
206 100 1.272 0 1
26 40 0.080 0 2
15 100 0.098 0 1
329 30 2.069 0 2
36 10 0.237 0 2
287 5 1.631 0 2
24 15 0.126 0 1
33 40 0.107 0 1
64 10 0.305 0 1
14 70 0.063 0 2
261 100 1.325 0 1
43 52 0.133 0 2
215 40 0.652 0 1
172 22 0.815 0 2
13 30 0.039 0 1
179 100 0.683 0 1
35 70 0.166 0 2
50 10 0.152 0 1
38 52 0.114 0 1
14 70 0.052 0 1
13 5 0.060 0 2
264 52 0.926 0 1
166 5 0.490 0 2
74 70 0.363 0 1
14 70 0.046 0 2
64 70 0.323 0 2
13 10 0.065 0 2
154 30 0.477 0 2
27 40 0.113 0 1
29 40 0.089 0 2
338 30 2.167 0 2
75 52 0.457 0 1
11 22 0.049 0 1
19 70 0.064 0 2
104 22 0.462 0 1
73 30 0.371 0 2
14 70 0.052 0 2
34 70 0.108 0 1
61 52 0.194 0 1
18 15 0.056 0 1
35 40 0.114 0 1
91 40 0.438 0 1
119 15 0.416 0 2
12 15 0.064 0 1
95 100 0.343 0 2
40 70 0.219 0 2
64 52 0.206 0 1
38 15 0.128 0 2
288 22 1.205 0 1
25 30 0.167 0 2
69 22 0.287 0 2
13 100 0.041 0 2
172 40 0.616 0 2
71 30 0.273 0 2
147 30 0.546 0 1
18 30 0.055 0 1
104 70 0.356 0 2
17 70 0.098 0 1
77 70 0.362 0 1
190 100 0.941 0 1
22 100 0.072 0 2
17 52 0.083 0 2
39 100 0.212 0 2
37 40 0.140 0 1
64 40 0.400 0 2
16 15 0.092 0 2
11 52 0.059 0 2
51 30 0.158 0 2
71 10 0.213 0 2
114 15 0.409 0 1
66 15 0.398 0 1
16 10 0.055 0 2
87 40 0.503 0 2
17 10 0.058 0 1
16 22 0.088 0 1
295 10 1.175 0 2
52 52 0.260 0 2
39 52 0.255 0 2
165 5 0.917 0 2
329 70 1.537 0 2
165 15 0.753 0 2
27 52 0.085 0 2
64 15 0.379 0 2
13 100 0.086 0 1
10 22 0.054 0 2
15 40 0.101 0 1
28 70 0.153 0 1
32 5 0.102 0 1
10 40 0.042 0 1
11 100 0.040 0 2
260 22 0.812 0 1
17 10 0.107 0 2
61 10 0.184 0 2
305 5 1.074 0 2
16 15 0.081 0 1
10 5 0.044 0 2
78 5 0.236 0 2
45 52 0.162 0 2
11 52 0.052 0 2
72 70 0.447 0 1
23 70 0.133 0 1
63 10 0.199 0 1
13 10 0.063 0 1
12 22 0.042 0 1
105 52 0.469 0 2
13 100 0.050 0 2
160 30 0.889 0 1
264 40 1.389 0 1
62 52 0.411 0 2
42 22 0.235 0 1
270 40 0.792 0 1
32 10 0.149 0 1
14 40 0.080 0 2
36 5 0.199 0 2
15 22 0.045 0 2
32 30 0.101 0 1
129 52 0.563 0 2
13 30 0.045 0 1
113 40 0.406 0 1
23 15 0.108 0 2
20 40 0.068 0 2
70 52 0.389 0 2
60 10 0.244 0 1
23 52 0.122 0 2
18 22 0.066 0 2
185 30 0.663 0 2
47 22 0.181 0 2
210 10 1.409 0 2
170 40 0.661 0 2
136 52 0.667 0 1
141 15 0.438 0 2
92 52 0.270 0 1
12 5 0.067 0 2
36 15 0.225 0 2
79 10 0.439 0 2
39 22 0.220 0 1
193 100 0.588 0 2
27 70 0.097 0 2
26 10 0.169 0 2
33 70 0.136 0 2
164 15 0.494 0 2
73 10 0.237 0 1
281 10 0.934 0 1
49 15 0.143 0 1
97 5 0.367 0 2
55 10 0.228 0 1
53 10 0.340 0 1
34 40 0.161 0 1
27 30 0.144 0 2
23 22 0.085 0 1
34 70 0.150 0 2
66 52 0.287 0 1
96 40 0.374 0 2
62 40 0.341 0 1
44 15 0.181 0 1
51 5 0.151 0 2
79 10 0.351 0 2
19 30 0.057 0 2
31 22 0.098 0 1
157 70 0.668 0 1
18 100 0.068 0 2
62 40 0.416 0 2
29 10 0.164 0 1
59 52 0.252 0 2
124 5 0.397 0 2
12 100 0.039 0 1
23 40 0.070 0 1
53 15 0.323 0 1
20 10 0.059 0 1
125 5 0.796 0 2
116 15 0.356 0 2
15 15 0.051 0 2
68 40 0.242 0 1
98 100 0.359 0 2
13 22 0.059 0 2
193 15 0.663 0 1
62 100 0.209 0 2
21 100 0.118 0 2
17 52 0.054 0 2
18 40 0.060 0 2
26 30 0.138 0 2
310 10 1.732 0 2
68 22 0.198 0 1
44 100 0.198 0 1
77 52 0.414 0 2
33 70 0.109 0 2
12 5 0.065 0 2
238 10 0.810 0 2
14 10 0.078 0 1
77 10 0.450 0 2
240 30 0.920 0 1
43 52 0.129 0 2
27 22 0.153 0 1
48 15 0.281 0 2
11 100 0.061 0 2
204 22 0.646 0 2
24 70 0.077 0 1
168 52 0.994 0 1
164 70 0.667 0 2
95 52 0.301 0 2
17 15 0.058 0 2
53 70 0.208 0 2
47 10 0.160 0 1
14 70 0.083 0 2
33 70 0.104 0 1
15 22 0.063 0 2
63 30 0.292 0 1
42 40 0.130 0 1
15 15 0.066 0 2
149 70 0.772 0 1
27 40 0.095 0 2
192 15 0.563 0 2
18 40 0.072 0 2
53 22 0.276 0 1
135 10 0.560 0 1
14 100 0.042 0 1
43 5 0.138 0 1
12 40 0.039 0 2
120 52 0.508 0 1
10 10 0.031 0 1
138 5 0.645 0 1
20 5 0.062 0 2
164 100 0.943 0 2
66 10 0.235 0 2
15 40 0.046 0 1
229 5 0.827 0 1
29 5 0.100 0 1
12 70 0.050 0 1
31 52 0.148 0 1
65 15 0.376 0 2
19 10 0.071 0 2
281 52 1.077 0 2
13 22 0.045 0 1
70 100 0.327 0 2
128 40 0.670 0 2
47 52 0.160 0 2
17 40 0.069 0 2
209 15 1.174 0 1
11 70 0.071 0 2
82 5 0.247 0 2
65 10 0.238 0 1
67 30 0.223 0 1
17 22 0.085 0 1
30 10 0.126 0 1
38 10 0.131 0 2
18 40 0.062 0 2
43 30 0.126 0 2
95 22 0.500 0 1
32 70 0.138 0 1
38 40 0.189 0 1
262 40 1.044 0 1
79 22 0.324 0 1
11 10 0.042 0 2
13 30 0.081 0 2
39 70 0.227 0 2
113 22 0.562 0 1
63 10 0.221 0 1
85 15 0.353 0 2
16 52 0.070 0 2
24 70 0.074 0 2
59 15 0.199 0 1
185 10 1.063 0 1
142 30 0.561 0 2
18 100 0.059 0 2
176 10 0.603 0 1
26 52 0.106 0 1
19 10 0.082 0 1
121 10 0.432 0 1
109 40 0.630 0 2
58 15 0.250 0 2
46 15 0.213 0 1
31 70 0.169 0 1
13 22 0.043 0 1
38 70 0.138 0 1
177 100 0.538 0 2
38 5 0.134 0 1
156 52 0.529 0 1
35 40 0.145 0 2
34 70 0.137 0 1
23 40 0.073 0 2
22 10 0.109 0 1
14 40 0.052 0 2
109 10 0.419 0 2
57 15 0.213 0 2
14 40 0.045 0 1
26 22 0.098 0 1
72 70 0.241 0 1
47 10 0.224 0 1
165 15 0.484 0 1
95 10 0.380 0 1
99 40 0.411 0 1
62 30 0.203 0 2
96 5 0.292 0 1
36 30 0.138 0 2
39 5 0.197 0 2
32 5 0.155 0 2
39 10 0.145 0 2
189 70 1.112 0 1
71 30 0.310 0 1
215 22 0.857 0 1
79 5 0.520 0 2
30 15 0.090 0 1
39 5 0.231 0 1
14 5 0.058 0 2
25 52 0.158 0 1
10 40 0.034 0 1
78 40 0.375 0 1
11 40 0.045 0 1
66 100 0.434 0 2
52 22 0.271 0 1
44 10 0.179 0 2
23 10 0.110 0 2
29 22 0.134 0 2
87 52 0.492 0 2
186 10 0.697 0 2
19 30 0.065 0 1
14 100 0.047 0 2
34 10 0.163 0 1
146 70 0.453 0 2
78 100 0.523 0 2
157 15 0.844 0 1
36 30 0.129 0 1
18 10 0.062 0 2
10 10 0.048 0 2
32 52 0.139 0 2
199 22 1.336 0 1
22 30 0.081 0 2
19 5 0.065 0 1
21 30 0.106 0 2
98 22 0.291 0 1
70 10 0.225 0 1
145 100 0.729 0 1
20 10 0.098 0 2
17 52 0.060 0 2
35 5 0.109 0 1
291 10 0.877 0 2
44 10 0.161 0 1
333 52 1.354 0 1
173 30 0.629 0 1
22 100 0.068 0 2
19 100 0.069 0 2
15 15 0.061 0 1
57 70 0.223 0 1
71 5 0.216 0 2
13 22 0.086 0 1
85 15 0.311 0 1
252 10 0.818 0 2
17 10 0.075 0 1
15 30 0.049 0 1
142 52 0.464 0 2
155 10 0.764 0 2
64 22 0.227 0 2
43 10 0.270 0 1
113 70 0.414 0 1
46 40 0.299 0 1
15 5 0.078 0 1
202 15 0.976 0 1
300 40 1.389 0 1
31 10 0.120 0 1
68 22 0.340 0 2
17 5 0.059 0 2
252 40 1.120 0 1
151 70 0.755 0 1
97 70 0.289 0 1
176 15 1.086 0 2
39 40 0.197 0 1
20 30 0.060 0 2
128 100 0.601 0 1
338 100 2.099 0 2
49 10 0.149 0 2
36 52 0.238 0 2
37 5 0.122 0 1
78 52 0.320 0 1
169 15 0.713 0 2
49 22 0.181 0 2
76 40 0.253 0 2
180 30 0.729 0 1
189 30 0.833 0 2
144 10 0.716 0 2
72 22 0.468 0 1
12 40 0.039 0 1
45 15 0.135 0 2
11 30 0.036 0 1
188 40 1.229 0 2
96 5 0.294 0 1
171 40 0.557 0 2
68 70 0.386 0 1
56 100 0.275 0 2
75 10 0.355 0 2
19 10 0.088 0 1
13 70 0.071 0 2
202 30 0.616 0 2
22 100 0.116 0 2
32 100 0.162 0 2
28 22 0.095 0 1
13 15 0.055 0 2
49 52 0.297 0 2
309 52 1.756 0 1
139 5 0.785 0 2
251 40 0.839 0 2
137 15 0.410 0 1
15 22 0.083 0 1
186 52 0.890 0 2
298 30 1.828 0 2
26 52 0.115 0 1
65 22 0.380 0 2
76 100 0.382 0 2
47 5 0.220 0 2
155 15 0.742 0 2
36 5 0.107 0 2
306 30 1.485 0 1
79 15 0.356 0 2
334 40 2.062 0 2
87 15 0.537 0 1
50 30 0.182 0 2
19 70 0.064 0 2
31 15 0.090 0 2
10 100 0.051 0 1
15 100 0.070 0 1
12 10 0.061 0 1
224 70 0.673 0 2
161 30 0.982 0 1
50 5 0.314 0 2
230 15 1.204 0 1
185 22 0.576 0 1
177 5 0.615 0 1
55 70 0.248 0 2
40 10 0.163 0 2
28 10 0.085 0 1
16 30 0.090 0 1
191 40 1.061 0 2
99 40 0.664 0 1
95 52 0.375 0 2
62 15 0.297 0 2
26 52 0.098 0 2
66 100 0.286 0 2
23 22 0.080 0 2
91 15 0.378 0 2
172 40 0.568 0 1
13 70 0.052 0 2
26 70 0.102 0 2
19 70 0.057 0 1
61 30 0.280 0 2
59 40 0.366 0 1
305 22 1.013 0 1
44 100 0.174 0 1
11 70 0.056 0 2
35 22 0.162 0 1
32 70 0.146 0 2
10 30 0.040 0 2
116 30 0.571 0 1
18 100 0.112 0 2
286 40 0.864 0 2
13 100 0.040 0 1
46 30 0.202 0 1
12 10 0.035 0 2
13 30 0.081 0 2
45 22 0.132 0 1
277 100 1.082 0 1
38 52 0.229 0 1
210 70 0.707 0 1
13 40 0.045 0 2
11 30 0.052 0 2
162 30 0.827 0 2
75 100 0.234 0 1
25 10 0.085 0 1
223 5 0.796 0 1
44 15 0.284 0 1
37 70 0.127 0 2
221 52 0.742 0 2
62 40 0.250 0 1
222 15 0.768 0 2
18 5 0.059 0 2
20 100 0.067 0 2
305 22 1.169 0 2
190 30 0.722 0 2
89 52 0.285 0 2
24 52 0.099 0 2
297 5 1.193 0 2
28 40 0.106 0 1
81 30 0.280 0 1
19 10 0.102 0 2
27 22 0.153 0 2
21 10 0.084 0 2
64 30 0.278 0 2
95 5 0.303 0 1
52 22 0.317 0 2
111 22 0.603 0 1
88 70 0.438 0 1
92 15 0.307 0 2
62 22 0.291 0 1
109 52 0.472 0 2
167 30 0.506 0 2
11 22 0.060 0 2
143 70 0.460 0 1
304 30 0.959 0 1
20 10 0.066 0 1
192 40 1.255 0 1
227 15 0.991 0 1
14 5 0.065 0 1
23 15 0.139 0 2
12 70 0.053 0 2
304 52 1.643 0 1
10 10 0.031 0 2
108 5 0.725 0 1
68 5 0.242 0 1
51 10 0.315 0 1
11 10 0.040 0 2
63 70 0.273 0 2
228 40 0.735 0 2
191 100 0.654 0 1
172 100 0.526 0 2
12 40 0.037 0 2
19 30 0.069 0 1
55 52 0.164 0 2
55 5 0.174 0 1
19 10 0.115 0 2
156 10 0.808 0 1
19 100 0.093 0 2
17 10 0.058 0 2
48 52 0.246 0 1
60 5 0.176 0 1
161 22 0.763 0 1
16 70 0.073 0 1
100 100 0.327 0 2
53 100 0.187 0 1
45 30 0.183 0 1
50 30 0.169 0 2
55 10 0.270 0 1
71 30 0.370 0 2
338 52 1.733 0 2
13 15 0.050 0 2
91 5 0.497 0 2
11 70 0.033 0 2
13 52 0.047 0 2
50 5 0.171 0 2
145 100 0.650 0 2
67 30 0.255 0 2
37 15 0.165 0 1
64 5 0.333 0 2
13 10 0.052 0 1
55 52 0.166 0 2
325 30 1.009 0 2
138 40 0.474 0 1
27 22 0.127 0 2
15 22 0.051 0 2
19 52 0.126 0 2
327 15 1.486 0 1
131 70 0.456 0 1
14 15 0.059 0 2
32 30 0.112 0 1
45 52 0.157 0 2
55 52 0.187 0 1
38 5 0.127 0 2
38 100 0.182 0 2
72 70 0.313 0 1
164 70 0.484 0 1
19 10 0.121 0 2
19 5 0.058 0 1
43 22 0.222 0 1
72 52 0.447 0 2
39 40 0.149 0 1
11 10 0.037 0 1
184 22 0.687 0 2
238 10 0.770 0 1
10 30 0.033 0 1
25 15 0.077 0 1
77 10 0.421 0 1
105 40 0.432 0 2
35 52 0.132 0 2
25 22 0.108 0 2
75 15 0.251 0 1
55 52 0.324 0 2
315 100 1.703 0 2
134 22 0.511 0 1
125 100 0.512 0 2
283 15 1.645 0 1
57 100 0.170 0 1
28 70 0.114 0 2
10 22 0.030 0 1
75 52 0.338 0 2
79 100 0.449 0 2
22 52 0.124 0 2
15 52 0.067 0 2
146 5 0.465 0 2
19 70 0.088 0 2
14 5 0.042 0 1
54 10 0.243 0 1
12 5 0.040 0 1
63 5 0.192 0 2
23 40 0.155 0 2
15 52 0.077 0 1
101 5 0.612 0 1
73 10 0.258 0 1
78 15 0.255 0 2
14 52 0.055 0 1
94 5 0.468 0 2
10 52 0.049 0 1
108 40 0.358 0 1
15 30 0.070 0 1
38 70 0.156 0 2
32 52 0.105 0 1
25 30 0.148 0 2
129 40 0.811 0 2
138 5 0.519 0 2
145 5 0.642 0 1
38 52 0.133 0 2
21 30 0.073 0 2
17 22 0.096 0 1
166 40 0.550 0 1
20 30 0.064 0 1
183 100 0.806 0 1
11 30 0.054 0 1
33 70 0.142 0 1
114 10 0.530 0 2
34 22 0.134 0 1
52 5 0.289 0 1
184 5 0.836 0 2
23 5 0.155 0 1
10 10 0.054 0 1
15 52 0.050 0 1
47 22 0.139 0 2
148 5 0.897 0 2
32 70 0.161 0 1
13 5 0.039 0 2
35 22 0.183 0 1
13 40 0.065 0 2
48 52 0.203 0 1
17 52 0.050 0 1
10 15 0.040 0 2
169 10 0.550 0 1
10 15 0.065 0 2
17 30 0.091 0 2
34 30 0.163 0 2
11 30 0.041 0 2
28 30 0.152 0 1
43 100 0.164 0 2
17 40 0.062 0 2
180 30 0.638 0 1
33 52 0.114 0 1
26 70 0.154 0 1
47 40 0.164 0 2
16 22 0.063 0 2
73 70 0.226 0 2
33 5 0.130 0 1
46 40 0.219 0 1
35 52 0.121 0 1
62 70 0.235 0 2
13 15 0.043 0 1
15 5 0.055 0 1
10 15 0.051 0 1
134 22 0.472 0 2
40 30 0.118 0 1
12 22 0.054 0 2
16 15 0.082 0 2
35 70 0.173 0 2
13 30 0.060 0 1
11 15 0.037 0 1
11 40 0.039 0 2
57 100 0.173 0 2
18 5 0.079 0 1
60 10 0.180 0 1
183 5 0.704 0 2
121 5 0.387 0 2
41 15 0.136 0 1
65 70 0.328 0 1
50 10 0.312 0 2
183 15 0.888 0 1
17 40 0.051 0 1
11 40 0.040 0 2
25 40 0.160 0 2
21 52 0.064 0 2
33 22 0.130 0 1
23 22 0.095 0 1
55 5 0.167 0 1
24 52 0.126 0 1
74 5 0.239 0 1
135 52 0.453 0 2
37 30 0.124 0 2
77 52 0.478 0 2
63 10 0.300 0 2
56 5 0.204 0 1
77 70 0.240 0 1
89 40 0.484 0 1
186 10 0.738 0 2
194 10 0.695 0 2
139 100 0.623 0 2
23 5 0.101 0 2
12 40 0.037 0 2
22 22 0.070 0 2
70 30 0.292 0 1
66 30 0.293 0 1
15 15 0.094 0 1
16 70 0.051 0 1
127 30 0.483 0 1
90 40 0.298 0 1
13 52 0.049 0 2
116 30 0.502 0 1
104 30 0.371 0 2
13 15 0.064 0 2
147 22 0.480 0 2
66 40 0.379 0 2
27 10 0.096 0 2
11 5 0.034 0 2
11 30 0.049 0 2
22 40 0.104 0 1
11 40 0.046 0 1
56 30 0.213 0 2
21 40 0.121 0 2
189 70 0.583 0 2
297 40 1.531 0 2
33 70 0.198 0 2
13 10 0.067 0 2
31 100 0.165 0 1
124 52 0.689 0 1
14 52 0.043 0 1
78 10 0.431 0 1
119 5 0.394 0 2
15 5 0.056 0 1
59 22 0.219 0 1
30 15 0.149 0 2
69 40 0.216 0 1
24 40 0.073 0 1
19 22 0.066 0 2
68 30 0.374 0 2
39 15 0.228 0 2
86 5 0.327 0 2
59 30 0.230 0 1
103 10 0.326 0 2
184 40 0.684 0 2
66 5 0.221 0 2
231 30 0.959 0 2
17 70 0.083 0 2
279 30 1.041 0 2
175 52 0.692 0 1
13 10 0.050 0 1
85 5 0.284 0 2
329 100 1.687 0 2
48 5 0.164 0 1
34 100 0.116 0 2
87 52 0.407 0 1
66 40 0.267 0 1
154 70 0.870 0 1
25 30 0.075 0 2
193 70 0.811 0 2
113 5 0.452 0 2
12 52 0.036 0 2
169 100 0.558 0 1
155 22 0.610 0 2
47 22 0.142 0 1
39 70 0.255 0 2
19 30 0.065 0 1
71 10 0.281 0 1
60 10 0.237 0 1
336 52 1.128 0 2
191 15 0.584 0 2
22 5 0.132 0 2
230 52 0.902 0 2
67 70 0.250 0 2
110 100 0.437 0 2
124 100 0.770 0 2
103 15 0.341 0 2
30 5 0.146 0 1
26 30 0.144 0 1
51 15 0.199 0 1
108 15 0.715 0 2
232 5 0.739 0 1
82 52 0.408 0 2
153 22 0.486 0 2
48 10 0.169 0 2
180 52 0.525 0 1
199 5 1.309 0 1
131 30 0.390 0 2
45 52 0.271 0 1
159 70 0.486 0 1
20 30 0.108 0 2
172 15 0.708 0 1
19 100 0.109 0 2
12 100 0.040 0 1
55 15 0.267 0 1
162 15 0.497 0 2
21 22 0.104 0 1
37 15 0.132 0 2
166 40 0.712 0 1
54 5 0.298 0 1
15 30 0.089 0 1
13 52 0.045 0 1
15 15 0.045 0 1
45 52 0.300 0 2
103 15 0.440 0 1
35 22 0.146 0 1
45 52 0.132 0 2
119 52 0.783 0 1
311 30 1.187 0 1
98 10 0.508 0 1
55 70 0.176 0 1
252 15 0.860 0 1
33 52 0.104 0 2
309 40 1.179 0 2
111 22 0.337 0 2
32 30 0.212 0 2
138 10 0.595 0 2
11 100 0.067 0 2
15 30 0.057 0 1
47 10 0.247 0 1
13 40 0.059 0 1
35 30 0.142 0 2
46 70 0.152 0 2
35 30 0.212 0 1
158 22 0.883 0 1
246 52 1.482 0 1
242 100 0.756 0 2
198 15 0.733 0 1
80 22 0.297 0 2
18 10 0.094 0 1
20 10 0.078 0 1
339 15 1.747 0 2
148 10 0.433 0 2
35 10 0.197 0 1
42 10 0.160 0 2
195 30 0.942 0 2
45 100 0.148 0 1
27 52 0.084 0 1
43 5 0.215 0 1
30 22 0.097 0 2
61 15 0.186 0 2
83 40 0.477 0 1
245 22 0.731 0 1
34 15 0.168 0 2
192 52 0.846 0 2
72 40 0.232 0 2
272 5 0.910 0 2
154 30 0.505 0 1
223 22 0.759 0 2
60 15 0.316 0 2
53 5 0.166 0 1
72 5 0.477 0 1
19 10 0.062 0 2
23 52 0.079 0 1
77 70 0.478 0 1
69 40 0.300 0 1
27 22 0.083 0 2
115 5 0.564 0 1
117 40 0.405 0 2
249 52 1.491 0 1
16 40 0.073 0 2
170 15 0.885 0 2
24 5 0.095 0 1
32 5 0.142 0 1
35 100 0.224 0 1
113 40 0.473 0 1
55 22 0.236 0 1
44 15 0.229 0 1
43 10 0.161 0 1
50 10 0.189 0 2
135 70 0.799 0 2
39 70 0.127 0 1
16 100 0.094 0 1
54 5 0.212 0 2
33 30 0.138 0 1
196 22 0.883 0 2
127 52 0.770 0 2
61 52 0.246 0 1
13 100 0.068 0 2
45 10 0.134 0 2
18 22 0.058 0 2
39 30 0.180 0 1
35 70 0.111 0 1
184 5 0.724 0 1
42 52 0.256 0 1
10 5 0.047 0 1
156 100 0.687 0 1
33 22 0.176 0 2
32 22 0.109 0 2
158 22 0.474 0 1
10 15 0.035 0 2
31 10 0.121 0 1
305 100 0.913 0 2
192 30 0.561 0 1
11 70 0.034 0 2
56 52 0.371 0 1
153 40 1.034 0 1
13 10 0.058 0 1
163 52 0.572 0 2
15 100 0.059 0 1
38 22 0.136 0 1
112 40 0.441 0 1
311 10 0.920 0 1
219 70 0.839 0 1
31 100 0.114 0 2
29 5 0.112 0 1
21 15 0.078 0 2
104 30 0.377 0 1
50 22 0.157 0 1
35 10 0.161 0 1
21 5 0.065 0 2
256 100 0.992 0 2
16 5 0.082 0 2
13 40 0.043 0 2
44 100 0.265 0 2
73 40 0.254 0 2
161 40 0.559 0 1
58 10 0.215 0 2
18 52 0.087 0 1
52 70 0.168 0 2
26 15 0.087 0 1
124 40 0.420 0 2
312 52 0.934 0 2
34 52 0.167 0 1
193 52 0.763 0 1
62 22 0.344 0 2
189 5 1.139 0 2
77 100 0.273 0 2
26 22 0.131 0 2
19 100 0.080 0 1
63 10 0.286 0 2
15 100 0.066 0 2
40 10 0.167 0 1
58 22 0.186 0 2
158 15 0.763 0 2
25 52 0.138 0 1
12 15 0.041 0 2
35 40 0.116 0 2
97 70 0.348 0 1
18 100 0.107 0 2
23 22 0.067 0 1
275 15 0.831 0 1
55 15 0.192 0 1
55 10 0.164 0 1
214 22 1.446 0 1
29 5 0.122 0 2
29 5 0.184 0 2
45 5 0.148 0 1
12 52 0.056 0 2
75 70 0.291 0 2
13 22 0.039 0 2
19 52 0.057 0 1
176 40 0.951 0 2
14 22 0.050 0 1
284 10 0.916 0 1
11 30 0.038 0 1
258 52 1.296 0 1
19 52 0.083 0 2
19 15 0.082 0 2
198 30 0.835 0 2
42 5 0.250 0 1
260 52 1.327 0 1
19 22 0.062 0 2
12 15 0.057 0 2
124 30 0.541 0 2
304 100 1.082 0 2
150 10 0.974 0 2
58 40 0.326 0 2
109 22 0.324 0 1
33 22 0.153 0 1
28 30 0.130 0 1
112 40 0.423 0 1
16 15 0.068 0 2
15 40 0.069 0 1
16 70 0.056 0 2
35 10 0.129 0 1
29 30 0.135 0 2
18 10 0.063 0 2
17 5 0.108 0 2
59 22 0.281 0 1
70 40 0.289 0 2
77 52 0.307 0 2
29 10 0.121 0 1
46 52 0.160 0 1
108 70 0.679 0 2
29 10 0.147 0 1
195 52 0.687 0 1
26 30 0.123 0 1
215 22 0.640 0 1
335 70 1.269 0 2
189 15 1.181 0 1
263 100 1.665 0 1
65 100 0.254 0 1
55 100 0.259 0 2
13 30 0.050 0 1
165 100 0.647 0 2
78 10 0.408 0 2
49 70 0.224 0 2
181 30 1.146 0 2
41 22 0.156 0 1
87 15 0.420 0 1
69 52 0.276 0 1
72 30 0.283 0 1
62 22 0.245 0 1
199 100 0.594 0 1
24 70 0.078 0 1
59 15 0.219 0 1
25 5 0.103 0 1
11 40 0.046 0 2
69 15 0.251 0 2
20 100 0.068 0 2
50 15 0.234 0 2
14 40 0.044 0 1
13 70 0.041 0 1
12 40 0.039 0 2
230 5 0.693 0 2
18 70 0.073 0 2
46 70 0.159 0 2
51 15 0.192 0 2
186 100 0.596 0 1
63 5 0.309 0 1
174 5 1.018 0 2
61 70 0.285 0 2
174 10 0.659 0 1
11 30 0.039 0 2
10 70 0.042 0 1
92 52 0.434 0 1
183 30 1.188 0 2
106 30 0.477 0 2
22 40 0.075 0 2
15 5 0.068 0 2
260 52 1.436 0 2
10 52 0.036 0 1
112 40 0.356 0 2
178 70 0.674 0 2
13 40 0.050 0 1
10 10 0.041 0 2
237 22 1.267 0 2
17 10 0.066 0 2
78 70 0.402 0 1
70 22 0.254 0 1
94 15 0.519 0 2
51 15 0.295 0 1
215 70 1.005 0 2
14 10 0.055 0 1
18 40 0.105 0 2
36 70 0.112 0 2
47 10 0.270 0 1
94 22 0.470 0 1
14 10 0.057 0 1
117 30 0.368 0 2
132 15 0.532 0 2
76 30 0.461 0 2
14 100 0.047 0 1
52 22 0.299 0 2
18 100 0.065 0 2
57 5 0.253 0 2
17 5 0.081 0 2
243 30 0.862 0 2
13 15 0.046 0 1
14 40 0.063 0 2
263 5 1.040 0 2
61 70 0.231 0 2
30 70 0.114 0 1
68 100 0.247 0 2
39 5 0.134 0 2
22 10 0.079 0 1
103 100 0.523 0 2
66 40 0.236 0 2
16 52 0.087 0 2
18 5 0.062 0 1
32 30 0.111 0 2
48 40 0.234 0 2
71 15 0.214 0 2
39 22 0.123 0 1
83 10 0.347 0 1
53 52 0.178 0 1
100 100 0.373 0 1
181 70 0.628 0 2
12 15 0.065 0 2
312 52 0.960 0 2
50 40 0.259 0 1
185 30 0.556 0 2
19 15 0.081 0 1
123 52 0.368 0 2
318 52 1.529 0 1
36 40 0.178 0 2
184 22 1.129 0 2
15 52 0.044 0 2
60 100 0.333 0 2
18 22 0.090 0 2
13 5 0.050 0 1
19 15 0.074 0 1
110 5 0.553 0 2
162 70 1.012 0 1
48 30 0.151 0 2
94 5 0.362 0 2
57 15 0.192 0 2
153 70 0.533 0 2
31 70 0.156 0 1
178 70 0.840 0 2
20 30 0.090 0 1
19 22 0.107 0 1
22 22 0.075 0 2
169 52 0.663 0 1
28 10 0.160 0 2
42 100 0.146 0 1
54 22 0.171 0 1
14 52 0.085 0 1
32 52 0.185 0 2
102 70 0.554 0 2
27 40 0.122 0 1
15 40 0.089 0 1
19 30 0.068 0 2
12 5 0.037 0 1
18 15 0.091 0 1
16 5 0.067 0 1
56 30 0.299 0 1
10 30 0.047 0 2
17 100 0.085 0 1
61 10 0.229 0 2
37 70 0.130 0 1
29 100 0.120 0 2
53 52 0.314 0 2
103 100 0.436 0 1
53 22 0.338 0 1
23 100 0.139 0 2
65 40 0.316 0 2
14 30 0.045 0 2
214 40 0.740 0 1
11 15 0.041 0 2
296 52 0.961 0 2
77 10 0.258 0 2
23 70 0.078 0 2
51 15 0.149 0 2
29 100 0.124 0 1
127 52 0.460 0 1
113 5 0.509 0 1
281 100 1.254 0 1
156 10 0.729 0 1
52 15 0.161 0 2
245 10 0.734 0 1
240 52 1.500 0 1
36 10 0.113 0 1
129 52 0.690 0 1
15 52 0.066 0 1
281 15 1.196 0 2
15 15 0.099 0 2
12 22 0.075 0 2
93 70 0.589 0 2
27 10 0.103 0 1
25 5 0.154 0 1
334 15 1.015 0 1
21 100 0.135 0 2
47 10 0.141 0 1
12 40 0.043 0 1
14 100 0.055 0 1
32 52 0.189 0 1
164 30 0.573 0 1
86 30 0.494 0 2
95 70 0.357 0 2
26 70 0.085 0 2
11 52 0.039 0 2
118 100 0.559 0 1
16 30 0.096 0 2
324 52 1.841 0 2
258 40 1.583 0 1
16 40 0.068 0 2
12 100 0.037 0 2
126 30 0.653 0 2
14 10 0.042 0 2
317 22 1.441 0 1
60 52 0.390 0 2
41 5 0.151 0 1
33 52 0.104 0 2
57 10 0.358 0 1
242 100 0.957 0 1
65 70 0.275 0 1
23 100 0.081 0 1
164 100 0.605 0 2
140 22 0.859 0 1
222 100 0.933 0 1
158 100 0.528 0 1
13 70 0.071 0 2
108 22 0.419 0 2
16 5 0.052 0 2
15 22 0.046 0 2
10 70 0.054 0 1
191 10 0.641 0 1
14 30 0.050 0 1
162 40 0.498 0 2
36 70 0.148 0 2
55 5 0.180 0 2
25 15 0.135 0 2
11 15 0.035 0 2
62 52 0.346 0 2
14 10 0.041 0 2
70 15 0.266 0 2
177 22 0.947 0 2
31 10 0.097 0 2
71 100 0.234 0 2
46 30 0.214 0 2
10 100 0.060 0 1
39 40 0.155 0 2
81 5 0.315 0 1
61 100 0.216 0 1
182 30 0.555 0 2
14 52 0.080 0 1
147 40 0.540 0 1
46 5 0.202 0 1
23 10 0.112 0 1
67 5 0.396 0 2
39 15 0.116 0 1
20 52 0.062 0 1
81 70 0.420 0 2
196 22 0.925 0 1
73 15 0.367 0 1
245 52 0.907 0 2
184 10 1.235 0 2
34 100 0.224 0 1
145 22 0.497 0 1
258 22 0.963 0 2
25 40 0.105 0 1
55 30 0.187 0 1
28 52 0.188 0 2
162 10 0.681 0 2
22 70 0.142 0 1
34 5 0.173 0 2
86 15 0.293 0 1
74 70 0.227 0 2
17 5 0.053 0 1
53 30 0.169 0 2
17 40 0.065 0 2
70 100 0.270 0 1
68 10 0.257 0 2
17 40 0.085 0 2
33 52 0.161 0 2
197 5 1.331 0 2
169 52 0.805 0 2
12 10 0.058 0 1
10 22 0.030 0 2
38 40 0.178 0 2
33 70 0.099 0 2
23 52 0.095 0 2
45 15 0.245 0 2
48 40 0.223 0 2
59 70 0.178 0 2
36 100 0.114 0 1
95 10 0.291 0 1
30 40 0.115 0 2
49 40 0.189 0 2
75 30 0.490 0 1
170 15 1.024 0 2
81 70 0.476 0 2
208 10 0.765 0 1
17 15 0.067 0 1
79 10 0.285 0 2
34 30 0.172 0 1
63 100 0.220 0 1
135 15 0.799 0 1
205 52 0.953 0 1
20 5 0.058 0 1
62 15 0.371 0 1
85 10 0.263 0 2
181 30 0.696 0 1
66 100 0.211 0 1
23 10 0.085 0 1
16 52 0.062 0 2
18 100 0.094 0 2
72 30 0.414 0 1
49 30 0.161 0 2
287 40 1.117 0 1
29 10 0.179 0 1
19 52 0.063 0 1
65 52 0.399 1 0
14 5 0.047 1 2
72 30 0.271 1 0
16 15 0.059 1 2
329 100 1.228 1 2
83 15 0.343 1 2
25 5 0.100 1 0
128 5 0.640 1 2
210 5 1.193 1 0
54 30 0.207 1 2
64 100 0.195 1 0
43 5 0.195 1 2
96 40 0.419 1 0
41 40 0.214 1 0
74 30 0.221 1 2
15 5 0.048 1 0
193 10 0.639 1 0
105 5 0.401 1 0
130 52 0.380 1 2
70 100 0.229 1 2
40 5 0.137 1 0
312 5 0.951 1 0
24 30 0.077 1 2
33 15 0.130 1 2
70 5 0.368 1 2
50 70 0.296 1 2
11 10 0.050 1 0
110 10 0.456 1 2
241 70 0.715 1 0
158 5 0.678 1 2
13 10 0.072 1 0
56 100 0.164 1 2
35 40 0.105 1 0
22 100 0.084 1 0
89 10 0.308 1 0
16 70 0.056 1 2
41 22 0.143 1 2
43 10 0.137 1 2
194 40 0.960 1 0
66 70 0.258 1 2
24 70 0.130 1 0
26 100 0.102 1 2
68 10 0.304 1 0
166 40 0.542 1 0
42 15 0.236 1 0
34 22 0.172 1 0
182 40 0.538 1 0
181 52 0.730 1 0
154 70 0.828 1 0
68 100 0.205 1 2
68 52 0.308 1 0
126 52 0.746 1 0
59 100 0.388 1 2
129 22 0.506 1 0
52 5 0.162 1 0
182 100 1.071 1 0
23 5 0.095 1 2
68 70 0.244 1 0
40 15 0.165 1 2
16 70 0.065 1 0
10 10 0.032 1 0
30 5 0.120 1 0
16 52 0.068 1 0
11 30 0.050 1 0
38 40 0.128 1 2
22 40 0.082 1 2
296 10 0.977 1 0
50 40 0.307 1 0
94 10 0.390 1 2
15 10 0.049 1 0
38 70 0.232 1 0
104 10 0.444 1 0
16 52 0.082 1 0
233 100 1.259 1 2
38 30 0.225 1 0
57 40 0.261 1 0
156 5 0.563 1 0
302 100 0.950 1 0
184 40 0.648 1 0
15 40 0.052 1 2
171 100 0.512 1 0
220 30 0.898 1 0
34 22 0.114 1 2
25 5 0.085 1 0
10 10 0.036 1 2
247 5 1.563 1 0
10 100 0.032 1 0
44 15 0.155 1 2
16 22 0.062 1 0
18 22 0.063 1 2
71 70 0.228 1 2
237 10 1.288 1 0
17 52 0.055 1 2
10 40 0.047 1 0
35 52 0.129 1 0
227 100 0.709 1 0
75 100 0.270 1 2
92 40 0.330 1 0
11 70 0.046 1 0
300 15 1.111 1 2
55 70 0.219 1 0
12 52 0.071 1 0
10 22 0.030 1 0
23 40 0.076 1 2
32 100 0.150 1 0
43 52 0.197 1 2
77 30 0.313 1 2
28 10 0.169 1 0
50 10 0.287 1 0
24 22 0.090 1 0
194 15 0.840 1 0
98 100 0.339 1 2
124 100 0.805 1 2
262 22 1.724 1 0
44 100 0.138 1 0
42 52 0.126 1 0
270 30 1.059 1 0
16 52 0.051 1 0
50 100 0.170 1 2
37 10 0.136 1 0
67 22 0.198 1 0
175 30 0.556 1 0
35 30 0.142 1 0
116 5 0.366 1 2
25 70 0.082 1 2
101 22 0.584 1 0
31 100 0.131 1 2
28 40 0.131 1 0
42 22 0.249 1 0
34 10 0.113 1 2
10 15 0.059 1 0
83 30 0.350 1 2
23 52 0.088 1 0
17 70 0.053 1 2
18 70 0.107 1 0
47 5 0.203 1 0
46 5 0.175 1 0
19 22 0.092 1 0
31 100 0.182 1 0
145 52 0.620 1 0
289 40 1.078 1 0
183 15 0.707 1 0
111 15 0.366 1 2
53 40 0.239 1 0
75 100 0.300 1 0
187 22 0.586 1 0
108 100 0.617 1 0
15 15 0.099 1 2
18 52 0.063 1 0
276 70 1.714 1 0
306 40 1.628 1 2
26 70 0.080 1 0
194 52 0.658 1 0
158 5 0.715 1 0
19 70 0.084 1 2
20 52 0.132 1 0
49 15 0.266 1 0
14 5 0.093 1 2
41 15 0.161 1 2
118 22 0.682 1 0
136 30 0.535 1 0
22 22 0.131 1 0
52 100 0.164 1 2
139 15 0.468 1 0
10 100 0.041 1 0
58 10 0.256 1 0
29 40 0.151 1 2
32 5 0.162 1 0
38 22 0.135 1 0
67 100 0.208 1 2
45 30 0.273 1 0
18 10 0.087 1 0
314 40 1.524 1 0
101 10 0.529 1 2
73 30 0.369 1 2
68 40 0.200 1 0
85 52 0.366 1 0
234 10 0.692 1 0
79 40 0.416 1 2
25 5 0.089 1 0
10 70 0.047 1 0
10 5 0.052 1 2
37 100 0.123 1 0
29 52 0.173 1 0
79 70 0.293 1 0
22 10 0.088 1 2
24 15 0.145 1 0
46 15 0.287 1 2
25 22 0.106 1 0
27 100 0.169 1 0
60 15 0.293 1 0
31 10 0.110 1 0
35 22 0.198 1 2
97 22 0.584 1 0
32 15 0.143 1 0
30 10 0.169 1 0
61 15 0.229 1 0
198 100 1.125 1 0
318 52 1.916 1 0
28 5 0.174 1 0
15 10 0.085 1 0
12 30 0.043 1 0
189 70 0.851 1 2
154 40 0.981 1 2
11 70 0.032 1 2
48 30 0.181 1 2
63 10 0.240 1 0
28 52 0.179 1 2
29 15 0.124 1 2
45 5 0.184 1 2
77 22 0.276 1 2
119 100 0.633 1 0
117 22 0.680 1 0
126 30 0.578 1 0
43 100 0.229 1 0
36 10 0.186 1 0
313 15 1.102 1 0
57 5 0.180 1 2
25 10 0.117 1 2
37 5 0.113 1 0
25 40 0.105 1 0
31 30 0.113 1 0
63 40 0.313 1 0
27 10 0.079 1 2
29 15 0.135 1 0
87 15 0.347 1 0
121 15 0.524 1 2
86 52 0.376 1 0
125 40 0.370 1 2
32 70 0.106 1 0
38 70 0.148 1 0
12 10 0.069 1 0
72 40 0.282 1 0
124 22 0.681 1 2
13 52 0.064 1 0
74 10 0.327 1 0
64 5 0.281 1 0
171 52 0.555 1 2
130 52 0.429 1 0
148 15 0.538 1 0
94 70 0.477 1 2
196 22 0.611 1 2
10 5 0.047 1 0
24 10 0.075 1 2
38 40 0.195 1 0
14 5 0.073 1 2
40 100 0.156 1 0
54 30 0.179 1 0
126 15 0.414 1 0
79 30 0.256 1 2
71 10 0.240 1 0
16 70 0.059 1 2
24 22 0.073 1 2
77 30 0.344 1 0
85 52 0.284 1 2
21 52 0.121 1 0
18 5 0.119 1 0
64 10 0.268 1 0
17 30 0.070 1 0
15 40 0.068 1 0
128 10 0.396 1 0
34 70 0.116 1 0
45 30 0.136 1 2
76 15 0.228 1 2
19 40 0.095 1 0
18 70 0.063 1 0
34 70 0.198 1 2
14 22 0.058 1 0
78 52 0.326 1 0
18 10 0.067 1 0
76 40 0.292 1 0
11 70 0.058 1 0
52 52 0.186 1 2
12 40 0.043 1 0
151 100 0.469 1 0
50 15 0.171 1 0
119 15 0.405 1 2
27 52 0.079 1 2
28 100 0.094 1 2
68 70 0.246 1 0
73 30 0.277 1 0
11 10 0.037 1 0
20 15 0.097 1 0
101 70 0.307 1 0
135 30 0.628 1 0
63 52 0.306 1 2
10 15 0.046 1 0
41 40 0.142 1 2
11 70 0.052 1 0
13 15 0.055 1 0
13 22 0.059 1 2
58 70 0.199 1 0
12 52 0.048 1 2
24 30 0.150 1 2
17 52 0.069 1 2
309 10 1.013 1 0
223 70 0.791 1 0
116 22 0.540 1 0
29 22 0.096 1 2
18 22 0.071 1 0
20 40 0.100 1 2
134 70 0.475 1 0
297 40 0.946 1 2
322 100 1.713 1 0
91 22 0.379 1 2
14 30 0.052 1 2
245 22 0.950 1 2
24 15 0.114 1 0
92 30 0.385 1 0
233 70 0.737 1 0
39 10 0.188 1 2
71 22 0.228 1 2
26 30 0.153 1 0
21 30 0.102 1 0
291 52 1.626 1 0
154 52 0.824 1 0
78 22 0.241 1 0
39 5 0.115 1 0
21 30 0.078 1 0
12 5 0.038 1 0
27 22 0.079 1 0
37 5 0.222 1 2
31 22 0.109 1 0
73 30 0.248 1 0
156 30 0.559 1 2
24 22 0.133 1 2
29 100 0.098 1 0
58 22 0.352 1 0
116 10 0.367 1 0
73 10 0.324 1 0
30 15 0.120 1 0
40 10 0.235 1 0
60 52 0.224 1 2
35 15 0.191 1 2
78 40 0.228 1 2
34 100 0.115 1 0
13 30 0.085 1 2
93 5 0.560 1 2
151 52 0.932 1 2
14 40 0.052 1 0
170 15 0.584 1 0
19 52 0.066 1 0
68 10 0.316 1 0
49 5 0.322 1 0
188 40 0.625 1 0
18 40 0.105 1 2
196 40 0.667 1 0
339 10 1.161 1 0
45 15 0.268 1 0
10 52 0.033 1 0
189 70 1.243 1 0
30 70 0.191 1 2
297 70 0.937 1 0
46 5 0.286 1 0
34 22 0.138 1 0
53 10 0.163 1 0
63 22 0.264 1 2
283 5 1.522 1 0
28 5 0.098 1 2
38 5 0.160 1 0
24 22 0.143 1 0
66 10 0.210 1 0
142 10 0.429 1 0
101 70 0.567 1 2
76 40 0.390 1 0
38 30 0.113 1 2
35 22 0.158 1 0
14 10 0.064 1 0
78 15 0.241 1 0
32 22 0.099 1 0
32 22 0.164 1 2
71 30 0.327 1 0
73 5 0.281 1 2
63 40 0.232 1 0
311 52 1.981 1 2
88 5 0.333 1 2
28 70 0.131 1 2
163 70 0.988 1 0
10 22 0.034 1 0
176 52 0.677 1 0
228 52 1.081 1 0
86 22 0.260 1 0
17 10 0.066 1 0
10 22 0.034 1 2
19 40 0.080 1 2
154 100 1.034 1 2
87 52 0.534 1 0
219 15 0.948 1 2
39 100 0.137 1 0
101 22 0.324 1 0
56 100 0.361 1 0
75 15 0.350 1 2
71 10 0.458 1 0
170 100 0.548 1 0
81 52 0.315 1 0
34 22 0.125 1 0
76 100 0.330 1 2
19 10 0.098 1 2
16 10 0.057 1 0
89 22 0.574 1 0
236 70 1.013 1 2
29 100 0.107 1 0
175 15 0.983 1 0
31 5 0.179 1 2
32 52 0.181 1 2
19 70 0.081 1 0
38 70 0.175 1 0
21 5 0.081 1 0
74 5 0.246 1 0
19 10 0.092 1 2
15 40 0.046 1 0
62 40 0.411 1 2
92 15 0.350 1 0
252 15 1.194 1 2
58 40 0.282 1 0
34 10 0.124 1 2
55 15 0.189 1 0
101 70 0.419 1 0
20 15 0.092 1 0
26 52 0.099 1 2
149 10 0.683 1 0
61 15 0.289 1 2
35 15 0.109 1 0
14 10 0.066 1 0
77 52 0.233 1 0
71 100 0.320 1 0
26 40 0.116 1 0
68 40 0.389 1 0
103 100 0.343 1 0
14 100 0.045 1 0
98 100 0.340 1 2
64 10 0.196 1 2
103 40 0.599 1 0
10 5 0.052 1 2
28 40 0.123 1 2
62 30 0.203 1 2
96 30 0.340 1 0
52 5 0.299 1 0
156 22 0.595 1 0
56 30 0.255 1 2
19 15 0.080 1 0
10 70 0.051 1 0
139 100 0.440 1 2
30 5 0.161 1 0
157 100 0.463 1 0
13 30 0.043 1 0
18 30 0.056 1 0
29 52 0.090 1 0
124 10 0.376 1 2
19 70 0.062 1 0
12 15 0.042 1 0
130 10 0.549 1 0
128 52 0.744 1 2
78 52 0.292 1 0
50 52 0.231 1 2
12 30 0.054 1 0
17 15 0.058 1 2
159 5 0.607 1 0
204 40 0.747 1 2
16 52 0.089 1 0
81 40 0.497 1 0
46 22 0.156 1 2
71 100 0.221 1 2
38 10 0.226 1 0
17 40 0.103 1 0
175 52 0.761 1 2
29 30 0.117 1 2
38 15 0.215 1 2
58 10 0.345 1 2
161 15 1.032 1 0
14 22 0.076 1 0
29 5 0.192 1 2
116 10 0.392 1 0
57 100 0.211 1 0
26 52 0.076 1 0
111 70 0.558 1 2
203 30 0.796 1 0
15 5 0.087 1 2
55 100 0.346 1 0
15 10 0.066 1 2
11 100 0.041 1 2
57 30 0.205 1 0
98 22 0.616 1 0
38 70 0.221 1 2
37 10 0.143 1 0
30 40 0.096 1 0
22 70 0.067 1 2
161 52 0.994 1 0
58 40 0.186 1 0
166 10 0.517 1 0
86 5 0.441 1 2
34 10 0.101 1 0
110 10 0.655 1 0
133 15 0.528 1 0
202 30 0.863 1 0
33 100 0.105 1 0
13 10 0.061 1 0
17 40 0.074 1 0
37 30 0.130 1 0
207 40 0.647 1 0
33 30 0.114 1 0
171 30 0.543 1 0
117 52 0.626 1 0
35 100 0.105 1 2
66 70 0.252 1 0
76 40 0.318 1 2
173 52 0.581 1 0
11 15 0.043 1 0
57 70 0.241 1 0
67 22 0.210 1 0
190 40 0.884 1 0
243 70 0.835 1 2
12 100 0.048 1 0
27 30 0.165 1 2
225 30 0.882 1 0
67 30 0.427 1 0
181 100 0.819 1 0
73 22 0.238 1 0
23 22 0.125 1 2
135 22 0.894 1 0
92 15 0.434 1 0
139 100 0.764 1 0
105 100 0.390 1 0
140 30 0.897 1 0
32 5 0.139 1 0
90 100 0.354 1 0
17 15 0.105 1 0
181 100 0.730 1 2
17 40 0.078 1 0
39 100 0.255 1 2
54 30 0.233 1 2
43 22 0.162 1 0
78 5 0.359 1 2
14 100 0.050 1 0
37 15 0.208 1 2
20 52 0.098 1 0
15 5 0.101 1 0
60 52 0.400 1 2
68 100 0.206 1 2
146 70 0.807 1 2
62 10 0.232 1 2
14 22 0.060 1 0
23 100 0.097 1 0
10 52 0.029 1 2
29 70 0.098 1 2
11 100 0.070 1 2
20 70 0.070 1 2
33 15 0.201 1 0
79 15 0.248 1 0
15 40 0.072 1 2
50 40 0.199 1 0
31 100 0.118 1 0
30 70 0.129 1 0
308 100 1.683 1 0
12 10 0.041 1 2
26 52 0.145 1 2
93 5 0.383 1 2
75 30 0.277 1 0
19 15 0.070 1 0
30 10 0.163 1 0
15 15 0.048 1 0
69 22 0.248 1 0
30 100 0.184 1 0
174 22 1.101 1 0
17 70 0.089 1 0
10 30 0.038 1 2
93 100 0.278 1 2
33 52 0.107 1 0
11 30 0.037 1 0
51 5 0.222 1 0
337 40 1.094 1 2
75 30 0.375 1 0
50 15 0.179 1 0
50 30 0.239 1 2
158 40 0.463 1 2
67 10 0.266 1 2
37 70 0.111 1 2
52 10 0.295 1 0
73 10 0.319 1 2
38 15 0.122 1 0
33 10 0.195 1 0
40 30 0.230 1 0
212 30 1.240 1 0
81 100 0.239 1 2
136 40 0.735 1 0
13 5 0.053 1 2
10 100 0.036 1 0
13 15 0.071 1 2
74 5 0.400 1 0
277 70 1.015 1 0
17 22 0.054 1 2
26 40 0.123 1 2
133 70 0.633 1 0
161 10 0.722 1 0
22 30 0.122 1 0
24 22 0.076 1 0
30 5 0.182 1 2
309 15 0.954 1 2
105 30 0.418 1 0
25 10 0.095 1 0
10 22 0.029 1 2
11 10 0.057 1 2
10 100 0.054 1 2
18 15 0.081 1 2
192 100 0.619 1 0
20 30 0.096 1 0
111 15 0.617 1 0
10 70 0.033 1 0
19 10 0.079 1 0
10 100 0.040 1 0
31 70 0.203 1 0
33 40 0.120 1 2
138 100 0.438 1 0
16 30 0.064 1 2
68 5 0.281 1 0
30 10 0.196 1 0
15 22 0.051 1 0
12 30 0.044 1 2
16 40 0.070 1 0
198 5 0.908 1 0
160 52 0.731 1 2
174 70 1.108 1 0
68 100 0.201 1 0
70 30 0.414 1 0
79 22 0.270 1 0
45 22 0.191 1 0
64 70 0.348 1 0
16 22 0.068 1 0
31 70 0.096 1 0
174 70 0.753 1 2
69 10 0.448 1 0
144 10 0.661 1 0
46 52 0.145 1 2
34 22 0.145 1 0
27 40 0.092 1 0
163 15 0.724 1 0
120 30 0.448 1 0
277 15 1.720 1 2
61 5 0.290 1 0
43 15 0.155 1 2
29 10 0.160 1 0
108 52 0.386 1 2
53 15 0.264 1 0
176 10 0.552 1 0
83 15 0.390 1 2
26 22 0.099 1 0
17 100 0.052 1 0
18 40 0.054 1 0
10 52 0.033 1 2
57 15 0.214 1 2
15 22 0.051 1 2
16 52 0.057 1 0
124 70 0.534 1 2
190 15 1.234 1 0
29 70 0.162 1 2
11 52 0.045 1 0
73 40 0.374 1 2
226 52 1.027 1 0
44 40 0.293 1 0
24 5 0.149 1 0
192 15 0.889 1 0
152 10 0.603 1 2
229 100 1.134 1 0
27 22 0.159 1 0
32 10 0.148 1 0
36 15 0.129 1 0
32 100 0.163 1 0
46 15 0.238 1 0
74 40 0.425 1 0
32 5 0.196 1 0
77 52 0.278 1 2
199 22 0.884 1 2
29 70 0.149 1 0
26 30 0.092 1 0
134 52 0.436 1 0
83 40 0.246 1 0
132 40 0.434 1 0
71 10 0.403 1 0
72 100 0.294 1 2
17 15 0.071 1 2
56 30 0.236 1 2
53 10 0.242 1 2
19 15 0.060 1 2
12 52 0.039 1 0
76 70 0.271 1 2
10 40 0.030 1 0
47 5 0.156 1 0
22 10 0.068 1 2
17 5 0.091 1 0
34 5 0.148 1 0
10 5 0.053 1 0
178 52 0.828 1 2
296 22 1.165 1 2
266 22 1.323 1 2
26 10 0.154 1 0
163 40 0.976 1 2
29 70 0.119 1 0
45 10 0.197 1 2
67 52 0.223 1 2
34 22 0.212 1 2
15 22 0.054 1 0
240 5 0.789 1 0
10 15 0.065 1 0
256 70 1.488 1 2
13 15 0.079 1 0
17 100 0.051 1 2
15 15 0.049 1 0
17 22 0.066 1 0
16 15 0.070 1 0
21 30 0.062 1 0
248 10 1.385 1 0
18 40 0.060 1 0
187 40 0.917 1 0
20 100 0.122 1 2
20 5 0.085 1 0
60 100 0.208 1 2
68 30 0.287 1 0
11 52 0.070 1 2
36 100 0.225 1 0
98 52 0.341 1 0
145 100 0.960 1 0
188 22 0.669 1 2
145 40 0.665 1 2
179 5 0.630 1 0
38 22 0.136 1 0
64 30 0.282 1 0
28 100 0.126 1 2
20 100 0.059 1 0
79 52 0.254 1 0
31 100 0.129 1 0
32 52 0.107 1 2
136 30 0.410 1 0
110 10 0.733 1 0
14 30 0.043 1 0
15 5 0.089 1 0
23 100 0.071 1 0
42 40 0.134 1 0
22 70 0.088 1 0
19 52 0.098 1 0
19 22 0.065 1 0
197 10 0.661 1 2
42 22 0.142 1 0
44 52 0.138 1 2
10 15 0.037 1 0
81 52 0.255 1 0
12 52 0.041 1 0
184 15 0.856 1 0
53 5 0.266 1 0
273 100 1.300 1 0
21 5 0.074 1 0
60 22 0.405 1 0
100 5 0.321 1 0
141 15 0.860 1 0
24 10 0.091 1 2
29 30 0.108 1 0
25 30 0.111 1 0
296 10 1.233 1 0
37 40 0.134 1 0
16 22 0.053 1 2
284 22 0.904 1 0
43 5 0.221 1 2
68 30 0.325 1 0
39 70 0.207 1 0
37 52 0.175 1 0
64 22 0.203 1 2
33 22 0.217 1 2
56 40 0.163 1 0
62 22 0.258 1 2
166 40 0.751 1 0
170 22 0.521 1 0
20 70 0.104 1 0
174 15 0.549 1 2
52 22 0.236 1 0
213 10 0.659 1 0
49 15 0.173 1 0
97 22 0.655 1 2
34 100 0.191 1 2
16 22 0.068 1 0
147 5 0.865 1 0
25 15 0.132 1 0
258 15 1.372 1 0
33 40 0.104 1 0
26 5 0.081 1 2
16 30 0.099 1 2
30 40 0.112 1 0
135 30 0.860 1 0
12 30 0.037 1 0
324 15 1.241 1 0
63 100 0.258 1 0
34 10 0.135 1 0
32 10 0.158 1 0
144 70 0.509 1 0
30 52 0.182 1 2
28 100 0.099 1 2
62 22 0.205 1 2
14 15 0.069 1 0
31 40 0.171 1 0
20 40 0.073 1 0
44 5 0.129 1 0
111 70 0.357 1 0
24 10 0.119 1 2
332 5 1.061 1 0
197 5 0.921 1 2
96 10 0.487 1 2
33 30 0.102 1 0
47 10 0.179 1 2
11 30 0.041 1 0
129 22 0.832 1 0
191 5 0.560 1 0
11 5 0.065 1 2
25 100 0.110 1 0
17 22 0.102 1 0
35 15 0.105 1 0
162 100 0.953 1 0
27 30 0.117 1 2
73 70 0.399 1 0
13 22 0.041 1 2
16 40 0.091 1 0
28 100 0.088 1 0
109 52 0.395 1 0
70 10 0.281 1 0
77 5 0.353 1 0
160 100 0.744 1 2
161 5 0.563 1 2
11 100 0.033 1 0
242 70 0.906 1 2
59 52 0.179 1 2
19 70 0.066 1 0
38 52 0.224 1 0
186 30 1.022 1 0
32 15 0.103 1 0
12 100 0.035 1 2
153 30 0.562 1 0
146 100 0.682 1 2
29 52 0.087 1 0
35 70 0.143 1 0
26 22 0.101 1 2
40 10 0.126 1 0
120 30 0.399 1 2
19 70 0.114 1 0
196 30 0.705 1 2
175 70 0.545 1 0
40 5 0.255 1 0
52 10 0.250 1 0
75 100 0.318 1 0
76 5 0.260 1 2
13 52 0.065 1 0
11 10 0.039 1 0
65 22 0.211 1 2
13 10 0.040 1 0
11 10 0.044 1 0
17 52 0.053 1 0
18 70 0.070 1 0
158 52 0.819 1 0
24 10 0.078 1 0
23 30 0.111 1 0
190 22 0.576 1 2
30 30 0.089 1 2
174 5 0.559 1 0
84 15 0.321 1 2
66 15 0.249 1 2
22 15 0.069 1 0
176 5 0.611 1 0
184 30 0.800 1 2
136 22 0.399 1 2
50 40 0.213 1 0
62 70 0.238 1 2
71 40 0.380 1 2
178 10 0.761 1 2
74 10 0.245 1 0
231 52 1.100 1 0
280 5 0.836 1 0
12 10 0.070 1 0
70 10 0.215 1 2
194 22 0.826 1 0
144 15 0.713 1 0
60 5 0.214 1 0
33 30 0.153 1 0
13 15 0.053 1 0
205 70 0.865 1 2
59 22 0.189 1 0
144 52 0.421 1 0
38 15 0.117 1 0
57 40 0.326 1 2
69 22 0.238 1 2
274 100 1.004 1 2
100 22 0.368 1 2
38 22 0.255 1 0
24 70 0.076 1 2
11 22 0.053 1 0
78 30 0.359 1 2
31 5 0.106 1 0
164 5 0.722 1 0
110 100 0.505 1 0
27 5 0.110 1 0
12 40 0.039 1 2
12 22 0.075 1 0
53 30 0.165 1 2
14 52 0.044 1 0
12 5 0.074 1 0
16 100 0.079 1 0
13 30 0.042 1 0
10 100 0.040 1 2
12 15 0.048 1 2
55 30 0.286 1 0
22 70 0.080 1 0
180 15 0.814 1 0
65 5 0.239 1 2
35 100 0.113 1 2
304 5 1.105 1 0
16 15 0.053 1 2
35 100 0.128 1 2
48 10 0.169 1 0
161 15 0.964 1 2
53 22 0.285 1 2
181 15 0.642 1 2
67 30 0.223 1 2
77 10 0.448 1 0
78 30 0.257 1 2
90 15 0.457 1 2
40 22 0.233 1 0
14 52 0.054 1 2
207 70 0.986 1 0
63 30 0.279 1 0
16 15 0.051 1 2
14 100 0.042 1 0
41 15 0.186 1 0
70 15 0.212 1 0
26 10 0.158 1 0
19 5 0.060 1 0
216 22 1.309 1 0
186 5 0.762 1 0
134 5 0.515 1 0
43 15 0.141 1 0
64 22 0.255 1 0
30 15 0.104 1 2
124 22 0.725 1 2
35 70 0.103 1 2
10 70 0.040 1 0
122 15 0.689 1 0
161 15 0.674 1 0
137 15 0.425 1 2
19 10 0.065 1 0
116 30 0.356 1 0
19 40 0.083 1 2
96 10 0.306 1 0
36 10 0.136 1 0
16 22 0.056 1 0
45 15 0.138 1 2
91 40 0.316 1 2
42 15 0.266 1 0
191 52 1.172 1 0
15 15 0.045 1 0
105 100 0.389 1 0
336 40 1.063 1 2
34 40 0.160 1 2
155 52 0.534 1 0
12 40 0.038 1 2
65 30 0.252 1 2
48 100 0.284 1 0
17 40 0.084 1 2
189 5 0.592 1 0
26 100 0.087 1 0
27 52 0.106 1 0
37 70 0.167 1 0
152 10 0.492 1 0
67 22 0.340 1 0
186 15 0.890 1 0
130 15 0.793 1 0
279 15 1.788 1 0
242 22 1.120 1 2
77 100 0.266 1 0
29 22 0.185 1 0
312 40 1.305 1 0
69 10 0.397 1 0
115 5 0.669 1 0
62 30 0.191 1 0
28 22 0.187 1 0
22 30 0.071 1 2
26 52 0.106 1 0
279 5 0.848 1 2
32 40 0.115 1 2
135 15 0.452 1 2
81 10 0.362 1 0
26 10 0.089 1 0
79 5 0.239 1 2
170 22 0.904 1 2
16 5 0.080 1 2
15 70 0.078 1 0
12 70 0.065 1 0
70 5 0.294 1 2
19 100 0.105 1 0
128 30 0.425 1 0
39 15 0.146 1 0
20 15 0.112 1 2
33 100 0.107 1 0
266 52 1.147 1 2
80 52 0.530 1 0
46 30 0.164 1 0
29 10 0.085 1 0
20 30 0.070 1 2
60 22 0.196 1 2
27 70 0.111 1 2
130 100 0.667 1 0
55 100 0.281 1 2
212 100 0.930 1 0
22 70 0.071 1 2
112 10 0.655 1 2
63 5 0.211 1 0
80 40 0.272 1 2
66 70 0.284 1 0
55 100 0.337 1 2
172 30 0.566 1 0
107 70 0.344 1 2
21 10 0.064 1 0
17 40 0.056 1 0
339 100 1.056 1 2
13 22 0.050 1 0
27 100 0.107 1 0
41 52 0.199 1 2
200 30 1.042 1 2
76 22 0.317 1 0
79 52 0.395 1 2
52 100 0.218 1 0
174 5 0.798 1 0
108 15 0.366 1 0
69 10 0.202 1 0
74 10 0.296 1 0
240 30 1.481 1 2
181 5 0.724 1 0
39 100 0.200 1 0
107 22 0.465 1 0
16 52 0.069 1 0
17 15 0.072 1 0
61 15 0.187 1 2
186 10 0.655 1 0
312 5 1.696 1 2
125 15 0.651 1 0
18 30 0.107 1 0
79 10 0.298 1 2
127 15 0.435 1 2
27 70 0.105 1 2
73 5 0.493 1 0
26 70 0.090 1 0
183 10 0.673 1 2
38 10 0.160 1 0
157 52 0.555 1 2
115 30 0.397 1 2
19 70 0.069 1 0
22 5 0.120 1 0
143 10 0.872 1 0
15 52 0.077 1 2
14 15 0.053 1 0
83 100 0.290 1 0
77 52 0.387 1 2
180 52 0.814 1 0
69 15 0.401 1 0
11 100 0.057 1 0
44 40 0.156 1 0
18 40 0.059 1 0
19 30 0.064 1 0
37 100 0.120 1 2
39 52 0.212 1 0
41 40 0.203 1 0
76 15 0.251 1 0
17 30 0.090 1 0
10 70 0.036 1 0
87 52 0.281 1 0
154 70 0.684 1 0
17 52 0.079 1 0
63 52 0.380 1 0
32 22 0.102 1 0
305 52 1.105 1 0
58 10 0.333 1 0
30 22 0.124 1 2
14 70 0.056 1 2
12 40 0.035 1 0
44 30 0.226 1 0
191 22 0.893 1 0
328 52 0.988 1 2
73 70 0.384 1 0
33 22 0.113 1 0
93 52 0.439 1 0
28 22 0.133 1 2
211 70 1.213 1 0
124 52 0.484 1 0
296 40 1.134 1 0
242 5 0.942 1 2
78 15 0.244 1 0
14 100 0.057 1 0
34 5 0.209 1 2
145 100 0.439 1 2
15 22 0.045 1 2
17 15 0.071 1 0
33 22 0.122 1 0
91 5 0.532 1 0
73 15 0.278 1 0
57 22 0.354 1 0
12 15 0.043 1 0
25 40 0.077 1 0
58 5 0.237 1 2
14 40 0.082 1 2
190 30 1.027 1 0
23 22 0.078 1 0
167 15 0.954 1 0
164 30 0.633 1 0
79 100 0.422 1 2
61 100 0.269 1 0
13 5 0.062 1 0
33 10 0.179 1 0
15 100 0.090 1 2
35 10 0.104 1 0
35 30 0.143 1 0
12 22 0.048 1 2
15 40 0.093 1 0
172 70 0.604 1 2
43 30 0.212 1 0
294 10 0.945 1 0
31 15 0.099 1 2
17 5 0.071 1 2
14 70 0.077 1 0
27 70 0.156 1 0
146 52 0.627 1 2
85 70 0.528 1 0
171 5 0.681 1 2
104 100 0.443 1 0
78 52 0.520 1 0
122 100 0.607 1 2
10 5 0.057 1 0
62 22 0.291 1 0
239 40 1.117 1 2
56 52 0.273 1 0
13 30 0.057 1 0
18 40 0.093 1 0
18 30 0.080 1 2
151 5 0.825 1 0
83 30 0.413 1 2
98 5 0.628 1 0
176 5 0.972 1 2
10 70 0.030 1 0
106 52 0.684 1 0
27 100 0.171 1 2
29 5 0.144 1 0
10 30 0.040 1 0
138 70 0.437 1 0
30 15 0.124 1 2
78 40 0.264 1 2
32 40 0.158 1 0
32 22 0.168 1 0
54 100 0.188 1 0
70 40 0.363 1 0
31 5 0.175 1 0
19 100 0.119 1 0
157 40 0.503 1 0
46 30 0.228 1 0
160 10 0.554 1 0
39 52 0.147 1 0
118 10 0.426 1 2
41 70 0.157 1 2
39 100 0.211 1 2
62 70 0.254 1 0
151 10 0.632 1 0
13 70 0.041 1 0
276 22 1.492 1 0
14 40 0.056 1 2
63 52 0.265 1 0
10 22 0.043 1 0
142 52 0.423 1 0
15 52 0.054 1 0
72 22 0.379 1 2
31 5 0.168 1 2
143 70 0.777 1 2
252 30 1.041 1 0
192 22 0.642 1 0
41 52 0.137 1 0
93 70 0.296 1 2
15 70 0.090 1 2
281 5 1.527 1 0
97 40 0.330 1 0
186 40 0.838 1 0
11 15 0.033 1 0
315 22 1.432 1 0
57 100 0.176 1 0
36 5 0.118 1 0
112 30 0.341 1 0
70 5 0.217 1 2
197 22 0.916 1 0
37 30 0.123 1 0
190 30 0.560 1 2
19 70 0.060 1 2
33 100 0.159 1 2
25 40 0.166 1 0
69 15 0.268 1 0
57 30 0.181 1 2
19 30 0.077 1 0
64 5 0.299 1 0
10 52 0.037 1 0
25 15 0.074 1 0
57 5 0.284 1 0
28 10 0.174 1 2
13 30 0.047 1 0
50 100 0.294 1 0
22 15 0.079 1 0
12 10 0.053 1 2
301 5 1.498 1 2
61 22 0.184 1 2
160 100 0.643 1 2
201 70 0.889 1 0
34 5 0.230 1 0
64 52 0.335 1 0
16 30 0.061 1 2
15 52 0.071 1 0
278 22 1.426 1 0
125 10 0.473 1 0
36 15 0.163 1 2
10 70 0.038 1 2
122 15 0.782 1 2
307 100 1.120 1 2
35 70 0.113 1 2
16 100 0.054 1 0
38 22 0.164 1 2
27 40 0.114 1 0
45 5 0.260 1 2
77 15 0.239 1 0
123 15 0.506 1 0
30 10 0.168 1 0
11 70 0.044 1 2
120 5 0.719 1 0
162 40 0.521 1 0
55 22 0.164 1 2
15 22 0.069 1 0
50 40 0.185 1 0
16 40 0.073 1 0
136 100 0.621 1 0
12 22 0.065 1 0
69 5 0.231 1 0
70 5 0.407 1 2
21 5 0.083 1 0
63 5 0.269 1 2
31 5 0.162 1 0
30 5 0.148 1 2
94 52 0.351 1 0
219 10 1.117 1 2
273 5 1.534 1 0
36 40 0.109 1 2
61 52 0.210 1 0
49 52 0.166 1 0
339 100 1.614 1 2
12 40 0.036 1 2
64 30 0.327 1 0
35 52 0.208 1 0
14 70 0.056 1 2
46 15 0.303 1 0
11 52 0.046 1 2
19 10 0.086 1 0
22 70 0.079 1 2
20 10 0.062 1 0
24 5 0.093 1 0
184 70 0.852 1 0
67 5 0.353 1 0
16 5 0.050 1 0
37 30 0.136 1 0
165 100 0.721 1 0
259 70 1.579 1 2
39 52 0.116 1 0
30 30 0.157 1 0
187 52 0.625 1 0
137 15 0.495 1 0
50 40 0.196 1 0
59 40 0.186 1 2
128 22 0.469 1 0
41 10 0.168 1 2
78 30 0.256 1 0
68 10 0.234 1 0
79 15 0.240 1 0
65 5 0.230 1 0
38 100 0.211 1 0
11 10 0.040 1 2
26 5 0.135 1 2
20 22 0.080 1 2
31 15 0.126 1 0
310 52 2.013 1 0
29 70 0.150 1 0
165 5 0.498 1 0
74 52 0.255 1 2
27 15 0.179 1 0
62 5 0.244 1 2
141 40 0.618 1 0
14 52 0.056 1 2
51 5 0.190 1 0
175 52 0.758 1 0
70 10 0.402 1 0
57 52 0.250 1 2
15 70 0.101 1 0
26 30 0.079 1 2
32 22 0.130 1 0
76 52 0.394 1 2
136 100 0.404 1 2
13 100 0.069 1 2
18 52 0.099 1 0
27 40 0.096 1 0
30 10 0.200 1 0
29 100 0.086 1 2
18 10 0.087 1 0
10 40 0.030 1 0
192 40 0.828 1 0
37 15 0.224 1 0
142 15 0.497 1 0
16 52 0.054 1 0
23 100 0.135 1 0
32 30 0.110 1 0
26 10 0.093 1 0
31 100 0.166 1 0
32 52 0.101 1 0
75 40 0.226 1 0
25 30 0.130 1 0
16 5 0.082 1 0
69 30 0.315 1 0
118 10 0.375 1 2
14 22 0.045 1 0
20 100 0.134 1 0
63 30 0.189 1 0
61 40 0.178 1 0
204 30 1.172 1 0
52 70 0.213 1 2
167 15 0.732 1 0
40 5 0.137 1 0
148 5 0.967 1 0
35 100 0.202 1 0
38 5 0.120 1 2
302 5 1.697 1 2
46 40 0.148 1 0
266 40 0.872 1 2
118 52 0.496 1 2
29 15 0.092 1 0
159 30 0.498 1 2
181 22 0.715 1 0
61 100 0.396 1 0
33 22 0.129 1 0
10 70 0.053 1 0
13 30 0.043 1 2
69 15 0.348 1 0
42 15 0.210 1 0
18 70 0.067 1 2
17 100 0.089 1 0
36 22 0.121 1 0
11 5 0.046 1 0
45 100 0.147 1 0
12 10 0.045 1 0
31 40 0.132 1 0
128 70 0.404 1 2
21 52 0.083 1 0
152 10 0.500 1 2
14 15 0.056 1 0
17 15 0.066 1 0
14 100 0.041 1 2
311 5 1.285 1 0
34 5 0.195 1 0
14 15 0.077 1 0
196 70 0.594 1 0
25 70 0.132 1 0
75 70 0.457 1 2
334 70 1.095 1 2
51 5 0.212 1 0
20 70 0.115 1 2
61 30 0.179 1 0
47 5 0.205 1 0
29 52 0.091 1 0
37 30 0.142 1 2
49 100 0.193 1 0
76 40 0.317 1 0
37 40 0.201 1 0
144 52 0.746 1 2
129 70 0.606 1 0
57 52 0.186 1 0
67 70 0.197 1 0
45 70 0.177 1 2
102 10 0.386 1 0
63 52 0.231 1 0
16 10 0.068 1 0
16 5 0.059 1 2
64 40 0.208 1 0
29 40 0.184 1 2
15 52 0.070 1 0
70 52 0.261 1 0
38 52 0.255 1 0
39 5 0.238 1 2
64 70 0.291 1 2
53 5 0.256 1 0
58 30 0.347 1 2
138 5 0.600 1 0
120 100 0.350 1 2
252 15 0.860 1 0
32 15 0.109 1 0
110 52 0.348 1 0
41 10 0.244 1 0
321 10 1.134 1 0
16 100 0.058 1 0
79 22 0.292 1 0
14 22 0.082 1 0
16 10 0.049 1 2
27 100 0.143 1 0
13 5 0.043 1 0
24 30 0.088 1 0
29 10 0.119 1 0
60 30 0.182 1 2
42 15 0.171 1 0
15 5 0.045 1 0
36 100 0.176 1 0
45 10 0.138 1 0
10 10 0.036 1 0
245 52 1.250 1 0
68 70 0.274 1 0
147 15 0.840 1 0
165 15 0.573 1 0
60 5 0.276 1 0
31 70 0.105 1 0
111 10 0.496 1 0
75 15 0.225 1 0
113 70 0.493 1 2
18 100 0.057 1 0
59 10 0.187 1 0
60 5 0.264 1 2
12 5 0.057 1 2
17 22 0.081 1 0
30 30 0.129 1 0
252 100 1.260 1 0
19 52 0.067 1 2
13 100 0.066 1 0
15 40 0.070 1 0
28 10 0.122 1 2
159 30 0.935 1 2
44 10 0.131 1 2
193 40 1.010 1 0
77 70 0.391 1 0
57 70 0.206 1 0
68 22 0.215 1 0
16 30 0.077 1 2
123 30 0.486 1 0
63 40 0.290 1 0
11 52 0.032 1 0
57 100 0.206 1 0
64 5 0.209 1 0
29 40 0.174 1 2
15 100 0.071 1 0
75 5 0.276 1 2
14 40 0.058 1 0
195 30 0.990 1 2
53 5 0.285 1 0
114 10 0.385 1 2
15 5 0.088 1 0
182 40 1.000 1 0
60 10 0.247 1 0
18 22 0.072 1 0
194 100 1.285 1 2
169 15 0.966 1 2
104 100 0.562 1 0
39 10 0.154 1 2
37 10 0.247 1 0
19 5 0.066 1 0
68 52 0.308 1 2
13 52 0.041 1 2
11 30 0.032 1 0
138 22 0.663 1 0
97 22 0.588 1 2
15 70 0.053 1 2
40 10 0.123 1 2
38 15 0.124 1 0
42 70 0.203 1 2
18 22 0.070 1 2
236 5 1.124 1 0
13 30 0.058 1 2
18 30 0.074 1 2
31 10 0.181 1 0
225 40 1.114 1 2
63 52 0.406 1 0
28 10 0.084 1 2
35 52 0.173 1 0
79 52 0.234 1 0
67 15 0.404 1 2
112 40 0.418 1 0
34 15 0.119 1 0
71 30 0.267 1 0
50 40 0.153 1 0
10 40 0.033 1 0
136 40 0.424 1 0
18 15 0.054 1 0
22 30 0.081 1 0
51 52 0.168 1 0
195 5 0.637 1 0
238 40 1.497 1 0
251 22 0.738 1 0
26 70 0.104 1 0
48 40 0.208 1 0
126 100 0.384 1 2
59 15 0.175 1 0
54 52 0.300 1 0
33 10 0.145 1 0
33 5 0.155 1 2
183 22 1.064 1 2
262 5 1.758 1 2
116 22 0.364 1 0
73 40 0.247 1 2
70 100 0.347 1 0
20 40 0.104 1 0
302 10 0.971 1 2
64 15 0.229 1 0
141 100 0.688 1 0
113 40 0.420 1 0
133 40 0.554 1 2
55 100 0.306 1 0
16 52 0.067 1 0
70 22 0.268 1 0
25 70 0.075 1 0
168 10 0.982 1 0
169 5 0.744 1 0
31 22 0.130 1 0
20 70 0.124 1 2
11 40 0.040 1 0
12 5 0.046 1 2
13 30 0.043 1 0
300 10 1.007 1 2
51 5 0.311 1 0
34 15 0.157 1 0
17 5 0.054 1 2
18 22 0.088 1 0
19 52 0.067 1 2
19 52 0.079 1 0
51 22 0.333 1 0
37 5 0.125 1 0
287 10 0.993 1 2
196 10 0.726 1 2
29 10 0.112 1 2
16 15 0.108 1 0
23 40 0.072 1 0
42 30 0.176 1 2
35 15 0.128 1 2
106 10 0.416 1 0
59 5 0.314 1 0
21 40 0.082 1 0
17 5 0.052 1 0
15 10 0.059 1 0
17 52 0.066 1 0
13 52 0.057 1 0
10 15 0.041 1 0
16 70 0.094 1 0
132 30 0.772 1 0
37 15 0.227 1 2
86 22 0.518 1 0
65 40 0.195 1 0
32 10 0.125 1 0
36 10 0.119 1 0
199 10 0.596 1 0
13 40 0.040 1 2
62 22 0.268 1 0
14 5 0.054 1 2
159 30 0.975 1 0
25 70 0.075 1 0
17 70 0.072 1 2
18 10 0.062 1 0
26 40 0.095 1 0
265 10 0.852 1 0
18 22 0.055 1 2
44 10 0.167 1 0
11 40 0.045 1 0
194 70 0.576 1 2
79 100 0.479 1 2
241 70 1.555 1 2
13 5 0.084 1 0
191 22 1.224 1 2
181 30 1.071 1 0
153 22 0.725 1 2
30 15 0.203 1 0
11 40 0.069 1 0
76 15 0.458 1 0
311 15 1.220 1 0
153 15 0.695 1 0
18 70 0.053 1 0
40 5 0.197 1 0
187 15 1.238 1 0
38 22 0.140 1 2
45 52 0.147 1 0
53 22 0.358 1 2
28 40 0.084 1 0
84 52 0.545 1 2
175 15 0.550 1 0
159 30 0.694 1 2
29 15 0.088 1 2
239 10 1.062 1 2
149 10 0.920 1 2
18 30 0.090 1 0
75 100 0.436 1 0
17 5 0.053 1 0
137 10 0.598 1 2
17 100 0.069 1 0
53 100 0.209 1 0
12 52 0.070 1 0
59 100 0.257 1 2
10 70 0.031 1 0
31 40 0.203 1 0
75 52 0.321 1 2
19 52 0.079 1 0
79 10 0.278 1 0
44 22 0.176 1 2
20 100 0.068 1 2
50 40 0.147 1 0
149 22 0.656 1 0
11 15 0.048 1 0
17 5 0.050 1 0
20 100 0.068 1 2
86 5 0.251 1 2
66 40 0.282 1 0
56 52 0.346 1 2
21 5 0.115 1 0
148 70 0.679 1 0
54 100 0.166 2 1
14 40 0.068 2 0
155 52 0.481 2 0
143 40 0.966 2 0
39 15 0.192 2 0
37 70 0.149 2 0
11 100 0.035 2 0
312 15 1.068 2 0
11 70 0.038 2 0
107 5 0.329 2 0
175 40 0.994 2 1
257 5 0.992 2 0
180 15 0.645 2 0
32 5 0.115 2 1
43 40 0.185 2 0
12 70 0.041 2 0
51 40 0.202 2 0
34 5 0.111 2 0
30 22 0.131 2 1
170 30 0.659 2 0
14 70 0.071 2 0
332 10 1.057 2 1
55 70 0.314 2 0
28 100 0.138 2 0
75 52 0.500 2 1
14 15 0.067 2 0
18 40 0.062 2 1
293 52 1.610 2 0
38 40 0.162 2 1
34 70 0.182 2 1
13 70 0.042 2 1
19 22 0.098 2 1
169 10 1.024 2 1
42 30 0.240 2 0
38 100 0.134 2 1
63 70 0.288 2 0
39 22 0.257 2 0
53 5 0.282 2 1
19 15 0.086 2 0
50 22 0.150 2 0
51 15 0.194 2 1
45 30 0.213 2 1
27 15 0.104 2 0
56 10 0.260 2 0
61 10 0.282 2 0
12 15 0.046 2 0
27 52 0.110 2 1
113 22 0.549 2 0
19 40 0.090 2 1
13 100 0.081 2 0
22 70 0.097 2 0
34 100 0.148 2 0
139 30 0.422 2 0
57 70 0.195 2 0
186 10 1.141 2 0
78 10 0.233 2 0
15 40 0.054 2 0
28 70 0.088 2 1
58 5 0.203 2 0
237 10 0.750 2 1
30 52 0.123 2 1
141 30 0.486 2 0
11 15 0.052 2 0
37 22 0.131 2 0
10 10 0.030 2 0
11 22 0.050 2 0
20 22 0.065 2 0
20 70 0.100 2 0
46 70 0.221 2 0
38 100 0.179 2 0
46 10 0.203 2 0
53 70 0.205 2 0
61 30 0.365 2 1
166 15 0.546 2 0
142 52 0.472 2 1
76 15 0.262 2 0
164 70 0.592 2 1
13 15 0.077 2 1
10 15 0.030 2 0
38 100 0.129 2 0
94 22 0.335 2 0
18 10 0.103 2 0
157 30 0.530 2 0
14 52 0.041 2 0
25 5 0.135 2 1
15 22 0.068 2 0
14 10 0.070 2 0
10 70 0.053 2 1
75 10 0.309 2 0
13 10 0.048 2 1
99 100 0.483 2 1
45 10 0.285 2 1
71 5 0.268 2 0
130 40 0.640 2 0
50 30 0.267 2 0
41 15 0.121 2 0
148 10 0.471 2 0
168 15 0.977 2 0
22 52 0.141 2 0
77 22 0.283 2 1
106 52 0.555 2 0
13 15 0.081 2 0
20 40 0.086 2 0
12 100 0.067 2 0
153 52 0.823 2 0
32 15 0.094 2 1
10 10 0.036 2 1
13 30 0.042 2 0
74 15 0.262 2 1
88 100 0.263 2 0
180 22 0.586 2 0
20 15 0.116 2 1
76 70 0.396 2 0
11 100 0.035 2 0
30 100 0.123 2 1
320 10 1.538 2 0
14 40 0.043 2 0
45 52 0.175 2 0
15 100 0.050 2 1
28 52 0.104 2 1
11 70 0.060 2 0
10 40 0.038 2 0
16 100 0.066 2 0
46 10 0.169 2 0
125 52 0.604 2 0
82 22 0.406 2 0
58 100 0.239 2 0
74 52 0.477 2 0
308 15 1.328 2 1
178 22 0.942 2 0
10 70 0.060 2 1
35 15 0.137 2 0
147 22 0.650 2 0
36 30 0.135 2 0
206 70 1.280 2 1
12 70 0.045 2 0
12 10 0.045 2 1
91 22 0.285 2 0
22 100 0.107 2 1
10 5 0.029 2 0
16 52 0.093 2 0
14 40 0.050 2 1
28 100 0.141 2 0
117 40 0.424 2 0
17 15 0.088 2 1
22 10 0.082 2 1
142 70 0.916 2 0
271 52 0.951 2 0
294 100 1.085 2 1
45 22 0.302 2 0
16 10 0.075 2 0
31 5 0.176 2 0
240 52 0.889 2 1
38 52 0.212 2 0
40 5 0.142 2 0
58 30 0.186 2 0
16 22 0.071 2 0
14 30 0.042 2 0
51 22 0.167 2 0
29 52 0.152 2 0
34 5 0.109 2 0
10 30 0.038 2 1
12 30 0.059 2 1
17 15 0.088 2 1
112 22 0.569 2 1
37 40 0.198 2 0
24 30 0.074 2 1
34 10 0.221 2 0
34 22 0.183 2 0
60 52 0.185 2 1
286 100 1.130 2 0
83 15 0.454 2 1
69 30 0.206 2 0
62 40 0.416 2 0
12 10 0.036 2 1
93 5 0.534 2 0
16 40 0.095 2 1
170 70 0.683 2 0
129 100 0.406 2 0
108 15 0.344 2 0
88 30 0.277 2 0
102 40 0.299 2 0
44 5 0.246 2 0
11 70 0.063 2 1
22 10 0.144 2 0
89 10 0.269 2 0
174 70 0.829 2 0
33 52 0.143 2 0
280 10 0.943 2 0
315 100 1.013 2 1
213 100 1.340 2 0
16 15 0.060 2 1
28 52 0.154 2 0
67 15 0.376 2 0
13 10 0.046 2 0
325 40 1.747 2 0
40 15 0.161 2 1
77 52 0.286 2 0
63 22 0.194 2 1
86 52 0.325 2 1
29 70 0.091 2 0
20 10 0.131 2 1
50 70 0.197 2 0
29 22 0.086 2 0
55 5 0.163 2 1
100 70 0.671 2 0
11 22 0.037 2 0
19 52 0.121 2 0
89 52 0.539 2 0
10 22 0.030 2 0
10 40 0.035 2 1
47 40 0.183 2 1
13 70 0.051 2 0
64 100 0.356 2 1
104 15 0.409 2 0
151 30 0.706 2 0
268 15 0.887 2 1
15 52 0.071 2 1
67 5 0.387 2 1
75 30 0.260 2 1
32 100 0.178 2 0
191 70 1.091 2 1
122 100 0.405 2 0
19 30 0.092 2 1
15 70 0.053 2 0
11 52 0.066 2 1
168 22 1.105 2 1
199 70 0.610 2 0
19 22 0.077 2 1
11 15 0.071 2 1
238 40 1.384 2 0
132 15 0.733 2 1
26 30 0.097 2 0
36 15 0.222 2 1
68 100 0.273 2 0
78 10 0.332 2 1
67 52 0.209 2 0
13 40 0.076 2 0
51 22 0.161 2 0
35 22 0.216 2 1
29 5 0.087 2 0
160 52 1.019 2 0
120 40 0.410 2 0
10 30 0.060 2 0
32 22 0.175 2 0
55 70 0.208 2 0
31 5 0.155 2 0
27 52 0.161 2 0
62 100 0.238 2 1
68 5 0.450 2 1
29 5 0.153 2 0
66 40 0.351 2 1
33 70 0.120 2 0
127 30 0.504 2 0
172 10 0.537 2 0
64 10 0.296 2 1
57 15 0.171 2 0
21 30 0.065 2 0
234 10 0.903 2 0
254 40 0.867 2 1
34 15 0.168 2 0
54 10 0.273 2 1
75 30 0.405 2 0
169 70 0.520 2 0
11 100 0.060 2 0
19 70 0.063 2 0
77 22 0.339 2 0
27 30 0.099 2 1
61 70 0.223 2 1
48 100 0.274 2 0
104 22 0.430 2 0
162 5 0.698 2 0
25 22 0.101 2 1
141 30 0.576 2 0
68 52 0.362 2 0
10 100 0.038 2 0
144 5 0.643 2 1
67 70 0.279 2 1
295 30 1.379 2 0
24 40 0.105 2 1
11 40 0.033 2 1
17 40 0.077 2 0
34 70 0.148 2 0
56 22 0.373 2 0
45 40 0.227 2 0
55 52 0.171 2 1
36 30 0.222 2 0
68 100 0.245 2 0
241 30 1.071 2 0
274 52 1.481 2 1
22 15 0.094 2 0
48 70 0.207 2 0
146 40 0.429 2 0
69 100 0.242 2 0
30 52 0.189 2 1
272 52 1.011 2 0
78 30 0.388 2 0
13 70 0.067 2 0
51 15 0.305 2 0
315 100 0.938 2 0
17 10 0.055 2 0
69 10 0.242 2 0
37 22 0.122 2 1
44 10 0.130 2 1
92 70 0.314 2 1
17 70 0.076 2 0
32 10 0.200 2 0
65 40 0.389 2 1
17 15 0.080 2 0
43 15 0.270 2 0
264 40 0.774 2 0
12 40 0.068 2 1
105 70 0.507 2 0
167 40 0.493 2 1
183 15 0.893 2 0
38 70 0.252 2 0
305 22 1.082 2 1
324 40 1.281 2 0
12 22 0.066 2 0
29 10 0.098 2 0
10 100 0.042 2 1
55 22 0.211 2 0
12 10 0.042 2 0
153 40 0.533 2 1
139 70 0.412 2 1
14 40 0.061 2 0
142 30 0.592 2 1
70 52 0.222 2 0
29 70 0.161 2 0
28 40 0.155 2 0
76 40 0.235 2 1
25 15 0.082 2 0
10 30 0.047 2 1
23 40 0.073 2 0
48 15 0.153 2 0
333 10 1.067 2 0
64 100 0.295 2 1
307 5 1.066 2 0
79 30 0.256 2 0
301 30 1.049 2 1
42 70 0.174 2 0
29 22 0.106 2 0
23 22 0.082 2 0
160 40 0.525 2 0
27 70 0.167 2 0
14 40 0.095 2 1
31 22 0.098 2 0
12 30 0.080 2 0
121 5 0.535 2 1
23 30 0.085 2 0
194 5 0.815 2 0
18 5 0.053 2 1
30 10 0.104 2 1
119 70 0.640 2 1
19 5 0.076 2 0
21 22 0.134 2 1
99 52 0.529 2 0
36 70 0.172 2 0
206 100 0.855 2 0
11 5 0.032 2 0
126 100 0.397 2 0
26 30 0.076 2 0
280 70 1.436 2 1
186 5 0.657 2 0
137 10 0.601 2 0
23 15 0.091 2 0
151 40 0.674 2 0
52 70 0.331 2 0
22 30 0.064 2 0
11 70 0.064 2 0
21 15 0.074 2 1
28 30 0.136 2 0
38 52 0.166 2 0
266 40 0.957 2 1
10 15 0.034 2 0
286 15 1.212 2 1
37 10 0.139 2 0
187 15 0.592 2 0
37 70 0.128 2 1
145 100 0.625 2 1
12 52 0.037 2 0
69 10 0.367 2 1
17 70 0.060 2 0
11 10 0.034 2 0
79 10 0.335 2 0
13 15 0.088 2 1
74 5 0.229 2 1
10 15 0.031 2 0
87 70 0.372 2 1
138 22 0.405 2 0
122 10 0.386 2 1
11 22 0.033 2 0
85 52 0.276 2 0
89 15 0.410 2 0
12 5 0.036 2 1
20 30 0.101 2 1
18 52 0.064 2 0
18 22 0.114 2 0
112 52 0.586 2 0
15 10 0.061 2 0
65 15 0.255 2 0
63 100 0.189 2 0
86 40 0.443 2 0
32 100 0.142 2 0
14 10 0.049 2 1
53 52 0.249 2 1
43 22 0.200 2 0
296 70 1.042 2 1
157 30 0.835 2 0
13 40 0.055 2 0
13 10 0.051 2 0
14 70 0.047 2 0
121 30 0.482 2 0
28 40 0.141 2 1
56 100 0.176 2 1
15 5 0.064 2 0
17 10 0.051 2 0
130 100 0.537 2 1
137 30 0.757 2 0
187 5 0.820 2 1
14 100 0.093 2 0
175 40 1.108 2 0
275 10 1.155 2 1
57 100 0.207 2 0
13 5 0.058 2 0
20 40 0.074 2 1
150 15 0.475 2 0
195 10 0.970 2 1
119 100 0.458 2 0
26 100 0.153 2 0
61 15 0.229 2 1
21 5 0.072 2 0
333 52 1.173 2 1
15 30 0.091 2 0
60 5 0.274 2 1
147 5 0.967 2 0
79 30 0.446 2 0
41 52 0.187 2 0
53 10 0.298 2 0
109 100 0.366 2 0
75 70 0.262 2 0
12 100 0.036 2 0
129 40 0.498 2 1
47 15 0.142 2 0
63 30 0.417 2 1
14 10 0.041 2 1
197 40 1.305 2 1
153 15 0.544 2 0
137 15 0.678 2 1
38 10 0.140 2 0
36 30 0.132 2 0
34 100 0.180 2 0
47 40 0.234 2 0
19 30 0.112 2 0
29 40 0.101 2 0
17 40 0.059 2 1
27 52 0.083 2 0
65 22 0.314 2 0
36 15 0.133 2 1
12 5 0.068 2 0
21 22 0.124 2 0
52 10 0.153 2 0
104 40 0.458 2 1
196 22 0.734 2 0
13 40 0.075 2 1
27 100 0.126 2 0
112 30 0.687 2 1
287 52 0.935 2 0
63 70 0.286 2 1
14 15 0.056 2 1
54 100 0.302 2 0
137 22 0.504 2 1
70 10 0.228 2 1
70 15 0.429 2 0
173 40 1.146 2 0
18 100 0.054 2 0
54 52 0.158 2 1
268 5 0.815 2 0
40 5 0.216 2 0
46 52 0.134 2 0
19 40 0.061 2 0
194 40 0.660 2 0
251 10 1.426 2 0
36 30 0.126 2 0
78 52 0.270 2 0
174 100 0.547 2 1
11 52 0.041 2 0
49 100 0.176 2 0
135 10 0.823 2 1
43 70 0.132 2 0
15 10 0.091 2 0
34 22 0.121 2 1
79 30 0.294 2 0
222 30 0.709 2 0
77 70 0.285 2 0
134 10 0.470 2 0
32 5 0.118 2 1
39 52 0.188 2 0
253 5 1.041 2 1
166 70 0.508 2 0
23 10 0.076 2 0
16 40 0.047 2 0
37 100 0.175 2 0
14 30 0.056 2 0
33 40 0.102 2 1
43 40 0.133 2 0
133 52 0.429 2 0
103 100 0.381 2 1
16 40 0.050 2 0
22 40 0.087 2 1
140 40 0.697 2 1
32 5 0.112 2 0
143 5 0.681 2 0
247 5 0.870 2 0
10 70 0.051 2 1
61 100 0.401 2 0
103 5 0.606 2 0
16 15 0.099 2 1
69 30 0.457 2 0
44 40 0.128 2 0
13 30 0.076 2 0
40 70 0.183 2 1
20 40 0.061 2 0
49 70 0.168 2 0
56 10 0.205 2 1
128 15 0.621 2 0
14 70 0.041 2 1
63 15 0.195 2 0
190 10 0.571 2 0
104 5 0.328 2 0
114 40 0.511 2 1
26 15 0.140 2 1
171 22 0.919 2 0
10 5 0.034 2 1
75 22 0.252 2 0
60 52 0.296 2 1
157 30 0.975 2 0
153 70 0.459 2 0
85 5 0.399 2 1
67 30 0.354 2 0
17 30 0.061 2 0
13 5 0.057 2 0
26 40 0.105 2 0
12 40 0.036 2 0
297 52 1.108 2 1
134 52 0.429 2 0
37 70 0.135 2 0
36 100 0.238 2 0
28 22 0.088 2 0
64 52 0.413 2 0
17 5 0.051 2 1
140 70 0.408 2 0
58 40 0.223 2 1
42 5 0.128 2 1
133 22 0.853 2 0
198 5 1.119 2 1
70 30 0.361 2 1
195 100 0.871 2 1
287 10 1.519 2 1
110 5 0.362 2 0
163 5 0.558 2 0
193 10 0.766 2 0
101 10 0.515 2 0
97 52 0.294 2 0
12 10 0.044 2 1
71 52 0.362 2 0
47 10 0.273 2 0
35 15 0.160 2 1
63 100 0.227 2 1
26 30 0.086 2 0
18 5 0.063 2 0
10 15 0.051 2 0
49 30 0.157 2 0
25 100 0.119 2 0
70 30 0.208 2 1
20 5 0.073 2 0
140 30 0.625 2 0
72 100 0.279 2 0
36 70 0.140 2 1
81 40 0.513 2 0
75 30 0.381 2 0
34 5 0.113 2 1
16 40 0.065 2 0
294 5 1.815 2 0
19 30 0.063 2 1
119 22 0.367 2 1
31 100 0.131 2 0
135 70 0.692 2 1
154 70 0.546 2 0
19 100 0.109 2 0
113 22 0.349 2 0
38 30 0.165 2 0
223 100 0.878 2 1
13 52 0.048 2 1
176 30 0.724 2 0
19 70 0.106 2 0
10 70 0.041 2 0
22 40 0.064 2 1
21 100 0.068 2 1
10 52 0.048 2 1
12 30 0.037 2 0
194 70 1.236 2 1
100 40 0.588 2 1
56 5 0.181 2 0
16 10 0.086 2 0
201 10 0.659 2 1
28 10 0.099 2 0
12 70 0.043 2 1
99 5 0.327 2 1
23 70 0.081 2 0
143 52 0.450 2 0
148 22 0.685 2 0
53 30 0.206 2 0
18 5 0.102 2 0
213 30 0.664 2 1
169 40 1.070 2 0
35 70 0.217 2 1
76 100 0.413 2 0
11 70 0.071 2 0
65 5 0.305 2 1
52 70 0.168 2 0
39 100 0.120 2 0
14 15 0.073 2 0
58 100 0.199 2 1
15 22 0.071 2 0
178 30 1.203 2 0
85 15 0.288 2 0
18 15 0.110 2 1
16 100 0.092 2 1
17 15 0.077 2 1
19 22 0.088 2 0
60 100 0.300 2 0
78 22 0.282 2 0
142 70 0.676 2 1
72 15 0.265 2 1
56 100 0.279 2 0
16 40 0.050 2 0
18 15 0.074 2 0
14 15 0.069 2 0
19 100 0.064 2 0
30 100 0.088 2 0
37 52 0.116 2 0
12 22 0.046 2 0
19 10 0.062 2 0
23 100 0.076 2 1
129 40 0.445 2 1
25 10 0.111 2 0
188 30 0.606 2 0
18 100 0.074 2 0
169 100 0.820 2 0
17 5 0.064 2 1
98 40 0.302 2 0
18 15 0.083 2 1
22 22 0.110 2 0
149 52 0.562 2 1
18 30 0.082 2 0
23 10 0.080 2 1
57 52 0.253 2 1
29 5 0.086 2 0
19 70 0.093 2 0
79 40 0.312 2 1
19 100 0.081 2 1
14 70 0.053 2 0
151 70 0.495 2 1
28 5 0.102 2 0
121 40 0.353 2 0
12 52 0.057 2 0
313 30 1.094 2 1
37 100 0.200 2 0
14 22 0.043 2 0
14 30 0.045 2 0
164 40 0.516 2 0
89 5 0.314 2 0
22 40 0.070 2 0
173 22 0.983 2 0
149 100 0.603 2 1
30 22 0.105 2 0
120 70 0.690 2 1
12 100 0.074 2 0
46 70 0.246 2 1
21 52 0.078 2 0
19 100 0.083 2 0
311 70 1.091 2 0
11 70 0.041 2 0
11 52 0.039 2 1
47 15 0.177 2 0
194 10 0.695 2 1
250 22 0.758 2 1
10 22 0.032 2 1
36 70 0.139 2 0
336 100 1.406 2 0
152 22 0.682 2 0
20 22 0.106 2 1
29 5 0.085 2 0
15 100 0.053 2 0
23 70 0.108 2 0
19 30 0.057 2 1
154 40 0.579 2 1
19 22 0.056 2 0
13 100 0.068 2 0
24 40 0.122 2 0
65 100 0.192 2 0
64 15 0.424 2 0
19 70 0.059 2 1
320 70 1.270 2 0
139 5 0.554 2 1
66 10 0.226 2 0
42 5 0.192 2 1
17 10 0.098 2 0
85 52 0.354 2 1
13 100 0.083 2 1
27 10 0.169 2 0
48 100 0.168 2 0
66 5 0.200 2 1
61 10 0.262 2 0
10 40 0.031 2 0
26 10 0.086 2 1
15 15 0.090 2 0
37 52 0.162 2 0
33 30 0.118 2 0
21 52 0.096 2 1
25 5 0.082 2 0
27 10 0.107 2 0
51 30 0.153 2 1
243 70 0.797 2 0
39 70 0.119 2 0
34 70 0.105 2 0
76 22 0.444 2 0
178 70 0.603 2 1
120 70 0.678 2 0
19 5 0.076 2 0
141 30 0.413 2 0
313 15 1.436 2 0
260 100 0.762 2 0
83 100 0.421 2 1
12 5 0.037 2 1
98 100 0.337 2 0
17 15 0.085 2 1
43 22 0.176 2 1
35 15 0.187 2 0
45 5 0.163 2 1
17 100 0.054 2 0
71 52 0.220 2 0
24 52 0.075 2 1
79 22 0.297 2 1
16 15 0.083 2 0
21 100 0.073 2 1
173 30 1.116 2 0
147 15 0.891 2 0
143 52 0.777 2 0
29 70 0.091 2 1
75 52 0.330 2 0
35 40 0.115 2 0
64 100 0.292 2 0
167 22 0.918 2 1
208 5 0.839 2 0
26 100 0.128 2 1
29 40 0.123 2 0
176 40 0.826 2 0
15 30 0.049 2 0
112 100 0.651 2 0
29 15 0.087 2 1
157 30 0.491 2 1
10 40 0.040 2 0
64 30 0.372 2 0
26 30 0.086 2 1
205 40 0.986 2 0
183 30 0.668 2 0
29 52 0.099 2 1
109 22 0.354 2 0
23 52 0.108 2 0
35 100 0.126 2 0
35 30 0.152 2 1
201 22 0.653 2 0
168 52 0.898 2 0
228 52 0.874 2 1
13 52 0.048 2 0
13 70 0.038 2 0
27 40 0.089 2 0
49 15 0.295 2 1
10 40 0.045 2 0
15 5 0.050 2 1
63 30 0.352 2 0
36 40 0.206 2 0
31 5 0.118 2 0
141 70 0.608 2 0
149 52 0.487 2 0
26 30 0.117 2 1
88 10 0.337 2 0
17 15 0.087 2 0
273 40 1.123 2 1
140 40 0.567 2 0
236 15 1.242 2 1
68 22 0.255 2 0
141 15 0.438 2 1
41 40 0.250 2 1
197 52 0.985 2 0
23 15 0.077 2 0
15 22 0.062 2 1
121 10 0.699 2 1
45 15 0.206 2 1
12 100 0.035 2 1
81 40 0.240 2 0
249 100 1.158 2 1
93 22 0.564 2 1
39 5 0.166 2 1
67 22 0.345 2 0
139 5 0.523 2 1
78 70 0.229 2 1
332 5 1.302 2 1
169 100 0.820 2 0
18 100 0.053 2 0
31 70 0.162 2 0
57 70 0.195 2 1
189 40 0.875 2 0
192 5 1.073 2 0
73 22 0.474 2 0
29 52 0.117 2 0
18 5 0.053 2 0
12 30 0.035 2 1
17 30 0.065 2 0
75 10 0.484 2 0
12 52 0.035 2 0
22 52 0.080 2 0
149 100 0.492 2 0
35 40 0.136 2 0
14 5 0.045 2 0
32 22 0.124 2 0
13 30 0.083 2 0
182 100 0.589 2 0
12 100 0.081 2 1
258 70 1.518 2 0
56 40 0.283 2 0
26 5 0.078 2 0
16 15 0.083 2 0
29 5 0.117 2 0
13 40 0.041 2 0
180 70 0.766 2 1
260 5 1.605 2 0
80 40 0.447 2 1
13 70 0.057 2 0
102 30 0.349 2 0
268 22 1.675 2 1
20 40 0.115 2 0
146 40 0.745 2 0
17 30 0.051 2 0
47 40 0.228 2 1
33 10 0.210 2 1
172 100 1.075 2 0
84 40 0.488 2 1
17 100 0.108 2 1
98 52 0.469 2 0
22 22 0.077 2 0
70 15 0.440 2 1
17 40 0.084 2 0
86 10 0.402 2 0
101 52 0.647 2 0
49 70 0.229 2 0
74 10 0.234 2 0
132 40 0.835 2 1
19 52 0.057 2 0
31 10 0.099 2 1
18 15 0.061 2 0
18 40 0.053 2 0
253 5 0.788 2 1
15 70 0.075 2 0
52 5 0.219 2 0
53 30 0.197 2 0
333 15 1.106 2 0
16 22 0.072 2 0
85 5 0.277 2 0
162 30 1.052 2 0
16 22 0.103 2 0
39 10 0.151 2 0
25 10 0.087 2 0
28 70 0.102 2 0
114 52 0.334 2 1
54 70 0.290 2 0
128 40 0.437 2 1
71 52 0.364 2 0
17 30 0.051 2 1
207 10 0.958 2 0
17 70 0.060 2 0
17 22 0.093 2 0
122 15 0.693 2 0
69 15 0.235 2 0
82 52 0.243 2 0
31 5 0.115 2 1
121 52 0.553 2 0
12 70 0.077 2 0
214 30 0.939 2 0
75 22 0.441 2 0
11 22 0.066 2 1
50 15 0.227 2 1
28 52 0.167 2 0
70 70 0.267 2 1
179 30 0.731 2 1
11 100 0.039 2 0
59 30 0.203 2 1
118 100 0.645 2 1
56 100 0.166 2 1
69 30 0.247 2 0
148 22 0.587 2 1
150 15 0.610 2 1
11 40 0.036 2 0
14 52 0.074 2 0
130 52 0.872 2 1
132 30 0.406 2 0
159 15 0.649 2 0
126 70 0.510 2 0
89 22 0.405 2 1
18 5 0.056 2 0
79 22 0.245 2 0
164 30 0.621 2 0
189 100 0.738 2 0
14 30 0.073 2 0
75 15 0.305 2 0
302 40 1.488 2 0
10 100 0.045 2 0
37 22 0.112 2 0
21 10 0.065 2 0
21 22 0.111 2 0
12 52 0.050 2 1
30 30 0.109 2 0
50 15 0.211 2 0
54 15 0.210 2 1
44 100 0.160 2 0
53 52 0.254 2 1
25 70 0.080 2 0
24 15 0.131 2 1
99 30 0.467 2 0
61 22 0.379 2 0
292 22 1.352 2 1
30 100 0.103 2 0
80 70 0.257 2 0
72 52 0.238 2 1
13 30 0.059 2 0
110 22 0.598 2 0
134 22 0.459 2 0
35 10 0.223 2 0
69 40 0.371 2 1
52 5 0.205 2 0
12 22 0.052 2 1
189 5 0.600 2 0
25 10 0.130 2 0
56 30 0.214 2 0
29 15 0.124 2 0
257 5 1.285 2 0
17 100 0.078 2 0
51 70 0.273 2 0
78 100 0.247 2 1
66 22 0.228 2 1
17 100 0.068 2 0
132 10 0.414 2 0
189 30 0.641 2 1
19 5 0.065 2 0
126 40 0.558 2 1
38 52 0.146 2 0
75 22 0.279 2 0
250 52 0.769 2 0
12 40 0.035 2 0
45 10 0.238 2 1
44 22 0.164 2 0
53 22 0.175 2 0
59 22 0.322 2 0
12 15 0.062 2 1
117 22 0.374 2 0
23 30 0.109 2 0
34 30 0.209 2 0
10 40 0.056 2 1
68 40 0.311 2 0
161 5 0.497 2 0
30 30 0.097 2 0
76 10 0.268 2 1
16 30 0.067 2 1
58 10 0.186 2 0
54 15 0.197 2 0
15 30 0.050 2 0
47 15 0.149 2 0
184 5 0.710 2 0
219 30 0.928 2 1
103 30 0.331 2 0
19 70 0.124 2 1
53 100 0.155 2 1
171 52 0.842 2 1
18 100 0.097 2 1
30 10 0.160 2 0
14 52 0.053 2 1
13 70 0.039 2 0
14 22 0.046 2 1
52 52 0.173 2 0
134 15 0.775 2 0
197 5 1.255 2 1
149 70 0.449 2 0
37 52 0.171 2 0
134 70 0.395 2 0
14 15 0.046 2 1
136 15 0.805 2 1
13 70 0.073 2 0
133 70 0.391 2 0
14 52 0.063 2 0
99 22 0.429 2 0
34 10 0.122 2 0
21 15 0.134 2 1
221 100 0.702 2 1
25 100 0.120 2 0
24 22 0.109 2 0
35 5 0.169 2 1
220 15 1.023 2 0
33 15 0.164 2 0
60 10 0.333 2 0
31 5 0.152 2 0
46 10 0.256 2 0
197 10 0.599 2 0
179 70 0.574 2 0
61 30 0.298 2 0
83 70 0.349 2 0
55 22 0.190 2 0
11 100 0.036 2 0
12 70 0.038 2 0
308 70 1.030 2 1
111 15 0.430 2 0
18 5 0.055 2 0
19 10 0.063 2 1
176 40 0.811 2 0
74 70 0.288 2 0
30 40 0.111 2 0
124 30 0.456 2 0
33 30 0.153 2 0
70 40 0.218 2 0
12 22 0.065 2 1
223 10 1.047 2 1
14 10 0.051 2 0
11 52 0.072 2 0
59 10 0.396 2 1
17 40 0.106 2 1
139 40 0.424 2 0
28 30 0.095 2 1
52 100 0.169 2 1
95 70 0.310 2 0
63 70 0.368 2 1
73 15 0.308 2 0
68 40 0.398 2 1
15 100 0.050 2 1
14 52 0.093 2 0
298 15 1.380 2 0
28 100 0.089 2 1
66 30 0.225 2 0
10 15 0.029 2 0
72 40 0.312 2 1
35 30 0.110 2 1
18 22 0.097 2 0
286 52 1.349 2 0
24 5 0.108 2 1
25 22 0.104 2 0
36 100 0.122 2 0
64 15 0.395 2 0
228 30 0.838 2 0
13 40 0.062 2 0
28 10 0.090 2 0
76 5 0.270 2 0
37 5 0.115 2 0
28 15 0.141 2 1
23 30 0.109 2 0
30 5 0.089 2 0
68 10 0.378 2 0
58 10 0.199 2 0
14 100 0.076 2 0
17 52 0.062 2 0
36 70 0.189 2 0
38 40 0.236 2 0
43 15 0.130 2 1
77 40 0.443 2 0
141 70 0.480 2 0
18 30 0.052 2 0
23 15 0.147 2 0
41 30 0.258 2 1
40 100 0.164 2 1
23 5 0.078 2 1
12 15 0.062 2 0
29 15 0.108 2 0
32 100 0.102 2 0
19 40 0.065 2 0
127 70 0.481 2 1
19 15 0.103 2 0
140 10 0.438 2 1
37 10 0.234 2 0
66 10 0.297 2 0
138 15 0.798 2 0
14 5 0.059 2 0
192 70 0.730 2 0
266 5 0.872 2 0
81 30 0.252 2 0
26 70 0.100 2 0
42 52 0.211 2 0
63 70 0.225 2 0
29 40 0.151 2 0
61 15 0.318 2 0
18 15 0.075 2 0
232 5 1.423 2 1
127 10 0.429 2 0
20 30 0.093 2 1
73 15 0.422 2 1
45 15 0.228 2 0
30 70 0.190 2 0
178 15 0.698 2 0
156 30 0.872 2 0
81 100 0.435 2 0
97 10 0.304 2 0
119 15 0.531 2 1
141 30 0.458 2 1
288 30 1.655 2 0
50 70 0.263 2 0
14 100 0.047 2 0
40 30 0.248 2 1
157 5 0.727 2 0
185 100 0.698 2 0
17 52 0.105 2 1
178 100 0.983 2 0
18 5 0.074 2 0
34 40 0.214 2 1
34 10 0.103 2 0
61 5 0.192 2 1
181 52 0.557 2 0
17 10 0.080 2 0
168 15 0.491 2 1
183 5 0.540 2 0
32 30 0.142 2 1
237 52 1.092 2 0
62 100 0.206 2 1
22 70 0.073 2 1
24 100 0.079 2 1
19 30 0.061 2 0
168 22 0.988 2 1
26 70 0.111 2 0
19 22 0.073 2 0
73 100 0.239 2 0
113 70 0.425 2 1
99 5 0.669 2 0
51 5 0.152 2 0
37 30 0.173 2 1
14 70 0.042 2 0
12 22 0.075 2 0
17 30 0.057 2 0
14 70 0.076 2 0
55 15 0.208 2 0
77 5 0.279 2 0
26 15 0.083 2 1
86 70 0.273 2 0
121 100 0.812 2 0
27 100 0.102 2 1
52 40 0.160 2 1
18 22 0.060 2 0
286 40 1.663 2 0
111 5 0.331 2 0
88 70 0.473 2 1
146 52 0.948 2 1
11 5 0.052 2 0
299 15 1.017 2 0
14 52 0.044 2 0
34 22 0.122 2 1
12 70 0.075 2 1
144 40 0.450 2 1
241 10 1.071 2 0
10 22 0.033 2 1
27 22 0.180 2 0
84 5 0.528 2 0
14 30 0.089 2 1
142 5 0.573 2 0
248 15 0.827 2 0
11 100 0.064 2 1
20 70 0.099 2 0
56 30 0.164 2 0
273 15 1.177 2 0
68 30 0.301 2 1
16 30 0.079 2 0
68 5 0.216 2 1
24 15 0.076 2 0
91 15 0.397 2 0
44 30 0.155 2 0
11 5 0.069 2 0
12 40 0.056 2 0
294 5 1.947 2 0
151 5 0.683 2 1
306 30 1.507 2 1
78 70 0.241 2 0
26 22 0.121 2 1
43 15 0.171 2 0
192 15 0.838 2 1
131 15 0.440 2 1
11 15 0.039 2 1
23 10 0.113 2 1
28 70 0.188 2 1
65 70 0.233 2 0
14 5 0.089 2 0
41 52 0.121 2 0
19 40 0.064 2 0
15 15 0.054 2 0
16 100 0.052 2 0
11 30 0.033 2 0
51 40 0.196 2 0
21 15 0.132 2 0
29 15 0.096 2 0
124 40 0.770 2 0
18 52 0.060 2 1
27 70 0.117 2 0
29 52 0.085 2 0
43 22 0.138 2 0
16 10 0.077 2 0
35 15 0.172 2 0
34 70 0.115 2 1
51 30 0.288 2 0
40 10 0.159 2 0
94 100 0.359 2 0
299 22 1.480 2 0
11 40 0.034 2 0
257 70 0.966 2 1
66 30 0.206 2 0
97 40 0.497 2 0
39 15 0.133 2 1
339 70 1.063 2 1
37 22 0.203 2 1
20 22 0.111 2 0
57 52 0.173 2 0
19 22 0.071 2 1
17 15 0.053 2 0
74 52 0.297 2 0
108 100 0.330 2 0
169 22 0.909 2 0
36 30 0.112 2 0
51 30 0.342 2 1
31 30 0.177 2 0
14 30 0.094 2 1
140 70 0.415 2 1
113 30 0.349 2 0
12 15 0.039 2 0
31 52 0.115 2 1
70 5 0.269 2 0
44 10 0.133 2 1
16 5 0.062 2 0
18 52 0.115 2 0
182 30 0.824 2 1
14 70 0.046 2 0
75 30 0.369 2 0
49 5 0.287 2 0
74 40 0.228 2 1
284 40 1.775 2 0
50 40 0.187 2 0
93 10 0.525 2 0
321 52 1.663 2 1
19 30 0.084 2 0
17 100 0.067 2 0
25 52 0.080 2 0
336 22 1.487 2 0
112 15 0.438 2 0
173 5 1.169 2 1
80 52 0.276 2 0
50 52 0.152 2 1
79 52 0.246 2 1
35 52 0.121 2 0
100 70 0.524 2 0
88 30 0.524 2 1
117 10 0.380 2 1
301 30 1.468 2 0
127 70 0.458 2 0
56 52 0.292 2 0
50 40 0.287 2 0
137 30 0.525 2 0
192 52 0.716 2 0
109 10 0.440 2 0
62 30 0.313 2 0
277 15 1.121 2 0
218 15 1.107 2 0
140 70 0.940 2 0
55 10 0.268 2 1
155 22 0.779 2 0
11 10 0.042 2 0
61 15 0.187 2 0
160 10 0.661 2 1
207 100 0.835 2 0
17 100 0.066 2 0
19 22 0.088 2 0
159 30 0.564 2 0
90 10 0.466 2 1
17 52 0.097 2 0
17 10 0.054 2 1
19 30 0.096 2 1
17 100 0.061 2 0
158 10 0.510 2 1
33 70 0.129 2 0
10 100 0.063 2 0
40 15 0.174 2 0
14 52 0.083 2 1
46 10 0.160 2 0
27 22 0.127 2 0
281 22 1.056 2 0
171 22 0.523 2 0
34 52 0.117 2 0
36 10 0.186 2 0
13 15 0.056 2 0
164 52 0.562 2 0
165 30 0.851 2 1
13 5 0.038 2 0
76 10 0.392 2 0
166 5 0.907 2 0
170 30 0.586 2 0
153 5 0.610 2 0
278 10 0.842 2 1
10 5 0.062 2 1
41 30 0.209 2 1
92 40 0.397 2 0
38 30 0.159 2 0
25 22 0.140 2 0
70 22 0.429 2 0
17 100 0.079 2 1
113 10 0.724 2 1
67 30 0.238 2 1
16 5 0.094 2 0
15 22 0.055 2 0
192 10 0.955 2 0
11 40 0.067 2 1
24 70 0.076 2 0
70 40 0.470 2 0
67 10 0.337 2 0
12 40 0.046 2 1
255 30 0.844 2 0
27 15 0.143 2 1
10 15 0.060 2 0
57 15 0.249 2 0
11 100 0.033 2 1
64 10 0.390 2 0
18 52 0.059 2 0
83 40 0.409 2 0
28 100 0.133 2 1
18 22 0.075 2 1
26 30 0.109 2 1
176 30 0.561 2 0
11 40 0.065 2 0
247 15 0.984 2 1
50 15 0.298 2 0
16 10 0.066 2 1
14 52 0.046 2 0
12 40 0.037 2 0
21 70 0.102 2 0
65 15 0.344 2 1
35 52 0.148 2 0
23 40 0.122 2 0
58 70 0.251 2 0
65 70 0.430 2 1
49 5 0.224 2 0
16 22 0.099 2 1
91 15 0.360 2 0
159 10 0.893 2 1
43 100 0.171 2 0
35 40 0.109 2 1
69 30 0.437 2 1
14 5 0.066 2 0
139 15 0.429 2 1
25 70 0.112 2 0
14 5 0.059 2 0
171 30 0.753 2 0
240 100 0.988 2 0
11 52 0.035 2 0
26 40 0.155 2 1
16 52 0.062 2 1
31 30 0.129 2 0
84 100 0.280 2 0
32 15 0.158 2 1
14 52 0.086 2 0
74 22 0.248 2 0
57 40 0.180 2 0
46 100 0.148 2 0
80 100 0.246 2 1
263 22 0.871 2 0
12 22 0.047 2 0
52 52 0.170 2 0
37 22 0.155 2 1
173 5 1.061 2 0
39 100 0.245 2 0
13 30 0.088 2 0
12 40 0.063 2 1
94 52 0.346 2 0
126 15 0.371 2 0
97 100 0.337 2 1
38 100 0.116 2 1
143 5 0.577 2 0
50 52 0.151 2 1
142 100 0.466 2 0
327 52 1.003 2 0
124 15 0.486 2 1
149 70 0.550 2 0
17 22 0.060 2 1
13 22 0.050 2 0
158 22 0.566 2 0
75 100 0.239 2 1
65 100 0.355 2 0
30 100 0.140 2 0
19 22 0.077 2 0
60 40 0.288 2 0
14 52 0.069 2 0
123 5 0.390 2 0
18 22 0.090 2 1
14 70 0.056 2 0
198 70 0.896 2 0
113 5 0.509 2 0
11 52 0.058 2 0
158 40 0.536 2 1
35 100 0.176 2 1
71 40 0.228 2 1
51 10 0.259 2 1
33 30 0.160 2 0
249 40 0.889 2 0
32 40 0.179 2 1
44 15 0.169 2 0
126 70 0.453 2 0
33 52 0.103 2 0
36 10 0.205 2 1
295 10 1.219 2 0
58 52 0.278 2 0
23 70 0.128 2 0
35 52 0.117 2 0
38 52 0.131 2 1
143 10 0.841 2 0
20 70 0.081 2 1
86 70 0.437 2 0
17 52 0.056 2 0
123 10 0.430 2 1
30 52 0.092 2 0
269 22 1.423 2 1
15 40 0.062 2 0
69 22 0.202 2 0
32 30 0.120 2 0
13 5 0.045 2 1
24 40 0.103 2 1
56 22 0.277 2 1
12 40 0.065 2 0
324 40 1.317 2 1
11 40 0.033 2 0
178 22 0.989 2 0
188 100 0.787 2 1
15 5 0.087 2 0
86 22 0.379 2 0
18 100 0.071 2 1
37 30 0.175 2 0
187 5 0.760 2 0
152 100 0.594 2 1
143 70 0.586 2 0
16 15 0.105 2 0
337 52 1.982 2 0
18 30 0.110 2 0
31 70 0.126 2 0
18 10 0.066 2 0
38 15 0.167 2 1
58 40 0.175 2 0
21 100 0.067 2 0
11 10 0.057 2 0
136 5 0.449 2 0
13 10 0.060 2 0
11 15 0.046 2 0
26 52 0.132 2 1
334 52 1.440 2 1
176 5 0.595 2 1
165 30 0.665 2 0
20 5 0.075 2 0
127 70 0.481 2 0
27 5 0.096 2 1
37 5 0.150 2 1
65 5 0.249 2 0
37 100 0.115 2 1
24 100 0.082 2 1
49 100 0.202 2 1
65 5 0.316 2 0
15 22 0.063 2 0
47 52 0.233 2 0
93 40 0.458 2 0
11 30 0.052 2 1
242 40 0.880 2 0
120 30 0.396 2 0
22 40 0.118 2 1
19 40 0.062 2 0
28 22 0.108 2 1
39 70 0.132 2 0
35 52 0.157 2 0
25 52 0.092 2 0
17 15 0.066 2 0
21 40 0.089 2 0
19 70 0.059 2 1
79 40 0.266 2 1
19 40 0.075 2 1
255 10 1.028 2 1
18 10 0.079 2 0
11 40 0.051 2 0
78 10 0.406 2 1
51 5 0.181 2 0
153 10 0.869 2 0
15 5 0.051 2 1
166 22 0.741 2 0
196 22 1.048 2 0
24 15 0.074 2 1
41 70 0.131 2 0
213 100 0.884 2 0
183 5 0.701 2 0
71 100 0.275 2 1
327 40 1.521 2 0
34 52 0.147 2 0
34 10 0.135 2 1
266 10 0.809 2 1
10 52 0.040 2 1
79 70 0.310 2 0
57 15 0.256 2 0
38 52 0.134 2 0
12 10 0.069 2 0
25 52 0.089 2 0
61 70 0.179 2 1
50 15 0.225 2 0
10 5 0.058 2 0
72 5 0.224 2 0
195 100 0.577 2 0
75 52 0.300 2 1
10 100 0.040 2 0
59 10 0.239 2 0
36 15 0.226 2 1
12 10 0.061 2 1
13 10 0.087 2 0
24 100 0.114 2 0
66 70 0.359 2 0
162 10 0.970 2 0
50 15 0.149 2 0
96 40 0.324 2 0
179 40 0.927 2 0
13 52 0.058 2 0
52 30 0.161 2 1
130 5 0.549 2 1
148 100 0.503 2 0
45 52 0.225 2 0
152 52 0.927 2 0
19 15 0.082 2 0
157 30 0.720 2 0
32 70 0.113 2 0
52 100 0.329 2 0
19 52 0.061 2 0
29 70 0.132 2 0
12 15 0.045 2 1
74 70 0.344 2 0
141 15 0.585 2 1
115 15 0.353 2 0
13 10 0.039 2 0
119 22 0.420 2 1
60 40 0.192 2 0
20 70 0.113 2 0
58 5 0.369 2 0
129 22 0.733 2 0
330 10 1.486 2 1
31 100 0.091 2 0
41 100 0.120 2 0
218 70 0.757 2 0
42 40 0.255 2 0
53 5 0.157 2 1
252 10 0.913 2 0
17 100 0.085 2 0
11 70 0.050 2 0
65 15 0.272 2 1
50 22 0.149 2 0
72 22 0.341 2 0
21 5 0.114 2 0
20 10 0.099 2 0
75 40 0.272 2 0
39 30 0.242 2 0
195 5 1.048 2 1
14 22 0.047 2 1
76 22 0.380 2 0
118 5 0.379 2 1
29 5 0.147 2 1
73 30 0.367 2 0
56 22 0.236 2 1
56 30 0.298 2 0
18 100 0.059 2 1
78 22 0.232 2 0
18 100 0.065 2 0
159 52 0.500 2 1
58 40 0.185 2 0
32 15 0.115 2 0
69 70 0.245 2 0
146 40 0.781 2 0
21 10 0.108 2 0
42 52 0.251 2 1
16 10 0.084 2 0
19 10 0.074 2 1
52 40 0.206 2 1
48 70 0.149 2 1
48 30 0.141 2 0
32 52 0.165 2 0
111 70 0.455 2 0
28 10 0.082 2 0
38 22 0.120 2 1
173 70 0.601 2 0
14 22 0.068 2 0
72 70 0.211 2 0
18 30 0.086 2 0
287 40 0.872 2 1
172 30 0.764 2 1
24 22 0.080 2 0
14 15 0.053 2 0
87 15 0.486 2 1
40 52 0.245 2 0
16 22 0.049 2 0
154 5 0.611 2 1
23 15 0.071 2 1
19 22 0.061 2 0
236 30 0.717 2 0
23 15 0.069 2 1
310 15 1.069 2 0
51 100 0.297 2 0
121 40 0.818 2 1
268 100 1.098 2 1
158 22 0.508 2 1
20 15 0.063 2 1
13 22 0.067 2 1
39 22 0.147 2 0
31 22 0.167 2 1
129 52 0.639 2 0
38 40 0.162 2 0
17 10 0.077 2 0
40 100 0.141 2 1
47 15 0.139 2 0
35 5 0.129 2 0
14 70 0.050 2 1
28 70 0.177 2 0
15 70 0.064 2 1
28 40 0.082 2 0
10 30 0.048 2 0
31 100 0.092 2 0
12 22 0.054 2 0
86 40 0.298 2 0
73 100 0.227 2 0
21 70 0.069 2 1
282 40 1.500 2 0
