15 22 0.046 0 1
46 15 0.197 0 1
38 40 0.115 0 2
56 40 0.189 0 2
16 52 0.058 0 1
31 22 0.140 0 2
184 40 0.657 0 2
66 22 0.193 0 2
40 5 0.195 0 2
125 10 0.616 0 2
29 15 0.094 0 1
38 40 0.126 0 2
19 10 0.076 0 1
29 30 0.153 0 2
10 10 0.035 0 1
32 30 0.108 0 2
17 100 0.076 0 2
27 100 0.153 0 2
15 22 0.052 0 1
63 40 0.219 0 2
26 22 0.120 0 2
189 52 0.652 0 2
49 52 0.148 0 2
126 10 0.543 0 1
73 30 0.222 0 2
53 52 0.249 0 2
28 5 0.141 0 1
10 100 0.053 0 2
14 22 0.044 0 2
48 10 0.209 0 1
12 52 0.053 0 1
154 30 0.449 0 2
16 100 0.104 0 1
45 100 0.148 0 1
31 52 0.126 0 1
61 15 0.343 0 2
38 100 0.154 0 1
201 100 1.349 0 1
153 52 0.622 0 1
46 70 0.174 0 2
10 15 0.036 0 1
122 100 0.726 0 2
35 52 0.163 0 2
54 10 0.302 0 1
71 15 0.309 0 2
251 52 1.167 0 1
63 100 0.325 0 1
13 5 0.041 0 2
51 30 0.195 0 1
219 10 1.014 0 1
11 22 0.041 0 1
90 52 0.342 0 2
11 30 0.055 0 1
28 40 0.174 0 1
38 30 0.158 0 2
11 100 0.040 0 1
21 22 0.073 0 2
10 10 0.038 0 1
131 5 0.383 0 1
49 40 0.159 0 1
59 70 0.197 0 1
122 52 0.362 0 1
12 15 0.041 0 2
20 52 0.106 0 1
153 52 0.513 0 2
10 100 0.033 0 1
12 52 0.046 0 2
164 30 0.638 0 2
17 70 0.062 0 1
181 70 0.529 0 1
18 22 0.093 0 1
55 5 0.259 0 1
77 100 0.282 0 2
126 5 0.560 0 2
180 40 0.606 0 2
45 5 0.300 0 1
187 100 0.824 0 2
148 40 0.498 0 2
68 30 0.269 0 2
161 30 0.797 0 2
155 22 0.628 0 2
158 100 0.929 0 1
51 10 0.162 0 1
30 70 0.178 0 1
276 70 1.747 0 2
10 10 0.029 0 2
95 22 0.450 0 1
153 40 0.646 0 2
18 10 0.062 0 1
55 52 0.262 0 1
39 40 0.149 0 1
52 52 0.228 0 1
56 70 0.267 0 1
163 52 0.660 0 2
77 5 0.387 0 1
15 52 0.077 0 2
12 22 0.048 0 1
44 70 0.198 0 2
60 30 0.189 0 1
10 100 0.034 0 2
12 52 0.080 0 2
38 15 0.122 0 2
19 30 0.092 0 1
24 30 0.075 0 2
190 70 1.203 0 2
268 70 1.047 0 2
74 30 0.276 0 2
81 52 0.513 0 1
65 52 0.273 0 1
16 52 0.083 0 2
142 10 0.703 0 2
10 52 0.042 0 1
151 10 0.624 0 2
55 40 0.161 0 1
165 40 0.602 0 2
16 70 0.068 0 2
167 10 0.568 0 1
39 52 0.151 0 1
17 52 0.092 0 2
44 100 0.244 0 1
33 100 0.136 0 2
17 100 0.087 0 2
32 40 0.113 0 2
176 70 0.581 0 1
37 30 0.154 0 2
190 15 0.717 0 2
18 15 0.079 0 1
12 52 0.044 0 2
135 5 0.493 0 1
77 10 0.381 0 2
12 5 0.059 0 2
28 52 0.174 0 2
19 5 0.118 0 2
32 15 0.111 0 2
36 15 0.243 0 1
62 70 0.320 0 2
12 40 0.050 0 1
113 70 0.380 0 1
46 22 0.192 0 1
141 30 0.632 0 1
15 100 0.053 0 2
46 10 0.250 0 2
18 10 0.062 0 2
170 5 0.533 0 1
188 100 0.605 0 1
14 10 0.054 0 1
22 40 0.074 0 1
12 30 0.044 0 2
26 40 0.087 0 2
33 10 0.162 0 1
47 10 0.202 0 1
26 40 0.082 0 1
32 15 0.103 0 1
67 100 0.251 0 2
18 10 0.056 0 1
22 15 0.093 0 1
16 30 0.078 0 2
185 70 0.549 0 2
111 40 0.333 0 1
62 5 0.400 0 2
77 15 0.458 0 1
12 52 0.041 0 2
16 10 0.071 0 2
282 52 0.956 0 1
170 10 0.711 0 1
29 30 0.150 0 1
79 10 0.263 0 2
174 5 0.857 0 2
67 100 0.233 0 1
62 15 0.195 0 2
249 70 1.376 0 1
73 10 0.445 0 1
40 15 0.123 0 1
13 15 0.082 0 1
123 40 0.411 0 2
110 100 0.433 0 1
30 5 0.154 0 1
37 30 0.182 0 1
57 15 0.186 0 2
12 70 0.073 0 2
19 52 0.056 0 1
160 40 0.637 0 2
15 52 0.081 0 1
77 40 0.224 0 2
60 70 0.359 0 2
74 70 0.278 0 2
47 30 0.227 0 1
29 5 0.088 0 2
49 40 0.165 0 1
21 10 0.109 0 2
65 30 0.237 0 2
146 100 0.682 0 1
30 10 0.128 0 1
109 100 0.438 0 2
158 70 0.466 0 2
188 22 0.945 0 2
198 40 0.669 0 2
14 15 0.049 0 2
44 5 0.268 0 2
61 52 0.189 0 1
23 10 0.072 0 1
67 5 0.235 0 2
73 100 0.360 0 1
184 5 0.745 0 2
77 100 0.226 0 2
70 30 0.275 0 2
286 100 1.833 0 2
59 52 0.215 0 2
142 100 0.447 0 1
289 10 1.014 0 2
127 10 0.506 0 2
26 10 0.089 0 1
51 52 0.162 0 2
105 22 0.407 0 2
24 52 0.149 0 1
151 100 0.904 0 2
21 22 0.067 0 1
15 52 0.086 0 1
32 22 0.121 0 1
59 15 0.286 0 1
18 52 0.088 0 2
169 22 0.640 0 2
222 40 1.116 0 2
193 70 0.877 0 1
16 15 0.073 0 2
28 10 0.109 0 2
70 40 0.438 0 2
37 52 0.230 0 1
47 10 0.172 0 1
54 5 0.176 0 2
158 30 0.581 0 2
18 15 0.058 0 2
138 5 0.437 0 2
311 22 1.259 0 2
18 10 0.073 0 2
12 40 0.081 0 2
48 30 0.149 0 2
42 30 0.151 0 1
102 70 0.302 0 2
14 15 0.042 0 2
277 30 1.530 0 2
38 100 0.129 0 2
12 40 0.045 0 2
23 100 0.148 0 1
79 10 0.256 0 1
35 30 0.161 0 2
32 100 0.109 0 2
301 5 1.136 0 1
18 70 0.104 0 1
96 52 0.473 0 1
24 10 0.121 0 1
33 40 0.098 0 1
12 100 0.052 0 2
60 30 0.349 0 2
13 10 0.076 0 1
15 52 0.075 0 1
22 10 0.127 0 2
14 15 0.086 0 2
19 52 0.112 0 2
98 5 0.330 0 1
46 5 0.143 0 2
41 100 0.197 0 2
74 70 0.240 0 1
144 30 0.598 0 2
198 100 0.744 0 1
66 15 0.304 0 1
26 30 0.092 0 1
277 70 1.799 0 1
51 30 0.331 0 1
15 15 0.101 0 2
17 52 0.098 0 1
35 10 0.191 0 2
15 100 0.051 0 2
28 52 0.139 0 1
104 30 0.646 0 2
51 10 0.212 0 2
232 30 1.208 0 1
25 70 0.153 0 2
125 5 0.541 0 2
171 10 1.118 0 2
19 30 0.086 0 2
16 52 0.055 0 1
76 10 0.439 0 1
20 22 0.061 0 2
90 15 0.377 0 2
17 15 0.069 0 1
17 10 0.067 0 1
49 10 0.172 0 2
11 70 0.037 0 2
104 5 0.418 0 1
173 70 0.794 0 1
132 15 0.482 0 2
13 22 0.045 0 2
55 40 0.322 0 1
14 15 0.063 0 2
249 5 1.439 0 2
37 22 0.180 0 1
18 15 0.057 0 1
154 70 0.517 0 2
44 10 0.188 0 2
186 5 0.585 0 2
20 70 0.075 0 2
42 40 0.196 0 2
26 15 0.114 0 2
29 40 0.149 0 2
17 5 0.078 0 2
51 10 0.277 0 1
22 10 0.110 0 1
186 40 0.954 0 1
52 15 0.208 0 2
105 30 0.320 0 2
75 10 0.225 0 2
18 5 0.072 0 1
36 52 0.147 0 1
15 10 0.090 0 1
53 10 0.268 0 1
20 30 0.133 0 1
148 15 0.590 0 1
17 30 0.062 0 1
149 30 0.571 0 1
36 100 0.149 0 1
118 70 0.363 0 1
14 15 0.055 0 1
53 40 0.319 0 1
58 40 0.196 0 1
245 22 0.809 0 1
12 52 0.072 0 1
15 15 0.068 0 2
130 5 0.625 0 2
29 100 0.124 0 2
167 22 0.693 0 2
22 40 0.123 0 1
25 10 0.169 0 2
43 70 0.142 0 1
127 100 0.477 0 2
17 22 0.069 0 2
29 52 0.090 0 2
169 5 0.955 0 2
16 40 0.048 0 1
278 22 1.103 0 2
192 15 0.919 0 1
174 30 0.737 0 2
44 5 0.136 0 2
50 15 0.237 0 1
28 52 0.084 0 2
43 52 0.149 0 1
35 5 0.148 0 2
58 40 0.174 0 2
123 5 0.429 0 2
194 15 0.798 0 2
206 5 0.972 0 2
34 22 0.120 0 2
20 15 0.121 0 1
263 30 0.802 0 1
40 22 0.190 0 1
11 70 0.051 0 1
30 5 0.189 0 1
59 40 0.210 0 1
120 100 0.682 0 1
21 30 0.067 0 1
182 22 0.850 0 2
51 30 0.276 0 1
10 52 0.063 0 2
29 52 0.116 0 1
33 22 0.135 0 1
190 70 0.868 0 1
55 10 0.258 0 2
44 30 0.134 0 1
39 70 0.182 0 1
183 40 0.638 0 2
92 22 0.579 0 2
97 100 0.495 0 1
45 10 0.187 0 2
37 100 0.133 0 2
176 15 0.759 0 1
61 5 0.204 0 2
160 30 0.792 0 1
45 40 0.213 0 2
49 100 0.187 0 2
77 40 0.283 0 2
216 40 0.923 0 2
36 10 0.224 0 2
39 100 0.176 0 2
46 5 0.274 0 1
11 5 0.047 0 1
46 15 0.141 0 1
32 5 0.112 0 2
38 10 0.152 0 2
150 40 0.833 0 2
77 100 0.291 0 2
17 15 0.084 0 2
234 10 1.353 0 2
57 52 0.168 0 1
14 52 0.053 0 2
55 52 0.166 0 1
139 22 0.409 0 1
19 10 0.075 0 1
16 30 0.052 0 1
13 40 0.042 0 2
187 70 0.607 0 2
28 100 0.177 0 1
62 15 0.240 0 1
18 100 0.061 0 1
62 5 0.265 0 1
24 5 0.110 0 2
30 100 0.152 0 1
189 15 0.984 0 1
186 5 1.200 0 2
16 15 0.061 0 1
18 5 0.078 0 2
131 100 0.407 0 1
52 52 0.243 0 1
233 40 0.806 0 2
76 100 0.364 0 2
46 22 0.240 0 1
78 15 0.237 0 1
28 5 0.108 0 1
20 15 0.084 0 1
21 70 0.080 0 1
24 5 0.083 0 2
39 15 0.130 0 2
151 5 0.498 0 2
72 5 0.298 0 1
58 100 0.337 0 2
25 70 0.104 0 2
134 100 0.713 0 2
161 70 0.813 0 2
80 5 0.447 0 2
57 5 0.239 0 2
29 5 0.172 0 2
162 5 0.602 0 1
18 70 0.070 0 2
63 70 0.394 0 1
158 15 0.819 0 2
19 10 0.097 0 1
127 52 0.635 0 1
15 30 0.048 0 2
35 70 0.142 0 2
285 52 0.947 0 2
206 100 0.648 0 2
23 52 0.081 0 2
181 52 0.578 0 2
22 15 0.067 0 1
32 100 0.155 0 2
19 10 0.059 0 2
33 100 0.120 0 1
78 22 0.328 0 2
30 100 0.171 0 1
42 52 0.200 0 2
81 40 0.380 0 2
171 100 0.972 0 2
17 70 0.108 0 2
72 10 0.316 0 1
37 70 0.164 0 2
24 52 0.102 0 2
26 15 0.118 0 1
43 22 0.195 0 1
20 30 0.071 0 1
72 5 0.248 0 1
13 10 0.053 0 2
82 100 0.256 0 1
76 40 0.439 0 2
116 10 0.403 0 2
31 22 0.148 0 1
191 22 0.677 0 2
238 15 1.214 0 1
75 40 0.288 0 1
20 5 0.063 0 1
126 15 0.410 0 2
13 15 0.062 0 1
188 5 0.676 0 2
12 40 0.044 0 2
11 22 0.040 0 1
110 15 0.327 0 2
30 22 0.102 0 1
132 70 0.677 0 1
11 52 0.055 0 2
55 30 0.278 0 2
36 30 0.179 0 2
15 15 0.064 0 2
35 10 0.181 0 1
73 5 0.254 0 1
57 100 0.192 0 1
109 40 0.340 0 2
164 70 0.832 0 2
40 40 0.238 0 2
267 52 0.799 0 1
63 15 0.187 0 1
71 22 0.392 0 1
54 40 0.251 0 2
121 70 0.423 0 2
13 52 0.066 0 2
174 100 0.615 0 1
149 52 0.871 0 2
148 5 0.490 0 2
16 30 0.048 0 1
73 100 0.222 0 1
13 5 0.057 0 1
173 40 0.549 0 2
45 100 0.296 0 1
12 5 0.037 0 1
15 5 0.055 0 2
34 100 0.165 0 1
59 70 0.199 0 2
164 22 0.886 0 2
244 52 0.760 0 1
65 10 0.363 0 1
39 5 0.114 0 1
68 52 0.259 0 1
232 70 0.699 0 2
196 52 0.573 0 2
103 10 0.325 0 1
18 5 0.083 0 1
316 22 1.672 0 2
181 52 1.084 0 1
303 100 1.174 0 1
20 52 0.134 0 2
227 15 1.141 0 2
57 30 0.174 0 2
188 52 0.917 0 1
33 40 0.176 0 1
21 10 0.076 0 1
194 70 1.054 0 2
12 70 0.038 0 1
78 30 0.375 0 2
119 22 0.352 0 1
11 40 0.033 0 1
15 30 0.051 0 1
26 15 0.141 0 2
184 30 0.745 0 2
56 22 0.344 0 1
146 30 0.562 0 1
66 70 0.314 0 2
11 15 0.032 0 2
177 22 0.651 0 2
18 22 0.108 0 2
13 30 0.087 0 1
33 30 0.134 0 2
249 30 0.969 0 2
38 22 0.212 0 1
16 15 0.069 0 1
49 100 0.154 0 1
73 40 0.244 0 2
73 10 0.262 0 2
66 30 0.353 0 2
25 15 0.087 0 1
120 40 0.408 0 2
23 5 0.151 0 1
17 70 0.084 0 2
42 70 0.273 0 2
24 100 0.100 0 2
10 10 0.045 0 2
111 10 0.449 0 1
160 22 1.046 0 2
63 30 0.216 0 2
77 30 0.381 0 2
249 52 0.886 0 2
59 22 0.197 0 2
47 15 0.164 0 2
65 5 0.247 0 1
79 40 0.534 0 1
76 40 0.494 0 1
28 70 0.087 0 1
42 15 0.133 0 1
16 22 0.050 0 1
98 22 0.338 0 1
38 52 0.115 0 1
65 15 0.406 0 2
64 40 0.246 0 1
13 52 0.046 0 2
15 70 0.054 0 1
157 100 0.538 0 1
142 15 0.721 0 2
37 10 0.108 0 2
38 10 0.245 0 1
72 40 0.389 0 2
40 30 0.196 0 1
52 52 0.205 0 1
14 15 0.048 0 1
21 70 0.062 0 2
66 5 0.209 0 2
44 70 0.214 0 1
252 52 1.416 0 1
32 22 0.125 1 0
142 52 0.689 1 0
160 10 0.584 1 0
61 10 0.277 1 0
34 40 0.228 1 0
204 100 0.779 1 0
13 5 0.059 1 2
34 100 0.219 1 0
151 5 0.465 1 0
51 100 0.273 1 0
230 5 1.080 1 0
75 5 0.421 1 0
14 5 0.046 1 0
18 70 0.059 1 0
25 100 0.073 1 0
43 52 0.209 1 0
47 40 0.186 1 0
74 70 0.361 1 0
310 10 1.003 1 0
117 70 0.386 1 2
37 100 0.109 1 0
52 40 0.347 1 2
28 52 0.084 1 0
79 5 0.530 1 2
21 40 0.063 1 0
27 10 0.129 1 0
14 10 0.051 1 0
59 70 0.243 1 2
321 100 1.866 1 0
16 5 0.055 1 0
25 40 0.127 1 0
51 100 0.195 1 0
16 10 0.103 1 2
68 10 0.210 1 0
14 52 0.087 1 0
32 100 0.130 1 2
10 30 0.033 1 2
319 100 1.424 1 0
33 10 0.102 1 0
13 5 0.043 1 0
65 70 0.335 1 2
106 22 0.363 1 0
56 52 0.337 1 0
29 30 0.136 1 0
15 22 0.100 1 0
54 52 0.159 1 2
61 70 0.275 1 0
269 22 0.851 1 0
198 15 0.589 1 0
17 22 0.077 1 0
32 15 0.154 1 0
35 52 0.105 1 0
27 30 0.103 1 0
10 22 0.029 1 2
40 100 0.183 1 0
35 5 0.139 1 0
60 22 0.290 1 2
152 22 0.707 1 0
24 15 0.113 1 0
48 30 0.172 1 2
175 5 0.512 1 0
33 15 0.099 1 0
27 40 0.081 1 0
317 10 0.952 1 2
225 22 0.753 1 0
331 100 1.415 1 0
21 40 0.082 1 0
56 70 0.359 1 0
73 70 0.284 1 2
21 10 0.066 1 0
175 22 0.522 1 2
153 5 0.640 1 0
35 5 0.127 1 0
224 30 1.244 1 0
260 52 1.171 1 2
65 70 0.223 1 0
327 10 1.062 1 0
20 100 0.060 1 0
32 15 0.168 1 0
18 15 0.113 1 0
32 10 0.117 1 2
31 52 0.146 1 0
125 100 0.641 1 2
50 30 0.184 1 0
37 22 0.113 1 0
111 40 0.329 1 0
15 52 0.100 1 0
39 10 0.255 1 0
18 52 0.068 1 0
18 100 0.058 1 0
40 22 0.167 1 0
110 22 0.372 1 0
143 15 0.966 1 2
133 10 0.443 1 0
11 70 0.070 1 2
55 5 0.364 1 0
162 15 0.500 1 2
19 40 0.059 1 2
161 30 0.801 1 0
29 5 0.120 1 0
148 5 0.744 1 0
53 40 0.160 1 0
107 52 0.514 1 2
39 30 0.201 1 2
111 5 0.346 1 0
41 22 0.158 1 0
26 30 0.139 1 0
13 70 0.046 1 0
17 15 0.093 1 0
141 70 0.653 1 0
36 10 0.144 1 2
12 5 0.060 1 0
108 100 0.460 1 0
220 70 0.821 1 0
15 40 0.068 1 0
12 70 0.049 1 0
84 22 0.262 1 0
78 52 0.267 1 0
195 40 0.894 1 0
231 30 0.724 1 0
76 52 0.321 1 0
102 5 0.472 1 2
43 40 0.147 1 0
16 52 0.081 1 2
138 40 0.890 1 2
99 5 0.427 1 0
79 70 0.457 1 0
255 5 0.770 1 0
12 22 0.070 1 0
61 10 0.268 1 0
41 100 0.139 1 0
18 40 0.054 1 2
11 22 0.039 1 0
33 5 0.153 1 0
56 40 0.164 1 0
13 52 0.058 1 0
148 22 0.574 1 0
52 70 0.252 1 0
31 40 0.118 1 0
58 40 0.374 1 2
54 70 0.200 1 2
51 52 0.273 1 0
15 52 0.084 1 0
10 30 0.049 1 0
67 52 0.196 1 2
70 30 0.205 1 0
18 15 0.086 1 0
175 5 1.094 1 0
73 40 0.271 1 2
12 5 0.064 1 0
34 15 0.149 1 0
332 70 1.262 1 0
12 52 0.043 1 0
19 52 0.085 1 0
46 10 0.309 1 0
29 30 0.137 1 2
20 15 0.083 1 0
40 10 0.197 1 0
18 100 0.065 1 2
39 70 0.191 1 0
12 10 0.052 1 0
75 70 0.307 1 0
155 52 0.552 1 0
281 22 1.495 1 0
14 5 0.058 1 0
51 10 0.248 1 0
100 10 0.461 1 0
10 30 0.032 1 0
61 52 0.199 1 0
17 10 0.057 1 0
10 40 0.057 1 2
18 100 0.069 1 0
149 100 0.546 1 2
10 10 0.035 1 0
26 22 0.166 1 0
76 15 0.455 1 2
265 5 1.167 1 0
168 10 0.554 1 0
21 22 0.099 1 2
13 40 0.045 1 0
14 5 0.043 1 0
38 70 0.115 1 0
189 22 0.665 1 0
102 22 0.321 1 2
37 15 0.147 1 0
40 22 0.122 1 0
12 15 0.048 1 2
160 70 1.081 1 0
77 22 0.395 1 2
67 52 0.353 1 2
12 10 0.039 1 2
33 15 0.208 1 0
17 52 0.078 1 2
28 40 0.114 1 2
111 22 0.340 1 0
33 10 0.115 1 0
105 52 0.366 1 0
15 52 0.069 1 0
53 10 0.259 1 0
34 70 0.132 1 2
250 10 0.825 1 0
165 30 0.505 1 2
12 100 0.069 1 0
17 5 0.068 1 0
54 15 0.181 1 0
46 40 0.136 1 0
147 5 0.431 1 2
18 10 0.070 1 2
45 30 0.174 1 2
74 10 0.370 1 0
36 22 0.150 1 2
18 5 0.054 1 0
220 30 0.797 1 2
40 15 0.179 1 0
67 10 0.315 1 0
42 30 0.134 1 0
66 15 0.204 1 2
18 70 0.114 1 0
38 70 0.166 1 2
267 15 0.822 1 2
110 70 0.324 1 0
76 70 0.373 1 0
141 10 0.491 1 2
205 10 0.759 1 0
12 15 0.059 1 0
32 30 0.100 1 0
35 22 0.134 1 2
94 100 0.293 1 0
51 52 0.282 1 0
60 52 0.207 1 2
232 10 0.684 1 0
76 40 0.310 1 0
36 10 0.220 1 2
23 15 0.145 1 0
146 40 0.492 1 2
68 100 0.211 1 2
77 15 0.288 1 2
38 15 0.169 1 0
64 5 0.213 1 0
26 30 0.113 1 0
24 10 0.121 1 0
142 10 0.461 1 0
14 15 0.042 1 0
150 40 0.750 1 0
130 15 0.756 1 0
317 100 1.910 1 2
77 100 0.308 1 2
56 52 0.322 1 2
239 30 1.013 1 2
45 15 0.209 1 0
135 10 0.894 1 0
15 15 0.049 1 2
150 30 0.714 1 2
87 5 0.503 1 0
49 40 0.162 1 2
126 22 0.508 1 0
13 100 0.045 1 2
12 10 0.078 1 0
33 40 0.193 1 0
29 52 0.112 1 0
137 22 0.672 1 0
15 5 0.050 1 2
27 52 0.092 1 0
306 100 1.962 1 0
18 5 0.068 1 2
45 10 0.231 1 2
65 70 0.361 1 0
13 15 0.076 1 2
71 52 0.210 1 2
34 100 0.225 1 0
69 52 0.220 1 0
30 5 0.110 1 0
76 22 0.261 1 0
66 70 0.314 1 0
11 30 0.065 1 2
64 15 0.282 1 0
35 30 0.173 1 2
52 52 0.199 1 0
14 10 0.042 1 0
41 15 0.129 1 0
18 30 0.054 1 2
149 52 0.631 1 2
146 40 0.658 1 2
131 40 0.879 1 0
69 5 0.307 1 0
34 52 0.211 1 2
21 22 0.103 1 0
239 52 1.278 1 0
44 5 0.157 1 0
26 22 0.093 1 2
32 10 0.129 1 2
18 52 0.076 1 0
33 22 0.126 1 0
14 100 0.047 1 2
155 22 0.556 1 2
113 100 0.412 1 0
141 15 0.597 1 0
27 70 0.123 1 2
165 70 0.676 1 2
52 10 0.169 1 2
47 10 0.261 1 0
17 100 0.058 1 0
33 70 0.179 1 0
192 22 0.722 1 2
37 40 0.132 1 0
147 15 0.590 1 0
270 52 1.080 1 0
10 100 0.030 1 0
275 10 1.151 1 0
84 30 0.264 1 0
264 5 1.544 1 0
318 10 1.242 1 2
150 30 0.754 1 0
44 15 0.144 1 0
19 22 0.059 1 2
69 70 0.257 1 2
302 52 0.974 1 0
26 15 0.118 1 0
13 22 0.040 1 0
26 15 0.077 1 0
24 40 0.079 1 2
72 22 0.262 1 0
12 5 0.079 1 2
243 70 1.558 1 0
37 52 0.250 1 2
12 40 0.036 1 0
64 100 0.266 1 0
17 52 0.059 1 0
18 100 0.077 1 0
30 100 0.145 1 0
36 22 0.161 1 2
91 10 0.408 1 0
136 40 0.667 1 0
28 22 0.088 1 0
50 30 0.160 1 0
180 100 0.573 1 2
21 5 0.076 1 0
55 40 0.355 1 2
69 5 0.319 1 0
180 70 0.829 1 2
23 5 0.078 1 2
73 70 0.215 1 0
44 15 0.144 1 0
20 22 0.083 1 0
63 22 0.250 1 0
18 40 0.075 1 2
74 100 0.248 1 2
72 10 0.459 1 0
18 30 0.093 1 0
165 52 0.782 1 2
110 30 0.399 1 0
12 40 0.050 1 2
10 40 0.035 1 0
10 22 0.040 1 2
45 30 0.167 1 0
45 30 0.190 1 0
154 10 0.860 1 0
65 30 0.409 1 2
135 15 0.754 1 0
12 30 0.045 1 0
63 15 0.219 1 0
15 10 0.044 1 0
34 22 0.112 1 0
22 52 0.097 1 0
163 10 0.542 1 0
40 70 0.141 1 2
56 100 0.187 1 0
182 70 0.963 1 2
193 10 0.569 1 0
16 22 0.089 1 0
121 100 0.661 1 2
39 52 0.126 1 2
67 15 0.258 1 0
35 70 0.226 1 0
35 52 0.194 1 0
72 10 0.255 1 0
43 52 0.183 1 0
11 52 0.066 1 0
41 100 0.200 1 0
228 30 0.794 1 0
13 10 0.039 1 0
186 10 0.729 1 2
91 70 0.435 1 0
11 5 0.059 1 0
36 10 0.145 1 0
117 70 0.343 1 2
211 15 1.147 1 2
22 100 0.110 1 2
16 30 0.098 1 0
50 40 0.178 1 0
38 30 0.143 1 2
79 70 0.391 1 0
17 52 0.093 1 0
311 70 1.757 1 0
46 52 0.177 1 0
13 10 0.056 1 0
326 40 1.411 1 2
76 70 0.439 1 0
33 52 0.129 1 0
15 22 0.049 1 0
111 15 0.375 1 0
10 30 0.056 1 2
37 40 0.162 1 0
50 15 0.207 1 0
65 30 0.337 1 0
22 100 0.112 1 0
35 100 0.136 1 0
33 30 0.117 1 0
146 70 0.441 1 0
15 40 0.047 1 0
69 15 0.223 1 0
160 15 0.744 1 0
190 30 0.725 1 0
35 22 0.152 1 0
73 52 0.326 1 0
17 5 0.059 1 0
17 30 0.091 1 0
160 100 0.884 1 0
19 10 0.062 1 0
242 15 1.522 1 0
42 10 0.138 1 0
167 5 0.655 1 2
17 100 0.114 1 0
24 52 0.071 1 0
155 5 0.638 1 0
147 10 0.919 1 0
13 70 0.063 1 0
136 40 0.824 1 0
29 40 0.137 1 2
13 100 0.047 1 0
16 15 0.066 1 0
15 15 0.045 1 0
17 52 0.063 1 0
127 52 0.668 1 2
45 22 0.183 1 2
16 22 0.071 1 0
87 15 0.385 1 2
133 70 0.693 1 0
22 15 0.116 1 0
92 52 0.281 1 0
14 10 0.041 1 0
121 15 0.423 1 2
14 5 0.046 1 2
17 15 0.050 1 0
13 22 0.052 1 0
171 30 0.810 1 2
191 22 0.603 1 0
37 10 0.222 1 0
27 52 0.144 1 0
119 10 0.669 1 0
28 22 0.092 1 2
11 5 0.066 1 0
14 5 0.056 1 0
15 15 0.097 1 0
29 100 0.148 1 0
76 40 0.229 1 0
28 10 0.138 1 0
39 30 0.173 1 2
62 70 0.188 1 2
75 70 0.264 1 2
116 40 0.535 1 0
160 22 1.019 1 0
37 5 0.111 1 0
109 100 0.392 1 0
307 40 1.543 1 0
32 10 0.135 1 2
331 22 1.204 1 0
52 100 0.261 1 0
11 15 0.060 1 2
33 40 0.182 1 2
17 5 0.095 1 2
12 22 0.044 1 2
12 5 0.061 1 2
13 22 0.043 1 0
28 52 0.130 1 0
23 70 0.097 1 0
30 5 0.114 1 2
16 70 0.049 1 2
40 40 0.142 1 0
11 22 0.065 1 0
137 40 0.901 1 0
247 22 0.873 1 0
24 40 0.127 1 2
35 15 0.105 1 0
66 5 0.325 1 0
24 10 0.089 1 0
17 30 0.069 1 2
31 100 0.105 1 0
164 30 0.877 1 0
173 22 1.030 1 2
113 10 0.386 1 0
64 100 0.244 1 0
126 15 0.448 1 0
117 52 0.547 1 2
14 15 0.064 1 0
76 22 0.360 1 0
14 70 0.092 1 0
69 30 0.285 1 0
23 40 0.070 1 0
15 30 0.077 1 2
10 10 0.036 1 2
66 15 0.353 1 0
159 5 0.946 1 0
12 100 0.041 1 0
110 10 0.332 1 0
62 10 0.203 1 0
57 15 0.268 1 0
196 22 0.613 1 2
36 30 0.107 1 0
17 100 0.059 1 0
28 40 0.090 1 2
226 40 0.667 1 0
19 30 0.057 1 0
56 5 0.309 1 0
93 22 0.492 1 0
24 52 0.108 1 0
174 10 0.740 1 0
13 40 0.071 1 0
187 100 0.944 1 2
12 70 0.050 1 2
171 30 0.658 1 0
315 100 1.346 1 0
190 70 0.876 1 0
87 100 0.287 1 2
15 40 0.050 1 0
11 70 0.044 1 0
20 30 0.076 1 0
14 10 0.049 1 0
308 22 0.903 1 0
12 30 0.071 1 0
11 22 0.064 1 2
52 30 0.248 1 0
188 5 0.783 1 2
28 5 0.110 1 0
18 5 0.061 1 2
28 70 0.139 1 0
36 22 0.202 1 2
40 10 0.245 1 0
60 100 0.375 1 0
11 40 0.059 1 0
49 70 0.161 1 2
30 22 0.196 1 0
41 40 0.169 1 2
18 15 0.072 1 0
22 40 0.068 1 0
127 40 0.472 1 2
17 5 0.111 1 0
197 15 0.646 1 0
19 10 0.072 1 0
49 100 0.187 1 2
80 22 0.310 1 0
190 5 0.596 1 0
79 100 0.286 1 2
16 100 0.058 1 0
105 30 0.568 1 2
77 5 0.285 1 2
63 22 0.299 1 2
24 22 0.109 1 0
208 22 0.730 1 2
11 40 0.038 1 2
205 100 1.020 1 2
75 52 0.253 1 2
141 10 0.946 1 2
123 100 0.506 1 0
134 100 0.467 1 2
31 15 0.154 1 2
27 15 0.152 1 0
37 40 0.178 1 0
154 22 0.981 1 0
11 30 0.046 1 0
44 5 0.152 1 0
14 100 0.052 1 2
44 15 0.167 1 0
19 70 0.089 1 2
125 100 0.806 1 0
38 40 0.221 1 0
24 30 0.077 1 2
64 15 0.242 1 2
12 15 0.048 1 0
102 10 0.389 1 2
30 15 0.097 1 2
11 15 0.037 1 0
17 40 0.085 1 0
48 5 0.155 1 0
70 22 0.256 2 1
48 5 0.276 2 0
19 5 0.102 2 0
105 100 0.314 2 0
56 30 0.194 2 0
50 15 0.190 2 0
38 40 0.170 2 0
30 52 0.128 2 0
40 30 0.123 2 0
75 5 0.237 2 1
19 10 0.079 2 1
109 52 0.462 2 0
69 22 0.257 2 0
108 40 0.390 2 0
58 5 0.211 2 0
189 10 0.808 2 0
92 22 0.422 2 0
17 5 0.075 2 0
58 22 0.170 2 0
13 70 0.061 2 1
237 5 0.846 2 0
50 52 0.184 2 1
66 52 0.280 2 0
69 40 0.214 2 1
170 10 0.499 2 1
128 10 0.465 2 0
323 15 1.032 2 0
62 52 0.194 2 0
28 30 0.157 2 0
31 15 0.120 2 0
13 5 0.049 2 0
48 22 0.163 2 0
14 40 0.043 2 0
22 30 0.074 2 0
16 22 0.071 2 0
10 5 0.043 2 0
14 30 0.045 2 0
50 52 0.168 2 0
133 22 0.602 2 0
106 30 0.379 2 1
22 52 0.076 2 0
79 30 0.374 2 0
103 30 0.380 2 0
162 40 1.006 2 0
67 40 0.214 2 0
19 40 0.095 2 1
19 30 0.101 2 1
16 40 0.075 2 0
191 5 0.586 2 0
39 70 0.137 2 1
56 22 0.287 2 1
102 70 0.429 2 0
165 5 0.512 2 0
257 52 1.254 2 1
53 5 0.171 2 1
22 15 0.071 2 0
79 100 0.527 2 0
61 100 0.219 2 1
41 70 0.135 2 0
19 40 0.058 2 0
29 5 0.096 2 0
74 100 0.305 2 0
159 22 0.803 2 0
74 22 0.243 2 1
108 52 0.537 2 1
14 5 0.062 2 0
18 22 0.110 2 0
16 40 0.073 2 1
141 52 0.528 2 0
18 15 0.076 2 0
211 40 1.077 2 0
23 5 0.079 2 0
33 52 0.102 2 0
13 100 0.050 2 0
21 30 0.102 2 0
116 22 0.739 2 1
67 40 0.282 2 0
150 40 0.489 2 0
145 10 0.906 2 0
16 30 0.055 2 1
16 40 0.054 2 0
33 5 0.166 2 1
24 5 0.086 2 1
18 5 0.075 2 0
40 5 0.166 2 0
11 15 0.074 2 0
28 5 0.085 2 0
19 40 0.118 2 1
312 10 1.696 2 1
124 15 0.477 2 0
66 15 0.306 2 1
24 15 0.090 2 1
252 100 1.050 2 0
233 5 1.013 2 0
80 40 0.415 2 0
120 30 0.359 2 1
29 15 0.091 2 0
20 5 0.066 2 1
281 40 0.909 2 0
31 52 0.157 2 0
23 30 0.109 2 0
24 30 0.084 2 0
28 30 0.151 2 1
24 100 0.083 2 0
45 30 0.157 2 0
17 100 0.078 2 1
20 22 0.062 2 0
39 30 0.234 2 0
10 70 0.031 2 0
130 70 0.473 2 0
138 30 0.932 2 0
44 10 0.278 2 0
11 30 0.061 2 0
62 5 0.214 2 0
21 30 0.117 2 0
185 52 0.984 2 0
26 100 0.127 2 1
28 40 0.125 2 0
321 40 1.366 2 1
66 5 0.344 2 0
160 52 0.486 2 1
181 70 0.609 2 0
62 70 0.304 2 0
73 40 0.273 2 0
122 70 0.642 2 0
10 52 0.031 2 0
37 10 0.135 2 0
57 10 0.277 2 0
134 10 0.705 2 0
47 10 0.173 2 0
11 22 0.036 2 1
39 30 0.165 2 0
22 30 0.091 2 1
51 40 0.254 2 0
29 52 0.169 2 0
19 52 0.088 2 0
54 15 0.329 2 0
67 52 0.232 2 0
32 70 0.095 2 0
118 10 0.624 2 0
26 10 0.144 2 0
12 15 0.062 2 1
168 10 0.785 2 0
72 15 0.309 2 0
53 22 0.293 2 1
29 30 0.095 2 0
67 10 0.209 2 0
18 30 0.071 2 0
25 70 0.105 2 0
63 5 0.272 2 0
29 15 0.119 2 1
21 52 0.099 2 0
30 30 0.186 2 0
12 22 0.039 2 0
44 10 0.142 2 0
39 52 0.219 2 0
44 100 0.259 2 0
11 10 0.043 2 0
33 30 0.100 2 0
46 30 0.195 2 0
17 30 0.087 2 1
28 100 0.109 2 0
22 70 0.087 2 1
22 30 0.098 2 0
81 10 0.440 2 0
146 40 0.980 2 0
10 100 0.030 2 1
56 15 0.346 2 0
17 70 0.074 2 0
29 5 0.135 2 1
20 100 0.109 2 0
29 22 0.086 2 0
24 10 0.135 2 0
29 22 0.148 2 0
23 40 0.145 2 1
31 40 0.145 2 0
12 22 0.075 2 0
143 70 0.799 2 1
12 10 0.075 2 0
17 52 0.088 2 0
60 30 0.194 2 1
10 70 0.032 2 0
32 10 0.198 2 0
83 5 0.409 2 0
36 15 0.195 2 1
323 15 1.059 2 0
91 40 0.615 2 1
86 15 0.348 2 0
123 70 0.479 2 0
22 52 0.078 2 0
14 70 0.085 2 0
12 5 0.035 2 0
59 30 0.326 2 0
13 52 0.049 2 0
16 52 0.047 2 0
27 70 0.118 2 1
12 30 0.075 2 1
245 40 1.561 2 0
230 52 0.678 2 0
152 100 0.526 2 0
19 30 0.076 2 0
16 22 0.053 2 1
70 22 0.225 2 0
27 10 0.096 2 0
62 10 0.348 2 1
24 70 0.082 2 1
203 100 0.625 2 1
20 10 0.125 2 1
325 5 1.816 2 0
320 40 1.345 2 1
26 70 0.093 2 0
78 52 0.261 2 0
20 30 0.058 2 0
45 70 0.304 2 1
51 52 0.172 2 1
68 100 0.360 2 0
237 40 0.725 2 0
13 100 0.038 2 1
70 52 0.303 2 0
178 40 0.662 2 0
19 15 0.110 2 0
13 40 0.064 2 0
14 15 0.057 2 0
52 30 0.211 2 0
110 10 0.647 2 1
56 40 0.327 2 0
119 15 0.556 2 0
16 52 0.066 2 0
42 100 0.154 2 0
62 10 0.225 2 0
26 70 0.134 2 0
108 22 0.635 2 0
158 22 0.898 2 1
33 15 0.198 2 0
52 15 0.224 2 1
32 70 0.151 2 1
19 52 0.059 2 1
77 30 0.244 2 1
57 70 0.198 2 0
27 100 0.080 2 0
25 22 0.133 2 1
32 22 0.106 2 0
19 22 0.062 2 0
101 40 0.314 2 1
29 5 0.187 2 0
48 30 0.320 2 1
32 10 0.136 2 0
53 70 0.197 2 0
118 15 0.358 2 0
15 22 0.056 2 0
44 30 0.175 2 0
46 5 0.139 2 0
74 22 0.433 2 0
80 5 0.440 2 0
92 30 0.579 2 1
166 40 1.099 2 0
101 40 0.669 2 1
16 10 0.089 2 1
20 5 0.065 2 0
23 15 0.131 2 1
121 5 0.716 2 0
143 40 0.440 2 0
107 10 0.538 2 0
121 5 0.579 2 0
105 30 0.525 2 1
190 15 0.725 2 1
32 22 0.139 2 0
190 40 1.098 2 0
15 10 0.101 2 1
23 5 0.108 2 1
60 10 0.275 2 0
17 10 0.050 2 0
23 40 0.081 2 0
67 52 0.335 2 1
16 5 0.048 2 1
30 15 0.139 2 0
22 10 0.105 2 1
17 22 0.087 2 0
157 10 0.480 2 0
19 5 0.094 2 0
166 70 0.678 2 0
24 5 0.147 2 0
76 5 0.345 2 0
60 22 0.220 2 1
10 100 0.053 2 1
34 15 0.126 2 1
25 22 0.128 2 0
54 5 0.251 2 0
24 100 0.104 2 0
39 10 0.215 2 1
24 15 0.078 2 0
28 30 0.085 2 0
25 30 0.099 2 0
23 70 0.104 2 0
14 40 0.069 2 1
186 30 0.707 2 0
117 70 0.443 2 0
69 52 0.413 2 1
77 100 0.456 2 0
33 40 0.109 2 0
65 15 0.252 2 0
72 70 0.217 2 0
27 100 0.164 2 1
16 100 0.050 2 1
18 22 0.112 2 1
169 15 0.693 2 0
187 100 0.751 2 1
267 22 1.136 2 0
104 22 0.446 2 0
19 22 0.128 2 1
24 15 0.108 2 0
24 22 0.074 2 0
15 40 0.057 2 1
169 100 0.493 2 0
27 22 0.089 2 0
11 22 0.033 2 0
31 15 0.157 2 1
198 100 0.811 2 0
10 22 0.038 2 0
11 15 0.047 2 0
21 30 0.062 2 0
10 40 0.040 2 0
65 5 0.367 2 0
13 22 0.066 2 0
43 100 0.287 2 0
22 22 0.096 2 1
33 10 0.188 2 1
73 40 0.384 2 0
12 10 0.069 2 0
43 100 0.209 2 0
16 40 0.048 2 1
61 52 0.220 2 1
53 22 0.237 2 0
39 30 0.215 2 0
123 30 0.583 2 0
146 15 0.431 2 1
101 5 0.307 2 0
12 70 0.051 2 1
16 70 0.066 2 0
276 10 1.360 2 0
103 30 0.304 2 0
296 30 1.794 2 1
215 30 0.640 2 0
312 100 1.284 2 1
20 70 0.092 2 1
45 52 0.220 2 0
23 70 0.097 2 0
19 15 0.114 2 1
332 5 1.419 2 1
35 5 0.154 2 0
77 22 0.350 2 0
195 52 1.275 2 0
24 5 0.095 2 0
166 22 0.568 2 1
50 40 0.318 2 0
56 40 0.170 2 0
48 10 0.151 2 0
13 22 0.052 2 0
33 52 0.151 2 0
20 52 0.075 2 0
35 5 0.126 2 0
102 100 0.434 2 1
21 22 0.109 2 1
12 52 0.066 2 0
73 5 0.477 2 0
306 70 1.378 2 0
207 5 1.056 2 0
39 30 0.146 2 0
30 30 0.169 2 1
165 52 0.640 2 1
209 100 0.950 2 1
144 5 0.923 2 0
23 100 0.144 2 1
81 22 0.261 2 1
24 30 0.121 2 0
17 30 0.075 2 0
57 40 0.178 2 0
108 15 0.448 2 1
11 52 0.039 2 0
22 10 0.080 2 0
19 15 0.064 2 0
47 10 0.225 2 0
99 15 0.503 2 1
69 15 0.243 2 0
73 40 0.348 2 0
17 100 0.062 2 1
18 5 0.057 2 0
44 52 0.163 2 1
36 5 0.234 2 1
82 40 0.252 2 0
37 10 0.123 2 1
76 100 0.358 2 0
80 100 0.243 2 0
272 15 1.119 2 0
17 30 0.053 2 0
15 15 0.055 2 0
165 30 0.508 2 0
36 52 0.242 2 0
28 5 0.151 2 0
74 15 0.219 2 0
35 10 0.223 2 1
14 30 0.061 2 1
230 22 0.824 2 0
39 40 0.132 2 1
201 70 1.041 2 0
20 30 0.117 2 1
17 22 0.051 2 0
11 5 0.040 2 1
165 30 0.786 2 0
89 52 0.324 2 0
13 70 0.050 2 1
323 15 1.398 2 0
46 70 0.140 2 0
65 40 0.233 2 0
31 52 0.101 2 0
12 10 0.059 2 0
22 52 0.135 2 0
297 22 1.768 2 0
11 52 0.035 2 0
31 40 0.186 2 0
22 22 0.076 2 0
18 5 0.056 2 1
17 52 0.081 2 1
247 52 0.855 2 1
25 10 0.074 2 0
115 10 0.386 2 0
23 100 0.126 2 0
22 10 0.132 2 0
282 5 1.097 2 0
109 52 0.681 2 0
59 70 0.190 2 0
27 5 0.094 2 0
34 15 0.174 2 0
11 52 0.065 2 0
309 10 1.444 2 1
14 100 0.077 2 1
11 5 0.073 2 0
24 15 0.158 2 1
17 15 0.070 2 0
23 40 0.079 2 1
128 40 0.398 2 0
36 10 0.155 2 0
181 52 0.751 2 0
138 22 0.523 2 1
116 100 0.441 2 0
291 40 1.608 2 1
35 15 0.111 2 0
12 100 0.056 2 1
55 30 0.294 2 0
94 22 0.297 2 0
146 15 0.469 2 1
110 15 0.410 2 0
61 40 0.384 2 0
127 22 0.830 2 0
96 100 0.636 2 0
75 40 0.452 2 1
25 15 0.077 2 1
63 22 0.339 2 0
58 10 0.307 2 0
33 30 0.122 2 0
11 70 0.056 2 0
173 15 0.673 2 1
62 15 0.259 2 0
23 15 0.073 2 1
36 52 0.152 2 1
17 10 0.091 2 0
18 70 0.115 2 1
15 30 0.050 2 1
302 70 1.502 2 0
26 100 0.087 2 1
139 15 0.772 2 1
275 10 1.127 2 1
60 52 0.303 2 0
49 70 0.262 2 0
11 5 0.047 2 0
334 40 1.021 2 0
18 15 0.092 2 0
116 22 0.560 2 1
72 10 0.356 2 0
33 30 0.159 2 1
17 5 0.091 2 1
74 100 0.315 2 0
55 40 0.165 2 0
158 40 0.752 2 0
71 70 0.221 2 0
51 30 0.183 2 0
169 100 0.732 2 1
76 40 0.400 2 1
138 40 0.633 2 0
198 52 1.015 2 0
10 22 0.037 2 0
13 40 0.064 2 0
48 70 0.244 2 0
41 15 0.148 2 1
69 10 0.359 2 0
269 22 0.857 2 0
27 10 0.079 2 1
184 10 0.679 2 0
58 30 0.315 2 0
48 22 0.165 2 0
51 52 0.245 2 1
27 52 0.119 2 1
15 15 0.050 2 0
14 15 0.041 2 0
48 22 0.211 2 1
262 15 0.913 2 1
17 40 0.051 2 0
35 5 0.151 2 1
10 40 0.064 2 1
52 30 0.177 2 0
45 40 0.283 2 0
190 70 0.625 2 1
18 52 0.055 2 0
12 40 0.038 2 1
95 52 0.531 2 0
11 100 0.050 2 0
36 52 0.195 2 0
74 10 0.222 2 1
46 40 0.196 2 0
16 100 0.068 2 1
156 52 0.551 2 0
73 5 0.477 2 0
31 100 0.101 2 1
106 70 0.403 2 1
11 30 0.071 2 0
36 70 0.208 2 1
25 30 0.140 2 1
37 52 0.141 2 1
17 100 0.051 2 1
31 40 0.122 2 0
57 10 0.226 2 0
69 30 0.294 2 0
36 70 0.163 2 0
32 10 0.119 2 0
92 52 0.500 2 1
10 5 0.053 2 0
26 100 0.093 2 0
62 30 0.231 2 1
26 100 0.142 2 0
127 70 0.599 2 1
18 30 0.105 2 0
10 40 0.040 2 0
15 5 0.059 2 1
16 100 0.050 2 0
15 100 0.065 2 0
51 5 0.313 2 0
35 10 0.109 2 0
13 10 0.076 2 0
49 40 0.282 2 0
142 10 0.772 2 0
23 10 0.093 2 1
16 40 0.049 2 1
58 30 0.392 2 1
196 40 0.938 2 1
34 70 0.173 2 0
42 70 0.226 2 0
17 52 0.091 2 1
93 52 0.505 2 1
251 22 0.930 2 0
188 40 1.160 2 0
46 10 0.180 2 1
18 100 0.106 2 1
35 30 0.136 2 0
41 100 0.144 2 0
17 70 0.086 2 0
287 70 0.864 2 1
43 70 0.274 2 0
147 100 0.891 2 1
213 70 1.190 2 0
29 70 0.092 2 0
46 100 0.210 2 0
242 52 1.344 2 0
14 10 0.072 2 0
108 70 0.350 2 0
20 70 0.094 2 0
27 100 0.089 2 1
34 5 0.156 2 0
290 22 1.343 2 1
97 15 0.366 2 0
42 40 0.148 2 0
10 30 0.039 2 0
90 15 0.526 2 1
14 22 0.064 2 0
96 15 0.322 2 1
30 22 0.176 2 0
277 52 1.253 2 0
195 15 0.965 2 0
116 10 0.374 2 1
108 70 0.427 2 1
12 10 0.046 2 0
131 40 0.383 2 0
25 52 0.087 2 1
69 30 0.299 2 0
10 5 0.031 2 0
11 52 0.067 2 0
280 10 1.191 2 0
12 5 0.048 2 1
51 22 0.188 2 0
119 5 0.472 2 1
