28 100 0.113 0 2
69 70 0.308 0 1
97 100 0.366 0 1
18 40 0.108 0 1
46 10 0.286 0 2
20 52 0.074 0 1
26 52 0.078 0 2
180 15 0.616 0 2
190 22 0.676 0 1
50 52 0.323 0 2
34 5 0.139 0 1
43 100 0.196 0 1
261 40 1.028 0 1
37 30 0.166 0 1
13 10 0.049 0 2
141 70 0.534 0 2
150 70 0.636 0 1
21 15 0.077 0 2
110 22 0.738 0 2
73 15 0.294 0 2
19 5 0.099 0 2
117 40 0.672 0 2
68 52 0.407 0 2
28 70 0.086 0 1
12 10 0.072 0 1
96 5 0.457 0 1
52 10 0.155 0 1
181 15 1.138 0 1
58 70 0.232 0 2
45 22 0.236 0 1
47 5 0.173 0 1
45 22 0.170 0 1
127 52 0.377 0 1
14 100 0.050 0 2
71 52 0.225 0 1
252 70 1.091 0 2
37 70 0.177 0 2
212 52 1.317 0 2
46 100 0.215 0 1
14 70 0.050 0 1
20 15 0.061 0 1
19 100 0.073 0 2
61 70 0.377 0 1
83 15 0.259 0 2
17 100 0.059 0 2
72 30 0.371 0 2
58 22 0.208 0 1
70 70 0.236 0 2
235 22 0.845 0 1
16 100 0.062 0 1
63 10 0.248 0 1
26 22 0.133 0 2
135 70 0.854 0 2
177 52 0.584 0 1
49 10 0.188 0 1
10 52 0.030 0 1
110 30 0.325 0 2
154 40 0.798 0 1
22 5 0.093 0 1
67 100 0.217 0 2
172 10 1.049 0 2
10 70 0.043 0 2
17 10 0.092 0 2
51 52 0.288 0 2
60 100 0.269 0 1
55 30 0.221 0 1
120 30 0.411 0 2
262 70 0.926 0 2
21 30 0.101 0 1
14 22 0.094 0 2
23 40 0.116 0 2
230 52 1.065 0 2
148 70 0.961 0 2
23 15 0.108 0 2
93 22 0.346 0 2
45 40 0.285 0 1
81 40 0.357 0 2
90 5 0.577 0 2
70 30 0.385 0 2
18 15 0.068 0 2
32 30 0.122 0 1
14 10 0.085 0 1
322 5 1.731 0 2
30 15 0.197 0 1
130 30 0.878 0 1
309 22 1.386 0 2
60 10 0.233 0 2
22 15 0.067 0 2
10 5 0.035 0 1
21 40 0.141 0 2
199 10 1.284 0 2
335 15 1.088 0 2
18 5 0.095 0 2
57 30 0.224 0 2
113 15 0.483 0 1
83 5 0.282 0 1
68 10 0.269 0 2
135 30 0.438 0 1
48 70 0.199 0 2
164 100 0.522 0 1
61 22 0.238 0 1
85 5 0.503 0 1
60 100 0.214 0 2
219 40 0.785 0 2
118 10 0.488 0 1
72 70 0.294 0 2
44 15 0.177 0 1
67 22 0.438 0 1
72 10 0.224 0 1
177 22 0.596 0 2
17 22 0.053 0 1
10 70 0.066 0 2
18 15 0.089 0 2
14 52 0.049 0 1
159 10 0.761 0 2
160 15 0.508 0 2
75 40 0.478 0 2
277 10 1.169 0 1
153 22 0.956 0 2
22 22 0.080 0 2
114 22 0.449 0 2
302 15 1.307 0 2
181 22 0.569 0 1
19 5 0.078 0 1
38 70 0.157 0 2
21 22 0.063 0 1
126 30 0.741 0 1
28 30 0.096 0 2
79 40 0.444 0 1
19 22 0.109 0 2
49 15 0.157 0 1
182 5 0.919 0 1
60 22 0.311 0 1
142 5 0.526 0 2
50 22 0.167 0 1
11 40 0.041 0 1
76 30 0.283 0 1
28 15 0.099 0 1
34 52 0.136 0 2
59 10 0.347 0 2
19 15 0.061 0 1
36 52 0.167 0 1
20 10 0.125 0 1
64 10 0.274 0 2
174 5 0.521 0 2
15 22 0.088 0 1
199 5 1.236 0 1
328 100 1.526 0 2
84 52 0.382 0 2
27 5 0.135 0 1
13 52 0.055 0 1
74 5 0.261 0 2
101 70 0.451 0 1
62 100 0.182 0 2
42 15 0.251 0 2
188 40 1.190 0 2
154 100 0.611 0 2
30 100 0.186 0 2
174 70 0.760 0 2
19 40 0.123 0 1
35 10 0.207 0 1
52 22 0.235 0 1
10 10 0.030 0 1
143 30 0.665 0 1
258 10 1.675 0 1
25 40 0.120 0 2
82 30 0.259 0 1
38 5 0.161 0 2
164 30 0.653 0 2
37 70 0.237 0 2
28 100 0.134 0 2
16 30 0.060 0 1
177 15 0.773 0 1
36 30 0.224 0 2
31 70 0.104 0 1
34 22 0.125 0 1
11 52 0.058 0 1
152 52 0.760 0 2
18 40 0.088 0 1
308 40 1.890 0 2
92 5 0.312 0 1
25 5 0.075 0 2
40 15 0.120 0 2
27 100 0.111 0 1
19 100 0.084 0 2
64 100 0.275 0 1
28 15 0.115 0 1
10 5 0.049 0 1
14 70 0.077 0 2
29 40 0.115 0 1
11 70 0.063 0 1
79 100 0.239 0 2
118 40 0.618 0 2
77 5 0.270 0 1
36 22 0.113 0 2
63 15 0.210 0 2
32 30 0.172 0 2
61 15 0.269 0 2
58 52 0.301 0 2
226 10 1.263 0 1
12 70 0.058 0 2
25 40 0.077 0 1
62 100 0.211 0 2
21 10 0.097 0 1
61 22 0.318 0 2
68 30 0.368 0 1
14 15 0.051 0 2
46 52 0.135 0 1
67 100 0.243 0 2
17 15 0.054 0 2
26 10 0.110 0 1
108 10 0.341 0 2
50 100 0.279 0 1
62 5 0.212 0 1
192 30 0.566 0 1
12 52 0.041 0 2
27 15 0.103 0 2
27 70 0.088 0 2
19 40 0.073 0 1
39 52 0.118 0 1
38 22 0.119 0 2
116 70 0.690 0 2
32 15 0.190 0 2
49 52 0.159 0 1
62 100 0.297 0 2
27 5 0.085 0 2
22 100 0.136 0 2
13 22 0.084 0 1
13 52 0.042 0 2
14 70 0.059 0 2
48 52 0.232 0 2
64 30 0.218 0 1
71 30 0.464 0 1
149 22 0.479 0 1
148 30 0.881 0 2
130 22 0.546 0 2
157 15 0.500 0 2
335 52 1.050 0 2
11 52 0.039 0 1
14 30 0.044 0 2
33 5 0.150 0 2
336 5 2.225 0 1
72 70 0.324 0 2
33 5 0.202 0 2
173 52 0.595 0 2
33 100 0.132 0 2
32 70 0.168 0 2
17 22 0.092 0 2
121 5 0.654 0 1
34 52 0.195 0 1
193 5 0.881 0 1
35 52 0.125 0 2
238 15 0.853 0 2
59 100 0.240 0 1
143 15 0.417 0 1
10 30 0.035 0 1
186 40 1.022 0 1
11 15 0.056 0 1
136 100 0.500 0 1
58 52 0.172 0 1
43 22 0.267 0 2
65 100 0.198 0 1
14 30 0.056 0 1
75 15 0.369 0 1
55 100 0.201 0 2
39 22 0.169 0 2
100 70 0.362 0 1
37 10 0.141 0 1
16 30 0.053 0 2
49 10 0.244 0 1
253 22 0.788 0 1
238 30 0.726 0 2
35 5 0.114 0 2
39 70 0.142 0 2
113 15 0.574 0 1
10 70 0.038 0 2
41 52 0.139 0 1
35 100 0.207 0 1
57 5 0.252 0 2
66 10 0.244 0 2
138 10 0.519 0 2
180 52 0.636 0 1
14 22 0.056 0 1
34 52 0.138 0 1
44 100 0.280 0 2
152 52 0.531 0 1
14 30 0.090 0 1
206 30 0.932 0 2
273 5 0.886 0 2
71 30 0.251 0 2
109 70 0.366 0 2
71 100 0.415 0 1
24 22 0.140 0 2
175 22 0.516 0 2
14 10 0.076 0 2
25 22 0.078 0 1
49 22 0.233 0 1
46 100 0.155 0 2
17 40 0.101 0 2
161 5 0.634 0 2
39 5 0.252 0 2
59 40 0.245 0 2
17 70 0.065 0 2
51 70 0.307 0 2
73 15 0.233 0 2
74 70 0.465 0 2
157 40 0.660 0 2
184 52 0.736 0 1
131 22 0.391 0 2
55 30 0.259 0 2
10 52 0.062 0 2
20 22 0.131 0 2
22 40 0.071 0 1
14 70 0.055 0 2
25 40 0.133 0 1
207 70 0.831 0 2
159 5 1.019 0 1
138 10 0.704 0 1
59 70 0.223 0 1
34 52 0.210 0 1
22 100 0.071 0 1
235 15 1.556 0 2
12 52 0.041 0 1
60 10 0.283 0 1
31 70 0.180 0 2
15 15 0.047 0 2
22 70 0.102 0 2
30 70 0.108 0 2
35 10 0.117 0 2
51 40 0.238 0 2
39 52 0.185 0 1
172 5 1.124 0 2
168 70 1.128 0 1
12 100 0.039 0 2
255 30 1.054 0 2
213 10 1.365 0 2
18 10 0.069 0 1
134 5 0.459 0 1
32 5 0.129 0 2
11 5 0.043 0 1
32 10 0.132 0 1
66 30 0.206 0 1
71 10 0.272 0 2
116 30 0.540 0 2
104 5 0.394 0 2
74 52 0.220 0 2
42 5 0.222 0 1
43 40 0.138 0 2
294 100 0.899 0 2
228 30 0.792 0 2
26 100 0.123 0 1
94 70 0.378 0 2
111 15 0.740 0 1
128 70 0.494 0 1
58 10 0.377 0 1
59 100 0.214 0 1
33 70 0.199 0 2
39 100 0.192 0 1
327 10 1.428 0 1
173 70 0.925 0 2
10 40 0.036 0 2
27 70 0.090 0 1
70 52 0.303 0 2
67 10 0.230 0 1
13 30 0.055 0 2
318 40 0.967 0 1
17 100 0.064 0 2
19 30 0.066 0 2
10 10 0.041 0 2
151 52 0.459 0 2
33 40 0.127 0 2
74 30 0.418 0 2
52 10 0.187 0 2
15 70 0.064 0 2
321 30 1.390 0 1
65 40 0.262 0 2
84 40 0.469 0 2
24 40 0.076 0 1
33 70 0.184 0 2
93 30 0.433 0 1
132 70 0.396 0 2
291 30 1.807 0 2
23 5 0.083 0 1
76 5 0.507 0 2
52 70 0.213 0 2
161 5 1.032 0 2
16 100 0.080 0 2
186 5 0.750 0 1
106 22 0.576 0 1
250 40 0.916 0 1
132 10 0.684 0 2
77 52 0.282 0 2
18 70 0.079 0 2
77 40 0.227 0 1
39 10 0.190 0 2
79 5 0.359 0 1
307 10 0.997 0 2
70 30 0.398 0 2
37 15 0.143 0 2
215 40 0.757 0 1
28 22 0.177 0 1
171 22 0.574 0 1
64 40 0.249 0 1
57 100 0.195 0 2
31 40 0.114 0 2
12 40 0.062 0 1
68 15 0.269 0 2
12 15 0.069 0 1
25 10 0.083 0 2
119 22 0.379 0 2
130 100 0.793 0 2
199 70 0.698 0 1
23 30 0.113 0 2
337 5 1.793 0 1
35 100 0.103 0 1
186 30 0.552 0 2
170 10 0.904 0 2
39 52 0.193 0 2
152 22 0.519 0 1
17 100 0.088 0 1
34 10 0.101 0 1
168 5 0.556 0 1
335 40 1.971 0 2
78 40 0.523 0 1
20 10 0.099 0 1
31 100 0.175 0 1
13 10 0.039 0 2
19 52 0.117 0 2
19 40 0.063 0 2
68 100 0.386 0 2
28 100 0.146 0 1
134 70 0.475 0 1
37 40 0.175 0 1
34 10 0.193 0 1
26 22 0.112 0 1
31 5 0.106 0 2
19 10 0.081 0 1
107 5 0.656 0 2
135 22 0.511 0 2
13 40 0.067 0 2
122 10 0.484 0 1
30 15 0.135 0 1
13 40 0.039 0 2
12 70 0.079 0 2
43 30 0.141 0 2
179 52 1.011 0 2
44 70 0.263 0 2
35 15 0.233 0 1
24 10 0.070 0 2
23 5 0.117 0 1
18 100 0.098 0 1
20 10 0.113 0 2
80 100 0.279 0 1
15 15 0.057 0 2
29 30 0.151 0 2
56 52 0.199 0 2
27 10 0.111 0 2
24 52 0.100 0 1
63 10 0.266 0 2
330 22 1.134 0 1
53 100 0.216 0 1
329 15 1.613 0 1
19 40 0.057 0 1
208 52 0.621 0 1
38 22 0.226 0 2
22 30 0.088 0 2
158 5 0.566 0 2
30 70 0.162 0 2
37 22 0.168 0 2
12 100 0.039 0 2
17 100 0.096 0 1
17 70 0.067 0 2
17 22 0.054 0 1
19 22 0.114 0 1
193 70 0.980 0 2
56 40 0.172 0 1
290 40 1.184 0 1
161 52 0.610 0 2
29 100 0.164 0 1
21 52 0.074 0 2
25 15 0.101 0 2
23 22 0.115 0 2
33 15 0.109 0 1
19 15 0.063 0 1
11 10 0.053 0 2
225 40 0.662 0 1
78 22 0.476 0 1
10 5 0.052 0 1
11 10 0.047 0 1
12 52 0.081 0 1
47 70 0.172 0 2
52 100 0.152 0 2
77 100 0.360 0 2
11 5 0.042 0 1
67 5 0.260 0 2
239 40 0.718 0 1
62 5 0.256 0 2
183 10 1.130 0 1
70 70 0.380 0 1
67 22 0.261 0 1
260 22 0.778 0 2
147 10 0.671 0 1
78 100 0.304 0 1
66 10 0.295 0 1
196 40 0.681 0 1
297 5 1.084 0 1
70 52 0.250 0 2
42 22 0.225 0 1
306 100 1.348 0 2
26 30 0.087 0 2
46 52 0.175 0 2
105 15 0.477 0 1
13 52 0.039 0 2
40 10 0.209 0 2
14 30 0.078 0 2
56 40 0.327 0 1
36 100 0.114 0 2
13 30 0.083 0 2
65 70 0.288 0 1
10 22 0.033 0 1
18 30 0.076 0 2
13 40 0.050 0 2
113 5 0.528 0 2
11 10 0.062 0 2
37 15 0.118 0 1
15 15 0.070 0 1
28 52 0.097 0 1
13 100 0.038 0 1
63 15 0.288 0 1
18 30 0.057 0 1
107 52 0.396 0 2
24 40 0.096 0 2
32 5 0.112 0 2
41 52 0.229 0 2
12 5 0.054 0 1
87 70 0.362 0 1
10 22 0.031 0 2
313 70 1.729 0 2
11 70 0.065 0 2
31 15 0.102 0 2
61 22 0.323 0 2
60 70 0.202 0 1
52 52 0.190 0 1
125 40 0.392 0 1
195 100 0.704 0 2
257 22 0.779 0 1
79 40 0.324 0 1
15 5 0.047 0 1
18 10 0.064 0 1
37 5 0.250 0 1
31 5 0.097 0 1
63 40 0.196 0 1
38 52 0.195 0 2
13 40 0.043 0 1
32 100 0.199 0 2
13 10 0.086 0 1
53 22 0.232 0 2
112 100 0.526 0 2
11 15 0.033 0 2
210 40 1.200 0 1
129 100 0.397 0 2
39 100 0.121 0 2
53 52 0.280 0 2
24 100 0.094 0 2
37 15 0.163 0 1
194 5 0.755 0 1
12 10 0.047 0 2
299 70 1.241 0 1
158 30 0.738 0 2
51 15 0.336 0 1
87 100 0.271 0 2
273 52 0.827 0 2
49 5 0.161 0 1
60 22 0.227 0 2
15 5 0.047 0 1
52 22 0.221 0 2
11 30 0.035 0 2
19 30 0.068 0 1
117 10 0.582 0 1
298 100 1.231 0 1
60 5 0.189 0 2
29 40 0.111 0 1
26 5 0.164 0 2
183 70 0.631 0 1
46 15 0.172 0 1
16 100 0.054 0 2
38 70 0.162 0 2
18 15 0.068 0 1
191 70 0.692 0 2
34 5 0.155 0 1
37 10 0.218 0 2
255 5 0.966 0 1
130 22 0.743 0 2
16 52 0.056 0 1
165 70 0.559 0 1
12 40 0.041 0 2
29 22 0.141 0 2
188 70 1.027 0 2
41 15 0.140 0 2
119 30 0.704 0 2
11 52 0.045 0 1
16 5 0.050 0 1
10 15 0.063 0 1
17 10 0.062 0 1
121 70 0.392 0 2
39 10 0.143 0 2
159 100 1.067 0 1
335 52 1.159 0 2
72 70 0.211 0 1
78 10 0.344 0 2
281 22 1.332 0 2
23 10 0.148 0 1
51 30 0.214 0 2
14 15 0.087 0 1
328 5 2.037 0 2
66 30 0.301 0 1
31 70 0.160 0 2
160 52 0.469 0 2
172 70 0.531 0 1
280 22 1.244 0 2
13 10 0.066 0 1
51 22 0.158 0 1
21 22 0.098 0 1
100 22 0.472 0 2
52 10 0.206 0 1
31 70 0.104 0 1
20 5 0.078 0 2
183 5 0.698 0 2
44 100 0.235 0 1
63 30 0.289 0 2
20 22 0.127 0 2
49 22 0.198 0 1
102 22 0.488 0 2
105 30 0.625 0 1
159 5 0.665 0 1
54 5 0.302 0 2
19 52 0.118 0 2
276 40 1.160 0 2
16 40 0.092 0 2
14 15 0.060 0 2
67 30 0.385 0 1
93 5 0.341 0 2
161 100 0.649 0 2
27 5 0.106 0 2
28 100 0.112 0 1
12 30 0.053 0 1
18 30 0.057 0 1
22 10 0.087 0 2
11 52 0.040 0 1
180 10 0.550 0 1
226 15 0.837 0 1
39 15 0.137 0 2
12 52 0.038 0 1
15 30 0.066 0 2
13 30 0.081 0 1
25 70 0.081 0 2
60 15 0.247 0 1
97 70 0.473 0 1
47 30 0.203 0 2
77 100 0.295 0 1
25 100 0.080 0 2
25 30 0.089 0 2
18 30 0.100 0 1
37 22 0.126 0 2
76 5 0.469 0 2
151 100 0.668 0 1
22 5 0.088 0 2
21 30 0.140 0 1
36 5 0.119 0 1
236 52 1.311 0 1
178 10 1.041 0 1
18 52 0.053 0 1
68 22 0.239 0 1
30 5 0.101 0 1
62 22 0.307 0 1
132 22 0.482 0 1
10 10 0.033 0 2
49 52 0.158 0 1
309 70 1.355 0 2
47 15 0.163 0 1
73 10 0.338 0 2
133 52 0.566 0 1
17 10 0.093 0 2
32 52 0.156 0 1
333 30 1.296 0 2
14 40 0.049 0 1
17 22 0.093 0 2
15 22 0.050 0 1
151 30 0.782 0 2
263 5 0.992 0 1
75 40 0.417 0 2
65 15 0.256 0 1
20 5 0.086 0 2
12 22 0.071 0 2
141 70 0.504 0 1
66 30 0.212 0 2
72 70 0.447 0 2
26 5 0.119 0 1
15 100 0.097 0 2
47 100 0.167 0 2
203 10 1.238 0 2
23 100 0.097 0 2
127 100 0.847 0 2
11 15 0.034 0 1
65 5 0.361 0 2
19 40 0.128 0 2
55 70 0.252 0 1
62 10 0.189 0 1
14 22 0.087 0 2
152 22 0.528 0 1
328 40 2.144 0 2
190 30 1.061 0 2
19 100 0.099 0 1
78 5 0.484 0 2
66 22 0.211 0 2
75 22 0.239 0 2
38 10 0.154 0 1
32 52 0.171 0 1
81 40 0.536 0 1
29 30 0.086 0 2
227 30 1.071 0 2
78 100 0.394 0 1
42 52 0.269 0 2
23 70 0.071 0 2
33 15 0.102 0 1
19 70 0.099 0 2
28 15 0.161 0 1
58 15 0.194 0 1
268 52 0.918 0 1
291 40 1.796 0 2
52 52 0.167 0 2
45 15 0.256 0 2
31 100 0.144 0 2
51 15 0.230 0 1
43 40 0.201 0 2
23 10 0.116 0 1
10 70 0.042 0 2
19 30 0.059 0 2
116 15 0.716 0 2
11 40 0.067 0 2
316 100 1.604 0 2
30 30 0.093 0 2
36 10 0.225 0 1
106 22 0.342 0 1
181 5 0.973 0 2
180 15 0.579 0 1
115 100 0.553 0 1
175 5 0.806 0 1
168 15 0.627 0 1
57 70 0.176 0 1
13 40 0.056 0 1
217 22 0.648 0 1
20 70 0.080 0 2
31 5 0.138 0 1
113 5 0.538 0 2
13 15 0.044 0 2
51 5 0.201 0 1
155 52 0.489 0 1
147 30 0.451 0 1
80 52 0.287 0 2
15 70 0.086 0 2
256 100 0.952 0 1
209 22 0.718 0 1
73 52 0.244 0 1
23 30 0.081 0 2
37 22 0.167 0 1
98 15 0.430 0 1
44 52 0.139 0 1
32 10 0.176 0 1
61 40 0.193 0 1
13 15 0.047 0 1
32 5 0.180 0 1
77 22 0.297 0 2
280 52 1.081 0 1
113 5 0.546 0 1
10 22 0.040 0 1
35 52 0.116 0 2
290 22 0.990 0 1
12 30 0.054 0 2
18 100 0.089 0 2
255 70 0.842 0 2
23 52 0.076 0 1
186 22 1.200 0 2
79 22 0.247 0 1
15 15 0.050 0 1
42 100 0.203 0 2
17 10 0.053 0 1
72 22 0.474 0 2
33 40 0.106 0 1
10 10 0.032 0 2
13 22 0.061 0 1
16 70 0.105 0 2
45 40 0.173 0 1
209 52 0.620 0 1
105 30 0.360 0 2
29 15 0.166 0 1
14 52 0.043 0 2
66 100 0.238 0 1
68 10 0.245 0 1
33 100 0.113 0 1
174 30 1.006 0 2
19 5 0.070 0 2
303 70 1.353 0 1
284 10 1.661 0 1
12 52 0.057 0 2
185 70 0.752 0 1
51 52 0.156 0 2
40 15 0.208 0 2
32 52 0.138 0 1
27 52 0.101 0 1
22 100 0.093 0 2
28 5 0.106 0 2
264 40 1.211 0 2
19 52 0.071 0 1
318 30 1.112 0 1
75 15 0.251 0 1
94 22 0.477 0 1
48 30 0.282 0 2
36 22 0.222 0 2
30 5 0.117 0 2
18 5 0.052 0 2
51 30 0.283 0 2
160 52 1.046 0 1
272 5 0.822 0 1
22 40 0.071 0 2
304 5 1.041 0 2
47 15 0.179 0 1
332 22 0.971 0 2
69 10 0.203 0 1
173 22 1.006 0 1
31 100 0.108 0 2
25 10 0.145 0 1
45 100 0.151 0 1
156 15 0.678 0 1
173 30 0.544 0 1
53 15 0.353 0 1
170 5 0.766 0 1
145 15 0.490 0 1
18 30 0.055 0 1
54 40 0.196 0 2
169 30 0.744 0 1
42 15 0.247 0 2
27 52 0.079 0 2
44 30 0.249 0 2
85 70 0.282 0 2
138 30 0.654 0 2
53 15 0.178 0 2
152 10 0.589 0 2
149 52 0.485 0 1
35 10 0.156 0 1
295 100 1.109 0 2
19 30 0.125 0 1
253 40 1.643 0 1
27 10 0.170 0 2
26 100 0.099 0 1
16 5 0.051 0 1
18 70 0.079 0 2
18 10 0.107 0 2
67 70 0.296 0 1
155 100 0.708 0 2
46 10 0.160 0 1
78 5 0.231 0 2
123 15 0.461 0 2
45 5 0.174 0 2
38 52 0.159 0 2
35 30 0.109 0 1
50 70 0.186 0 1
13 15 0.054 0 1
25 10 0.149 0 2
27 10 0.101 0 1
88 5 0.471 0 1
154 5 0.490 0 2
15 10 0.072 0 2
111 70 0.363 0 1
22 15 0.083 0 2
45 30 0.156 0 2
171 40 0.681 0 2
23 10 0.119 0 1
18 52 0.082 0 2
194 52 0.651 0 1
252 52 1.636 0 1
58 22 0.372 0 1
18 40 0.066 0 1
44 70 0.170 0 1
31 15 0.152 0 2
13 22 0.047 0 1
14 70 0.067 0 1
11 15 0.043 0 1
75 15 0.391 0 1
59 52 0.190 0 2
13 22 0.061 0 1
48 100 0.225 0 2
16 40 0.096 0 1
185 30 0.720 0 1
23 70 0.096 0 1
31 70 0.135 0 1
66 22 0.251 0 1
17 10 0.052 0 1
14 22 0.047 0 1
42 40 0.255 0 2
36 15 0.229 0 1
20 40 0.129 0 2
174 40 1.101 0 1
67 70 0.268 0 1
175 70 1.174 0 1
37 22 0.133 0 2
118 15 0.480 0 2
84 22 0.291 0 2
24 40 0.088 0 2
33 15 0.120 0 2
48 40 0.178 0 2
37 52 0.145 0 1
62 5 0.188 0 2
44 15 0.148 0 2
19 100 0.072 0 1
82 15 0.368 0 2
19 52 0.080 0 2
139 5 0.523 0 2
12 10 0.041 0 1
14 70 0.052 0 2
171 22 0.566 0 1
27 10 0.100 0 1
192 100 1.079 0 1
17 40 0.055 0 1
38 70 0.205 0 2
26 15 0.087 0 1
51 100 0.205 0 1
81 22 0.360 0 1
230 10 0.855 0 2
324 22 1.129 0 2
26 15 0.089 0 2
48 100 0.247 0 1
164 10 0.584 0 2
26 22 0.082 0 1
16 15 0.071 0 2
32 5 0.101 0 2
83 52 0.485 0 2
179 40 0.649 0 1
133 30 0.573 0 2
30 10 0.100 0 1
139 5 0.615 0 1
23 100 0.110 0 1
253 100 1.571 0 1
19 70 0.109 0 1
39 15 0.132 0 1
23 70 0.075 0 2
126 52 0.483 0 2
14 15 0.051 0 1
66 22 0.259 0 2
28 100 0.101 0 1
185 10 0.601 0 1
16 52 0.099 0 2
18 15 0.053 0 2
17 70 0.050 0 2
13 70 0.056 0 1
20 22 0.117 0 2
60 30 0.178 0 1
20 52 0.120 0 2
26 40 0.154 0 2
162 30 0.494 0 2
32 15 0.150 0 2
64 22 0.226 0 2
162 15 0.640 0 1
29 15 0.187 0 2
174 15 0.540 0 1
308 10 1.613 0 1
211 22 1.153 0 1
182 10 1.028 0 1
106 70 0.570 0 1
231 70 0.840 0 2
21 22 0.098 0 2
165 10 0.685 0 2
332 22 1.207 0 1
77 52 0.273 1 0
26 100 0.141 1 0
71 10 0.368 1 2
109 5 0.653 1 0
13 15 0.057 1 2
155 5 0.460 1 0
18 15 0.093 1 2
26 22 0.154 1 0
75 10 0.270 1 2
136 10 0.654 1 0
16 22 0.096 1 0
180 70 0.952 1 2
19 70 0.075 1 0
309 100 1.537 1 0
36 5 0.128 1 2
116 22 0.367 1 0
33 5 0.219 1 2
113 70 0.516 1 0
91 15 0.595 1 0
59 5 0.316 1 0
49 52 0.249 1 2
13 52 0.077 1 0
25 30 0.106 1 0
18 30 0.059 1 0
19 52 0.097 1 0
131 10 0.409 1 2
153 70 0.814 1 0
38 70 0.255 1 0
313 70 1.920 1 0
193 52 1.184 1 0
170 10 0.567 1 0
16 30 0.107 1 0
45 40 0.188 1 0
191 40 0.586 1 0
247 30 1.083 1 2
18 22 0.089 1 2
15 22 0.053 1 2
85 5 0.295 1 2
71 10 0.343 1 0
63 15 0.304 1 2
105 30 0.505 1 0
52 70 0.193 1 0
24 30 0.072 1 0
10 40 0.041 1 0
171 100 0.671 1 0
42 30 0.235 1 0
75 5 0.410 1 2
142 40 0.747 1 2
30 15 0.092 1 2
18 10 0.058 1 0
36 70 0.141 1 2
42 30 0.140 1 2
42 10 0.163 1 0
139 5 0.543 1 0
76 10 0.404 1 2
26 5 0.080 1 0
145 15 0.665 1 2
23 15 0.075 1 0
146 10 0.453 1 0
77 40 0.325 1 0
56 10 0.186 1 0
11 22 0.045 1 0
35 30 0.108 1 0
19 52 0.081 1 2
47 52 0.144 1 0
223 15 1.368 1 2
95 100 0.508 1 2
265 10 1.047 1 2
16 100 0.091 1 2
16 100 0.074 1 0
174 30 0.989 1 0
38 10 0.130 1 0
150 100 0.490 1 0
106 40 0.309 1 0
183 30 1.000 1 0
114 5 0.447 1 0
39 30 0.151 1 2
17 70 0.101 1 0
28 70 0.100 1 0
98 10 0.367 1 2
14 10 0.073 1 0
29 30 0.098 1 2
60 10 0.256 1 0
71 40 0.258 1 2
157 5 1.000 1 2
11 30 0.039 1 2
19 70 0.074 1 0
134 52 0.534 1 2
83 22 0.332 1 0
315 70 1.994 1 0
47 52 0.283 1 0
125 52 0.619 1 0
33 10 0.151 1 0
308 5 1.446 1 2
13 70 0.080 1 0
204 70 0.648 1 0
12 30 0.061 1 0
19 40 0.070 1 0
157 22 0.458 1 0
36 22 0.193 1 2
14 10 0.054 1 0
63 100 0.257 1 0
33 22 0.152 1 0
337 40 1.018 1 0
43 70 0.225 1 0
176 100 0.525 1 0
18 52 0.071 1 0
280 30 1.854 1 2
182 70 1.028 1 2
16 10 0.087 1 2
15 10 0.079 1 0
176 5 0.793 1 0
11 15 0.035 1 2
36 52 0.145 1 0
17 100 0.052 1 0
19 70 0.056 1 2
12 100 0.057 1 0
31 52 0.141 1 0
51 70 0.173 1 2
229 5 0.983 1 2
89 15 0.567 1 0
16 10 0.050 1 2
60 40 0.175 1 0
91 5 0.401 1 0
28 40 0.144 1 2
47 10 0.157 1 0
124 10 0.577 1 0
246 15 1.021 1 0
32 10 0.122 1 0
23 30 0.116 1 0
49 52 0.227 1 0
36 52 0.201 1 2
27 52 0.159 1 2
230 22 0.979 1 2
32 30 0.199 1 2
184 30 0.672 1 2
170 15 0.500 1 0
137 22 0.550 1 2
53 30 0.173 1 0
46 30 0.172 1 0
142 5 0.469 1 0
229 30 0.746 1 0
23 52 0.068 1 2
32 5 0.102 1 0
10 70 0.055 1 0
248 30 1.341 1 0
307 10 1.968 1 0
18 52 0.083 1 2
10 52 0.035 1 2
57 10 0.207 1 2
219 100 0.839 1 0
38 5 0.160 1 0
42 100 0.185 1 2
148 70 0.536 1 2
114 100 0.585 1 2
21 10 0.090 1 0
78 52 0.408 1 0
47 5 0.209 1 0
35 15 0.170 1 2
19 70 0.118 1 0
237 52 0.795 1 0
28 22 0.100 1 0
49 52 0.277 1 0
34 22 0.114 1 0
37 100 0.154 1 0
24 40 0.150 1 2
133 52 0.416 1 0
17 22 0.062 1 2
11 30 0.053 1 2
36 40 0.238 1 2
38 15 0.158 1 2
35 15 0.168 1 0
12 70 0.043 1 0
11 30 0.038 1 0
27 5 0.153 1 0
103 52 0.444 1 2
34 15 0.105 1 0
57 100 0.214 1 0
108 10 0.655 1 0
73 15 0.487 1 0
74 30 0.443 1 0
103 5 0.422 1 0
43 70 0.147 1 2
24 10 0.154 1 2
290 5 0.929 1 2
11 70 0.046 1 0
153 22 0.944 1 0
61 52 0.216 1 2
139 30 0.529 1 0
41 5 0.241 1 2
114 70 0.427 1 0
245 40 1.124 1 2
154 10 0.564 1 0
28 30 0.090 1 0
222 100 1.144 1 0
66 40 0.246 1 2
172 30 0.702 1 0
21 10 0.100 1 0
71 15 0.297 1 0
28 15 0.173 1 0
197 40 0.686 1 0
16 15 0.077 1 2
185 15 0.969 1 0
111 5 0.399 1 2
130 100 0.448 1 0
210 100 0.650 1 0
11 40 0.037 1 0
128 52 0.527 1 0
30 40 0.109 1 0
191 30 0.995 1 0
10 100 0.035 1 0
128 52 0.469 1 0
10 15 0.048 1 0
79 40 0.371 1 0
95 10 0.294 1 2
79 10 0.494 1 0
32 52 0.116 1 0
101 40 0.367 1 2
14 10 0.068 1 0
31 40 0.119 1 0
60 40 0.303 1 0
10 70 0.041 1 2
27 30 0.099 1 0
336 40 1.806 1 0
13 10 0.055 1 0
101 52 0.673 1 0
78 40 0.476 1 0
12 100 0.069 1 2
201 52 0.901 1 2
18 52 0.069 1 2
112 5 0.633 1 2
10 30 0.033 1 2
38 22 0.130 1 0
46 30 0.155 1 2
73 52 0.343 1 0
156 40 1.013 1 0
12 10 0.037 1 2
198 5 0.786 1 0
24 5 0.147 1 0
67 5 0.267 1 0
19 22 0.085 1 0
15 15 0.058 1 0
25 15 0.167 1 0
13 5 0.040 1 2
29 30 0.161 1 2
31 10 0.104 1 2
42 52 0.218 1 0
53 70 0.206 1 0
68 40 0.333 1 2
44 5 0.196 1 0
287 100 1.393 1 0
64 10 0.306 1 0
39 22 0.141 1 0
38 30 0.116 1 0
22 52 0.115 1 0
136 22 0.515 1 0
183 30 0.744 1 0
17 100 0.065 1 0
23 15 0.114 1 0
47 10 0.235 1 0
125 22 0.434 1 0
16 10 0.096 1 2
31 52 0.171 1 0
337 30 1.109 1 2
18 5 0.061 1 2
12 70 0.079 1 0
63 70 0.261 1 0
51 15 0.171 1 2
35 22 0.116 1 2
12 10 0.043 1 0
18 30 0.056 1 0
17 30 0.082 1 0
264 5 1.397 1 2
59 100 0.291 1 2
65 52 0.279 1 0
50 10 0.220 1 2
105 40 0.382 1 2
80 15 0.406 1 2
194 100 0.681 1 2
75 22 0.455 1 0
107 15 0.322 1 0
10 70 0.038 1 0
14 15 0.094 1 2
143 5 0.584 1 0
170 30 0.637 1 2
71 52 0.309 1 0
11 5 0.038 1 0
116 40 0.404 1 0
172 10 0.550 1 0
45 15 0.204 1 0
10 30 0.034 1 0
134 40 0.732 1 2
34 22 0.108 1 2
19 40 0.060 1 0
19 10 0.062 1 0
72 30 0.364 1 0
13 70 0.066 1 2
24 70 0.122 1 2
37 5 0.213 1 0
118 30 0.362 1 0
80 100 0.348 1 0
43 40 0.222 1 0
22 22 0.084 1 0
192 52 0.741 1 0
70 52 0.283 1 0
21 22 0.063 1 0
161 70 0.801 1 0
16 5 0.057 1 0
73 70 0.219 1 0
74 5 0.217 1 0
78 10 0.287 1 0
46 22 0.279 1 0
13 10 0.045 1 0
198 40 0.617 1 0
163 70 0.578 1 2
51 100 0.190 1 0
11 22 0.065 1 0
16 15 0.066 1 0
206 70 0.604 1 0
11 52 0.057 1 0
55 100 0.165 1 2
22 100 0.078 1 0
34 10 0.105 1 2
27 5 0.088 1 0
69 70 0.317 1 0
31 10 0.109 1 2
43 22 0.137 1 0
31 100 0.098 1 0
59 30 0.255 1 0
206 5 0.746 1 2
79 22 0.241 1 0
98 22 0.301 1 0
142 70 0.604 1 0
46 52 0.165 1 0
36 40 0.138 1 0
240 15 0.902 1 2
103 22 0.606 1 0
102 10 0.554 1 0
46 100 0.230 1 0
62 10 0.183 1 0
165 22 0.727 1 2
270 52 0.882 1 2
44 15 0.133 1 0
307 15 0.933 1 0
247 5 0.829 1 0
314 70 1.308 1 0
19 70 0.070 1 0
12 40 0.037 1 0
78 10 0.295 1 0
24 70 0.153 1 0
36 70 0.129 1 2
16 70 0.059 1 2
274 52 0.820 1 2
106 5 0.697 1 0
19 5 0.098 1 0
43 52 0.173 1 0
36 30 0.172 1 2
172 5 0.553 1 0
291 100 0.879 1 0
170 52 0.672 1 0
191 5 0.558 1 0
66 10 0.217 1 2
139 15 0.493 1 0
20 5 0.132 1 0
10 30 0.041 1 0
31 15 0.117 1 2
32 40 0.100 1 0
43 10 0.203 1 2
165 70 0.688 1 2
50 22 0.160 1 0
19 5 0.090 1 0
42 22 0.241 1 2
177 100 0.750 1 0
17 52 0.059 1 2
30 100 0.121 1 2
15 5 0.096 1 0
69 70 0.418 1 2
29 100 0.111 1 2
10 52 0.040 1 2
208 15 1.316 1 2
57 22 0.363 1 0
19 100 0.082 1 0
14 100 0.089 1 0
44 52 0.140 1 0
24 100 0.080 1 0
25 5 0.087 1 2
83 30 0.283 1 0
41 52 0.123 1 0
31 40 0.164 1 2
54 22 0.338 1 0
55 52 0.329 1 2
53 70 0.182 1 2
10 70 0.054 1 0
11 5 0.037 1 0
86 100 0.512 1 0
143 30 0.711 1 0
338 70 0.985 1 2
51 52 0.151 1 2
174 10 0.849 1 0
22 40 0.091 1 0
309 100 1.277 1 0
120 22 0.359 1 0
126 30 0.445 1 0
23 40 0.078 1 0
25 70 0.096 1 0
20 70 0.083 1 0
39 70 0.152 1 2
148 70 0.708 1 2
79 40 0.346 1 0
160 40 1.039 1 0
46 100 0.135 1 0
19 100 0.081 1 0
15 100 0.059 1 2
65 100 0.209 1 2
16 22 0.050 1 2
15 52 0.057 1 2
45 30 0.217 1 0
13 52 0.039 1 0
57 5 0.263 1 0
62 52 0.251 1 0
222 22 1.291 1 2
197 70 0.592 1 0
51 70 0.249 1 0
22 15 0.081 1 0
86 5 0.340 1 2
25 30 0.126 1 0
22 52 0.074 1 0
206 5 0.808 1 0
11 100 0.045 1 0
12 100 0.048 1 0
62 10 0.209 1 0
41 15 0.177 1 0
52 15 0.204 1 0
148 30 0.474 1 0
23 52 0.075 1 0
37 70 0.109 1 0
83 52 0.474 1 0
65 10 0.261 1 0
251 40 0.965 1 0
12 5 0.047 1 2
165 22 1.065 1 0
83 40 0.459 1 0
140 40 0.549 1 0
162 10 0.885 1 2
26 5 0.083 1 2
16 15 0.054 1 2
132 10 0.647 1 0
127 15 0.431 1 0
24 5 0.090 1 0
31 40 0.127 1 0
117 22 0.713 1 2
13 70 0.073 1 0
167 22 0.580 1 2
53 70 0.207 1 0
12 15 0.049 1 0
161 15 0.660 1 0
27 22 0.098 1 0
36 52 0.137 1 0
13 22 0.042 1 2
10 5 0.064 1 0
20 15 0.075 1 0
106 22 0.527 1 2
86 5 0.428 1 0
52 15 0.231 1 2
277 52 0.965 1 0
150 5 0.932 1 0
148 52 0.908 1 0
16 22 0.048 1 0
172 52 0.994 1 0
78 30 0.382 1 0
46 30 0.227 1 0
67 100 0.354 1 0
12 5 0.079 1 0
15 40 0.082 1 0
270 10 1.292 1 0
18 30 0.061 1 2
26 15 0.174 1 0
28 100 0.169 1 0
64 52 0.211 1 0
70 5 0.458 1 2
112 100 0.327 1 2
21 5 0.075 1 0
31 15 0.148 1 0
11 10 0.054 1 0
144 22 0.548 1 0
14 15 0.087 1 2
55 40 0.176 1 0
15 30 0.056 1 0
141 15 0.520 1 2
120 52 0.374 1 0
11 70 0.034 1 2
88 40 0.263 1 0
154 40 0.492 1 0
70 40 0.446 1 2
159 15 0.874 1 0
62 52 0.346 1 0
48 10 0.240 1 0
77 10 0.425 1 2
11 30 0.061 1 2
73 52 0.227 1 0
105 5 0.495 1 0
77 15 0.425 1 0
50 22 0.166 1 0
10 40 0.062 1 0
16 52 0.050 1 2
51 22 0.198 1 0
36 40 0.128 1 0
47 70 0.151 1 0
193 52 0.995 1 0
33 40 0.180 1 0
10 30 0.043 1 0
30 40 0.169 1 2
27 30 0.108 1 0
88 10 0.391 1 0
36 15 0.157 1 0
15 40 0.098 1 0
11 40 0.042 1 0
10 100 0.041 1 2
14 10 0.061 1 2
20 10 0.067 1 0
19 5 0.064 1 2
17 10 0.050 1 0
44 100 0.237 1 0
138 22 0.498 1 0
47 70 0.150 1 2
72 70 0.238 1 0
57 22 0.169 1 2
36 70 0.150 1 0
99 10 0.572 1 0
305 70 1.105 1 0
14 40 0.061 1 0
100 22 0.498 1 2
69 52 0.246 1 0
79 22 0.299 1 2
16 15 0.081 1 2
70 52 0.308 1 2
13 40 0.066 1 0
53 15 0.187 1 0
100 52 0.649 1 0
37 30 0.168 1 0
32 100 0.117 1 2
84 30 0.247 1 0
18 70 0.059 1 0
32 100 0.095 1 0
60 70 0.176 1 0
57 40 0.358 1 0
49 10 0.178 1 2
159 15 0.671 1 2
33 52 0.117 1 0
51 15 0.215 1 2
171 40 0.663 1 0
144 70 0.522 1 0
13 10 0.041 1 0
48 100 0.249 1 0
28 30 0.108 1 0
81 15 0.516 1 2
32 30 0.116 1 0
11 30 0.038 1 0
215 5 1.029 1 0
58 30 0.248 1 2
66 15 0.277 1 0
37 30 0.150 1 2
68 70 0.201 1 2
315 30 1.658 1 0
121 52 0.385 1 2
185 100 1.164 1 0
40 22 0.140 1 0
31 100 0.092 1 0
64 15 0.235 1 0
142 10 0.679 1 0
14 100 0.069 1 2
136 70 0.446 1 2
33 10 0.125 1 0
70 30 0.461 1 0
109 22 0.355 1 0
12 40 0.046 1 0
61 70 0.265 1 0
10 52 0.039 1 0
37 40 0.165 1 0
10 22 0.041 1 2
96 15 0.480 1 2
30 40 0.116 1 0
36 30 0.167 1 0
157 70 0.525 1 0
28 22 0.156 1 0
74 70 0.236 1 2
15 22 0.045 1 2
14 5 0.041 1 2
35 22 0.125 1 0
140 70 0.636 1 2
92 100 0.434 1 0
56 15 0.201 1 2
72 30 0.251 1 0
79 100 0.342 1 2
162 10 0.711 1 0
95 30 0.505 1 0
30 22 0.171 1 2
46 22 0.155 1 2
18 15 0.118 1 0
42 52 0.243 1 0
82 40 0.311 1 0
151 52 0.848 1 0
14 40 0.046 1 0
132 30 0.470 1 0
75 5 0.221 1 0
77 100 0.399 1 2
105 15 0.491 1 2
79 70 0.278 1 0
52 15 0.193 1 2
219 5 0.747 1 0
27 40 0.170 1 2
22 70 0.085 1 0
54 15 0.333 1 2
48 40 0.245 1 0
20 40 0.117 1 0
16 70 0.058 1 0
14 70 0.058 1 2
270 52 1.080 1 0
30 22 0.122 1 0
16 40 0.050 1 0
110 22 0.403 1 0
37 100 0.175 1 0
69 10 0.208 1 0
125 10 0.419 1 2
23 30 0.133 1 2
35 40 0.162 1 2
13 52 0.078 1 2
185 70 0.974 1 2
17 100 0.065 1 0
30 22 0.095 1 2
28 30 0.157 1 2
17 40 0.064 1 0
92 15 0.575 1 2
43 52 0.202 1 2
12 22 0.051 1 2
51 5 0.183 1 0
339 15 1.024 1 2
214 70 0.656 1 2
273 10 0.815 1 0
17 5 0.052 1 0
39 70 0.134 1 0
112 30 0.333 1 0
17 100 0.064 1 0
124 52 0.390 1 0
184 22 0.634 1 0
23 70 0.093 1 0
34 70 0.155 1 0
14 52 0.069 1 0
131 22 0.419 1 0
38 10 0.142 1 2
64 15 0.205 1 2
37 100 0.162 1 0
79 22 0.329 1 0
16 5 0.050 1 2
14 5 0.042 1 0
18 10 0.072 1 0
44 30 0.167 1 0
58 70 0.194 1 0
23 52 0.108 1 0
26 70 0.152 1 0
56 22 0.170 1 0
18 15 0.053 1 0
12 30 0.058 1 2
17 30 0.108 1 0
53 22 0.277 1 0
64 40 0.330 1 0
15 30 0.046 1 0
16 10 0.054 1 2
221 15 1.390 1 0
39 100 0.114 1 0
34 40 0.166 1 0
107 15 0.312 1 2
60 52 0.265 1 2
40 100 0.157 1 0
30 52 0.172 1 2
70 10 0.370 1 2
15 40 0.071 1 2
63 15 0.254 1 0
154 15 0.726 1 0
13 15 0.047 1 2
134 70 0.419 1 2
14 40 0.058 1 0
24 70 0.071 1 0
137 10 0.493 1 0
12 22 0.041 1 0
170 10 0.730 1 2
31 52 0.140 1 0
47 40 0.257 1 0
77 15 0.266 1 0
11 30 0.032 1 0
15 100 0.050 1 0
13 70 0.039 1 0
60 30 0.186 1 2
202 40 0.953 1 0
55 40 0.267 1 2
112 100 0.457 1 2
57 15 0.184 1 0
18 40 0.063 1 0
22 15 0.073 1 2
36 22 0.144 1 0
17 22 0.077 1 0
300 22 1.408 1 0
78 15 0.510 1 0
176 10 0.654 1 0
73 40 0.230 1 2
204 100 0.692 1 0
320 15 2.162 1 0
42 15 0.193 1 2
20 100 0.062 1 0
50 100 0.298 1 2
51 30 0.307 1 0
11 10 0.036 1 2
19 30 0.084 1 0
15 10 0.077 1 0
295 100 1.250 1 0
52 70 0.170 1 2
78 15 0.453 1 2
10 52 0.067 1 0
25 40 0.075 1 0
13 10 0.040 1 0
158 10 0.745 1 2
171 52 0.520 1 0
31 70 0.115 1 0
17 70 0.086 1 0
60 52 0.233 1 0
17 22 0.069 1 0
203 5 0.634 1 2
61 52 0.268 1 0
192 22 0.627 1 0
114 100 0.485 1 2
13 15 0.060 1 0
22 40 0.074 1 0
54 15 0.235 1 0
21 70 0.094 1 2
12 10 0.049 1 0
185 52 1.108 1 2
154 22 0.502 1 2
14 5 0.044 1 2
13 15 0.057 1 2
48 100 0.270 1 0
65 70 0.228 1 2
58 30 0.177 1 0
23 100 0.148 1 0
24 52 0.110 1 2
37 15 0.159 1 0
18 40 0.058 1 0
12 10 0.065 1 0
110 5 0.407 1 2
31 22 0.168 1 0
11 70 0.040 1 0
39 52 0.211 1 2
29 100 0.116 1 0
317 70 1.732 1 2
168 15 0.509 1 0
154 70 0.483 1 2
10 22 0.045 1 2
147 30 0.795 1 2
22 22 0.145 1 2
138 40 0.697 1 0
29 30 0.124 1 0
71 10 0.458 1 0
18 22 0.056 1 0
57 100 0.324 1 0
179 30 0.619 1 2
71 52 0.256 1 0
314 40 1.061 1 2
16 100 0.066 1 0
39 52 0.231 1 2
16 52 0.052 1 0
32 15 0.138 1 2
12 40 0.069 1 2
13 70 0.083 1 2
29 40 0.142 1 2
173 100 0.581 1 0
247 22 0.760 1 0
31 40 0.091 1 0
56 15 0.252 1 2
37 15 0.154 1 0
305 10 1.201 1 0
200 100 1.282 1 0
63 22 0.391 1 0
38 30 0.120 1 0
16 70 0.098 1 0
16 10 0.081 1 2
166 70 0.943 1 0
114 22 0.432 1 2
36 22 0.167 1 0
13 10 0.041 1 0
14 5 0.046 1 0
47 52 0.148 1 2
259 40 0.869 1 0
20 15 0.118 1 0
49 30 0.170 1 0
34 70 0.134 1 0
46 5 0.251 1 0
208 30 0.650 1 0
19 52 0.110 1 2
90 22 0.481 1 0
67 100 0.242 1 2
19 5 0.070 1 0
34 100 0.140 1 0
186 5 0.664 1 0
14 52 0.044 1 2
74 15 0.409 1 0
223 15 0.729 1 0
106 70 0.351 1 2
26 70 0.106 1 0
63 10 0.389 1 0
78 15 0.292 1 2
13 10 0.070 1 0
127 5 0.379 1 0
59 10 0.245 1 0
61 70 0.319 1 2
38 40 0.150 1 2
239 70 1.358 1 2
59 52 0.328 1 0
103 10 0.412 1 0
20 30 0.101 1 0
22 100 0.089 1 2
10 70 0.063 1 0
161 15 0.691 1 0
309 40 1.776 1 2
12 10 0.055 1 0
47 70 0.204 1 2
11 40 0.068 1 2
18 100 0.102 1 0
96 5 0.365 1 2
123 40 0.687 1 0
17 52 0.053 1 2
78 100 0.293 1 0
71 70 0.336 1 2
63 10 0.189 1 0
261 40 1.572 1 2
12 15 0.036 1 0
67 30 0.303 1 0
58 5 0.280 1 2
43 22 0.167 1 0
144 5 0.804 1 2
19 40 0.125 1 2
21 10 0.115 1 0
77 100 0.313 1 2
13 52 0.042 1 2
78 10 0.506 1 0
35 52 0.164 1 0
40 10 0.265 1 2
48 100 0.250 1 0
212 10 0.721 1 0
22 52 0.066 1 0
20 22 0.063 1 0
16 52 0.096 1 0
30 52 0.110 1 0
31 22 0.150 1 0
23 30 0.093 1 2
115 30 0.405 1 2
191 40 0.661 1 0
10 52 0.034 1 0
27 100 0.099 1 0
69 40 0.311 1 0
184 22 0.929 1 2
19 10 0.076 1 2
64 70 0.192 1 2
15 40 0.088 1 0
80 100 0.270 1 2
36 40 0.181 1 2
39 100 0.147 1 2
19 15 0.059 1 2
34 30 0.224 1 0
198 5 0.633 1 0
50 22 0.307 1 2
30 52 0.120 1 0
94 40 0.320 1 2
17 22 0.106 1 0
26 70 0.116 1 0
28 52 0.133 1 0
69 100 0.224 1 0
181 22 1.199 1 0
39 5 0.253 1 0
62 5 0.217 1 0
10 40 0.031 1 2
55 40 0.170 1 0
48 15 0.178 1 0
25 10 0.121 1 0
111 5 0.405 1 0
15 52 0.051 1 0
16 22 0.060 1 0
258 22 0.884 1 2
28 15 0.092 1 0
34 5 0.110 1 0
13 70 0.051 1 0
35 5 0.120 1 2
43 70 0.230 1 2
14 40 0.060 1 2
15 40 0.099 1 2
98 30 0.398 1 2
24 22 0.161 1 0
25 70 0.076 1 2
74 30 0.287 1 0
45 15 0.290 1 0
175 30 0.858 1 0
33 100 0.151 1 0
18 100 0.106 1 0
22 52 0.127 1 0
16 40 0.070 1 0
61 22 0.279 1 0
44 10 0.289 1 0
12 70 0.047 1 0
222 30 0.733 1 2
178 5 0.832 1 0
28 52 0.138 1 0
132 22 0.396 1 0
11 70 0.037 1 0
34 15 0.166 1 0
22 40 0.122 1 2
151 30 0.944 1 0
87 15 0.354 1 0
15 100 0.054 1 0
42 100 0.205 1 2
17 52 0.086 1 2
21 10 0.068 1 0
38 30 0.157 1 0
128 40 0.643 1 0
29 40 0.146 1 2
30 70 0.101 1 2
55 15 0.355 1 0
275 100 1.096 1 2
40 40 0.119 1 0
297 22 1.286 1 0
188 10 0.743 1 0
52 40 0.165 1 2
24 30 0.092 1 0
18 52 0.088 1 0
40 22 0.127 1 0
60 10 0.183 1 0
49 100 0.168 1 0
59 22 0.199 1 0
131 100 0.466 1 0
14 15 0.073 1 0
10 52 0.045 1 2
15 70 0.083 1 2
10 40 0.065 1 0
78 10 0.453 1 0
67 100 0.406 1 0
33 5 0.120 1 0
15 15 0.056 1 0
152 5 0.547 1 0
18 52 0.054 1 2
67 15 0.321 1 0
11 100 0.045 1 2
163 52 0.762 1 0
25 52 0.106 1 0
54 52 0.300 1 2
25 10 0.095 1 0
26 30 0.102 1 0
35 70 0.137 1 0
31 100 0.096 1 2
45 30 0.159 1 0
23 40 0.071 1 2
14 22 0.094 1 0
11 30 0.032 1 0
33 40 0.122 1 2
40 40 0.227 1 0
52 30 0.168 1 0
183 30 0.535 1 0
11 10 0.055 1 0
67 30 0.399 1 0
78 100 0.288 1 0
68 5 0.347 1 0
23 100 0.147 1 0
55 10 0.294 1 0
174 100 0.935 1 0
151 30 0.597 1 0
36 30 0.161 1 2
61 5 0.251 1 0
129 22 0.754 1 0
177 40 0.697 1 0
65 10 0.247 1 0
70 22 0.422 1 2
11 15 0.034 1 2
38 5 0.237 1 0
28 52 0.089 1 0
146 10 0.640 1 0
15 15 0.100 1 0
60 30 0.303 1 2
39 70 0.238 1 2
33 70 0.159 1 0
78 70 0.277 1 0
24 40 0.071 1 0
196 100 0.824 1 0
60 30 0.335 1 0
76 70 0.411 1 0
74 70 0.402 1 2
124 10 0.681 1 0
246 15 0.984 1 2
14 100 0.084 1 2
118 22 0.354 1 0
130 52 0.491 1 0
15 70 0.046 1 0
39 5 0.181 1 0
69 10 0.244 1 2
37 22 0.141 1 0
148 10 0.530 1 0
19 70 0.084 1 0
38 22 0.117 1 0
17 5 0.105 1 2
28 15 0.136 1 2
13 70 0.044 1 0
169 5 0.640 1 0
194 40 0.761 1 0
20 70 0.083 1 0
16 15 0.062 1 0
18 5 0.087 1 0
177 22 0.575 1 0
57 10 0.261 1 0
290 52 1.908 1 0
126 70 0.581 1 0
111 100 0.449 1 0
10 70 0.035 1 0
38 52 0.136 1 0
16 5 0.107 1 2
35 22 0.110 1 0
153 30 0.739 1 0
64 30 0.216 1 0
57 100 0.247 1 2
13 15 0.072 1 0
293 52 1.226 1 0
12 70 0.064 1 0
44 22 0.171 1 2
35 52 0.111 1 0
38 52 0.128 1 0
76 70 0.273 1 2
32 5 0.168 1 0
150 5 0.586 1 2
75 100 0.397 1 0
316 70 0.927 1 0
46 52 0.179 1 0
21 15 0.100 1 2
13 100 0.075 1 0
145 100 0.479 1 0
157 5 0.476 1 0
19 22 0.056 1 0
19 52 0.056 1 2
339 15 1.424 1 0
169 52 0.673 1 2
22 10 0.095 1 0
167 100 0.511 1 0
127 15 0.784 1 0
46 5 0.168 1 0
15 10 0.053 1 0
10 40 0.060 1 2
13 100 0.057 1 0
254 70 0.977 1 2
19 30 0.126 1 2
20 15 0.063 1 0
28 70 0.085 1 0
170 5 0.720 1 2
36 52 0.179 1 0
248 30 0.844 1 2
201 15 0.615 1 0
265 15 1.023 1 2
46 52 0.179 1 0
64 30 0.287 2 0
50 30 0.301 2 1
297 40 1.253 2 0
39 22 0.212 2 0
18 22 0.056 2 1
161 100 0.482 2 1
92 70 0.289 2 0
49 52 0.214 2 1
68 22 0.395 2 0
54 5 0.165 2 0
44 70 0.131 2 0
169 100 0.537 2 0
247 30 1.350 2 1
14 100 0.070 2 0
74 52 0.446 2 1
302 30 0.968 2 0
79 30 0.326 2 0
23 52 0.119 2 1
54 70 0.178 2 0
52 15 0.317 2 0
39 40 0.169 2 1
27 70 0.080 2 0
147 100 0.441 2 0
45 22 0.216 2 0
59 22 0.177 2 1
17 5 0.081 2 1
39 52 0.203 2 0
171 40 0.655 2 0
30 30 0.128 2 1
74 15 0.433 2 1
10 5 0.041 2 0
79 22 0.310 2 1
27 5 0.092 2 1
57 30 0.261 2 0
151 22 0.455 2 1
71 70 0.236 2 1
30 70 0.137 2 1
20 5 0.077 2 1
24 52 0.126 2 0
26 5 0.141 2 0
78 22 0.424 2 0
11 30 0.043 2 0
10 52 0.041 2 1
244 15 1.089 2 1
158 70 0.742 2 1
11 70 0.065 2 0
10 70 0.039 2 0
40 5 0.195 2 0
77 70 0.273 2 0
11 22 0.072 2 1
74 100 0.438 2 1
26 22 0.172 2 1
23 40 0.128 2 1
10 40 0.047 2 0
130 10 0.456 2 0
12 52 0.048 2 1
30 10 0.141 2 1
13 5 0.042 2 1
60 5 0.239 2 0
39 5 0.199 2 1
34 40 0.187 2 1
71 40 0.408 2 0
42 5 0.223 2 1
18 5 0.073 2 0
29 40 0.098 2 1
115 15 0.473 2 0
228 100 0.792 2 0
31 100 0.201 2 0
29 40 0.120 2 0
28 30 0.102 2 0
297 22 1.303 2 0
104 52 0.443 2 1
18 52 0.053 2 1
180 30 0.845 2 0
230 40 1.009 2 1
20 100 0.097 2 0
67 40 0.229 2 0
44 70 0.157 2 1
325 10 1.178 2 0
302 15 0.915 2 0
125 15 0.486 2 1
36 15 0.165 2 1
16 15 0.049 2 0
149 5 0.659 2 0
81 100 0.509 2 0
333 52 1.725 2 0
42 40 0.129 2 0
195 30 1.168 2 0
59 30 0.316 2 1
311 40 1.224 2 0
27 10 0.182 2 0
52 5 0.319 2 0
170 30 0.500 2 0
17 30 0.052 2 0
43 30 0.147 2 1
35 22 0.233 2 0
10 10 0.057 2 1
16 10 0.074 2 0
187 100 1.255 2 1
115 15 0.467 2 0
33 52 0.208 2 1
18 52 0.120 2 0
144 10 0.474 2 0
143 15 0.624 2 0
17 100 0.080 2 0
134 40 0.480 2 0
123 5 0.741 2 0
49 10 0.204 2 1
106 70 0.335 2 1
54 5 0.310 2 0
63 100 0.317 2 0
72 100 0.335 2 0
211 10 0.921 2 0
73 15 0.254 2 1
79 100 0.241 2 0
34 10 0.118 2 1
11 30 0.044 2 0
30 100 0.108 2 1
290 22 1.082 2 0
62 22 0.297 2 1
120 52 0.426 2 0
134 70 0.513 2 0
30 70 0.101 2 0
219 100 0.725 2 0
46 30 0.149 2 0
15 15 0.047 2 1
47 22 0.237 2 0
17 15 0.052 2 0
32 52 0.114 2 0
164 15 0.495 2 0
52 10 0.287 2 0
65 30 0.222 2 0
35 70 0.116 2 0
253 5 0.948 2 0
155 70 0.945 2 0
42 10 0.268 2 0
15 30 0.079 2 0
326 15 1.259 2 1
37 70 0.125 2 1
16 30 0.108 2 0
51 100 0.198 2 1
36 40 0.164 2 0
113 52 0.496 2 0
18 5 0.069 2 0
155 70 0.660 2 0
11 30 0.064 2 1
119 70 0.366 2 0
22 52 0.089 2 0
156 5 0.776 2 1
18 40 0.085 2 0
139 40 0.453 2 0
180 100 0.747 2 1
87 40 0.565 2 1
10 15 0.044 2 1
34 52 0.122 2 1
14 100 0.069 2 1
121 52 0.560 2 0
11 100 0.044 2 0
195 10 0.929 2 0
52 70 0.255 2 0
76 10 0.292 2 0
38 70 0.195 2 1
48 30 0.191 2 0
18 70 0.076 2 0
31 22 0.091 2 1
15 22 0.072 2 0
27 10 0.085 2 0
56 30 0.189 2 0
20 40 0.067 2 0
60 10 0.343 2 0
47 100 0.177 2 0
43 30 0.171 2 1
16 30 0.069 2 1
156 100 0.784 2 0
35 15 0.148 2 0
55 52 0.244 2 0
37 100 0.140 2 0
11 22 0.033 2 0
72 52 0.431 2 0
69 5 0.292 2 0
60 40 0.271 2 1
172 52 0.528 2 0
12 100 0.041 2 1
75 10 0.277 2 0
34 30 0.111 2 0
174 40 1.018 2 0
10 100 0.047 2 1
42 52 0.223 2 0
81 100 0.249 2 0
61 70 0.337 2 0
13 10 0.083 2 0
54 22 0.162 2 0
204 100 1.369 2 0
13 5 0.066 2 1
12 10 0.048 2 0
153 52 0.765 2 0
50 100 0.155 2 1
309 5 2.006 2 0
194 40 0.995 2 1
107 10 0.450 2 1
184 100 0.628 2 0
21 100 0.075 2 0
18 40 0.102 2 0
48 22 0.324 2 0
67 15 0.201 2 0
32 10 0.112 2 1
16 22 0.058 2 0
34 5 0.100 2 1
59 5 0.278 2 1
27 70 0.132 2 0
149 52 0.463 2 1
14 5 0.065 2 0
72 40 0.317 2 0
72 100 0.218 2 0
16 5 0.056 2 0
16 15 0.061 2 1
153 40 0.469 2 1
16 52 0.061 2 0
36 70 0.105 2 1
182 100 1.117 2 0
32 30 0.196 2 0
28 40 0.111 2 1
21 100 0.081 2 0
305 40 1.097 2 0
327 100 0.959 2 0
29 100 0.115 2 0
11 22 0.051 2 0
56 70 0.223 2 1
105 100 0.550 2 0
143 5 0.428 2 0
44 70 0.239 2 0
193 5 1.156 2 0
10 52 0.032 2 0
19 100 0.063 2 0
13 30 0.039 2 0
43 40 0.169 2 1
11 40 0.034 2 1
13 22 0.047 2 0
140 22 0.769 2 1
322 22 1.905 2 0
19 22 0.085 2 0
18 70 0.084 2 0
110 15 0.537 2 0
18 100 0.053 2 0
42 40 0.161 2 0
135 10 0.470 2 0
38 15 0.232 2 1
32 52 0.168 2 0
17 15 0.091 2 0
55 22 0.163 2 0
93 5 0.372 2 1
29 70 0.151 2 0
81 40 0.375 2 0
10 30 0.031 2 0
309 100 1.188 2 0
319 22 1.922 2 0
36 15 0.123 2 0
56 22 0.335 2 0
14 40 0.049 2 1
287 10 0.857 2 0
149 40 0.753 2 1
14 70 0.058 2 0
17 30 0.062 2 1
15 30 0.071 2 0
115 22 0.426 2 0
10 30 0.033 2 1
56 30 0.165 2 1
15 15 0.054 2 0
19 70 0.067 2 0
41 100 0.149 2 0
74 70 0.225 2 0
42 40 0.156 2 0
177 15 0.898 2 0
125 15 0.651 2 0
27 5 0.085 2 1
28 22 0.113 2 0
26 10 0.114 2 0
17 30 0.070 2 1
68 22 0.245 2 0
263 10 1.461 2 0
28 100 0.132 2 0
14 5 0.092 2 1
63 5 0.194 2 1
14 52 0.044 2 0
310 70 1.396 2 0
70 22 0.237 2 1
29 40 0.085 2 0
31 70 0.168 2 0
32 52 0.164 2 1
11 10 0.056 2 1
138 5 0.605 2 1
13 5 0.063 2 1
35 52 0.118 2 1
54 10 0.225 2 0
32 22 0.108 2 0
15 10 0.070 2 0
262 30 0.853 2 1
39 70 0.201 2 0
46 10 0.234 2 0
131 15 0.450 2 1
36 52 0.196 2 0
68 40 0.235 2 0
182 70 0.613 2 0
10 52 0.044 2 0
67 5 0.230 2 1
36 100 0.174 2 0
15 30 0.089 2 0
173 30 0.551 2 1
12 30 0.075 2 1
33 30 0.130 2 1
11 52 0.049 2 1
61 10 0.232 2 0
34 40 0.105 2 0
49 10 0.186 2 1
82 22 0.271 2 0
21 52 0.122 2 0
50 52 0.147 2 0
28 5 0.153 2 0
55 40 0.207 2 0
302 30 1.438 2 0
14 52 0.059 2 0
309 70 1.108 2 1
11 10 0.034 2 0
68 5 0.335 2 0
15 40 0.087 2 0
26 70 0.106 2 1
24 70 0.072 2 1
196 22 0.748 2 0
16 70 0.061 2 0
12 30 0.064 2 0
31 52 0.114 2 1
293 70 1.050 2 1
252 15 1.145 2 0
34 70 0.167 2 1
23 30 0.070 2 0
37 40 0.202 2 1
91 15 0.429 2 0
75 5 0.399 2 0
105 70 0.660 2 0
32 22 0.166 2 0
29 5 0.085 2 0
304 40 1.643 2 0
214 40 1.274 2 0
130 5 0.722 2 0
65 40 0.210 2 0
34 30 0.118 2 0
113 5 0.621 2 0
183 10 0.707 2 0
191 40 0.628 2 1
71 100 0.244 2 0
13 15 0.039 2 0
72 10 0.280 2 0
24 40 0.093 2 1
37 10 0.120 2 1
29 100 0.139 2 0
16 100 0.060 2 0
31 10 0.132 2 1
269 30 1.201 2 0
71 22 0.296 2 1
59 52 0.230 2 0
71 30 0.236 2 0
65 10 0.238 2 0
25 5 0.097 2 0
91 10 0.354 2 0
183 40 0.540 2 0
127 30 0.734 2 0
29 22 0.104 2 1
34 70 0.160 2 1
100 30 0.552 2 1
44 22 0.138 2 0
47 10 0.175 2 0
31 40 0.168 2 0
10 40 0.046 2 1
110 15 0.345 2 0
184 30 0.730 2 0
73 40 0.399 2 1
199 52 0.952 2 0
72 52 0.314 2 0
18 5 0.089 2 1
11 5 0.050 2 0
29 22 0.149 2 1
55 10 0.272 2 1
12 15 0.048 2 0
38 52 0.184 2 0
101 15 0.375 2 0
65 15 0.371 2 0
18 52 0.054 2 1
75 15 0.446 2 0
66 5 0.280 2 0
25 15 0.122 2 1
41 52 0.169 2 1
66 5 0.266 2 0
15 30 0.078 2 0
83 70 0.250 2 0
177 22 0.776 2 0
163 5 1.019 2 0
27 40 0.082 2 0
36 15 0.185 2 0
28 5 0.112 2 1
52 15 0.207 2 1
113 30 0.425 2 0
35 100 0.141 2 1
207 40 0.620 2 1
27 10 0.081 2 0
44 70 0.229 2 1
36 100 0.157 2 0
102 70 0.300 2 0
45 100 0.144 2 1
19 100 0.062 2 1
250 22 0.820 2 0
43 15 0.154 2 0
159 52 0.820 2 0
37 70 0.120 2 1
29 15 0.137 2 0
129 70 0.787 2 0
16 40 0.105 2 0
19 52 0.076 2 0
10 30 0.049 2 0
23 30 0.089 2 0
122 40 0.480 2 1
70 22 0.255 2 1
18 15 0.078 2 0
77 100 0.297 2 0
143 22 0.781 2 1
18 40 0.052 2 1
12 22 0.057 2 0
223 15 0.796 2 0
36 22 0.145 2 0
62 22 0.185 2 0
50 52 0.197 2 0
76 52 0.328 2 0
30 30 0.105 2 0
12 52 0.054 2 0
243 52 1.588 2 0
18 52 0.054 2 0
64 15 0.203 2 1
110 52 0.480 2 0
133 15 0.723 2 1
85 100 0.360 2 0
280 15 0.864 2 0
26 15 0.079 2 0
237 10 1.481 2 0
260 15 1.193 2 1
17 40 0.059 2 0
44 100 0.166 2 0
24 22 0.134 2 0
20 70 0.063 2 1
51 52 0.185 2 0
51 70 0.236 2 0
67 30 0.338 2 0
41 22 0.153 2 0
31 22 0.094 2 1
10 70 0.064 2 1
26 10 0.076 2 0
223 70 0.788 2 1
127 22 0.567 2 1
260 40 0.802 2 0
49 10 0.195 2 0
37 70 0.226 2 1
16 100 0.054 2 0
44 5 0.172 2 1
85 15 0.363 2 1
35 70 0.139 2 0
84 100 0.384 2 0
116 22 0.353 2 1
19 70 0.073 2 0
58 10 0.315 2 0
310 40 1.449 2 1
188 10 0.627 2 0
48 70 0.158 2 0
13 52 0.049 2 0
14 100 0.072 2 0
21 40 0.112 2 1
85 52 0.316 2 0
56 100 0.230 2 1
142 100 0.740 2 1
19 5 0.061 2 0
21 52 0.100 2 0
197 22 0.704 2 0
95 5 0.300 2 1
196 100 0.592 2 0
96 30 0.301 2 0
19 70 0.064 2 1
330 5 1.429 2 1
16 30 0.062 2 1
21 30 0.062 2 1
67 22 0.218 2 0
196 5 0.624 2 0
134 40 0.400 2 0
160 40 0.571 2 1
18 40 0.069 2 1
36 52 0.185 2 1
74 5 0.400 2 1
70 15 0.464 2 1
28 100 0.159 2 0
236 100 0.797 2 0
49 10 0.188 2 1
13 40 0.039 2 0
40 100 0.139 2 1
37 10 0.109 2 1
81 5 0.397 2 0
19 70 0.123 2 0
136 52 0.630 2 0
307 52 1.096 2 1
12 10 0.051 2 1
26 70 0.081 2 0
132 70 0.402 2 0
50 5 0.160 2 0
74 40 0.252 2 0
79 5 0.311 2 0
61 15 0.332 2 0
76 70 0.411 2 1
268 100 1.258 2 0
51 5 0.215 2 0
107 15 0.463 2 1
55 52 0.188 2 0
17 52 0.050 2 0
10 52 0.053 2 0
307 15 1.218 2 0
17 100 0.080 2 0
50 10 0.189 2 1
17 40 0.054 2 0
24 10 0.084 2 1
12 40 0.045 2 1
48 70 0.155 2 1
38 30 0.135 2 0
33 30 0.113 2 1
16 100 0.107 2 0
13 10 0.047 2 0
59 70 0.189 2 0
164 100 0.774 2 0
52 100 0.217 2 0
15 100 0.046 2 0
18 5 0.094 2 0
179 5 0.817 2 1
190 40 1.092 2 0
34 5 0.142 2 1
23 30 0.106 2 0
191 15 0.659 2 1
30 15 0.105 2 0
14 5 0.041 2 0
148 52 0.487 2 0
12 5 0.047 2 0
33 30 0.110 2 0
34 30 0.127 2 1
31 22 0.189 2 1
137 5 0.688 2 0
23 22 0.119 2 0
52 70 0.327 2 1
151 22 0.748 2 0
14 40 0.070 2 1
65 15 0.213 2 1
41 40 0.174 2 1
12 10 0.036 2 0
10 22 0.031 2 0
31 30 0.169 2 0
47 30 0.142 2 1
65 70 0.260 2 0
21 100 0.089 2 1
25 100 0.073 2 0
273 40 1.264 2 1
69 15 0.272 2 0
197 70 0.599 2 0
15 5 0.063 2 0
257 22 0.845 2 0
14 70 0.066 2 0
16 15 0.080 2 1
46 15 0.230 2 1
62 10 0.187 2 0
78 70 0.305 2 0
99 22 0.589 2 0
19 30 0.080 2 0
224 40 1.445 2 0
137 5 0.449 2 0
210 5 0.814 2 0
62 100 0.380 2 1
10 5 0.038 2 0
45 10 0.176 2 1
64 52 0.239 2 0
71 10 0.403 2 0
75 22 0.383 2 0
77 5 0.306 2 0
250 52 1.389 2 0
135 100 0.519 2 0
41 100 0.125 2 0
42 5 0.203 2 0
11 10 0.054 2 0
70 52 0.366 2 1
34 10 0.188 2 0
15 22 0.059 2 0
223 15 1.253 2 1
12 70 0.050 2 0
13 100 0.038 2 0
10 15 0.045 2 0
154 5 0.880 2 0
35 52 0.136 2 0
13 5 0.066 2 0
38 15 0.154 2 1
162 30 0.538 2 0
169 5 0.862 2 0
14 22 0.056 2 0
61 10 0.252 2 1
98 30 0.331 2 0
15 40 0.051 2 0
76 15 0.262 2 0
11 22 0.048 2 0
28 70 0.147 2 1
14 40 0.044 2 1
10 52 0.031 2 0
110 100 0.573 2 0
39 40 0.133 2 1
112 52 0.357 2 0
14 10 0.059 2 0
11 40 0.060 2 1
53 100 0.219 2 1
32 40 0.141 2 1
36 100 0.119 2 1
82 5 0.350 2 0
14 10 0.051 2 0
179 40 0.734 2 0
74 15 0.330 2 0
127 40 0.387 2 1
14 5 0.090 2 0
33 10 0.216 2 0
177 100 0.586 2 0
70 70 0.350 2 1
42 22 0.133 2 0
310 30 1.566 2 0
15 100 0.052 2 0
39 40 0.250 2 0
60 10 0.217 2 0
24 15 0.082 2 1
14 10 0.047 2 1
29 22 0.121 2 1
21 5 0.066 2 1
320 22 1.328 2 1
12 70 0.037 2 1
25 100 0.161 2 0
67 15 0.296 2 1
58 5 0.215 2 0
26 40 0.141 2 0
10 5 0.043 2 0
31 22 0.168 2 0
50 5 0.273 2 0
131 100 0.615 2 0
199 15 0.816 2 1
209 5 0.721 2 1
57 5 0.239 2 1
25 10 0.087 2 0
133 10 0.432 2 0
15 22 0.069 2 1
45 5 0.170 2 1
13 30 0.038 2 0
58 40 0.309 2 0
119 5 0.541 2 1
219 40 1.063 2 1
32 70 0.106 2 1
167 10 0.819 2 0
16 100 0.096 2 0
83 40 0.277 2 1
65 40 0.290 2 1
25 10 0.081 2 1
21 5 0.083 2 0
26 52 0.100 2 0
40 22 0.216 2 0
129 100 0.420 2 0
39 15 0.119 2 1
281 30 1.391 2 1
151 70 0.853 2 0
328 40 1.197 2 1
28 22 0.100 2 1
19 70 0.075 2 0
13 15 0.086 2 1
17 10 0.078 2 0
229 10 0.854 2 0
80 10 0.250 2 0
71 22 0.225 2 0
31 40 0.107 2 1
58 22 0.203 2 1
15 30 0.072 2 0
139 100 0.735 2 0
74 100 0.471 2 0
140 52 0.429 2 1
12 10 0.065 2 0
218 70 0.820 2 0
39 100 0.136 2 0
35 52 0.123 2 1
10 40 0.056 2 0
18 5 0.055 2 1
23 10 0.104 2 0
45 22 0.170 2 0
48 22 0.314 2 0
68 5 0.235 2 1
99 40 0.510 2 0
13 5 0.073 2 1
12 30 0.051 2 0
51 10 0.271 2 0
164 15 1.019 2 0
48 40 0.177 2 0
48 5 0.202 2 0
16 70 0.049 2 0
99 100 0.355 2 1
12 15 0.044 2 0
114 52 0.540 2 0
15 22 0.084 2 0
35 52 0.196 2 0
190 22 0.594 2 0
15 30 0.067 2 0
80 52 0.288 2 1
23 22 0.121 2 1
52 10 0.225 2 0
326 100 2.076 2 1
36 30 0.118 2 0
37 10 0.181 2 1
69 70 0.223 2 1
31 10 0.096 2 0
178 22 0.757 2 0
254 30 1.671 2 0
22 10 0.069 2 0
141 15 0.437 2 0
10 30 0.062 2 0
38 10 0.140 2 0
151 15 0.458 2 1
127 30 0.447 2 0
11 70 0.035 2 1
43 15 0.132 2 0
21 30 0.065 2 1
63 10 0.270 2 1
73 30 0.215 2 1
58 30 0.317 2 0
12 70 0.060 2 0
250 52 0.958 2 0
10 40 0.042 2 0
21 30 0.082 2 1
31 100 0.156 2 1
34 22 0.197 2 0
26 10 0.086 2 1
30 22 0.095 2 1
46 40 0.153 2 0
29 15 0.095 2 0
58 15 0.184 2 1
27 52 0.164 2 0
132 40 0.670 2 0
30 15 0.148 2 1
261 100 1.092 2 0
255 22 0.973 2 0
57 15 0.352 2 1
75 30 0.419 2 0
58 5 0.204 2 1
25 100 0.087 2 0
213 22 1.323 2 1
19 100 0.060 2 0
16 100 0.091 2 1
79 10 0.376 2 0
62 15 0.325 2 0
49 52 0.162 2 0
13 52 0.067 2 0
239 100 0.713 2 0
203 15 0.787 2 1
41 70 0.188 2 0
37 52 0.231 2 1
58 10 0.301 2 0
51 30 0.188 2 1
53 30 0.174 2 1
233 15 0.752 2 0
145 5 0.459 2 1
76 52 0.242 2 0
10 40 0.038 2 0
194 10 1.102 2 0
35 70 0.154 2 0
19 40 0.082 2 0
14 30 0.046 2 1
35 10 0.205 2 0
54 52 0.169 2 0
78 5 0.364 2 0
19 30 0.061 2 0
326 30 1.495 2 1
11 30 0.056 2 0
120 40 0.498 2 0
55 52 0.272 2 0
168 15 0.812 2 0
25 15 0.123 2 0
177 40 0.868 2 0
60 52 0.183 2 0
13 70 0.038 2 0
324 40 1.679 2 1
78 100 0.481 2 1
15 15 0.090 2 1
79 5 0.262 2 1
14 15 0.048 2 0
21 15 0.086 2 1
17 40 0.052 2 0
94 70 0.388 2 0
34 10 0.145 2 1
44 70 0.190 2 0
277 100 1.629 2 1
231 15 0.724 2 0
38 10 0.121 2 1
155 22 0.517 2 1
82 10 0.448 2 0
109 22 0.661 2 1
62 10 0.236 2 0
165 15 0.557 2 1
99 70 0.467 2 1
45 52 0.174 2 0
33 40 0.135 2 0
27 10 0.113 2 0
78 22 0.271 2 0
11 70 0.038 2 1
158 22 0.802 2 0
119 10 0.613 2 0
58 40 0.224 2 1
33 30 0.172 2 0
28 52 0.123 2 0
62 15 0.284 2 0
51 22 0.183 2 0
34 15 0.099 2 1
251 15 0.857 2 0
17 40 0.059 2 1
133 100 0.416 2 0
13 10 0.079 2 1
32 22 0.112 2 0
147 30 0.516 2 0
313 40 0.915 2 0
168 40 0.646 2 1
15 52 0.093 2 0
34 22 0.114 2 0
126 30 0.606 2 1
160 15 0.541 2 0
164 5 1.038 2 0
99 40 0.596 2 1
14 30 0.082 2 1
195 15 0.668 2 0
22 30 0.115 2 1
24 30 0.089 2 0
20 100 0.117 2 0
31 22 0.090 2 0
73 22 0.214 2 0
34 100 0.126 2 0
26 10 0.096 2 0
133 15 0.773 2 0
283 52 1.127 2 0
39 5 0.136 2 0
84 40 0.542 2 0
12 52 0.050 2 1
170 30 0.825 2 1
118 5 0.720 2 0
161 52 0.540 2 0
35 10 0.105 2 0
115 30 0.673 2 1
28 30 0.152 2 0
59 30 0.199 2 0
47 15 0.242 2 1
13 52 0.046 2 0
58 5 0.278 2 0
15 52 0.048 2 0
29 10 0.112 2 1
170 5 0.667 2 1
17 30 0.097 2 1
22 70 0.135 2 0
50 40 0.161 2 1
155 100 0.544 2 0
144 70 0.809 2 0
14 52 0.084 2 0
41 100 0.138 2 1
55 15 0.214 2 1
112 15 0.386 2 0
32 10 0.135 2 0
265 40 0.793 2 0
39 40 0.171 2 0
62 70 0.337 2 0
52 5 0.203 2 0
107 52 0.459 2 0
15 22 0.094 2 0
39 52 0.203 2 0
327 15 1.890 2 1
192 10 0.824 2 0
27 10 0.167 2 1
77 5 0.467 2 1
164 22 0.959 2 0
65 5 0.288 2 0
60 22 0.294 2 1
73 15 0.422 2 1
44 70 0.211 2 1
195 40 0.771 2 0
107 30 0.450 2 0
44 30 0.205 2 0
234 100 0.684 2 1
173 10 0.840 2 0
183 52 0.897 2 0
26 100 0.102 2 0
30 30 0.101 2 0
19 22 0.059 2 0
60 30 0.183 2 0
14 70 0.088 2 1
48 15 0.239 2 0
12 5 0.046 2 1
197 52 0.755 2 0
13 52 0.041 2 0
47 40 0.151 2 0
58 52 0.278 2 0
62 22 0.395 2 0
161 15 1.039 2 0
29 52 0.096 2 0
36 5 0.111 2 1
22 15 0.096 2 0
259 22 0.866 2 0
29 15 0.134 2 1
36 5 0.153 2 0
11 52 0.035 2 0
176 100 0.701 2 0
47 100 0.247 2 1
35 30 0.180 2 0
15 15 0.072 2 0
78 10 0.304 2 0
35 70 0.151 2 1
18 10 0.085 2 0
39 10 0.120 2 1
59 40 0.250 2 0
49 52 0.331 2 0
49 70 0.331 2 1
241 70 1.164 2 0
126 100 0.514 2 0
15 15 0.052 2 0
61 100 0.196 2 0
188 40 0.614 2 0
55 100 0.215 2 0
210 22 1.373 2 0
17 10 0.052 2 0
54 30 0.248 2 0
95 10 0.297 2 0
150 5 0.962 2 1
30 15 0.135 2 1
69 52 0.278 2 1
51 22 0.212 2 1
67 40 0.236 2 1
19 5 0.106 2 0
197 5 0.811 2 0
239 15 1.219 2 0
38 5 0.175 2 0
100 30 0.538 2 1
22 15 0.100 2 1
205 40 0.771 2 0
258 15 1.132 2 1
26 22 0.110 2 0
149 70 0.642 2 1
120 15 0.392 2 0
45 70 0.132 2 0
324 30 0.961 2 0
87 40 0.264 2 0
64 10 0.200 2 0
35 10 0.235 2 0
171 30 1.096 2 0
78 22 0.375 2 0
18 100 0.059 2 0
119 100 0.349 2 1
191 70 0.682 2 0
16 52 0.081 2 0
15 70 0.096 2 0
269 15 1.112 2 0
122 100 0.678 2 0
90 100 0.377 2 1
18 40 0.070 2 0
11 52 0.059 2 1
123 100 0.466 2 1
102 52 0.308 2 0
16 52 0.053 2 1
14 52 0.059 2 0
66 10 0.440 2 0
33 70 0.166 2 0
59 30 0.177 2 0
45 70 0.154 2 0
41 5 0.265 2 0
106 10 0.323 2 0
42 15 0.200 2 0
27 10 0.100 2 1
263 10 0.822 2 0
10 40 0.034 2 0
33 15 0.135 2 0
35 100 0.211 2 0
79 10 0.239 2 0
31 100 0.109 2 0
162 100 0.871 2 0
95 70 0.480 2 0
19 30 0.105 2 0
19 70 0.069 2 0
33 100 0.219 2 0
42 10 0.228 2 0
70 22 0.424 2 0
39 30 0.164 2 1
35 30 0.152 2 0
147 70 0.553 2 0
14 70 0.059 2 0
165 15 0.842 2 0
52 15 0.204 2 1
171 5 0.734 2 0
10 40 0.061 2 0
149 22 0.756 2 1
329 10 1.935 2 0
66 5 0.365 2 1
226 10 0.685 2 0
37 70 0.113 2 0
166 15 0.810 2 0
82 40 0.299 2 0
79 22 0.366 2 0
35 30 0.115 2 1
20 52 0.067 2 0
110 15 0.428 2 1
84 70 0.391 2 1
