34 10 0.212 0 1
76 30 0.353 0 3
77 10 0.418 0 4
15 15 0.059 0 4
61 100 0.333 0 3
107 40 0.519 0 1
18 52 0.066 0 3
165 15 1.019 0 4
11 5 0.038 0 2
159 22 0.930 0 4
21 70 0.064 0 3
106 10 0.515 0 4
229 70 1.396 0 2
38 40 0.245 0 3
64 100 0.199 0 2
17 5 0.069 0 3
11 15 0.034 0 4
32 100 0.098 0 2
235 30 0.712 0 2
44 100 0.128 0 4
131 100 0.397 0 4
14 22 0.047 0 2
17 10 0.073 0 4
27 22 0.083 0 1
57 40 0.179 0 3
148 10 0.679 0 4
36 52 0.190 0 2
18 70 0.091 0 4
279 30 0.828 0 2
122 15 0.428 0 2
165 52 0.711 0 2
17 100 0.059 0 1
17 70 0.083 0 2
39 22 0.179 0 3
21 22 0.089 0 2
78 5 0.358 0 2
12 52 0.045 0 4
112 70 0.327 0 1
115 5 0.338 0 3
17 70 0.079 0 1
16 22 0.048 0 4
35 30 0.111 0 4
80 15 0.254 0 2
99 40 0.295 0 2
196 40 0.596 0 3
199 100 0.790 0 2
51 15 0.185 0 2
14 15 0.060 0 2
30 15 0.088 0 4
174 100 0.921 0 2
57 40 0.201 0 4
166 15 1.031 0 1
16 40 0.061 0 4
35 100 0.151 0 3
67 22 0.307 0 4
65 22 0.254 0 4
67 70 0.215 0 2
138 10 0.433 0 4
15 100 0.088 0 1
120 15 0.387 0 3
43 5 0.150 0 1
236 40 0.792 0 1
87 70 0.312 0 3
186 52 0.949 0 3
112 5 0.644 0 2
45 30 0.141 0 2
17 15 0.087 0 3
14 30 0.043 0 3
117 15 0.447 0 3
35 52 0.106 0 1
320 52 1.250 0 4
339 52 1.607 0 4
113 52 0.724 0 2
27 22 0.159 0 3
25 15 0.080 0 3
88 52 0.473 0 1
19 5 0.099 0 3
164 30 0.932 0 4
36 40 0.160 0 1
20 30 0.060 0 1
69 30 0.279 0 2
13 52 0.045 0 2
15 100 0.044 0 3
49 5 0.148 0 3
13 15 0.056 0 3
238 70 0.853 0 3
19 30 0.114 0 2
33 10 0.184 0 1
51 70 0.157 0 2
74 30 0.260 0 4
12 30 0.039 0 4
80 10 0.488 0 2
45 70 0.182 0 4
14 10 0.078 0 4
167 52 0.766 0 3
166 40 0.892 0 1
105 100 0.621 0 1
42 10 0.158 0 3
69 15 0.235 0 3
19 22 0.070 0 1
152 30 0.444 0 1
41 30 0.265 0 2
158 40 0.543 0 3
173 52 0.684 0 4
24 5 0.088 0 1
19 22 0.061 0 4
33 5 0.191 0 3
117 22 0.382 0 4
84 100 0.272 0 2
20 22 0.093 0 2
21 70 0.061 0 2
328 22 1.296 0 2
127 5 0.562 0 2
27 10 0.087 0 3
323 10 1.576 0 2
227 30 0.844 0 3
189 5 1.252 0 4
20 30 0.066 0 1
40 15 0.258 0 3
49 52 0.156 0 3
51 52 0.217 0 3
36 40 0.137 0 3
14 15 0.077 0 3
24 40 0.092 0 1
62 100 0.274 0 4
51 40 0.329 0 3
19 5 0.070 0 4
11 22 0.034 0 3
73 100 0.264 0 1
15 15 0.070 0 1
15 15 0.091 0 1
122 100 0.430 0 1
117 100 0.367 0 3
55 70 0.242 0 1
75 52 0.221 0 3
51 70 0.340 0 4
99 5 0.465 0 3
10 52 0.032 0 4
12 30 0.069 0 3
27 22 0.135 0 3
103 15 0.554 0 2
73 15 0.290 0 4
19 40 0.059 0 2
18 52 0.065 0 1
151 22 0.463 0 1
19 100 0.057 0 3
288 70 1.858 0 3
52 22 0.335 0 3
11 5 0.045 0 1
13 22 0.086 0 1
35 15 0.126 0 4
177 5 0.790 0 1
33 40 0.163 0 2
12 70 0.074 0 4
320 100 2.038 0 4
30 70 0.146 0 1
23 10 0.077 0 4
19 40 0.077 0 2
45 52 0.133 0 4
87 15 0.367 0 4
64 5 0.234 0 1
31 15 0.105 0 1
57 100 0.297 0 1
128 40 0.736 0 1
19 15 0.076 0 4
13 5 0.051 0 1
161 70 0.785 0 4
31 40 0.197 0 1
167 22 0.497 0 2
13 10 0.064 0 4
18 30 0.099 0 2
279 22 1.120 0 4
22 5 0.076 0 3
170 100 0.639 0 2
25 40 0.084 0 2
17 30 0.086 0 3
30 100 0.098 0 3
36 30 0.164 0 3
310 40 1.535 0 4
16 30 0.055 0 1
75 22 0.339 0 4
10 22 0.056 0 2
20 40 0.073 0 3
24 100 0.087 0 4
12 22 0.043 0 3
23 40 0.067 0 1
23 52 0.077 0 4
182 70 0.563 0 4
49 10 0.299 0 3
49 100 0.266 0 2
45 100 0.158 0 3
15 40 0.056 0 1
129 100 0.563 0 2
15 100 0.054 0 3
12 52 0.068 0 1
31 70 0.096 0 1
298 10 1.817 0 3
46 22 0.151 0 3
15 22 0.076 0 2
265 10 1.077 0 4
28 15 0.128 0 4
19 100 0.075 0 2
30 52 0.107 0 4
33 15 0.214 0 3
26 70 0.161 0 3
14 10 0.043 0 4
83 70 0.461 0 3
23 52 0.120 0 3
35 70 0.208 0 2
15 52 0.069 0 2
77 52 0.339 0 4
15 100 0.051 0 1
64 5 0.215 0 1
190 52 0.896 0 2
39 52 0.116 0 1
71 10 0.216 0 2
126 10 0.720 0 2
18 100 0.070 0 3
19 10 0.076 0 1
60 52 0.199 0 1
16 70 0.055 0 4
249 40 1.518 0 1
18 22 0.108 0 2
93 100 0.433 0 3
14 10 0.067 0 1
130 30 0.691 0 3
37 15 0.150 0 1
58 52 0.221 0 4
18 30 0.110 0 4
221 70 0.837 0 2
135 5 0.547 0 4
74 10 0.223 0 1
181 10 0.550 0 1
21 100 0.104 0 2
45 40 0.159 0 2
29 30 0.118 0 1
268 5 1.586 0 3
17 30 0.053 0 4
113 70 0.450 0 2
65 15 0.249 0 4
12 40 0.037 0 1
23 30 0.126 0 1
65 70 0.304 0 4
199 30 0.774 0 1
11 15 0.071 0 3
63 10 0.294 0 2
299 100 1.289 0 4
37 22 0.117 0 1
262 70 0.949 0 2
15 15 0.082 0 1
29 30 0.160 0 1
37 40 0.124 0 1
70 100 0.338 0 4
148 15 0.503 0 2
16 15 0.057 0 4
76 52 0.402 0 2
44 10 0.177 0 2
10 10 0.068 0 2
18 30 0.079 0 2
49 5 0.207 0 4
61 70 0.253 0 3
74 22 0.413 0 3
146 30 0.737 0 2
19 70 0.066 0 3
124 52 0.405 0 1
11 100 0.033 0 3
187 30 0.940 0 3
41 40 0.135 0 4
63 40 0.214 0 2
39 30 0.131 0 1
19 10 0.076 0 4
34 10 0.110 0 3
199 22 0.884 0 2
19 15 0.102 0 2
79 40 0.263 0 1
12 5 0.035 0 2
15 22 0.053 0 3
71 5 0.223 0 4
24 10 0.086 0 2
25 40 0.108 0 1
26 40 0.099 0 1
63 100 0.360 0 1
10 30 0.034 0 2
39 100 0.210 0 4
19 22 0.094 0 3
21 52 0.142 0 4
23 52 0.108 0 1
71 52 0.452 0 1
18 22 0.065 0 1
75 5 0.276 0 3
61 52 0.275 0 1
170 15 0.787 0 3
12 15 0.046 0 3
130 40 0.563 0 4
72 10 0.214 0 4
36 52 0.107 0 2
169 52 0.966 0 4
232 22 0.779 0 3
244 15 0.917 0 3
164 100 0.774 0 2
69 10 0.263 0 3
118 70 0.450 0 3
46 30 0.170 0 3
59 22 0.184 0 4
61 70 0.343 0 1
69 100 0.418 0 1
72 15 0.235 0 2
24 52 0.126 0 3
65 70 0.417 0 3
180 10 1.176 0 3
57 5 0.254 0 2
145 70 0.918 0 2
138 40 0.513 0 4
87 22 0.382 0 4
37 15 0.226 0 1
79 30 0.401 0 1
12 40 0.045 0 4
29 100 0.090 0 1
26 70 0.100 0 1
27 70 0.095 0 3
153 30 0.484 0 4
61 30 0.332 0 3
188 5 1.245 0 3
88 100 0.292 0 2
56 5 0.258 0 1
270 70 1.508 0 3
162 15 0.681 0 2
79 30 0.369 0 2
256 30 1.497 0 3
65 10 0.262 0 1
10 70 0.045 0 4
13 70 0.079 0 2
12 10 0.048 0 1
13 70 0.043 0 3
15 52 0.076 0 4
56 30 0.220 0 3
101 22 0.346 0 4
102 30 0.325 0 3
139 22 0.612 0 2
18 10 0.069 0 1
59 15 0.347 0 3
12 70 0.055 0 3
103 100 0.373 0 1
172 40 0.685 0 4
28 30 0.110 0 4
171 40 0.767 0 3
177 5 0.602 0 2
120 100 0.438 0 2
46 40 0.158 0 3
13 22 0.043 0 2
36 100 0.187 0 2
182 40 0.609 0 2
11 22 0.039 0 2
125 52 0.367 0 2
144 10 0.667 0 2
238 40 1.053 0 2
238 30 0.744 0 3
47 100 0.220 0 3
23 5 0.124 0 4
290 22 1.611 0 2
100 70 0.292 0 1
10 100 0.031 0 1
165 15 0.793 0 2
10 10 0.052 0 2
11 40 0.066 0 2
163 30 1.072 0 4
255 10 1.175 0 1
130 40 0.400 0 4
170 30 0.588 0 4
74 10 0.238 0 4
33 30 0.111 0 2
30 30 0.164 0 1
14 15 0.090 0 4
13 15 0.062 0 1
75 30 0.321 0 1
16 15 0.086 0 2
166 5 0.553 0 1
11 30 0.032 0 3
42 30 0.139 0 2
265 40 1.238 0 2
40 30 0.127 0 3
15 52 0.099 0 2
127 52 0.552 0 3
14 52 0.047 0 3
20 5 0.124 0 1
62 22 0.255 0 3
166 70 0.529 0 3
26 30 0.081 0 3
142 52 0.575 0 2
11 30 0.035 0 3
90 5 0.381 0 4
17 15 0.052 0 1
207 22 0.912 0 2
182 40 0.722 0 3
12 70 0.037 0 3
14 22 0.043 0 2
10 10 0.038 0 4
41 52 0.252 0 4
66 40 0.260 0 4
14 52 0.051 0 1
37 100 0.120 0 1
40 70 0.118 0 2
85 15 0.570 0 1
49 30 0.166 0 3
16 5 0.048 0 2
16 70 0.077 0 3
171 22 0.777 0 3
15 40 0.049 0 4
54 40 0.176 0 3
37 5 0.154 0 3
175 15 0.612 0 1
68 22 0.234 0 4
133 40 0.404 0 3
81 100 0.237 0 3
177 15 0.756 0 2
14 52 0.045 0 2
126 15 0.420 0 3
78 70 0.331 0 2
28 5 0.148 0 2
17 100 0.106 0 2
118 22 0.578 0 1
22 10 0.097 0 2
39 52 0.203 0 2
54 5 0.321 0 1
239 40 1.127 0 3
58 70 0.216 0 2
173 30 0.746 0 4
44 40 0.131 0 3
21 10 0.062 0 1
22 40 0.143 0 3
50 30 0.256 0 4
30 22 0.095 0 2
63 5 0.226 0 4
90 30 0.319 0 2
117 100 0.382 0 4
21 52 0.088 0 1
79 100 0.265 0 4
72 5 0.254 0 2
28 10 0.099 0 3
89 15 0.571 0 4
179 100 0.589 0 3
41 5 0.128 0 4
148 22 0.897 0 3
11 15 0.062 0 3
11 52 0.062 0 1
42 15 0.153 0 2
13 40 0.081 0 2
29 30 0.129 0 3
34 30 0.100 0 2
75 100 0.292 0 2
13 70 0.040 0 3
165 22 0.517 0 3
275 70 0.804 0 3
59 100 0.278 0 1
113 100 0.360 0 1
85 15 0.277 0 3
191 15 1.098 0 2
31 15 0.091 0 2
14 15 0.085 0 3
225 10 1.172 0 4
121 40 0.599 0 1
122 100 0.635 0 2
16 10 0.100 0 3
58 10 0.324 0 3
19 10 0.107 0 1
34 52 0.110 0 2
54 40 0.209 0 3
260 10 1.340 0 2
179 5 0.994 0 4
41 5 0.129 0 3
34 30 0.172 0 2
73 30 0.308 0 4
66 70 0.206 0 2
33 15 0.124 0 1
208 10 0.785 0 2
51 52 0.176 0 3
104 15 0.316 0 2
62 70 0.371 0 2
75 52 0.296 0 3
320 30 1.103 0 3
14 70 0.045 0 3
133 5 0.568 0 4
23 100 0.128 0 2
24 70 0.079 0 4
23 22 0.101 0 4
23 22 0.126 0 3
41 22 0.131 0 4
67 100 0.444 0 2
16 10 0.102 0 2
124 5 0.466 0 4
12 100 0.056 0 1
128 15 0.757 0 3
78 5 0.311 0 1
22 30 0.076 0 4
23 15 0.069 0 1
32 22 0.108 0 3
186 22 0.674 0 3
20 100 0.105 0 1
120 70 0.436 0 2
154 40 0.880 0 4
39 52 0.170 0 3
139 40 0.453 0 1
114 100 0.606 0 1
21 10 0.067 0 1
80 15 0.295 0 2
296 15 1.189 0 4
102 5 0.675 0 4
34 100 0.174 0 2
33 15 0.144 0 1
83 15 0.392 0 3
18 22 0.054 0 2
191 15 0.816 0 3
146 30 0.452 0 1
17 52 0.088 0 4
17 22 0.053 0 4
25 15 0.152 0 3
18 22 0.056 0 2
33 100 0.200 0 3
89 52 0.308 0 3
124 100 0.717 0 2
109 40 0.568 0 3
214 40 0.711 0 4
132 22 0.552 0 4
91 15 0.345 0 4
22 5 0.070 0 3
51 52 0.204 0 2
105 22 0.590 0 4
190 10 0.742 0 4
114 15 0.336 0 1
23 70 0.122 0 2
114 52 0.386 0 4
17 15 0.060 0 1
122 30 0.787 0 2
62 40 0.332 0 1
154 30 0.880 0 4
269 10 0.805 0 2
19 30 0.059 0 4
12 70 0.074 0 3
12 52 0.047 0 2
227 52 0.794 0 2
183 10 0.642 0 2
308 5 0.948 0 3
78 70 0.329 0 3
310 52 1.667 0 3
29 52 0.166 0 3
17 15 0.070 0 1
34 15 0.205 0 4
65 70 0.202 0 1
34 52 0.176 0 4
74 15 0.333 0 3
76 70 0.297 0 4
117 22 0.363 0 3
71 5 0.262 0 4
12 22 0.062 0 3
83 52 0.329 0 3
62 52 0.257 0 3
11 10 0.053 0 2
14 70 0.077 0 2
55 100 0.353 0 2
10 52 0.033 0 3
72 10 0.280 0 1
254 52 0.836 0 3
14 30 0.047 0 1
33 22 0.110 0 4
124 70 0.670 0 1
35 100 0.183 0 1
282 40 1.762 0 3
14 10 0.055 0 3
67 40 0.199 0 3
79 15 0.374 0 4
195 10 0.833 0 2
31 5 0.107 0 3
56 52 0.260 0 1
53 100 0.232 0 1
65 52 0.353 0 4
54 30 0.168 0 1
33 40 0.161 0 2
81 30 0.320 0 1
49 22 0.238 0 4
22 100 0.065 0 1
12 10 0.065 0 4
29 70 0.099 0 3
66 40 0.258 0 3
86 30 0.325 0 2
19 52 0.063 0 3
190 15 1.098 0 4
24 40 0.087 0 1
188 40 1.139 0 1
68 70 0.319 0 2
13 100 0.076 0 2
14 30 0.044 0 4
10 100 0.031 0 4
181 30 0.978 0 2
197 15 0.621 0 1
242 52 0.858 0 4
27 10 0.084 0 2
157 5 0.766 0 3
20 5 0.113 0 2
23 52 0.077 0 3
25 30 0.092 0 3
67 22 0.392 0 2
76 100 0.490 0 4
74 5 0.347 0 3
157 52 0.495 0 3
11 70 0.042 0 4
28 5 0.172 0 2
61 52 0.239 0 4
27 5 0.129 0 4
161 10 0.590 0 4
57 70 0.331 0 3
25 52 0.098 0 1
36 10 0.171 0 1
11 22 0.045 0 3
186 5 0.935 0 4
12 15 0.066 0 4
202 40 0.669 0 2
27 30 0.145 0 1
335 70 1.444 0 2
14 40 0.060 0 3
11 15 0.050 0 4
31 30 0.124 0 2
37 22 0.208 0 1
15 15 0.056 0 1
155 70 0.554 0 3
164 70 1.006 0 4
328 5 0.997 0 3
192 40 0.676 0 2
105 15 0.339 0 3
44 100 0.194 0 3
139 52 0.604 0 4
14 5 0.071 0 4
72 22 0.257 0 3
301 10 0.962 0 1
52 70 0.186 0 1
19 52 0.063 0 1
74 5 0.284 0 1
171 5 1.069 0 3
17 10 0.090 0 3
93 100 0.294 0 4
47 52 0.170 0 1
18 100 0.101 0 2
238 70 1.280 0 4
157 40 0.863 0 2
46 5 0.204 0 2
14 5 0.089 0 1
98 15 0.307 0 2
47 5 0.143 0 1
71 10 0.473 0 1
14 10 0.063 0 4
177 30 0.586 0 2
19 15 0.077 0 3
18 22 0.062 0 3
11 15 0.036 0 2
28 22 0.092 0 3
153 100 0.475 0 3
11 5 0.033 0 3
19 30 0.071 0 2
45 70 0.167 0 2
60 5 0.230 0 3
134 30 0.515 0 3
271 10 0.944 0 2
55 15 0.201 0 3
240 30 1.455 0 2
73 40 0.298 0 2
31 15 0.135 0 3
48 40 0.169 0 4
247 22 1.403 0 4
44 22 0.209 0 2
132 22 0.466 0 1
90 10 0.320 0 1
21 52 0.137 0 2
27 10 0.119 0 3
76 30 0.226 0 4
14 70 0.069 0 3
63 15 0.224 0 4
15 52 0.080 0 3
14 5 0.083 0 2
52 100 0.286 0 1
136 10 0.723 0 4
39 30 0.129 0 1
329 5 1.219 0 2
185 10 0.557 0 1
26 22 0.142 0 4
11 100 0.074 0 1
88 10 0.373 0 2
115 15 0.628 0 1
173 70 0.966 0 3
80 40 0.339 0 2
134 52 0.549 0 4
218 10 1.005 0 2
205 5 0.605 0 4
16 15 0.071 0 3
140 5 0.524 0 3
96 30 0.311 0 4
180 70 0.645 0 4
29 15 0.099 0 3
40 100 0.182 0 1
17 70 0.067 0 1
191 15 0.685 0 4
157 22 1.061 0 2
16 70 0.095 0 1
10 22 0.035 0 3
209 15 0.925 0 4
44 100 0.154 0 3
184 22 0.702 0 2
59 5 0.373 0 2
52 10 0.351 0 4
168 15 0.800 0 2
110 52 0.344 0 1
14 10 0.056 0 2
138 40 0.595 0 1
13 100 0.043 0 4
13 30 0.056 0 4
38 22 0.225 0 3
41 100 0.248 0 1
177 70 1.054 0 4
44 100 0.163 0 1
79 5 0.234 0 1
243 30 1.075 0 2
19 100 0.065 0 4
104 70 0.523 0 2
35 40 0.136 0 2
77 10 0.251 0 4
164 22 0.592 0 1
25 30 0.124 0 3
28 22 0.112 0 2
79 15 0.389 0 4
173 5 0.901 0 3
29 52 0.104 0 4
15 70 0.060 0 4
16 52 0.048 0 1
26 30 0.151 0 1
24 15 0.081 0 1
11 5 0.040 0 3
47 22 0.166 0 1
236 40 1.290 0 3
11 40 0.053 0 2
82 100 0.512 0 4
71 52 0.441 0 2
10 15 0.033 0 2
212 15 0.887 0 4
17 15 0.057 0 4
90 30 0.448 0 2
128 30 0.653 0 1
335 40 1.537 0 4
57 52 0.179 0 2
126 10 0.457 0 1
51 30 0.267 0 3
15 30 0.054 0 2
24 30 0.096 0 4
71 40 0.293 0 2
17 52 0.069 0 1
300 15 1.863 0 4
76 30 0.329 0 3
25 100 0.094 0 4
309 10 0.904 0 1
10 52 0.048 0 2
46 100 0.192 0 4
185 70 0.609 0 3
37 5 0.222 0 1
27 5 0.182 0 2
27 15 0.123 0 3
104 100 0.667 0 1
14 15 0.046 0 4
17 22 0.070 0 4
32 5 0.129 0 3
294 10 0.936 0 1
25 15 0.085 0 3
178 30 1.023 0 4
97 70 0.309 0 2
29 70 0.191 0 2
48 15 0.151 0 4
34 10 0.132 0 1
19 40 0.080 0 3
31 15 0.111 0 3
27 15 0.161 0 4
16 5 0.058 0 2
14 52 0.047 0 2
166 22 0.738 0 2
167 100 0.514 0 1
70 40 0.355 0 2
23 22 0.089 0 1
81 5 0.367 0 3
12 52 0.046 0 4
298 52 0.892 0 1
182 10 0.953 0 3
14 30 0.060 0 2
48 40 0.144 0 3
111 15 0.389 0 1
77 15 0.453 0 3
191 22 0.575 0 3
19 52 0.117 0 1
17 70 0.082 0 1
13 22 0.045 0 1
72 30 0.271 0 3
14 30 0.086 0 3
43 70 0.208 0 1
183 100 1.116 0 1
17 52 0.058 0 4
34 15 0.118 0 1
27 22 0.100 0 1
21 15 0.063 0 2
14 52 0.052 0 4
60 40 0.265 0 3
16 22 0.071 0 1
14 100 0.081 0 3
17 70 0.053 0 4
194 15 1.049 0 3
16 30 0.057 0 2
33 5 0.098 0 4
27 100 0.111 0 2
76 5 0.411 0 1
149 52 0.554 0 3
12 5 0.070 0 3
75 70 0.401 0 1
18 70 0.059 0 2
55 22 0.230 0 1
12 30 0.039 0 4
10 100 0.045 0 4
38 10 0.111 0 2
44 10 0.268 0 2
30 10 0.133 0 1
11 52 0.066 0 3
253 100 0.981 0 4
293 40 1.480 0 2
311 30 1.352 0 1
12 22 0.035 0 4
59 15 0.195 0 2
198 5 0.966 0 2
32 70 0.184 0 1
36 70 0.120 0 3
118 40 0.474 0 2
185 100 0.845 0 1
30 70 0.121 0 4
19 100 0.067 0 2
19 52 0.057 0 2
138 70 0.914 0 1
156 10 0.481 0 3
11 30 0.073 0 3
18 22 0.065 0 3
281 10 1.156 0 1
17 15 0.051 0 4
173 10 0.553 0 1
33 70 0.131 0 4
17 40 0.053 0 2
334 15 1.148 0 1
183 5 0.575 0 2
11 15 0.055 0 3
275 30 0.854 0 4
121 30 0.435 0 1
35 15 0.134 0 1
20 10 0.085 0 2
54 5 0.327 0 2
13 15 0.052 0 2
65 30 0.430 0 2
142 15 0.526 0 4
172 22 0.664 0 4
243 70 1.343 0 1
18 5 0.096 0 4
76 40 0.254 0 4
28 52 0.156 0 4
160 40 0.640 0 3
44 22 0.158 0 3
29 100 0.105 0 2
25 10 0.150 0 4
25 5 0.116 0 2
37 100 0.154 0 1
70 10 0.357 0 3
14 5 0.061 0 4
13 15 0.038 0 3
32 70 0.105 0 1
196 10 0.942 0 4
72 15 0.253 0 2
79 10 0.294 0 4
28 100 0.082 0 3
20 22 0.092 0 1
35 40 0.176 0 2
57 30 0.235 0 4
48 10 0.150 0 1
11 30 0.037 0 4
13 5 0.039 0 1
15 5 0.093 0 1
106 22 0.453 0 2
20 70 0.061 0 2
152 52 0.633 0 4
66 5 0.204 0 3
28 5 0.169 0 1
73 40 0.294 0 2
15 70 0.090 0 4
40 22 0.244 0 1
46 22 0.174 0 4
302 22 0.965 0 2
49 30 0.174 0 2
85 5 0.324 0 1
48 52 0.173 0 1
34 70 0.134 0 2
64 22 0.383 0 1
164 15 0.569 0 3
199 70 0.765 0 2
78 30 0.500 0 4
22 15 0.133 0 1
23 70 0.071 0 1
76 100 0.259 0 2
164 15 0.603 0 4
97 5 0.539 0 1
148 5 0.507 0 3
257 15 1.201 0 2
32 10 0.119 0 4
105 40 0.371 0 4
69 5 0.418 0 1
35 15 0.116 0 1
137 5 0.474 0 3
131 40 0.736 0 3
279 30 1.755 0 1
16 70 0.059 0 1
57 70 0.335 0 1
62 10 0.251 0 1
144 10 0.787 0 4
18 5 0.071 0 1
66 70 0.250 0 2
49 30 0.164 0 3
14 15 0.068 0 3
10 40 0.033 0 4
18 40 0.067 0 4
10 100 0.044 0 3
98 22 0.632 0 4
13 100 0.075 0 2
21 100 0.075 0 2
28 5 0.111 0 3
51 5 0.163 0 1
71 40 0.350 0 1
35 30 0.110 0 4
38 100 0.191 0 1
199 40 0.644 0 2
62 5 0.218 0 3
38 10 0.150 0 2
258 15 1.709 0 2
36 15 0.113 0 2
26 70 0.088 0 4
85 10 0.322 0 4
13 52 0.076 0 3
42 5 0.263 0 4
36 10 0.115 0 2
12 10 0.039 0 4
17 70 0.060 0 3
44 100 0.295 0 2
88 30 0.257 0 2
255 70 1.635 0 3
187 100 0.979 0 3
39 30 0.211 0 2
70 52 0.354 0 4
81 15 0.314 0 3
95 30 0.319 0 1
130 10 0.516 0 3
20 70 0.072 0 4
169 70 0.612 0 4
11 15 0.042 0 4
63 40 0.288 0 4
103 70 0.356 0 3
49 52 0.173 0 2
29 70 0.162 0 1
70 30 0.230 0 1
49 70 0.197 0 3
19 22 0.113 0 3
78 30 0.328 0 4
19 22 0.128 0 3
43 15 0.226 0 4
70 15 0.269 0 3
21 70 0.072 0 1
131 30 0.708 0 1
173 5 0.631 0 4
117 10 0.342 0 1
135 100 0.882 0 3
24 10 0.095 0 2
25 15 0.103 0 4
14 70 0.071 0 1
64 22 0.339 0 1
76 5 0.455 0 3
18 5 0.072 0 4
12 5 0.053 0 3
281 15 1.129 0 2
13 52 0.041 0 4
46 5 0.174 0 4
285 100 0.893 0 2
23 70 0.073 0 4
26 30 0.098 0 4
32 52 0.110 0 2
52 22 0.225 0 4
58 52 0.253 0 3
32 52 0.095 0 2
18 5 0.105 0 1
133 10 0.571 0 1
188 15 1.093 0 3
14 70 0.050 0 4
25 5 0.089 0 4
42 70 0.211 0 1
35 10 0.105 0 1
29 40 0.094 0 4
151 30 1.013 0 2
158 100 0.545 0 2
29 30 0.138 0 2
28 52 0.096 0 4
15 15 0.064 0 1
28 5 0.097 0 4
25 70 0.157 0 3
184 40 0.570 0 3
58 22 0.204 1 3
60 40 0.366 1 0
166 10 0.865 1 0
117 22 0.437 1 0
269 70 1.140 1 4
10 10 0.063 1 2
94 52 0.320 1 0
14 15 0.086 1 2
81 52 0.245 1 0
290 15 0.986 1 2
282 70 0.904 1 2
116 10 0.350 1 2
78 5 0.392 1 2
35 70 0.116 1 0
78 70 0.285 1 4
163 70 1.065 1 4
38 40 0.248 1 0
31 40 0.097 1 0
152 5 0.717 1 0
134 100 0.480 1 4
143 5 0.417 1 0
20 30 0.108 1 2
186 52 0.669 1 4
37 52 0.204 1 3
124 22 0.590 1 0
76 15 0.350 1 2
30 15 0.096 1 0
41 70 0.205 1 2
89 40 0.356 1 3
141 40 0.922 1 0
38 100 0.245 1 0
162 10 0.472 1 4
162 70 0.547 1 2
308 5 0.951 1 2
35 22 0.141 1 4
27 15 0.105 1 0
12 22 0.046 1 0
17 10 0.054 1 4
38 100 0.123 1 0
12 10 0.039 1 2
82 40 0.314 1 2
19 52 0.110 1 4
11 10 0.051 1 3
140 22 0.673 1 0
175 40 0.522 1 0
312 22 1.333 1 2
11 70 0.073 1 3
13 5 0.062 1 3
22 5 0.100 1 0
116 100 0.343 1 3
211 30 0.883 1 0
31 70 0.100 1 2
13 40 0.088 1 0
119 70 0.672 1 0
12 52 0.050 1 0
34 52 0.125 1 3
11 70 0.037 1 2
63 30 0.193 1 2
32 22 0.132 1 3
28 30 0.082 1 2
44 10 0.130 1 2
123 5 0.668 1 2
60 70 0.302 1 4
151 5 0.508 1 3
38 10 0.204 1 4
16 22 0.098 1 3
237 40 1.150 1 0
52 70 0.161 1 3
41 40 0.247 1 2
27 5 0.128 1 3
19 52 0.056 1 0
158 40 0.605 1 4
15 52 0.045 1 0
19 70 0.085 1 3
314 70 1.570 1 4
73 40 0.229 1 0
38 22 0.141 1 4
90 40 0.276 1 2
54 52 0.293 1 0
331 10 2.056 1 4
18 22 0.070 1 3
305 100 1.147 1 2
10 40 0.049 1 3
56 5 0.318 1 2
29 70 0.187 1 4
17 52 0.080 1 4
62 10 0.215 1 3
11 40 0.032 1 4
79 30 0.462 1 4
92 40 0.282 1 0
18 40 0.111 1 0
38 100 0.228 1 2
77 40 0.448 1 0
196 100 0.827 1 0
19 15 0.067 1 0
163 15 0.647 1 0
73 100 0.346 1 2
10 10 0.055 1 0
33 30 0.138 1 0
165 10 0.488 1 0
10 22 0.032 1 3
109 40 0.606 1 3
22 15 0.122 1 2
12 52 0.045 1 2
32 70 0.158 1 3
123 70 0.658 1 0
127 100 0.492 1 2
26 15 0.173 1 0
14 5 0.043 1 0
11 5 0.039 1 3
147 5 0.987 1 2
18 5 0.103 1 0
145 15 0.647 1 0
111 22 0.439 1 0
22 100 0.070 1 2
113 22 0.698 1 2
15 40 0.061 1 4
21 52 0.062 1 4
228 100 1.226 1 0
191 10 1.000 1 0
223 10 1.467 1 4
33 5 0.200 1 0
336 52 1.556 1 2
62 52 0.199 1 0
67 5 0.368 1 0
190 5 0.837 1 2
138 100 0.416 1 0
23 22 0.086 1 0
58 10 0.291 1 2
189 70 0.564 1 0
16 100 0.062 1 0
19 100 0.057 1 3
171 10 0.886 1 4
14 100 0.053 1 4
72 30 0.238 1 3
110 15 0.337 1 0
148 5 0.627 1 2
18 52 0.058 1 0
91 22 0.317 1 0
34 30 0.134 1 3
309 52 1.661 1 4
15 15 0.051 1 3
11 5 0.072 1 3
22 52 0.068 1 0
129 100 0.476 1 3
74 5 0.354 1 2
127 100 0.408 1 3
15 22 0.049 1 0
13 40 0.039 1 0
11 100 0.055 1 0
201 22 1.098 1 4
38 22 0.162 1 4
273 30 1.300 1 2
56 30 0.286 1 0
10 52 0.030 1 3
20 15 0.102 1 0
76 22 0.315 1 2
77 5 0.412 1 3
50 70 0.162 1 0
14 15 0.066 1 0
12 100 0.042 1 2
45 5 0.238 1 0
66 30 0.221 1 4
103 15 0.500 1 0
173 30 0.524 1 0
56 30 0.174 1 3
130 22 0.610 1 0
10 5 0.037 1 0
51 10 0.255 1 2
177 40 0.790 1 4
334 10 1.077 1 0
119 70 0.360 1 4
144 40 0.457 1 3
122 10 0.449 1 0
188 15 0.883 1 3
140 15 0.617 1 3
208 70 0.686 1 2
25 5 0.115 1 3
28 100 0.133 1 4
23 10 0.079 1 0
78 40 0.408 1 3
16 52 0.072 1 0
164 52 0.643 1 2
10 15 0.040 1 3
146 22 0.549 1 3
67 10 0.256 1 0
33 52 0.130 1 0
29 10 0.132 1 0
15 22 0.048 1 0
190 30 0.918 1 0
19 22 0.058 1 0
261 5 1.601 1 4
169 30 0.934 1 0
188 10 0.699 1 3
194 22 1.054 1 2
12 52 0.050 1 0
12 70 0.042 1 0
12 52 0.037 1 3
197 100 0.908 1 3
119 40 0.425 1 3
14 70 0.091 1 0
76 40 0.328 1 4
14 40 0.075 1 2
36 52 0.155 1 0
86 40 0.296 1 2
27 22 0.081 1 2
41 5 0.138 1 3
20 40 0.131 1 0
24 100 0.088 1 3
27 5 0.142 1 0
162 5 0.678 1 0
32 10 0.098 1 0
29 5 0.107 1 0
33 40 0.118 1 0
88 15 0.486 1 3
82 22 0.369 1 3
13 5 0.040 1 0
13 15 0.049 1 3
28 40 0.104 1 3
64 52 0.302 1 0
78 15 0.336 1 3
16 30 0.068 1 0
155 30 0.646 1 0
82 15 0.383 1 4
68 100 0.324 1 3
148 15 0.796 1 0
14 70 0.063 1 0
10 52 0.066 1 0
309 22 1.055 1 0
112 100 0.752 1 2
13 70 0.042 1 0
69 22 0.342 1 0
41 10 0.165 1 2
93 10 0.487 1 0
54 100 0.256 1 0
159 22 0.574 1 4
112 15 0.439 1 0
66 30 0.322 1 2
43 100 0.257 1 2
32 100 0.133 1 0
223 40 0.726 1 4
33 52 0.217 1 3
21 5 0.096 1 3
36 22 0.238 1 4
44 15 0.238 1 0
133 5 0.446 1 2
243 10 0.792 1 3
119 52 0.511 1 2
40 5 0.231 1 0
157 22 0.559 1 2
96 5 0.447 1 0
182 100 1.017 1 3
19 30 0.066 1 0
13 22 0.053 1 2
73 40 0.390 1 0
93 70 0.341 1 0
82 70 0.300 1 2
281 22 1.544 1 2
97 40 0.483 1 2
66 70 0.301 1 0
10 100 0.043 1 4
279 100 1.163 1 2
17 5 0.067 1 2
309 30 1.140 1 3
41 70 0.259 1 4
44 15 0.186 1 0
79 15 0.382 1 2
39 70 0.185 1 0
20 30 0.095 1 2
321 22 1.439 1 0
39 15 0.156 1 0
29 52 0.110 1 2
15 5 0.087 1 2
179 52 0.942 1 0
101 30 0.498 1 0
17 5 0.093 1 0
125 5 0.658 1 2
28 30 0.133 1 4
308 70 1.540 1 4
223 100 0.706 1 4
38 30 0.119 1 2
27 5 0.163 1 4
19 30 0.074 1 4
16 100 0.084 1 3
21 10 0.093 1 0
11 22 0.042 1 2
19 5 0.059 1 4
50 40 0.172 1 0
33 5 0.194 1 0
39 40 0.167 1 2
23 10 0.077 1 0
237 15 0.769 1 4
22 5 0.136 1 2
49 5 0.174 1 3
16 10 0.102 1 4
63 52 0.294 1 2
134 10 0.629 1 0
76 30 0.415 1 2
15 52 0.062 1 2
15 10 0.069 1 2
67 70 0.199 1 0
19 15 0.064 1 2
208 10 0.705 1 0
40 52 0.161 1 0
12 30 0.074 1 0
84 100 0.457 1 0
16 40 0.059 1 0
198 30 1.245 1 4
318 40 1.003 1 0
29 30 0.112 1 3
154 10 0.875 1 0
104 52 0.502 1 2
29 30 0.121 1 3
15 22 0.050 1 3
68 15 0.227 1 4
73 52 0.267 1 0
77 100 0.292 1 3
13 10 0.088 1 0
14 70 0.055 1 4
49 10 0.285 1 0
27 22 0.132 1 0
65 52 0.286 1 0
28 22 0.143 1 4
27 52 0.115 1 0
149 10 0.931 1 4
41 30 0.179 1 4
25 70 0.085 1 3
86 52 0.261 1 3
218 70 0.736 1 4
41 30 0.136 1 2
138 70 0.466 1 4
74 52 0.454 1 0
61 70 0.214 1 2
34 70 0.109 1 4
78 22 0.386 1 3
78 30 0.304 1 2
19 30 0.079 1 0
49 5 0.218 1 2
104 10 0.344 1 2
64 52 0.352 1 2
66 30 0.257 1 2
67 5 0.421 1 0
16 100 0.068 1 3
136 40 0.663 1 0
61 70 0.183 1 4
78 10 0.285 1 0
136 10 0.527 1 4
134 5 0.402 1 0
171 52 1.043 1 4
62 10 0.270 1 0
11 10 0.034 1 4
58 100 0.178 1 4
26 15 0.076 1 0
194 30 0.907 1 3
61 70 0.206 1 2
51 10 0.149 1 0
18 15 0.083 1 0
61 100 0.231 1 4
17 22 0.108 1 0
101 70 0.322 1 2
10 70 0.035 1 4
58 30 0.188 1 4
43 100 0.129 1 2
56 30 0.204 1 0
261 52 0.786 1 0
64 70 0.395 1 4
243 40 0.784 1 2
51 10 0.160 1 0
25 40 0.094 1 0
197 22 1.107 1 2
211 10 0.808 1 3
50 40 0.239 1 0
11 30 0.065 1 0
15 15 0.063 1 4
145 52 0.815 1 0
12 5 0.037 1 0
37 52 0.115 1 4
26 30 0.092 1 2
78 22 0.243 1 0
10 100 0.048 1 2
14 22 0.065 1 0
19 40 0.064 1 4
17 5 0.067 1 4
14 52 0.070 1 3
39 22 0.118 1 2
302 22 1.010 1 4
122 22 0.488 1 2
63 40 0.266 1 4
16 15 0.078 1 4
125 22 0.394 1 0
154 70 0.933 1 0
30 100 0.169 1 3
57 10 0.266 1 0
239 22 1.067 1 0
126 52 0.670 1 0
62 10 0.181 1 4
50 5 0.147 1 0
74 15 0.246 1 4
47 22 0.155 1 3
212 40 1.000 1 0
12 15 0.052 1 0
63 22 0.212 1 3
107 40 0.645 1 3
250 22 1.553 1 4
13 30 0.060 1 0
23 30 0.084 1 2
201 15 0.971 1 2
21 15 0.092 1 3
19 30 0.065 1 2
42 30 0.162 1 4
15 10 0.049 1 0
11 30 0.039 1 0
25 100 0.080 1 3
18 10 0.065 1 0
12 30 0.042 1 0
103 10 0.379 1 3
68 40 0.410 1 4
66 52 0.267 1 2
26 40 0.131 1 3
56 5 0.238 1 0
179 100 0.624 1 2
17 40 0.084 1 0
40 10 0.127 1 4
111 40 0.391 1 0
15 52 0.079 1 2
108 22 0.624 1 0
35 30 0.187 1 0
37 52 0.194 1 0
14 40 0.059 1 3
95 22 0.434 1 3
98 40 0.628 1 2
73 52 0.437 1 2
52 52 0.165 1 0
19 22 0.057 1 3
117 22 0.622 1 4
70 70 0.218 1 4
114 70 0.594 1 2
149 22 0.514 1 3
19 70 0.090 1 0
25 22 0.077 1 0
170 70 0.499 1 2
89 10 0.410 1 3
22 40 0.149 1 2
174 30 0.688 1 0
153 40 0.457 1 4
95 15 0.281 1 4
10 100 0.034 1 0
12 10 0.067 1 2
13 22 0.068 1 3
16 40 0.098 1 0
28 22 0.146 1 0
68 70 0.305 1 0
17 22 0.072 1 3
26 40 0.135 1 3
13 10 0.068 1 4
71 22 0.228 1 0
53 10 0.189 1 0
324 30 2.000 1 0
21 15 0.063 1 0
35 15 0.229 1 2
28 52 0.162 1 3
265 30 1.587 1 0
14 70 0.057 1 0
108 30 0.581 1 0
103 10 0.636 1 3
13 15 0.047 1 4
24 10 0.123 1 4
34 22 0.132 1 2
32 10 0.119 1 0
64 52 0.245 1 0
12 40 0.050 1 2
67 30 0.342 1 0
191 10 0.601 1 0
15 5 0.080 1 0
128 40 0.582 1 4
60 30 0.283 1 3
76 100 0.310 1 3
29 52 0.112 1 4
152 70 1.020 1 3
284 10 1.251 1 2
124 40 0.479 1 4
46 70 0.146 1 2
104 100 0.608 1 3
30 10 0.164 1 0
21 10 0.112 1 4
49 70 0.152 1 2
87 30 0.470 1 0
61 52 0.196 1 0
15 10 0.087 1 0
195 22 1.010 1 0
112 22 0.546 1 4
74 10 0.216 1 4
40 52 0.197 1 0
73 30 0.327 1 0
14 100 0.057 1 0
16 15 0.070 1 3
53 30 0.163 1 4
335 30 1.163 1 4
98 52 0.524 1 0
63 40 0.375 1 0
15 10 0.048 1 3
142 30 0.706 1 0
75 70 0.290 1 4
72 30 0.486 1 0
53 15 0.161 1 0
51 40 0.174 1 2
69 30 0.330 1 2
28 70 0.178 1 0
117 40 0.731 1 2
68 15 0.252 1 3
62 15 0.254 1 0
50 52 0.253 1 0
153 15 0.464 1 0
77 22 0.241 1 0
305 70 1.344 1 3
14 15 0.063 1 0
52 5 0.188 1 0
123 70 0.475 1 0
36 22 0.203 1 2
143 40 0.923 1 3
46 15 0.182 1 0
80 22 0.476 1 0
29 70 0.157 1 3
27 70 0.122 1 0
128 52 0.536 1 3
82 22 0.313 1 4
189 5 1.196 1 3
17 70 0.053 1 0
68 40 0.246 1 0
169 5 0.525 1 2
34 22 0.183 1 0
36 70 0.111 1 0
239 10 0.784 1 2
19 15 0.090 1 2
22 5 0.079 1 3
34 5 0.137 1 2
134 5 0.424 1 0
19 10 0.076 1 0
117 100 0.359 1 0
15 22 0.051 1 0
185 30 1.005 1 2
56 5 0.176 1 2
78 30 0.451 1 0
60 22 0.251 1 3
19 22 0.063 1 4
11 100 0.064 1 0
39 5 0.141 1 3
39 30 0.204 1 3
61 52 0.330 1 2
31 30 0.163 1 0
32 10 0.104 1 0
51 100 0.178 1 4
19 30 0.055 1 2
18 52 0.062 1 4
65 10 0.209 1 2
97 52 0.595 1 0
44 22 0.235 1 3
210 40 0.792 1 3
86 30 0.500 1 0
170 52 1.104 1 3
30 52 0.129 1 2
38 100 0.151 1 0
280 40 0.862 1 3
151 100 0.479 1 3
18 15 0.093 1 4
49 15 0.263 1 2
31 70 0.178 1 3
12 70 0.041 1 0
43 22 0.209 1 4
148 52 0.635 1 0
246 5 1.316 1 4
69 30 0.451 1 2
159 70 0.470 1 2
195 100 0.595 1 4
170 52 0.944 1 0
160 52 0.495 1 0
13 52 0.084 1 2
16 15 0.089 1 2
62 52 0.251 1 4
14 10 0.051 1 0
47 22 0.148 1 0
17 22 0.070 1 2
21 40 0.067 1 4
26 22 0.111 1 3
36 5 0.138 1 0
27 5 0.144 1 4
182 40 0.943 1 0
183 30 0.563 1 4
56 100 0.197 1 0
30 10 0.115 1 4
67 10 0.414 1 2
196 100 0.685 1 0
36 40 0.126 1 3
177 70 0.847 1 0
75 10 0.268 1 3
13 15 0.038 1 4
75 10 0.291 1 2
12 22 0.059 1 3
26 52 0.098 1 2
54 40 0.157 1 3
28 100 0.119 1 0
85 10 0.340 1 0
35 52 0.113 1 0
31 52 0.111 1 0
79 10 0.251 1 0
328 30 1.155 1 2
93 22 0.425 1 0
14 30 0.049 1 3
30 30 0.149 1 4
58 52 0.179 1 2
324 100 1.035 1 3
67 40 0.333 1 2
11 30 0.052 1 0
17 22 0.080 1 0
44 100 0.166 1 0
25 22 0.132 1 0
78 22 0.285 1 0
86 22 0.426 1 0
21 22 0.135 1 3
50 22 0.248 1 3
61 100 0.300 1 4
71 22 0.351 1 0
32 52 0.096 1 3
15 40 0.056 1 0
19 22 0.077 1 4
30 70 0.200 1 0
16 40 0.052 1 3
95 10 0.321 1 2
34 52 0.189 1 4
36 5 0.206 1 4
21 70 0.106 1 4
80 70 0.242 1 4
22 100 0.070 1 3
242 70 0.747 1 4
50 52 0.238 1 0
103 15 0.456 1 0
27 70 0.097 1 0
53 30 0.162 1 0
17 100 0.064 1 0
19 10 0.067 1 3
171 30 0.770 1 3
20 5 0.089 1 2
98 10 0.510 1 0
47 15 0.181 1 0
73 70 0.493 1 4
72 30 0.389 1 3
59 52 0.189 1 0
10 15 0.033 1 0
177 15 0.941 1 3
91 30 0.538 1 3
20 52 0.130 1 2
67 15 0.289 1 0
12 70 0.038 1 2
153 15 0.705 1 0
150 22 0.473 1 3
126 52 0.389 1 4
40 52 0.185 1 0
57 5 0.302 1 3
42 5 0.131 1 4
14 52 0.044 1 0
13 52 0.052 1 4
145 70 0.597 1 3
34 30 0.107 1 2
155 5 0.689 1 2
29 40 0.096 1 2
139 15 0.675 1 0
18 22 0.119 1 4
161 52 0.647 1 4
18 30 0.087 1 0
20 10 0.061 1 0
197 30 1.224 1 0
161 5 0.583 1 0
85 10 0.374 1 4
13 22 0.040 1 2
82 22 0.340 1 2
242 30 0.874 1 2
10 52 0.040 1 4
92 70 0.316 1 2
11 15 0.068 1 0
45 70 0.204 1 0
181 5 0.633 1 2
134 10 0.720 1 4
16 70 0.089 1 0
25 70 0.076 1 0
114 10 0.675 1 0
61 30 0.180 1 3
34 70 0.117 1 0
10 30 0.037 1 0
67 30 0.399 1 0
187 52 0.550 1 0
58 5 0.317 1 4
28 5 0.085 1 0
196 30 0.754 1 4
18 5 0.093 1 2
52 52 0.275 1 2
17 5 0.108 1 2
54 30 0.196 1 0
290 52 0.866 1 0
152 100 0.724 1 0
13 15 0.041 1 0
197 10 0.864 1 3
287 30 1.551 1 2
32 10 0.108 1 2
285 10 1.557 1 2
17 30 0.072 1 4
46 5 0.141 1 0
64 15 0.253 1 0
43 15 0.162 1 0
165 70 0.668 1 4
146 5 0.485 1 4
44 5 0.148 1 0
24 15 0.136 1 3
41 70 0.150 1 2
14 100 0.047 1 0
13 10 0.072 1 0
42 52 0.236 1 3
136 22 0.872 1 4
31 100 0.203 1 0
99 52 0.529 1 2
259 52 1.693 1 0
21 40 0.091 1 2
175 52 0.692 1 0
18 70 0.073 1 2
132 100 0.714 1 2
12 30 0.050 1 4
201 70 0.767 1 3
32 15 0.193 1 2
16 70 0.047 1 2
122 22 0.407 1 3
34 30 0.109 1 0
63 40 0.246 1 4
31 5 0.132 1 4
33 40 0.145 1 0
45 40 0.134 1 4
141 22 0.488 1 0
215 52 0.648 1 3
61 15 0.330 1 0
38 22 0.134 1 2
25 100 0.134 1 4
44 22 0.253 1 0
195 30 1.234 1 0
19 30 0.055 1 0
267 100 0.918 1 2
16 100 0.049 1 4
118 70 0.391 1 0
56 15 0.348 1 4
190 5 1.267 1 2
11 70 0.070 1 0
22 30 0.064 1 0
42 40 0.193 1 3
141 40 0.723 1 0
26 15 0.087 1 0
246 70 1.123 1 0
39 40 0.119 1 0
47 70 0.155 1 3
197 52 0.585 1 3
10 22 0.057 1 3
72 40 0.235 1 4
35 100 0.211 1 0
60 70 0.223 1 3
15 52 0.082 1 0
63 40 0.337 1 0
17 22 0.093 1 3
252 22 1.691 1 0
188 100 0.637 1 0
14 30 0.065 1 2
30 22 0.160 1 3
24 15 0.138 1 3
17 10 0.059 1 0
67 15 0.234 1 2
134 100 0.545 1 3
39 15 0.213 1 0
32 40 0.101 1 0
13 15 0.039 1 0
153 52 0.686 1 0
103 70 0.368 1 3
171 22 0.663 1 4
19 100 0.106 1 0
17 100 0.058 1 4
132 30 0.468 1 3
26 15 0.100 1 4
12 52 0.081 1 0
177 22 0.717 1 0
38 22 0.218 1 4
57 70 0.385 1 4
200 5 0.746 1 0
84 52 0.271 1 4
195 22 0.596 1 0
89 100 0.536 1 2
36 15 0.105 1 0
294 5 1.073 1 4
37 5 0.148 1 0
75 52 0.444 1 3
29 100 0.196 1 0
48 70 0.232 1 0
26 15 0.113 1 3
35 5 0.125 1 0
14 52 0.044 1 0
211 5 0.955 1 0
181 52 0.582 1 2
14 70 0.076 1 0
16 40 0.054 1 0
33 30 0.221 1 3
19 5 0.058 1 0
131 5 0.873 1 0
21 15 0.088 1 0
88 15 0.303 1 3
74 70 0.423 1 0
174 52 0.584 1 0
183 100 0.753 1 4
163 5 1.006 1 0
10 15 0.036 1 3
48 100 0.314 1 0
142 52 0.689 1 0
18 70 0.061 1 3
26 70 0.117 1 0
38 5 0.162 1 0
18 15 0.063 1 0
105 10 0.614 1 0
252 52 0.741 1 2
166 100 0.619 1 2
11 10 0.067 1 0
74 30 0.349 1 0
122 40 0.819 1 0
128 10 0.381 1 0
23 30 0.091 1 0
14 40 0.046 1 2
28 40 0.094 1 0
88 40 0.413 1 4
33 22 0.155 1 0
49 100 0.174 1 0
22 100 0.066 1 2
136 10 0.418 1 0
12 100 0.054 1 4
147 100 0.482 1 0
108 22 0.484 1 3
274 15 1.207 1 4
27 5 0.091 1 0
50 52 0.147 1 0
292 5 1.791 1 0
16 30 0.094 1 2
61 30 0.211 1 0
14 15 0.047 1 0
128 15 0.400 1 2
85 100 0.443 1 4
16 30 0.082 1 0
143 70 0.846 1 0
33 10 0.105 1 3
10 52 0.044 1 3
75 22 0.349 1 0
88 70 0.367 1 2
14 40 0.075 1 0
51 5 0.169 1 3
30 22 0.112 1 4
146 70 0.476 1 0
125 22 0.484 1 0
31 10 0.126 1 2
11 100 0.049 1 3
36 52 0.108 1 4
13 10 0.077 1 4
101 22 0.493 1 0
89 5 0.382 1 2
159 70 0.930 1 3
39 15 0.118 1 4
23 15 0.125 1 2
55 22 0.177 1 0
69 100 0.342 1 4
232 22 0.797 1 0
103 40 0.665 1 0
33 10 0.140 1 0
37 70 0.159 1 4
18 100 0.105 1 0
150 70 0.467 1 2
10 10 0.058 1 2
25 22 0.079 1 4
38 70 0.123 1 0
78 100 0.394 1 0
16 40 0.070 1 4
35 5 0.154 1 3
70 52 0.272 1 3
31 100 0.114 1 0
110 70 0.728 1 0
14 15 0.068 1 4
165 22 0.757 1 0
28 30 0.093 1 0
84 30 0.391 1 2
146 5 0.535 1 3
46 40 0.242 1 4
32 40 0.108 1 2
17 70 0.087 1 0
228 70 0.864 1 3
144 100 0.503 1 2
33 10 0.156 1 4
38 52 0.155 1 3
13 40 0.055 1 0
14 15 0.042 1 0
117 5 0.408 1 3
62 22 0.318 1 0
70 70 0.370 1 3
18 52 0.064 1 2
36 30 0.140 1 0
208 70 0.990 1 3
172 5 0.635 1 0
51 30 0.285 1 2
70 40 0.317 1 0
52 70 0.243 1 2
22 70 0.068 1 2
62 15 0.250 1 2
62 30 0.315 1 3
19 52 0.076 1 4
226 70 1.322 1 2
16 40 0.048 1 2
51 22 0.181 1 0
173 5 0.643 1 0
120 10 0.396 1 0
322 15 1.382 1 4
196 70 0.620 1 2
141 52 0.829 1 3
38 10 0.124 1 0
41 52 0.151 1 3
15 70 0.050 1 0
19 100 0.097 1 4
96 30 0.471 1 4
64 30 0.350 1 4
155 15 0.589 1 2
198 10 0.723 1 4
54 10 0.335 1 0
213 100 1.231 1 2
39 100 0.210 1 0
330 70 1.976 1 2
174 22 0.626 1 4
33 30 0.121 1 2
18 10 0.066 1 0
79 10 0.287 1 0
135 30 0.780 1 3
17 22 0.053 1 3
61 70 0.299 1 0
28 10 0.083 1 0
56 10 0.188 1 2
50 15 0.195 1 2
160 100 0.741 1 2
23 22 0.069 1 0
35 70 0.198 1 0
60 15 0.212 1 0
32 5 0.145 1 0
33 52 0.110 1 2
173 22 0.515 1 0
33 100 0.202 1 3
140 100 0.479 1 2
40 70 0.130 1 4
78 30 0.336 1 4
113 30 0.646 1 3
16 52 0.075 1 2
65 100 0.240 1 0
21 5 0.072 1 0
37 70 0.239 1 2
339 30 1.461 1 2
11 52 0.070 1 4
36 10 0.129 1 0
94 70 0.573 1 3
91 40 0.408 1 0
127 52 0.447 1 3
36 15 0.159 1 3
19 40 0.058 1 0
90 70 0.280 1 2
38 70 0.129 1 4
45 15 0.133 1 0
188 40 0.874 1 0
50 15 0.266 1 4
76 40 0.263 1 3
10 22 0.049 1 0
31 70 0.126 1 2
34 40 0.135 1 0
52 100 0.156 1 0
14 70 0.091 1 2
288 30 0.997 1 2
114 70 0.452 1 0
67 100 0.324 1 0
125 5 0.553 1 0
167 10 0.949 1 0
137 5 0.749 1 0
38 15 0.186 1 3
96 10 0.487 1 0
29 70 0.101 1 0
139 40 0.629 1 0
12 5 0.062 1 4
74 70 0.413 1 0
54 40 0.276 1 4
10 52 0.051 2 0
138 70 0.738 2 0
166 70 0.553 2 4
65 30 0.208 2 0
62 15 0.225 2 3
140 15 0.433 2 0
65 70 0.223 2 0
17 100 0.052 2 0
262 15 1.330 2 0
66 30 0.242 2 0
155 15 0.470 2 0
72 30 0.444 2 3
72 10 0.362 2 0
27 22 0.122 2 4
37 30 0.125 2 0
30 30 0.189 2 4
215 5 0.657 2 3
157 70 0.491 2 1
23 22 0.077 2 0
17 22 0.081 2 0
115 100 0.632 2 4
54 30 0.239 2 4
27 70 0.107 2 4
79 70 0.441 2 4
77 15 0.228 2 4
107 10 0.467 2 4
11 40 0.042 2 3
24 52 0.113 2 4
58 100 0.175 2 3
139 10 0.476 2 3
290 22 0.924 2 3
11 5 0.038 2 0
10 22 0.030 2 4
12 52 0.067 2 0
41 40 0.192 2 0
24 100 0.118 2 4
232 22 1.202 2 0
73 100 0.388 2 0
205 100 1.139 2 0
32 40 0.097 2 3
58 15 0.227 2 0
86 70 0.335 2 0
10 100 0.047 2 4
12 100 0.038 2 0
52 40 0.153 2 0
80 40 0.444 2 0
72 15 0.275 2 3
44 52 0.149 2 0
267 100 0.848 2 0
44 100 0.130 2 3
28 100 0.182 2 0
179 10 0.699 2 0
13 15 0.047 2 3
178 30 0.574 2 3
55 22 0.320 2 1
16 10 0.088 2 4
199 70 0.799 2 1
12 15 0.044 2 0
39 30 0.215 2 0
26 10 0.085 2 4
15 10 0.081 2 3
27 22 0.106 2 0
45 100 0.138 2 1
16 100 0.049 2 0
77 10 0.239 2 3
221 100 0.666 2 0
29 22 0.134 2 1
25 10 0.075 2 0
19 30 0.090 2 4
52 5 0.177 2 0
19 22 0.075 2 3
22 10 0.071 2 0
129 40 0.686 2 0
78 5 0.433 2 0
139 30 0.498 2 0
125 52 0.561 2 4
12 52 0.035 2 3
76 5 0.270 2 1
15 15 0.079 2 3
168 5 0.594 2 3
125 5 0.691 2 0
80 5 0.352 2 0
103 22 0.404 2 0
20 52 0.072 2 0
106 15 0.414 2 0
10 15 0.045 2 3
14 30 0.075 2 0
33 52 0.183 2 0
78 100 0.363 2 0
190 52 0.562 2 0
93 70 0.620 2 1
43 70 0.164 2 0
53 5 0.270 2 1
29 22 0.110 2 4
175 100 0.579 2 0
322 10 1.491 2 1
155 100 0.816 2 0
182 40 0.611 2 0
67 30 0.344 2 0
78 40 0.451 2 0
15 10 0.096 2 3
24 5 0.100 2 0
124 30 0.437 2 1
63 22 0.212 2 0
45 100 0.162 2 1
266 15 1.231 2 1
206 22 0.675 2 3
28 5 0.106 2 3
79 15 0.506 2 3
14 10 0.058 2 1
230 30 0.777 2 0
16 30 0.052 2 4
23 100 0.096 2 0
38 70 0.128 2 4
138 100 0.533 2 1
31 100 0.123 2 0
173 40 0.994 2 0
336 30 1.200 2 1
53 15 0.169 2 3
37 52 0.199 2 0
11 70 0.038 2 0
39 100 0.131 2 3
86 22 0.270 2 0
12 100 0.067 2 0
287 40 0.932 2 3
19 52 0.080 2 4
30 15 0.128 2 4
15 10 0.070 2 4
294 15 1.873 2 0
172 52 0.544 2 0
108 70 0.315 2 4
25 15 0.086 2 0
13 52 0.047 2 4
67 10 0.225 2 3
18 22 0.054 2 4
41 15 0.232 2 3
17 40 0.113 2 3
11 22 0.045 2 3
46 22 0.210 2 0
64 52 0.344 2 0
61 15 0.198 2 1
50 5 0.148 2 4
59 40 0.304 2 3
172 10 1.062 2 3
12 70 0.056 2 0
15 30 0.054 2 0
76 52 0.360 2 4
15 40 0.061 2 0
43 100 0.235 2 3
17 100 0.052 2 1
39 70 0.236 2 0
101 70 0.455 2 3
39 5 0.121 2 3
48 100 0.293 2 3
197 15 1.059 2 3
47 100 0.290 2 0
18 30 0.116 2 4
24 10 0.117 2 1
72 5 0.341 2 3
25 15 0.096 2 1
22 30 0.086 2 1
19 70 0.078 2 1
38 70 0.228 2 1
74 15 0.352 2 0
71 5 0.213 2 4
193 70 0.583 2 0
24 52 0.118 2 4
13 30 0.061 2 1
204 15 0.723 2 0
95 22 0.463 2 0
271 22 1.514 2 1
28 52 0.088 2 1
20 15 0.062 2 0
105 100 0.329 2 3
28 40 0.106 2 0
154 5 0.865 2 0
63 5 0.290 2 0
20 52 0.114 2 1
18 22 0.054 2 0
10 15 0.057 2 0
50 52 0.167 2 1
78 40 0.250 2 4
180 22 0.662 2 0
55 100 0.160 2 3
46 10 0.175 2 3
12 5 0.044 2 0
118 22 0.362 2 0
135 30 0.407 2 1
186 22 0.608 2 1
28 5 0.092 2 4
37 100 0.130 2 0
248 70 1.590 2 3
223 30 0.996 2 4
15 52 0.064 2 0
63 70 0.346 2 3
14 40 0.058 2 4
246 70 0.854 2 0
117 5 0.606 2 4
61 10 0.211 2 4
160 52 0.542 2 3
167 52 1.113 2 3
102 40 0.375 2 4
92 40 0.311 2 1
186 22 0.903 2 1
98 100 0.598 2 3
31 22 0.096 2 0
70 22 0.230 2 0
12 10 0.036 2 1
18 5 0.098 2 0
15 5 0.052 2 0
51 22 0.190 2 0
311 22 1.709 2 4
17 100 0.054 2 0
73 22 0.217 2 4
188 22 0.895 2 0
305 5 1.134 2 0
18 22 0.053 2 0
25 30 0.106 2 4
62 22 0.218 2 1
167 40 0.960 2 0
72 40 0.244 2 0
130 10 0.718 2 0
17 5 0.069 2 3
302 22 1.924 2 1
10 70 0.033 2 3
12 5 0.045 2 4
21 22 0.070 2 1
81 52 0.422 2 0
25 5 0.130 2 4
70 52 0.206 2 0
57 22 0.291 2 0
38 70 0.250 2 1
73 22 0.332 2 4
21 52 0.099 2 1
168 52 0.757 2 0
45 100 0.196 2 0
10 5 0.039 2 3
17 70 0.100 2 3
22 10 0.104 2 3
44 70 0.218 2 4
58 30 0.195 2 0
39 5 0.134 2 4
28 15 0.155 2 3
51 52 0.175 2 0
29 52 0.095 2 1
300 10 1.261 2 1
34 22 0.103 2 3
42 52 0.239 2 0
37 10 0.130 2 0
46 100 0.238 2 3
18 70 0.067 2 4
122 52 0.521 2 1
12 100 0.048 2 4
157 10 0.935 2 0
109 52 0.345 2 4
21 40 0.094 2 0
196 10 1.032 2 0
16 40 0.060 2 1
70 22 0.424 2 0
55 100 0.362 2 0
13 5 0.081 2 4
135 22 0.894 2 4
303 100 1.106 2 1
142 40 0.532 2 1
65 40 0.328 2 3
155 40 0.745 2 0
40 40 0.187 2 0
38 10 0.147 2 0
21 70 0.076 2 1
17 100 0.058 2 1
26 100 0.077 2 0
198 30 0.892 2 0
46 5 0.146 2 4
27 22 0.102 2 4
39 30 0.247 2 0
268 40 1.004 2 4
77 100 0.383 2 0
18 15 0.079 2 0
32 40 0.096 2 4
131 15 0.834 2 4
25 70 0.102 2 0
34 15 0.169 2 4
15 10 0.056 2 3
42 10 0.126 2 0
14 70 0.043 2 0
112 5 0.713 2 0
10 30 0.051 2 4
35 15 0.193 2 4
211 52 0.977 2 0
28 5 0.082 2 0
18 40 0.057 2 1
164 30 1.072 2 0
292 100 1.738 2 3
261 5 1.526 2 4
38 30 0.117 2 1
224 15 1.082 2 3
70 10 0.443 2 3
46 10 0.247 2 4
253 5 1.346 2 1
21 70 0.064 2 3
26 70 0.106 2 4
55 70 0.278 2 1
38 40 0.226 2 0
36 22 0.171 2 3
14 40 0.042 2 4
21 10 0.062 2 0
130 100 0.401 2 3
111 22 0.552 2 4
67 70 0.208 2 3
193 15 0.605 2 0
17 10 0.055 2 1
60 70 0.261 2 0
204 22 0.694 2 1
170 40 0.580 2 1
19 30 0.072 2 3
58 22 0.384 2 4
41 15 0.205 2 4
19 10 0.079 2 0
11 15 0.038 2 0
39 22 0.114 2 4
308 15 1.278 2 4
122 10 0.601 2 1
56 40 0.245 2 4
88 5 0.527 2 0
294 5 0.913 2 4
12 52 0.072 2 1
56 52 0.204 2 1
10 22 0.042 2 0
14 100 0.059 2 0
28 5 0.133 2 3
168 5 0.697 2 4
31 70 0.156 2 3
117 70 0.498 2 0
16 70 0.049 2 1
76 22 0.406 2 0
15 52 0.079 2 3
29 15 0.104 2 0
292 100 1.212 2 3
59 40 0.199 2 0
63 15 0.417 2 1
30 10 0.197 2 0
26 40 0.127 2 4
49 52 0.174 2 1
145 40 0.755 2 1
23 22 0.106 2 0
20 52 0.064 2 4
287 5 0.908 2 3
103 22 0.495 2 4
72 70 0.299 2 1
172 70 1.055 2 4
206 70 0.760 2 3
10 22 0.068 2 1
45 10 0.131 2 0
94 5 0.292 2 1
154 70 0.957 2 0
22 70 0.064 2 1
12 5 0.063 2 0
202 22 0.650 2 0
26 10 0.128 2 1
73 52 0.263 2 0
17 40 0.080 2 1
38 5 0.209 2 0
107 70 0.549 2 4
74 40 0.257 2 4
15 10 0.070 2 1
31 52 0.114 2 0
80 70 0.372 2 0
26 70 0.160 2 0
197 70 0.807 2 0
11 30 0.044 2 0
21 30 0.117 2 1
41 52 0.179 2 3
17 52 0.085 2 0
18 70 0.058 2 4
109 30 0.402 2 0
14 30 0.055 2 3
49 40 0.167 2 0
21 70 0.075 2 4
47 30 0.137 2 1
72 52 0.238 2 0
36 10 0.151 2 4
329 70 1.154 2 1
163 70 0.840 2 3
48 30 0.190 2 0
19 10 0.091 2 3
11 52 0.066 2 1
19 40 0.058 2 0
31 70 0.120 2 1
312 5 1.061 2 0
27 30 0.108 2 0
170 40 0.497 2 1
53 40 0.177 2 0
63 100 0.300 2 0
30 52 0.175 2 3
156 70 0.523 2 1
61 5 0.257 2 1
72 15 0.305 2 4
121 70 0.442 2 1
37 100 0.170 2 0
155 22 0.945 2 4
168 5 1.050 2 1
220 5 1.202 2 0
30 5 0.088 2 4
27 10 0.093 2 3
150 22 0.543 2 0
12 40 0.045 2 1
13 5 0.050 2 3
62 5 0.188 2 0
33 22 0.195 2 0
34 10 0.147 2 0
250 10 1.020 2 0
123 30 0.719 2 3
73 100 0.317 2 4
50 22 0.208 2 0
172 70 0.905 2 1
146 70 0.772 2 0
13 22 0.073 2 3
213 15 0.755 2 0
76 100 0.344 2 3
35 22 0.135 2 1
14 70 0.059 2 3
281 10 1.176 2 3
202 100 0.768 2 1
60 15 0.230 2 4
31 5 0.123 2 4
65 10 0.202 2 4
60 22 0.179 2 4
51 70 0.152 2 0
10 30 0.036 2 0
142 15 0.597 2 0
145 15 0.918 2 0
136 52 0.571 2 1
282 10 1.611 2 4
58 10 0.248 2 0
44 100 0.265 2 0
239 70 0.764 2 1
56 52 0.289 2 4
94 15 0.362 2 0
87 70 0.274 2 3
240 15 0.755 2 1
52 15 0.174 2 1
121 5 0.535 2 0
66 15 0.338 2 1
121 10 0.420 2 1
14 52 0.044 2 3
131 30 0.749 2 0
27 30 0.176 2 0
143 10 0.538 2 4
212 52 1.350 2 4
248 70 1.204 2 0
238 15 1.384 2 3
13 5 0.046 2 4
273 52 1.407 2 0
151 22 0.452 2 0
42 22 0.200 2 0
67 100 0.424 2 3
30 40 0.123 2 3
193 40 0.811 2 0
231 52 1.191 2 4
105 100 0.387 2 1
100 52 0.568 2 0
30 40 0.109 2 3
255 100 0.810 2 3
29 30 0.094 2 3
14 10 0.066 2 0
13 70 0.082 2 4
19 70 0.078 2 3
128 70 0.621 2 4
150 30 0.694 2 3
157 5 0.604 2 0
17 10 0.056 2 3
12 5 0.048 2 3
24 52 0.085 2 4
54 10 0.265 2 1
45 5 0.146 2 0
71 22 0.290 2 0
118 40 0.656 2 0
101 40 0.451 2 4
18 52 0.100 2 0
319 15 0.933 2 3
17 15 0.077 2 4
154 30 1.020 2 0
59 30 0.239 2 0
28 40 0.108 2 0
37 15 0.162 2 0
62 70 0.199 2 0
45 15 0.158 2 0
144 30 0.556 2 0
328 10 1.215 2 4
140 40 0.639 2 4
63 40 0.216 2 4
57 22 0.188 2 0
272 52 0.951 2 1
23 22 0.071 2 0
23 5 0.090 2 4
245 40 0.778 2 0
14 70 0.085 2 0
19 100 0.097 2 4
76 10 0.365 2 1
41 10 0.214 2 0
23 10 0.074 2 4
12 22 0.076 2 4
15 5 0.101 2 1
13 100 0.073 2 4
153 52 0.950 2 0
22 10 0.081 2 3
23 70 0.074 2 1
21 52 0.072 2 0
117 30 0.483 2 1
43 30 0.155 2 0
59 30 0.307 2 4
56 52 0.366 2 4
232 5 0.771 2 1
91 70 0.319 2 3
69 52 0.394 2 4
13 70 0.070 2 0
78 40 0.298 2 1
16 30 0.103 2 3
19 30 0.069 2 0
153 52 0.562 2 0
17 22 0.063 2 0
69 22 0.290 2 0
57 5 0.184 2 0
59 30 0.238 2 0
168 100 1.098 2 0
18 40 0.079 2 4
12 52 0.067 2 3
17 52 0.064 2 0
26 100 0.083 2 3
17 70 0.052 2 0
20 22 0.060 2 0
31 70 0.196 2 1
241 70 1.268 2 3
92 22 0.477 2 0
43 15 0.150 2 0
35 30 0.129 2 1
296 40 1.134 2 3
66 22 0.258 2 0
30 22 0.103 2 1
10 22 0.056 2 4
134 5 0.399 2 4
14 22 0.083 2 1
35 10 0.131 2 1
314 10 1.377 2 3
10 15 0.041 2 1
122 52 0.469 2 3
44 70 0.145 2 1
38 40 0.126 2 3
10 52 0.036 2 0
35 40 0.129 2 4
34 40 0.217 2 0
10 22 0.031 2 3
59 30 0.211 2 0
42 52 0.136 2 0
161 5 0.660 2 3
34 52 0.227 2 0
18 100 0.087 2 0
40 10 0.220 2 0
12 40 0.043 2 4
16 22 0.075 2 1
319 15 1.357 2 4
62 30 0.310 2 3
185 5 1.005 2 3
40 40 0.127 2 4
78 15 0.419 2 4
23 5 0.110 2 1
31 10 0.098 2 0
30 52 0.093 2 3
114 100 0.367 2 3
18 5 0.078 2 0
11 22 0.033 2 1
67 52 0.201 2 0
18 22 0.107 2 3
24 10 0.078 2 3
158 30 0.958 2 1
16 15 0.086 2 3
61 10 0.323 2 0
13 15 0.045 2 1
43 22 0.127 2 1
84 30 0.512 2 0
30 15 0.115 2 1
298 70 1.454 2 3
72 100 0.419 2 0
24 52 0.113 2 3
271 100 1.163 2 3
21 30 0.118 2 0
211 70 0.720 2 0
10 10 0.039 2 4
27 100 0.173 2 0
52 30 0.157 2 1
53 22 0.327 2 1
19 100 0.073 2 0
155 100 0.683 2 1
194 15 0.634 2 0
34 22 0.122 2 3
14 52 0.052 2 0
164 40 0.610 2 3
15 40 0.052 2 0
59 40 0.396 2 0
55 10 0.195 2 1
199 40 0.655 2 1
281 30 0.924 2 1
40 40 0.192 2 1
58 40 0.170 2 4
38 40 0.200 2 3
187 10 0.930 2 0
10 10 0.059 2 4
197 70 1.263 2 3
158 10 0.712 2 3
197 22 0.578 2 0
93 70 0.342 2 0
260 40 0.833 2 3
36 70 0.206 2 0
22 40 0.112 2 0
18 70 0.121 2 0
282 5 1.389 2 0
108 40 0.482 2 3
19 5 0.055 2 0
270 40 0.796 2 3
154 5 0.517 2 1
76 10 0.230 2 0
32 5 0.195 2 1
71 52 0.384 2 4
31 70 0.112 2 1
25 22 0.102 2 3
107 30 0.554 2 0
78 22 0.248 2 3
17 15 0.070 2 4
21 30 0.063 2 4
39 5 0.131 2 1
57 5 0.191 2 3
30 100 0.101 2 1
55 15 0.369 2 1
79 30 0.335 2 4
65 15 0.327 2 3
15 5 0.068 2 1
54 22 0.215 2 4
36 70 0.123 2 3
156 40 0.923 2 1
26 40 0.118 2 0
196 15 0.834 2 0
31 30 0.091 2 0
18 100 0.112 2 3
335 5 1.496 2 1
24 5 0.102 2 3
84 15 0.327 2 0
49 15 0.154 2 3
77 22 0.370 2 3
21 10 0.076 2 4
302 15 1.153 2 3
69 22 0.325 2 0
24 5 0.098 2 0
78 10 0.470 2 0
60 52 0.239 2 4
20 52 0.071 2 4
65 22 0.200 2 3
71 52 0.297 2 0
304 40 1.078 2 1
27 40 0.087 2 0
66 70 0.319 2 0
177 52 0.653 2 0
166 52 1.114 2 0
17 30 0.071 2 1
68 22 0.217 2 4
25 52 0.151 2 1
12 30 0.056 2 1
10 5 0.062 2 4
40 100 0.223 2 0
56 15 0.339 2 4
178 40 0.535 2 0
14 30 0.050 2 1
99 10 0.615 2 3
101 40 0.493 2 3
56 40 0.318 2 0
51 22 0.175 2 0
77 5 0.324 2 3
28 52 0.146 2 4
143 52 0.656 2 1
12 30 0.057 2 0
53 100 0.212 2 0
60 15 0.239 2 0
163 70 0.568 2 3
39 100 0.143 2 4
321 100 1.521 2 1
122 10 0.409 2 0
38 10 0.177 2 1
146 70 0.973 2 0
63 40 0.184 2 1
281 100 1.147 2 0
189 15 0.913 2 0
10 22 0.060 2 3
12 100 0.071 2 1
32 70 0.094 2 0
35 52 0.152 2 3
20 100 0.108 2 0
18 70 0.056 2 0
19 100 0.083 2 3
43 5 0.134 2 1
243 40 0.824 2 4
146 15 0.603 2 4
39 100 0.172 2 4
164 30 0.785 2 0
35 100 0.107 2 0
71 30 0.341 2 0
59 10 0.228 2 4
65 5 0.312 2 1
42 10 0.152 2 0
263 10 0.783 2 4
56 10 0.236 2 0
69 30 0.369 2 3
62 22 0.220 2 3
157 30 0.590 2 4
140 5 0.556 2 1
222 70 0.768 2 1
135 70 0.498 2 1
23 40 0.127 2 3
54 100 0.157 2 3
25 40 0.102 2 4
66 15 0.412 2 1
29 15 0.091 2 1
142 30 0.414 2 3
24 100 0.126 2 1
12 40 0.076 2 0
22 22 0.086 2 4
244 52 1.312 2 0
180 30 0.923 2 3
76 15 0.251 2 1
112 5 0.367 2 1
48 5 0.267 2 4
73 30 0.232 2 3
198 30 0.880 2 3
32 40 0.143 2 1
19 100 0.070 2 0
16 22 0.065 2 1
113 40 0.332 2 1
34 10 0.140 2 1
46 40 0.303 2 0
13 100 0.052 2 3
10 10 0.053 2 3
126 40 0.581 2 4
28 52 0.093 2 0
85 100 0.500 2 1
77 70 0.350 2 4
97 5 0.370 2 0
79 22 0.244 2 3
63 10 0.412 2 4
52 52 0.196 2 0
155 70 0.613 2 1
34 5 0.112 2 4
16 40 0.091 2 0
24 100 0.119 2 4
28 5 0.115 2 1
16 70 0.053 2 4
28 22 0.121 2 1
155 22 0.708 2 4
64 40 0.258 2 0
38 30 0.140 2 0
151 22 0.645 2 1
28 10 0.182 2 0
332 52 0.985 2 1
40 10 0.170 2 4
205 10 1.114 2 0
41 30 0.142 2 1
47 22 0.157 2 0
13 100 0.050 2 4
29 100 0.098 2 1
37 15 0.127 2 3
16 5 0.047 2 1
25 5 0.079 2 0
134 40 0.407 2 3
58 30 0.180 2 1
11 10 0.033 2 4
23 100 0.080 2 1
33 5 0.159 2 4
108 70 0.614 2 1
10 22 0.045 2 0
34 22 0.099 2 0
23 52 0.089 2 3
30 52 0.162 2 3
27 30 0.129 2 0
337 70 1.040 2 1
17 30 0.073 2 0
35 22 0.119 2 0
121 5 0.540 2 0
52 40 0.257 2 0
231 40 1.561 2 4
161 15 0.875 2 0
10 52 0.036 2 1
108 52 0.456 2 1
190 52 1.203 2 3
16 5 0.068 2 1
194 5 0.758 2 1
322 30 0.958 2 1
35 100 0.137 2 3
44 52 0.277 2 4
172 52 1.055 2 4
170 5 1.000 2 0
79 100 0.232 2 1
35 70 0.148 2 3
81 15 0.295 2 0
32 100 0.114 2 3
56 5 0.331 2 0
113 70 0.398 2 1
59 10 0.201 2 3
38 10 0.119 2 0
36 15 0.157 2 4
24 52 0.098 2 3
238 22 1.196 2 3
84 70 0.258 2 3
20 52 0.105 2 1
50 5 0.188 2 1
60 40 0.221 2 0
13 5 0.059 2 4
26 5 0.097 2 3
73 70 0.215 2 4
11 15 0.053 2 4
46 40 0.185 2 4
81 100 0.298 2 3
51 52 0.295 2 4
202 100 0.589 2 3
16 15 0.107 2 0
25 5 0.099 2 4
70 10 0.256 2 1
28 40 0.088 2 4
11 30 0.038 2 3
57 22 0.182 2 3
102 40 0.354 2 3
14 70 0.077 2 1
34 30 0.206 2 3
45 52 0.149 2 4
19 22 0.066 2 0
60 40 0.299 2 0
18 10 0.065 2 1
68 10 0.456 2 4
178 52 1.029 2 0
307 100 1.089 2 3
58 30 0.216 2 3
46 100 0.280 2 4
75 15 0.326 2 0
61 100 0.295 2 4
167 10 0.596 2 3
199 10 0.732 2 0
58 5 0.302 2 3
37 70 0.230 2 4
118 40 0.474 2 0
58 52 0.186 2 0
261 70 1.186 2 0
34 22 0.212 2 1
157 70 0.477 2 3
36 52 0.139 2 0
336 10 1.131 2 3
205 15 0.683 2 4
170 5 1.149 2 3
27 52 0.144 2 0
16 70 0.087 2 4
321 5 2.006 2 3
42 70 0.225 2 1
26 5 0.131 2 4
46 5 0.229 2 1
14 5 0.062 2 3
71 100 0.326 2 3
11 22 0.038 2 0
69 22 0.207 2 0
215 15 0.760 2 1
10 30 0.047 2 4
10 22 0.063 2 4
75 100 0.220 2 1
19 22 0.056 2 0
13 5 0.059 2 4
60 15 0.241 2 1
69 10 0.210 2 0
72 30 0.230 2 4
122 100 0.685 2 4
64 15 0.270 2 0
73 5 0.263 2 4
17 15 0.067 2 3
32 70 0.140 2 4
112 5 0.421 2 0
20 70 0.084 2 0
48 5 0.205 2 4
27 70 0.105 2 0
22 52 0.084 2 4
94 30 0.353 2 3
180 5 0.590 2 0
104 30 0.310 2 4
15 5 0.058 2 0
18 5 0.060 2 0
10 70 0.053 2 1
99 15 0.391 2 3
21 22 0.082 2 1
81 15 0.391 2 4
16 100 0.076 2 4
146 22 0.874 2 0
159 22 0.511 2 0
312 100 0.918 2 0
69 52 0.240 2 0
70 100 0.405 2 1
20 30 0.058 2 4
47 30 0.214 2 3
111 52 0.712 2 1
178 100 0.894 2 0
82 40 0.373 2 1
27 5 0.096 2 0
37 10 0.110 2 1
283 100 1.304 2 1
91 5 0.442 2 3
20 5 0.065 2 4
57 30 0.166 2 4
50 30 0.194 2 0
12 30 0.037 2 0
21 22 0.080 2 1
166 40 0.601 2 4
169 10 0.547 2 0
40 5 0.120 2 4
335 22 1.675 2 1
108 22 0.315 2 4
15 30 0.067 2 3
20 40 0.074 2 0
20 100 0.062 2 0
157 22 0.545 2 0
64 52 0.211 2 0
35 52 0.131 2 4
33 70 0.109 2 0
21 15 0.088 2 3
36 30 0.176 2 0
58 15 0.177 2 0
167 15 0.752 2 1
197 10 1.037 2 4
14 52 0.070 2 4
96 40 0.464 2 1
32 70 0.099 2 4
58 70 0.278 2 0
52 100 0.161 2 1
16 15 0.078 2 4
48 52 0.262 2 3
22 10 0.072 2 3
62 40 0.193 2 0
270 5 0.993 2 3
72 10 0.317 2 0
19 40 0.079 2 1
33 52 0.138 2 4
80 15 0.261 2 0
57 70 0.213 2 0
22 30 0.078 2 4
17 52 0.060 2 4
13 100 0.060 2 1
81 52 0.256 2 3
293 30 1.163 2 0
46 10 0.309 2 3
50 52 0.182 2 0
12 15 0.036 2 1
107 70 0.677 2 1
13 70 0.055 2 1
17 30 0.069 2 0
35 52 0.160 2 1
10 10 0.059 2 4
203 30 1.115 2 1
11 40 0.050 2 0
17 10 0.078 2 0
35 22 0.199 2 1
51 22 0.191 2 0
79 15 0.332 2 0
85 70 0.455 2 0
304 70 1.118 2 1
48 40 0.168 2 1
20 70 0.086 2 1
53 15 0.194 2 1
247 5 0.720 2 0
45 5 0.239 2 1
255 100 0.817 2 3
196 5 0.867 2 0
26 70 0.159 2 0
295 5 0.952 2 1
37 10 0.125 2 0
29 30 0.090 2 1
53 70 0.189 2 4
107 52 0.455 2 0
48 22 0.171 2 1
200 70 0.873 2 0
51 10 0.277 3 2
14 15 0.043 3 1
47 52 0.162 3 0
35 22 0.197 3 1
79 15 0.321 3 0
32 100 0.103 3 0
77 100 0.255 3 4
18 30 0.071 3 4
17 22 0.115 3 0
69 5 0.397 3 0
31 100 0.188 3 0
150 40 0.743 3 2
15 40 0.078 3 1
154 70 0.824 3 0
36 10 0.154 3 2
271 10 1.034 3 0
43 70 0.154 3 0
302 10 0.959 3 4
24 15 0.122 3 0
99 22 0.471 3 2
67 22 0.273 3 0
100 70 0.321 3 1
15 5 0.057 3 0
23 10 0.100 3 4
101 5 0.383 3 1
43 30 0.165 3 4
213 5 0.626 3 0
25 5 0.077 3 0
18 22 0.106 3 0
54 22 0.186 3 0
25 52 0.082 3 1
18 10 0.064 3 0
56 70 0.176 3 0
12 22 0.036 3 0
10 22 0.033 3 4
44 100 0.196 3 2
15 22 0.068 3 1
53 30 0.155 3 0
286 30 1.004 3 2
64 40 0.215 3 2
25 52 0.114 3 1
23 70 0.081 3 4
28 40 0.112 3 0
58 5 0.208 3 0
14 10 0.081 3 2
26 22 0.117 3 1
12 100 0.036 3 0
31 100 0.111 3 0
76 5 0.309 3 0
62 40 0.211 3 2
60 15 0.291 3 0
59 5 0.273 3 1
24 70 0.127 3 0
27 100 0.112 3 0
16 100 0.102 3 2
120 40 0.399 3 4
65 40 0.217 3 0
173 22 0.558 3 1
12 40 0.063 3 0
253 15 1.050 3 0
160 22 0.584 3 2
37 5 0.174 3 1
129 5 0.387 3 0
117 5 0.544 3 0
27 100 0.081 3 0
205 10 0.614 3 4
24 40 0.078 3 2
229 70 1.085 3 2
10 22 0.067 3 1
222 100 1.254 3 2
14 10 0.056 3 0
29 5 0.121 3 2
17 52 0.078 3 2
89 100 0.432 3 0
13 40 0.071 3 1
60 40 0.312 3 1
29 100 0.101 3 1
10 40 0.053 3 4
16 52 0.065 3 1
10 70 0.045 3 0
18 10 0.064 3 1
28 52 0.174 3 0
26 30 0.105 3 0
16 100 0.054 3 1
45 40 0.203 3 4
17 10 0.112 3 1
16 5 0.064 3 4
14 15 0.086 3 1
44 15 0.177 3 2
49 5 0.152 3 0
132 10 0.677 3 4
15 10 0.044 3 0
17 30 0.097 3 0
33 40 0.198 3 0
26 70 0.118 3 0
27 5 0.178 3 1
150 100 0.867 3 0
137 30 0.825 3 2
19 5 0.080 3 0
33 22 0.171 3 0
123 40 0.486 3 0
67 70 0.211 3 0
15 15 0.099 3 0
29 30 0.126 3 4
63 40 0.229 3 0
142 100 0.451 3 0
49 5 0.198 3 1
176 70 1.107 3 4
14 70 0.055 3 0
63 52 0.236 3 1
269 10 0.924 3 1
147 40 0.531 3 4
29 30 0.100 3 0
274 52 0.951 3 0
28 30 0.084 3 0
78 30 0.258 3 0
242 5 0.900 3 0
28 22 0.178 3 4
149 100 0.892 3 2
32 100 0.153 3 0
12 100 0.040 3 0
25 70 0.138 3 0
178 22 0.828 3 2
27 22 0.099 3 0
36 30 0.147 3 4
41 5 0.253 3 1
72 100 0.305 3 1
31 22 0.129 3 1
18 5 0.065 3 0
22 5 0.142 3 4
18 15 0.068 3 1
45 10 0.176 3 4
67 70 0.282 3 1
20 70 0.123 3 4
136 15 0.444 3 0
248 52 0.867 3 4
16 15 0.086 3 1
53 22 0.257 3 4
113 10 0.367 3 1
158 30 0.721 3 1
55 30 0.346 3 4
17 40 0.073 3 2
63 52 0.185 3 1
31 22 0.128 3 0
242 30 1.192 3 4
24 100 0.157 3 1
34 40 0.106 3 4
315 5 0.991 3 4
14 10 0.060 3 4
18 40 0.111 3 0
76 52 0.244 3 1
20 70 0.111 3 0
22 40 0.100 3 1
74 52 0.394 3 2
13 70 0.056 3 1
15 15 0.045 3 4
18 100 0.091 3 1
14 22 0.045 3 0
143 5 0.418 3 1
54 15 0.213 3 0
15 70 0.083 3 2
44 52 0.143 3 0
39 30 0.206 3 1
168 22 0.848 3 0
10 22 0.056 3 2
49 15 0.262 3 2
10 5 0.037 3 0
189 22 0.771 3 0
86 100 0.386 3 0
31 15 0.093 3 0
16 30 0.047 3 0
247 100 1.176 3 0
109 30 0.419 3 4
73 5 0.361 3 4
55 40 0.340 3 1
121 22 0.602 3 0
123 52 0.521 3 0
299 100 1.359 3 4
45 10 0.174 3 0
72 30 0.231 3 0
67 70 0.358 3 0
154 52 0.806 3 0
143 40 0.616 3 0
99 100 0.478 3 0
154 15 0.583 3 0
65 52 0.219 3 0
23 15 0.130 3 4
61 70 0.381 3 2
30 40 0.192 3 4
100 10 0.613 3 0
68 10 0.343 3 1
207 22 0.981 3 4
10 30 0.032 3 1
69 40 0.348 3 1
92 22 0.295 3 0
53 30 0.183 3 1
75 10 0.285 3 4
55 5 0.233 3 1
333 70 1.417 3 4
72 100 0.281 3 2
331 10 1.799 3 2
248 70 1.153 3 1
22 40 0.139 3 0
38 10 0.180 3 0
12 52 0.062 3 1
30 70 0.099 3 4
110 22 0.651 3 0
76 22 0.350 3 2
118 22 0.437 3 1
13 70 0.074 3 4
44 30 0.282 3 0
36 30 0.220 3 1
103 100 0.579 3 4
184 52 0.662 3 0
253 15 0.801 3 1
27 30 0.134 3 0
253 70 0.866 3 2
10 5 0.039 3 1
134 30 0.475 3 1
49 15 0.158 3 0
61 30 0.254 3 1
103 52 0.528 3 0
22 52 0.067 3 2
225 15 0.656 3 0
56 100 0.212 3 2
88 52 0.263 3 1
12 15 0.037 3 1
23 52 0.082 3 0
55 100 0.369 3 1
196 15 0.607 3 4
59 40 0.286 3 2
23 30 0.080 3 2
30 5 0.152 3 0
11 22 0.033 3 0
16 22 0.057 3 0
37 100 0.234 3 2
19 100 0.076 3 0
100 22 0.568 3 1
76 30 0.271 3 4
79 40 0.232 3 2
38 52 0.119 3 0
12 22 0.057 3 0
185 22 0.554 3 2
19 10 0.067 3 1
10 10 0.039 3 0
128 70 0.653 3 0
26 10 0.109 3 2
78 40 0.345 3 0
54 15 0.234 3 1
163 70 0.487 3 2
21 15 0.087 3 0
38 52 0.126 3 0
37 70 0.112 3 4
20 40 0.088 3 1
48 30 0.231 3 4
336 10 1.706 3 1
121 52 0.621 3 1
16 10 0.049 3 0
64 52 0.352 3 1
16 10 0.069 3 0
69 70 0.356 3 2
263 52 1.134 3 1
15 52 0.044 3 0
19 5 0.118 3 0
77 22 0.435 3 1
79 10 0.380 3 0
242 22 1.066 3 4
42 70 0.228 3 2
109 22 0.344 3 1
69 22 0.256 3 2
16 52 0.104 3 0
148 40 0.485 3 2
12 52 0.040 3 0
24 15 0.121 3 0
238 52 1.128 3 2
126 30 0.670 3 0
30 15 0.149 3 1
78 52 0.301 3 0
62 10 0.310 3 0
77 10 0.399 3 4
44 70 0.152 3 0
40 30 0.137 3 4
149 52 0.441 3 4
92 22 0.484 3 1
31 40 0.128 3 0
122 15 0.416 3 4
151 22 0.505 3 2
119 40 0.799 3 0
19 40 0.112 3 4
47 30 0.189 3 2
22 10 0.071 3 4
191 52 0.876 3 2
20 22 0.085 3 0
268 22 1.340 3 0
327 10 1.164 3 2
176 52 1.060 3 2
35 22 0.103 3 1
43 52 0.158 3 4
194 40 0.620 3 4
39 10 0.141 3 0
30 30 0.130 3 4
72 5 0.232 3 4
34 70 0.156 3 0
58 10 0.335 3 4
182 10 0.591 3 4
14 30 0.051 3 2
60 52 0.314 3 1
51 30 0.305 3 1
63 100 0.301 3 2
182 5 0.943 3 2
134 100 0.720 3 1
93 52 0.386 3 4
18 70 0.096 3 1
164 52 0.498 3 4
13 70 0.057 3 0
31 100 0.109 3 4
107 100 0.440 3 2
61 15 0.246 3 1
34 40 0.197 3 1
88 5 0.260 3 2
21 52 0.111 3 4
58 100 0.220 3 0
10 70 0.044 3 1
130 10 0.743 3 0
99 22 0.450 3 4
18 10 0.061 3 0
72 70 0.348 3 2
217 15 0.689 3 1
14 40 0.072 3 1
219 40 0.982 3 2
175 30 0.665 3 2
67 5 0.201 3 1
176 15 0.622 3 2
23 70 0.079 3 4
73 22 0.298 3 0
217 30 1.299 3 0
124 30 0.475 3 1
14 100 0.052 3 0
86 70 0.277 3 4
167 30 1.057 3 2
44 100 0.237 3 2
89 5 0.283 3 2
56 30 0.283 3 2
139 15 0.504 3 0
44 15 0.257 3 2
245 30 1.225 3 0
14 10 0.047 3 1
153 5 0.492 3 0
136 22 0.705 3 0
31 10 0.102 3 0
29 52 0.117 3 0
11 100 0.043 3 4
25 10 0.076 3 2
73 52 0.406 3 0
196 30 1.095 3 0
46 30 0.187 3 0
80 22 0.482 3 1
15 22 0.047 3 0
18 40 0.059 3 0
52 5 0.246 3 1
39 30 0.186 3 2
184 52 0.713 3 2
65 5 0.191 3 4
30 52 0.162 3 4
21 5 0.063 3 0
77 40 0.266 3 0
34 70 0.181 3 0
17 30 0.062 3 2
39 40 0.224 3 1
16 100 0.069 3 4
250 10 0.874 3 0
142 30 0.604 3 4
49 52 0.186 3 1
207 22 0.690 3 0
80 30 0.259 3 4
74 100 0.231 3 0
160 30 0.488 3 0
166 70 0.497 3 0
179 5 1.047 3 0
43 52 0.155 3 0
56 40 0.186 3 2
21 40 0.075 3 4
96 5 0.511 3 0
70 40 0.290 3 2
14 15 0.041 3 0
11 52 0.032 3 0
57 52 0.300 3 0
15 10 0.066 3 1
169 100 0.538 3 4
18 5 0.069 3 2
121 22 0.568 3 2
13 52 0.049 3 0
15 22 0.047 3 1
19 15 0.082 3 4
75 30 0.286 3 1
11 100 0.037 3 4
306 15 0.962 3 2
15 5 0.098 3 0
26 52 0.116 3 1
190 52 0.964 3 1
15 70 0.083 3 4
289 40 0.878 3 1
125 30 0.546 3 0
20 40 0.080 3 2
13 22 0.073 3 0
54 5 0.193 3 0
11 52 0.035 3 0
12 100 0.047 3 4
63 15 0.197 3 4
69 15 0.211 3 0
169 30 0.621 3 0
52 22 0.186 3 0
60 52 0.261 3 0
16 5 0.099 3 4
12 52 0.059 3 1
42 52 0.264 3 0
12 52 0.035 3 1
173 22 0.700 3 0
21 10 0.095 3 0
12 5 0.076 3 1
12 52 0.039 3 0
17 100 0.056 3 0
53 100 0.157 3 1
83 70 0.390 3 4
10 52 0.036 3 0
34 30 0.198 3 0
24 100 0.143 3 0
94 30 0.393 3 1
102 5 0.321 3 0
137 30 0.783 3 2
10 15 0.032 3 0
72 10 0.429 3 0
72 5 0.287 3 0
127 52 0.370 3 0
33 30 0.123 3 0
19 100 0.070 3 1
199 100 0.771 3 0
286 70 0.950 3 1
57 22 0.166 3 2
152 22 0.537 3 0
36 10 0.207 3 1
11 30 0.069 3 0
37 52 0.130 3 1
176 22 0.994 3 2
204 100 0.605 3 4
20 10 0.079 3 0
69 30 0.363 3 0
12 10 0.042 3 4
22 22 0.069 3 1
149 52 0.943 3 2
28 70 0.104 3 2
35 22 0.114 3 1
60 30 0.229 3 4
16 15 0.069 3 4
66 30 0.200 3 4
329 5 0.976 3 4
12 100 0.041 3 1
80 100 0.245 3 0
145 10 0.784 3 2
148 10 0.836 3 4
30 40 0.100 3 4
69 15 0.421 3 2
13 5 0.060 3 1
186 15 0.756 3 0
12 40 0.042 3 2
181 70 1.058 3 4
62 30 0.236 3 4
49 5 0.245 3 2
282 70 0.993 3 1
192 52 1.073 3 0
262 22 1.074 3 1
26 5 0.160 3 1
18 15 0.062 3 2
18 22 0.059 3 4
331 70 1.015 3 4
14 70 0.051 3 0
21 10 0.102 3 2
25 100 0.146 3 0
11 5 0.043 3 2
27 52 0.116 3 4
12 70 0.064 3 0
34 40 0.168 3 0
20 30 0.058 3 2
12 22 0.042 3 4
70 22 0.276 3 1
76 30 0.466 3 0
29 10 0.092 3 4
176 10 0.571 3 4
11 30 0.034 3 1
27 10 0.093 3 2
16 40 0.101 3 0
30 22 0.179 3 0
15 52 0.099 3 0
53 70 0.221 3 2
52 70 0.233 3 1
214 5 0.801 3 1
51 22 0.177 3 0
339 100 2.275 3 0
42 100 0.181 3 0
45 40 0.266 3 1
72 52 0.314 3 0
15 22 0.046 3 2
19 22 0.089 3 0
44 5 0.234 3 0
87 10 0.518 3 0
182 22 0.835 3 1
24 15 0.114 3 0
89 70 0.289 3 1
279 5 1.335 3 0
22 40 0.089 3 1
87 22 0.279 3 1
37 22 0.185 3 1
16 52 0.056 3 4
31 70 0.109 3 1
173 100 0.869 3 4
16 30 0.105 3 0
59 22 0.209 3 0
21 40 0.066 3 1
131 30 0.520 3 0
33 10 0.113 3 1
38 22 0.224 3 4
229 15 1.225 3 0
31 10 0.131 3 0
43 30 0.172 3 2
66 10 0.311 3 1
261 5 1.642 3 4
222 10 1.442 3 2
322 100 0.958 3 1
19 15 0.083 3 0
19 70 0.108 3 0
25 40 0.108 3 0
30 22 0.129 3 0
10 70 0.063 3 0
52 10 0.315 3 2
28 10 0.083 3 1
197 40 0.782 3 2
40 10 0.216 3 0
19 100 0.057 3 1
36 100 0.118 3 0
41 5 0.216 3 1
38 70 0.164 3 1
14 70 0.087 3 0
54 10 0.174 3 0
16 40 0.097 3 0
18 15 0.071 3 0
22 70 0.105 3 0
11 40 0.044 3 2
186 22 0.861 3 2
164 10 0.832 3 0
31 52 0.095 3 2
17 10 0.059 3 0
18 52 0.064 3 0
179 15 0.952 3 0
54 100 0.194 3 0
44 52 0.217 3 4
135 15 0.726 3 2
78 52 0.274 3 0
164 22 0.669 3 4
101 70 0.373 3 0
77 100 0.297 3 4
38 52 0.188 3 0
43 52 0.214 3 4
62 22 0.333 3 4
12 30 0.046 3 0
142 22 0.424 3 0
86 30 0.257 3 2
183 5 1.052 3 0
20 22 0.118 3 4
10 52 0.048 3 4
29 10 0.088 3 0
27 70 0.164 3 0
16 100 0.061 3 2
146 10 0.428 3 4
25 15 0.082 3 0
13 30 0.042 3 4
34 52 0.110 3 1
17 10 0.084 3 1
100 22 0.441 3 1
107 40 0.415 3 4
17 70 0.059 3 0
13 15 0.047 3 2
17 5 0.051 3 4
75 40 0.224 3 2
28 30 0.116 3 4
174 15 0.731 3 0
30 40 0.095 3 2
36 30 0.142 3 0
30 30 0.159 3 0
36 10 0.232 3 0
37 5 0.169 3 2
28 70 0.152 3 0
27 52 0.122 3 0
137 30 0.448 3 0
13 40 0.071 3 0
95 52 0.552 3 4
22 22 0.098 3 2
60 10 0.297 3 4
19 100 0.064 3 4
99 30 0.391 3 0
56 100 0.346 3 1
36 70 0.152 3 4
25 70 0.082 3 0
28 70 0.141 3 1
74 15 0.312 3 4
23 52 0.128 3 2
165 70 0.829 3 0
16 22 0.065 3 2
199 40 0.713 3 0
100 70 0.467 3 0
14 100 0.049 3 1
38 5 0.119 3 0
103 5 0.515 3 1
17 30 0.050 3 1
154 22 0.456 3 2
166 100 0.965 3 2
21 15 0.095 3 2
30 30 0.096 3 2
10 52 0.056 3 0
14 40 0.044 3 1
58 22 0.205 3 2
158 52 0.873 3 0
90 15 0.347 3 2
172 52 1.117 3 0
198 100 0.776 3 4
104 40 0.533 3 0
272 70 0.904 3 4
14 10 0.042 3 0
166 70 0.922 3 0
37 70 0.173 3 0
71 100 0.413 3 4
18 100 0.058 3 0
196 10 0.713 3 0
100 15 0.649 3 2
161 22 0.472 3 0
46 30 0.192 3 2
13 40 0.079 3 4
210 40 0.781 3 4
53 70 0.243 3 0
25 10 0.134 3 0
31 10 0.108 3 0
98 5 0.408 3 0
22 30 0.092 3 0
16 30 0.089 3 0
14 52 0.043 3 0
48 5 0.227 3 1
16 70 0.081 3 0
81 10 0.485 3 1
281 22 1.634 3 1
60 70 0.296 3 2
38 70 0.226 3 4
70 40 0.323 3 0
11 15 0.033 3 0
50 22 0.187 3 4
152 30 0.731 3 4
10 30 0.030 3 0
69 30 0.303 3 0
121 22 0.550 3 1
93 52 0.589 3 0
76 100 0.358 3 4
273 70 0.825 3 4
114 70 0.418 3 0
80 10 0.392 3 2
24 30 0.142 3 0
122 15 0.425 3 1
70 10 0.340 3 1
283 100 1.209 3 2
212 15 0.620 3 1
87 70 0.271 3 1
51 70 0.156 3 0
203 22 0.646 3 2
15 22 0.068 3 2
55 100 0.204 3 4
16 52 0.055 3 4
47 70 0.261 3 1
14 40 0.092 3 4
58 52 0.279 3 0
10 15 0.043 3 2
79 5 0.335 3 0
24 15 0.087 3 0
86 22 0.417 3 0
16 22 0.107 3 0
14 22 0.087 3 0
41 100 0.232 3 1
33 52 0.126 3 0
236 5 1.430 3 4
14 22 0.070 3 0
139 70 0.409 3 2
76 5 0.267 3 1
13 5 0.047 3 4
153 52 0.922 3 0
70 22 0.414 3 4
63 52 0.337 3 4
33 52 0.170 3 4
65 70 0.212 3 1
11 100 0.035 3 1
45 70 0.180 3 4
10 5 0.031 3 0
126 40 0.472 3 1
11 40 0.043 3 2
328 70 1.266 3 0
29 15 0.109 3 2
39 15 0.153 3 0
37 5 0.242 3 4
17 52 0.092 3 0
161 5 0.629 3 0
100 22 0.376 3 1
137 10 0.498 3 0
12 100 0.049 3 0
19 100 0.073 3 0
20 52 0.062 3 1
33 52 0.171 3 1
23 22 0.142 3 0
36 40 0.110 3 0
50 15 0.197 3 2
245 15 1.070 3 2
160 5 0.773 3 1
27 40 0.114 3 0
26 15 0.114 3 1
13 30 0.038 3 0
20 30 0.076 3 4
58 40 0.194 3 0
20 70 0.069 3 4
24 10 0.094 3 4
61 100 0.275 3 0
34 15 0.102 3 1
16 30 0.082 3 1
19 100 0.073 3 0
24 22 0.132 3 2
19 10 0.083 3 0
12 70 0.049 3 0
61 30 0.229 3 0
194 40 1.060 3 4
145 30 0.678 3 4
232 5 0.695 3 1
51 30 0.160 3 2
181 40 0.842 3 1
12 40 0.067 3 0
27 22 0.090 3 4
15 15 0.049 3 1
176 5 1.121 3 0
153 70 0.702 3 2
78 70 0.441 3 0
34 52 0.146 3 0
56 5 0.322 3 0
145 30 0.784 3 1
171 22 0.648 3 1
56 40 0.228 3 0
10 100 0.042 3 0
146 100 0.598 3 2
259 5 1.126 3 2
32 15 0.100 3 2
149 40 0.538 3 2
35 22 0.121 3 1
57 5 0.385 3 0
44 52 0.154 3 0
57 100 0.245 3 0
50 22 0.296 3 1
52 10 0.165 3 4
218 30 0.960 3 0
115 15 0.469 3 4
192 40 1.193 3 4
193 40 0.605 3 2
73 22 0.265 3 4
16 5 0.054 3 2
159 22 0.662 3 4
12 52 0.060 3 2
93 15 0.397 3 4
55 10 0.316 3 2
13 70 0.075 3 4
13 52 0.058 3 2
10 10 0.030 3 0
224 100 0.723 3 2
17 52 0.110 3 4
17 10 0.050 3 2
38 30 0.253 3 4
48 10 0.231 3 1
11 40 0.033 3 2
73 5 0.382 3 2
90 15 0.474 3 4
91 10 0.429 3 0
193 15 1.295 3 4
69 5 0.466 3 0
34 15 0.112 3 2
97 52 0.599 3 2
28 15 0.169 3 4
17 5 0.068 3 1
108 52 0.352 3 2
15 5 0.085 3 1
59 40 0.221 3 2
163 100 0.627 3 0
218 30 1.290 3 2
12 100 0.040 3 2
20 5 0.079 3 2
92 30 0.327 3 0
187 52 0.607 3 4
142 52 0.437 3 0
15 5 0.076 3 2
153 40 0.922 3 1
72 52 0.298 3 2
17 70 0.071 3 4
27 10 0.083 3 2
59 100 0.347 3 0
54 15 0.203 3 1
41 100 0.121 3 0
79 15 0.265 3 4
37 100 0.222 3 2
19 30 0.086 3 4
115 40 0.558 3 1
48 15 0.156 3 0
15 5 0.082 3 0
100 15 0.344 3 1
296 5 1.682 3 1
74 15 0.298 3 0
126 22 0.514 3 4
169 40 0.871 3 0
37 40 0.148 3 0
192 10 1.021 3 2
104 10 0.646 3 2
41 70 0.150 3 0
307 100 1.678 3 4
10 15 0.064 3 0
126 100 0.450 3 0
19 40 0.100 3 4
61 40 0.187 3 0
58 22 0.201 3 0
39 10 0.146 3 2
111 5 0.689 3 0
30 10 0.095 3 0
65 52 0.261 3 0
13 10 0.050 3 0
30 70 0.200 3 0
23 5 0.095 3 1
62 10 0.321 3 4
26 15 0.150 3 1
150 15 0.464 3 2
16 30 0.052 3 0
56 52 0.267 3 0
57 52 0.300 3 0
139 15 0.610 3 1
77 15 0.298 3 2
14 15 0.059 3 0
69 15 0.373 3 0
11 70 0.068 3 0
291 5 1.047 3 0
50 15 0.147 3 1
57 22 0.201 3 0
11 5 0.046 3 4
73 5 0.483 3 0
149 15 0.634 3 1
171 40 1.006 3 4
162 70 0.926 3 2
14 15 0.072 3 4
76 70 0.328 3 4
229 15 0.771 3 0
133 22 0.502 3 0
26 10 0.135 3 1
33 100 0.112 3 0
125 22 0.598 3 0
11 30 0.038 3 4
25 22 0.088 3 0
49 15 0.278 3 4
280 70 0.979 3 2
96 40 0.309 3 4
28 5 0.184 3 2
11 100 0.059 3 0
68 70 0.202 3 0
14 40 0.060 3 1
178 40 1.187 3 0
15 5 0.055 3 0
63 30 0.255 3 1
179 30 1.140 3 0
21 70 0.090 3 0
44 40 0.173 3 0
65 10 0.270 3 4
28 70 0.113 3 2
69 22 0.304 3 2
337 40 1.286 3 2
219 30 0.928 3 1
144 40 0.593 3 1
18 10 0.116 3 0
31 5 0.103 3 0
88 22 0.324 3 0
112 70 0.328 3 1
45 52 0.190 3 1
33 5 0.109 3 2
82 5 0.327 3 0
57 15 0.197 3 2
49 52 0.231 3 1
90 10 0.386 3 1
17 52 0.051 3 2
104 100 0.460 3 0
18 5 0.054 3 1
84 15 0.422 3 1
319 100 0.967 3 1
56 70 0.200 3 2
102 70 0.689 3 2
77 100 0.414 3 0
19 30 0.078 3 4
20 100 0.062 3 1
11 40 0.044 3 0
112 40 0.718 3 4
193 15 1.142 3 0
81 70 0.526 3 0
29 15 0.109 3 4
17 10 0.073 3 4
36 10 0.214 3 2
143 40 0.633 3 1
36 10 0.212 3 1
65 22 0.254 3 4
33 70 0.209 3 4
151 70 0.521 3 0
51 52 0.195 3 0
18 30 0.059 3 0
12 10 0.059 3 1
112 15 0.423 3 4
29 30 0.186 3 0
305 52 0.984 3 2
41 15 0.127 3 0
30 5 0.117 3 2
161 100 0.910 3 0
42 40 0.235 3 2
18 5 0.108 3 4
33 22 0.205 3 2
19 40 0.093 3 4
21 100 0.091 3 0
38 22 0.197 3 0
64 22 0.208 3 1
89 5 0.445 3 2
128 22 0.584 3 0
20 10 0.062 3 0
121 70 0.381 3 1
14 40 0.056 3 0
48 70 0.142 3 4
69 15 0.273 3 4
28 15 0.091 3 1
100 30 0.505 3 0
263 22 0.946 3 0
46 100 0.158 3 2
58 22 0.219 3 2
150 52 0.915 3 4
57 10 0.320 3 0
19 52 0.069 3 0
12 10 0.070 3 0
178 30 0.622 3 1
115 5 0.520 3 0
15 40 0.044 3 4
77 5 0.481 3 1
234 5 1.529 3 1
71 52 0.302 3 1
68 22 0.214 3 4
10 30 0.052 3 0
12 5 0.040 3 2
70 10 0.263 3 4
93 52 0.550 3 4
90 5 0.405 3 4
72 5 0.220 3 1
236 100 0.952 3 4
65 10 0.223 3 0
11 5 0.054 3 0
16 5 0.057 3 0
21 40 0.097 3 0
190 52 0.714 3 4
73 22 0.241 3 1
66 22 0.252 3 0
20 100 0.110 3 2
196 22 0.613 3 1
70 5 0.271 3 0
192 30 1.073 3 2
104 100 0.305 3 1
64 100 0.403 3 0
18 10 0.061 3 0
46 5 0.275 3 4
182 22 0.831 3 1
170 22 0.603 3 0
195 15 0.691 3 0
93 10 0.323 3 2
289 5 1.268 3 0
54 15 0.348 3 2
12 15 0.061 3 4
50 15 0.211 3 2
74 30 0.311 3 0
318 15 1.320 3 0
45 22 0.185 3 2
187 10 1.133 3 0
51 52 0.254 3 2
38 70 0.147 3 2
51 40 0.221 3 0
18 22 0.096 3 4
83 70 0.329 3 0
88 100 0.521 3 1
65 10 0.265 3 1
28 22 0.168 3 4
14 40 0.053 3 0
61 10 0.236 3 2
112 15 0.423 3 2
36 70 0.229 3 0
20 15 0.082 3 2
18 40 0.067 3 2
35 5 0.203 3 0
71 15 0.246 3 1
10 52 0.051 3 0
121 52 0.680 3 2
56 22 0.220 3 1
38 15 0.154 3 4
237 15 0.798 3 4
35 15 0.191 3 4
54 100 0.161 3 4
18 30 0.076 3 4
19 5 0.074 3 4
54 30 0.208 3 2
25 30 0.080 3 4
17 5 0.091 3 4
141 40 0.731 3 0
26 70 0.122 3 0
160 40 0.672 3 0
77 15 0.458 3 0
18 10 0.067 3 0
22 10 0.079 3 0
51 10 0.184 3 2
19 40 0.078 3 1
62 70 0.211 3 0
14 40 0.065 3 2
192 15 0.768 3 4
157 52 0.551 3 4
20 52 0.069 3 2
55 22 0.223 3 0
17 70 0.105 3 4
23 5 0.108 3 0
71 22 0.220 3 0
310 52 1.834 3 2
32 22 0.099 4 0
76 5 0.458 4 2
11 10 0.071 4 0
30 40 0.107 4 1
20 5 0.068 4 2
21 70 0.121 4 2
136 5 0.604 4 2
158 10 1.026 4 3
130 30 0.628 4 2
164 10 0.692 4 0
31 15 0.147 4 0
13 52 0.079 4 0
37 15 0.134 4 3
70 70 0.314 4 2
30 10 0.164 4 1
46 40 0.192 4 1
32 70 0.177 4 1
30 30 0.197 4 0
17 10 0.057 4 0
16 5 0.080 4 0
64 10 0.360 4 1
51 30 0.338 4 0
23 10 0.155 4 3
134 15 0.435 4 0
14 30 0.075 4 0
25 70 0.139 4 2
62 15 0.373 4 1
23 70 0.094 4 0
19 100 0.060 4 0
320 30 1.131 4 0
15 22 0.064 4 3
37 52 0.162 4 1
14 30 0.045 4 1
22 70 0.078 4 2
22 70 0.065 4 3
24 100 0.110 4 3
30 5 0.195 4 0
61 52 0.370 4 3
145 40 0.560 4 0
21 30 0.078 4 0
13 52 0.049 4 0
14 100 0.068 4 0
63 22 0.239 4 1
26 10 0.086 4 0
146 100 0.512 4 0
11 10 0.040 4 3
18 15 0.053 4 1
29 70 0.152 4 0
151 100 0.455 4 2
12 52 0.038 4 0
16 10 0.052 4 2
126 5 0.370 4 2
16 100 0.059 4 0
193 100 1.177 4 0
12 22 0.052 4 2
13 40 0.045 4 0
17 40 0.100 4 2
71 10 0.215 4 2
71 40 0.225 4 0
224 52 1.383 4 2
29 70 0.087 4 0
96 30 0.471 4 0
16 15 0.057 4 1
137 100 0.464 4 2
79 10 0.262 4 3
75 52 0.311 4 3
48 40 0.179 4 0
26 30 0.174 4 0
23 10 0.122 4 1
316 70 1.430 4 0
153 30 0.757 4 1
50 15 0.255 4 2
136 5 0.500 4 2
76 52 0.487 4 3
19 5 0.058 4 0
106 5 0.469 4 0
13 5 0.075 4 2
175 30 0.711 4 0
68 10 0.244 4 3
24 70 0.145 4 1
66 10 0.225 4 3
12 15 0.038 4 1
40 30 0.176 4 1
65 5 0.396 4 0
16 100 0.064 4 0
119 10 0.428 4 0
25 52 0.083 4 0
82 30 0.323 4 0
17 70 0.097 4 2
10 5 0.037 4 0
247 22 1.328 4 2
12 5 0.044 4 0
46 100 0.186 4 3
129 100 0.648 4 1
38 30 0.170 4 2
195 100 0.684 4 3
92 15 0.447 4 0
81 70 0.348 4 2
11 40 0.033 4 2
14 40 0.042 4 2
40 52 0.189 4 2
32 52 0.136 4 2
25 40 0.120 4 3
333 52 1.781 4 3
19 10 0.061 4 0
12 30 0.061 4 1
42 15 0.209 4 0
78 10 0.527 4 0
36 40 0.126 4 0
308 30 1.474 4 0
30 10 0.174 4 0
28 30 0.166 4 2
42 10 0.162 4 3
61 52 0.205 4 1
79 5 0.470 4 0
11 5 0.040 4 0
43 30 0.242 4 2
190 10 1.022 4 0
12 5 0.039 4 2
139 100 0.650 4 3
66 100 0.221 4 2
145 5 0.497 4 0
90 22 0.284 4 3
57 52 0.247 4 0
15 5 0.054 4 3
163 22 0.691 4 2
77 5 0.278 4 3
18 52 0.085 4 3
93 22 0.307 4 1
132 100 0.439 4 0
10 52 0.029 4 3
258 40 1.296 4 0
268 15 0.825 4 0
77 40 0.389 4 2
38 5 0.136 4 0
17 22 0.083 4 0
79 70 0.240 4 3
181 15 1.160 4 3
233 70 0.823 4 0
15 30 0.074 4 1
56 40 0.352 4 0
18 30 0.061 4 3
187 15 0.842 4 0
153 30 0.490 4 1
268 22 1.191 4 0
126 5 0.502 4 0
273 40 1.030 4 2
15 30 0.047 4 2
65 70 0.266 4 0
18 15 0.067 4 0
128 100 0.815 4 0
10 70 0.047 4 0
145 5 0.539 4 2
13 30 0.062 4 3
133 10 0.506 4 0
14 100 0.048 4 3
35 52 0.114 4 0
127 10 0.567 4 3
75 52 0.359 4 3
281 30 1.093 4 2
33 30 0.116 4 2
10 40 0.061 4 2
35 5 0.132 4 1
330 52 1.774 4 2
55 15 0.190 4 0
29 52 0.087 4 1
130 15 0.647 4 3
85 100 0.322 4 1
18 40 0.058 4 3
57 5 0.250 4 2
16 100 0.074 4 1
116 22 0.374 4 0
17 52 0.109 4 1
18 5 0.067 4 1
101 52 0.373 4 1
35 30 0.217 4 2
11 5 0.039 4 3
67 40 0.243 4 0
169 52 1.076 4 3
13 70 0.041 4 2
40 22 0.158 4 2
123 30 0.512 4 2
83 100 0.305 4 1
24 40 0.079 4 0
44 100 0.167 4 1
35 30 0.122 4 0
11 70 0.045 4 0
26 5 0.116 4 2
277 70 1.458 4 1
166 10 0.927 4 0
76 52 0.318 4 3
55 22 0.367 4 0
28 52 0.112 4 0
15 70 0.091 4 3
189 52 0.733 4 1
152 100 0.734 4 3
79 10 0.376 4 2
195 22 1.134 4 0
15 40 0.058 4 2
12 30 0.045 4 1
15 100 0.096 4 0
235 5 0.845 4 1
197 10 1.071 4 0
69 100 0.214 4 0
77 100 0.238 4 2
170 22 1.097 4 0
49 52 0.268 4 1
184 5 0.615 4 2
188 10 1.175 4 3
52 70 0.161 4 2
60 15 0.286 4 0
32 15 0.124 4 3
19 30 0.075 4 0
200 40 0.733 4 0
142 100 0.540 4 2
35 10 0.119 4 2
32 70 0.189 4 0
67 40 0.286 4 3
53 30 0.310 4 0
81 22 0.422 4 2
54 52 0.224 4 1
55 30 0.218 4 0
67 5 0.401 4 1
19 70 0.064 4 0
79 5 0.245 4 0
14 15 0.053 4 2
81 70 0.242 4 0
76 15 0.432 4 0
13 40 0.086 4 2
177 5 0.876 4 0
73 40 0.278 4 3
56 10 0.299 4 2
70 70 0.205 4 0
119 22 0.598 4 2
113 15 0.489 4 0
195 10 0.666 4 1
152 10 0.910 4 3
129 30 0.642 4 0
44 40 0.275 4 1
11 100 0.048 4 0
20 5 0.058 4 1
45 30 0.150 4 0
50 15 0.147 4 1
45 100 0.185 4 3
13 22 0.041 4 2
48 30 0.144 4 2
196 10 0.760 4 3
330 5 1.369 4 3
166 100 0.982 4 0
188 22 0.548 4 0
13 40 0.041 4 2
52 10 0.315 4 0
28 30 0.099 4 0
31 40 0.163 4 2
161 10 0.548 4 1
27 70 0.082 4 1
15 40 0.062 4 3
203 52 0.698 4 1
29 5 0.144 4 0
34 30 0.102 4 0
172 30 0.635 4 0
32 15 0.140 4 3
111 52 0.740 4 3
250 52 1.116 4 2
161 22 0.763 4 3
69 100 0.361 4 0
26 5 0.098 4 0
55 15 0.289 4 0
14 10 0.062 4 0
10 30 0.066 4 0
18 52 0.099 4 1
90 52 0.330 4 0
18 40 0.104 4 2
14 22 0.066 4 2
140 5 0.534 4 1
22 100 0.071 4 0
38 5 0.157 4 3
68 70 0.283 4 3
179 10 0.530 4 1
11 40 0.063 4 2
163 22 0.547 4 1
11 100 0.036 4 1
21 10 0.108 4 0
244 10 1.034 4 2
332 15 1.153 4 1
16 40 0.074 4 2
36 15 0.187 4 1
51 100 0.150 4 1
77 5 0.280 4 2
64 22 0.370 4 3
48 30 0.236 4 0
13 15 0.066 4 0
181 30 0.745 4 3
25 40 0.122 4 3
14 15 0.064 4 2
153 100 0.575 4 3
47 5 0.170 4 0
36 10 0.200 4 0
237 10 0.878 4 2
104 70 0.397 4 1
19 10 0.097 4 2
320 15 1.624 4 1
19 22 0.082 4 0
66 22 0.246 4 1
47 30 0.142 4 0
11 15 0.048 4 2
181 30 0.707 4 0
46 5 0.307 4 0
35 22 0.202 4 0
15 70 0.056 4 1
27 40 0.083 4 1
38 70 0.184 4 1
18 70 0.059 4 1
10 52 0.042 4 1
27 40 0.080 4 1
114 70 0.469 4 3
339 15 1.678 4 2
30 100 0.100 4 2
186 100 0.869 4 0
66 22 0.293 4 2
36 15 0.170 4 0
34 5 0.157 4 2
105 10 0.399 4 3
59 40 0.347 4 0
13 40 0.049 4 2
61 52 0.281 4 0
27 100 0.093 4 0
266 30 0.967 4 0
37 10 0.132 4 2
17 15 0.080 4 2
50 22 0.171 4 3
18 22 0.110 4 1
132 52 0.805 4 1
33 70 0.153 4 0
68 100 0.329 4 1
23 30 0.092 4 0
95 30 0.399 4 0
66 70 0.410 4 0
130 22 0.469 4 0
25 22 0.106 4 1
44 10 0.133 4 3
29 10 0.114 4 3
191 52 0.849 4 0
17 70 0.097 4 0
73 52 0.316 4 3
189 15 1.227 4 0
183 5 0.590 4 3
27 52 0.165 4 1
56 22 0.167 4 0
163 5 0.595 4 1
25 52 0.084 4 3
73 5 0.448 4 3
133 30 0.581 4 0
12 15 0.066 4 1
27 100 0.095 4 1
21 100 0.061 4 0
103 40 0.579 4 2
10 10 0.065 4 2
52 15 0.163 4 0
335 100 1.903 4 0
285 100 1.583 4 1
175 30 0.758 4 2
234 5 0.900 4 0
69 15 0.218 4 0
29 70 0.149 4 0
35 30 0.103 4 0
189 5 1.086 4 1
71 22 0.277 4 0
239 52 0.779 4 0
13 15 0.039 4 0
14 15 0.073 4 2
67 40 0.240 4 3
10 10 0.038 4 0
40 5 0.253 4 0
15 52 0.067 4 1
94 10 0.309 4 3
95 30 0.409 4 3
67 15 0.213 4 3
15 40 0.100 4 0
37 52 0.236 4 2
12 5 0.071 4 2
17 70 0.110 4 0
220 70 0.846 4 2
74 40 0.325 4 1
57 15 0.265 4 1
63 22 0.255 4 2
150 22 0.833 4 3
65 100 0.224 4 2
78 10 0.243 4 2
333 30 1.716 4 1
154 15 0.577 4 3
152 10 0.483 4 0
152 5 0.626 4 0
26 100 0.089 4 0
13 5 0.047 4 3
98 52 0.301 4 0
95 30 0.382 4 3
35 70 0.139 4 0
18 70 0.067 4 3
21 40 0.072 4 2
36 5 0.119 4 0
14 40 0.042 4 3
23 70 0.082 4 1
35 30 0.198 4 3
10 40 0.038 4 1
50 15 0.191 4 1
69 10 0.201 4 3
57 5 0.279 4 1
12 22 0.059 4 0
19 70 0.081 4 2
24 10 0.085 4 2
45 5 0.287 4 3
18 52 0.117 4 0
89 30 0.325 4 2
12 70 0.062 4 2
10 100 0.047 4 2
272 5 0.817 4 3
52 22 0.349 4 0
274 15 1.681 4 3
35 40 0.120 4 0
10 10 0.043 4 1
21 52 0.068 4 3
17 52 0.063 4 0
335 22 1.362 4 2
54 70 0.290 4 2
12 100 0.046 4 0
213 30 1.299 4 2
138 40 0.412 4 3
16 22 0.073 4 0
209 22 0.692 4 1
163 52 0.815 4 0
116 52 0.360 4 3
151 40 0.716 4 0
20 22 0.069 4 1
76 10 0.490 4 3
17 22 0.081 4 0
72 10 0.465 4 0
23 22 0.071 4 3
211 100 0.687 4 2
231 30 1.249 4 0
149 70 0.502 4 0
12 70 0.066 4 1
14 5 0.047 4 3
25 30 0.094 4 2
27 52 0.116 4 0
33 10 0.156 4 0
25 5 0.117 4 3
122 100 0.377 4 0
59 30 0.393 4 0
176 100 0.721 4 0
172 30 0.644 4 1
169 22 0.849 4 3
137 52 0.714 4 3
41 52 0.166 4 0
30 5 0.156 4 3
26 10 0.098 4 0
155 40 0.767 4 2
28 52 0.137 4 1
15 52 0.087 4 0
174 52 0.699 4 0
28 10 0.083 4 0
43 5 0.148 4 0
13 52 0.083 4 3
42 40 0.148 4 0
67 52 0.313 4 0
24 22 0.157 4 0
23 22 0.093 4 2
120 5 0.397 4 0
225 40 0.938 4 3
311 5 1.767 4 2
274 70 1.100 4 0
60 40 0.333 4 2
12 52 0.080 4 2
44 30 0.177 4 0
73 30 0.256 4 0
21 5 0.070 4 3
14 30 0.061 4 2
124 100 0.674 4 3
35 40 0.174 4 2
111 30 0.536 4 0
75 10 0.444 4 0
26 40 0.112 4 2
57 5 0.291 4 2
76 100 0.429 4 2
182 15 0.669 4 0
17 52 0.058 4 0
117 30 0.500 4 0
194 22 1.115 4 0
65 30 0.348 4 0
29 70 0.174 4 1
52 22 0.235 4 1
244 15 1.066 4 1
60 70 0.326 4 0
100 100 0.629 4 1
17 52 0.064 4 3
16 52 0.050 4 0
276 5 1.034 4 3
234 52 0.750 4 2
60 52 0.198 4 1
18 40 0.082 4 0
19 40 0.101 4 3
19 40 0.060 4 3
232 22 1.318 4 2
54 30 0.184 4 0
47 30 0.153 4 1
43 10 0.262 4 0
37 10 0.184 4 3
52 52 0.220 4 0
17 22 0.055 4 3
60 22 0.264 4 3
115 22 0.397 4 0
27 40 0.080 4 1
17 52 0.072 4 1
90 52 0.500 4 0
33 30 0.199 4 3
30 70 0.167 4 1
71 30 0.284 4 1
193 70 1.016 4 2
74 40 0.256 4 2
192 100 1.061 4 3
29 40 0.088 4 0
16 30 0.053 4 2
16 52 0.095 4 0
40 70 0.149 4 2
14 30 0.041 4 2
12 52 0.039 4 1
13 70 0.060 4 1
19 52 0.111 4 0
10 70 0.035 4 2
189 52 0.591 4 0
166 52 1.025 4 2
102 5 0.386 4 3
14 100 0.042 4 2
71 10 0.232 4 1
12 40 0.037 4 0
77 5 0.253 4 3
172 52 0.940 4 0
133 30 0.689 4 2
122 52 0.663 4 1
30 52 0.146 4 2
17 10 0.069 4 0
81 70 0.266 4 0
46 10 0.289 4 0
233 30 1.294 4 2
27 70 0.091 4 2
20 100 0.061 4 2
35 52 0.120 4 1
179 15 0.605 4 3
38 5 0.113 4 0
16 5 0.052 4 2
58 15 0.185 4 2
19 22 0.080 4 0
23 5 0.070 4 1
17 30 0.110 4 0
71 100 0.338 4 3
13 22 0.059 4 3
22 70 0.111 4 2
296 30 0.925 4 0
52 5 0.206 4 2
52 40 0.291 4 2
27 15 0.096 4 2
187 10 0.619 4 1
68 30 0.203 4 1
21 15 0.096 4 0
103 40 0.323 4 2
22 100 0.079 4 3
251 5 1.287 4 0
10 15 0.041 4 1
27 40 0.080 4 0
133 40 0.689 4 1
173 40 0.625 4 1
184 52 0.664 4 0
92 70 0.290 4 0
174 100 0.529 4 0
19 10 0.066 4 2
19 15 0.072 4 0
13 52 0.045 4 2
19 30 0.096 4 3
10 70 0.043 4 3
177 30 0.763 4 0
29 10 0.172 4 2
191 70 0.692 4 1
125 40 0.437 4 0
156 100 0.506 4 2
178 22 0.742 4 0
11 10 0.037 4 0
19 70 0.083 4 3
25 40 0.116 4 0
147 70 0.961 4 0
60 100 0.202 4 1
33 10 0.196 4 3
23 40 0.131 4 1
327 70 1.131 4 2
13 100 0.061 4 3
71 40 0.351 4 1
11 100 0.038 4 0
21 5 0.064 4 1
35 30 0.131 4 3
250 22 1.147 4 2
17 5 0.102 4 0
61 70 0.219 4 0
268 30 1.665 4 3
14 15 0.044 4 3
148 40 0.855 4 2
30 30 0.096 4 1
15 52 0.077 4 3
160 15 0.578 4 3
62 22 0.246 4 2
10 15 0.038 4 0
17 15 0.063 4 3
45 52 0.150 4 3
232 52 1.557 4 3
35 15 0.236 4 3
64 5 0.296 4 2
32 70 0.143 4 0
29 5 0.161 4 3
153 40 0.449 4 0
68 15 0.199 4 1
12 52 0.059 4 2
140 10 0.680 4 2
13 10 0.049 4 0
36 22 0.107 4 3
78 40 0.497 4 0
25 22 0.101 4 2
190 15 0.766 4 0
21 30 0.099 4 3
62 22 0.323 4 3
144 22 0.421 4 0
45 10 0.165 4 2
46 22 0.135 4 1
67 30 0.319 4 3
29 15 0.095 4 1
234 5 0.762 4 1
330 100 2.215 4 0
27 40 0.157 4 0
65 40 0.298 4 3
54 10 0.188 4 0
66 15 0.300 4 0
29 52 0.112 4 2
16 52 0.061 4 1
14 10 0.062 4 1
14 5 0.048 4 3
104 15 0.328 4 2
67 70 0.229 4 0
23 52 0.143 4 1
189 10 0.787 4 1
156 5 0.617 4 3
17 52 0.078 4 2
251 22 0.965 4 1
58 10 0.372 4 2
11 70 0.052 4 3
24 5 0.120 4 3
80 70 0.295 4 3
18 5 0.070 4 2
61 5 0.407 4 0
54 15 0.298 4 3
24 15 0.074 4 0
18 70 0.055 4 3
55 40 0.272 4 1
68 5 0.203 4 3
14 22 0.049 4 2
78 52 0.287 4 2
45 10 0.163 4 2
181 52 0.599 4 0
26 30 0.169 4 3
38 5 0.194 4 1
51 70 0.260 4 2
258 5 1.132 4 0
16 5 0.056 4 2
274 40 1.337 4 0
15 40 0.046 4 2
14 5 0.055 4 1
19 10 0.061 4 1
91 15 0.367 4 0
255 5 0.831 4 2
10 15 0.056 4 2
300 52 1.014 4 0
135 5 0.567 4 1
121 52 0.752 4 0
15 30 0.078 4 3
10 30 0.033 4 0
44 22 0.226 4 3
66 70 0.340 4 0
15 30 0.067 4 1
39 70 0.137 4 0
162 70 0.862 4 1
115 30 0.569 4 1
23 15 0.112 4 1
70 30 0.231 4 1
39 40 0.183 4 1
10 15 0.041 4 3
82 70 0.243 4 0
18 52 0.111 4 2
41 30 0.137 4 3
142 22 0.882 4 3
166 52 1.071 4 1
18 10 0.115 4 2
182 15 0.545 4 3
35 10 0.125 4 0
13 22 0.040 4 0
178 40 0.836 4 3
133 40 0.693 4 0
17 100 0.056 4 0
38 52 0.125 4 0
46 52 0.155 4 0
43 70 0.129 4 3
23 40 0.099 4 0
120 30 0.490 4 0
30 22 0.094 4 0
89 100 0.368 4 3
40 40 0.217 4 1
39 22 0.166 4 0
11 30 0.057 4 0
45 10 0.149 4 1
14 30 0.047 4 2
16 15 0.058 4 1
35 30 0.153 4 0
10 5 0.033 4 1
77 40 0.270 4 0
119 5 0.381 4 3
156 15 0.513 4 2
34 100 0.099 4 1
312 40 1.091 4 0
58 70 0.185 4 0
33 22 0.177 4 1
104 10 0.390 4 0
76 22 0.335 4 3
11 70 0.073 4 2
15 52 0.056 4 3
85 5 0.284 4 3
16 22 0.052 4 0
42 5 0.212 4 0
295 30 0.916 4 1
79 40 0.506 4 0
37 30 0.207 4 3
306 100 1.507 4 1
92 15 0.316 4 3
64 70 0.247 4 0
32 30 0.133 4 2
170 40 0.612 4 0
88 10 0.557 4 2
12 10 0.041 4 0
20 30 0.129 4 3
30 100 0.101 4 2
50 10 0.149 4 2
18 70 0.073 4 0
119 52 0.427 4 0
11 70 0.047 4 0
172 70 1.018 4 1
176 100 0.640 4 3
140 30 0.648 4 0
18 10 0.089 4 0
137 10 0.688 4 0
323 5 1.070 4 3
12 52 0.040 4 0
134 100 0.405 4 2
11 30 0.062 4 3
30 40 0.112 4 0
29 70 0.157 4 0
147 5 0.455 4 0
199 5 0.877 4 2
30 52 0.121 4 3
175 40 0.989 4 1
10 15 0.030 4 2
192 40 1.016 4 0
155 10 0.896 4 1
15 22 0.045 4 3
13 10 0.069 4 1
74 15 0.303 4 0
323 40 1.591 4 3
142 100 0.840 4 3
15 30 0.059 4 0
50 15 0.207 4 2
15 52 0.079 4 0
87 52 0.290 4 2
140 40 0.507 4 0
247 10 1.380 4 2
138 30 0.437 4 2
62 40 0.190 4 3
15 10 0.062 4 2
69 22 0.406 4 1
79 5 0.409 4 3
16 40 0.077 4 2
31 70 0.173 4 0
79 52 0.385 4 0
17 5 0.073 4 2
313 100 1.199 4 2
37 100 0.110 4 0
19 40 0.055 4 0
25 15 0.105 4 2
73 22 0.380 4 3
23 52 0.080 4 1
248 10 0.795 4 1
37 22 0.109 4 0
217 5 1.323 4 0
314 52 0.924 4 2
20 30 0.132 4 3
19 30 0.072 4 2
13 40 0.070 4 3
134 5 0.843 4 0
70 15 0.315 4 3
49 15 0.255 4 2
255 100 1.433 4 0
194 10 1.228 4 1
11 52 0.061 4 1
36 5 0.110 4 0
279 40 0.894 4 0
50 52 0.338 4 1
32 30 0.162 4 1
44 40 0.280 4 0
144 30 0.498 4 2
18 15 0.055 4 0
103 40 0.498 4 2
66 40 0.333 4 0
34 10 0.128 4 3
140 100 0.412 4 0
306 70 1.538 4 3
42 52 0.164 4 3
24 70 0.089 4 3
156 10 0.772 4 2
74 22 0.239 4 0
15 52 0.083 4 0
34 70 0.170 4 0
126 70 0.555 4 0
75 22 0.223 4 1
54 5 0.171 4 0
18 5 0.058 4 0
35 52 0.112 4 1
14 22 0.049 4 3
62 22 0.219 4 1
160 100 0.478 4 1
82 22 0.327 4 2
52 40 0.252 4 0
44 30 0.147 4 0
189 70 1.174 4 2
12 15 0.059 4 0
39 30 0.139 4 1
38 70 0.143 4 0
31 22 0.104 4 0
23 52 0.118 4 1
126 15 0.532 4 2
23 52 0.122 4 3
31 15 0.119 4 2
283 5 1.459 4 3
15 22 0.044 4 0
72 52 0.227 4 1
140 10 0.773 4 0
56 15 0.262 4 0
14 52 0.089 4 2
167 40 0.586 4 3
18 5 0.053 4 1
45 30 0.161 4 1
154 30 0.524 4 3
194 30 1.220 4 0
166 5 0.847 4 0
80 100 0.248 4 0
17 52 0.113 4 0
27 40 0.108 4 0
174 40 1.152 4 0
15 5 0.057 4 1
138 10 0.408 4 0
21 10 0.065 4 0
95 52 0.562 4 1
56 70 0.295 4 2
204 22 0.609 4 0
171 100 0.851 4 3
11 52 0.034 4 3
95 40 0.286 4 1
51 15 0.149 4 1
10 10 0.039 4 0
17 30 0.068 4 0
55 70 0.192 4 0
76 10 0.303 4 3
227 22 1.534 4 1
159 100 0.520 4 3
75 100 0.268 4 0
15 15 0.089 4 0
90 5 0.352 4 1
15 15 0.067 4 0
50 100 0.250 4 3
117 70 0.585 4 2
14 70 0.061 4 0
35 40 0.183 4 0
66 40 0.289 4 0
18 30 0.053 4 0
48 40 0.148 4 2
18 70 0.076 4 3
169 10 0.862 4 3
87 30 0.292 4 2
176 15 0.710 4 1
216 40 0.771 4 0
12 5 0.062 4 1
77 70 0.467 4 1
106 15 0.384 4 1
11 100 0.035 4 1
32 52 0.172 4 0
84 52 0.475 4 0
23 70 0.145 4 0
13 22 0.050 4 1
17 10 0.084 4 3
174 40 0.565 4 3
29 40 0.106 4 2
16 22 0.068 4 2
50 22 0.176 4 0
64 5 0.224 4 1
91 15 0.355 4 3
13 10 0.041 4 2
38 52 0.168 4 1
194 22 0.653 4 1
42 100 0.198 4 1
143 30 0.424 4 2
10 15 0.038 4 3
115 22 0.378 4 0
107 10 0.608 4 0
71 15 0.338 4 0
186 40 0.547 4 0
52 10 0.152 4 1
14 52 0.073 4 2
149 5 0.656 4 3
17 40 0.053 4 0
17 30 0.062 4 2
14 100 0.050 4 0
16 5 0.098 4 3
53 70 0.308 4 3
19 15 0.073 4 2
28 100 0.104 4 2
42 70 0.276 4 1
25 52 0.125 4 1
140 70 0.486 4 0
24 15 0.118 4 3
18 40 0.072 4 2
55 40 0.344 4 3
62 10 0.248 4 0
51 52 0.228 4 2
88 40 0.281 4 0
17 52 0.058 4 0
104 5 0.578 4 1
152 10 0.618 4 0
46 52 0.261 4 3
19 40 0.075 4 0
19 5 0.075 4 2
59 10 0.198 4 1
17 30 0.054 4 0
31 10 0.094 4 0
259 70 0.797 4 0
126 30 0.570 4 0
65 30 0.357 4 0
296 40 1.000 4 1
155 22 0.603 4 0
19 5 0.082 4 0
20 15 0.059 4 0
13 100 0.056 4 0
22 10 0.144 4 3
59 100 0.255 4 2
14 5 0.084 4 0
177 22 0.558 4 1
27 5 0.094 4 2
294 15 1.065 4 2
129 52 0.529 4 1
300 100 1.515 4 2
13 10 0.041 4 0
18 52 0.065 4 2
17 5 0.060 4 3
13 52 0.083 4 1
333 5 1.947 4 2
45 5 0.155 4 1
17 70 0.051 4 0
16 52 0.059 4 0
129 100 0.392 4 2
24 30 0.140 4 0
15 52 0.051 4 0
20 22 0.060 4 1
11 70 0.054 4 2
10 70 0.039 4 3
52 40 0.166 4 3
74 40 0.370 4 0
196 10 1.167 4 3
168 30 0.551 4 0
230 40 1.420 4 3
17 22 0.069 4 0
81 100 0.426 4 3
219 10 0.940 4 0
29 70 0.091 4 0
54 30 0.167 4 3
36 22 0.220 4 3
38 15 0.174 4 1
50 30 0.193 4 3
54 30 0.174 4 3
12 30 0.040 4 1
65 10 0.419 4 0
158 22 0.635 4 2
