281 30 1.464 0 2
42 15 0.247 0 2
233 15 1.266 0 2
79 30 0.245 0 2
68 40 0.325 0 2
282 52 1.318 0 1
69 10 0.401 0 1
18 40 0.060 0 2
29 30 0.143 0 2
164 100 0.648 0 2
23 70 0.131 0 2
166 22 0.686 0 1
34 100 0.118 0 1
70 100 0.247 0 2
31 52 0.179 0 1
24 30 0.108 0 1
35 70 0.103 0 2
19 5 0.055 0 1
142 22 0.520 0 1
45 10 0.197 0 2
33 40 0.172 0 1
74 5 0.319 0 1
36 100 0.240 0 1
162 10 0.521 0 2
48 30 0.202 0 2
71 5 0.394 0 1
140 52 0.648 0 2
213 70 1.039 0 2
38 15 0.145 0 1
22 15 0.065 0 2
294 70 1.105 0 2
53 70 0.296 0 1
91 100 0.277 0 2
48 5 0.221 0 1
323 40 1.448 0 1
159 10 0.535 0 1
131 22 0.435 0 1
18 70 0.056 0 1
26 30 0.157 0 1
68 70 0.272 0 2
42 100 0.161 0 1
159 5 0.700 0 2
114 70 0.630 0 2
15 40 0.074 0 2
48 30 0.306 0 2
22 40 0.134 0 2
17 15 0.076 0 2
59 15 0.347 0 2
60 15 0.195 0 1
138 40 0.758 0 1
22 100 0.089 0 2
98 10 0.471 0 2
44 40 0.215 0 1
304 70 1.369 0 1
135 5 0.403 0 1
27 52 0.146 0 1
76 100 0.278 0 2
11 40 0.038 0 2
51 15 0.211 0 1
104 52 0.335 0 2
65 22 0.224 0 2
33 30 0.152 0 1
24 15 0.134 0 1
19 22 0.062 0 2
200 40 1.205 0 1
150 5 0.554 0 1
55 5 0.198 0 2
126 15 0.808 0 2
75 70 0.231 0 2
74 10 0.219 0 1
221 30 0.691 0 2
16 52 0.067 0 1
61 40 0.299 0 2
66 30 0.195 0 1
238 70 0.751 0 1
12 100 0.062 0 2
17 40 0.080 0 2
70 70 0.215 0 1
10 100 0.037 0 2
199 70 0.693 0 1
182 22 0.858 0 1
10 52 0.043 0 1
60 5 0.263 0 1
68 30 0.230 0 1
15 40 0.064 0 2
146 52 0.635 0 1
166 40 0.664 0 2
136 22 0.913 0 2
135 70 0.405 0 2
78 100 0.321 0 2
134 5 0.401 0 2
21 52 0.080 0 1
161 70 0.521 0 1
72 5 0.278 0 1
17 52 0.068 0 2
17 70 0.086 0 1
11 10 0.041 0 1
155 22 0.833 0 1
17 15 0.083 0 1
87 15 0.295 0 2
57 22 0.230 0 1
22 100 0.070 0 2
19 52 0.064 0 1
45 40 0.210 0 1
100 22 0.649 0 2
105 22 0.335 0 1
44 22 0.146 0 1
151 70 0.473 0 2
39 30 0.136 0 2
12 40 0.062 0 2
332 30 1.064 0 1
184 40 0.551 0 1
19 52 0.078 0 1
17 10 0.076 0 1
35 40 0.123 0 1
62 22 0.197 0 2
19 15 0.094 0 1
75 52 0.294 0 2
16 10 0.095 0 2
73 70 0.291 0 1
24 15 0.083 0 2
12 10 0.045 0 2
34 30 0.131 0 2
114 30 0.349 0 2
48 5 0.276 0 1
155 22 0.714 0 2
30 5 0.121 0 2
164 100 0.672 0 1
97 40 0.329 0 2
274 40 1.442 0 1
42 10 0.134 0 2
18 40 0.058 0 2
19 22 0.095 0 1
129 5 0.419 0 1
21 30 0.067 0 1
33 15 0.199 0 1
64 5 0.370 0 1
17 5 0.067 0 1
48 40 0.277 0 1
106 70 0.498 0 1
64 30 0.281 0 2
17 22 0.053 0 2
53 15 0.167 0 2
40 40 0.150 0 2
38 70 0.208 0 1
155 30 0.742 0 1
162 30 0.607 0 1
26 10 0.085 0 2
326 15 1.821 0 2
65 30 0.348 0 2
125 100 0.456 0 2
60 5 0.255 0 2
109 5 0.422 0 2
34 15 0.138 0 2
38 70 0.163 0 1
38 40 0.236 0 1
77 40 0.421 0 2
31 5 0.092 0 2
158 30 0.721 0 2
144 22 0.449 0 2
11 30 0.033 0 1
259 22 0.902 0 2
30 40 0.115 0 2
105 30 0.323 0 2
18 70 0.054 0 1
12 52 0.050 0 2
74 52 0.330 0 1
54 5 0.216 0 1
34 5 0.145 0 2
16 70 0.051 0 2
68 70 0.241 0 2
21 70 0.064 0 1
57 5 0.337 0 2
12 22 0.036 0 2
179 5 0.696 0 2
66 52 0.308 0 2
153 100 0.975 0 2
11 52 0.042 0 2
97 52 0.327 0 2
331 52 1.569 0 2
10 22 0.050 0 1
95 15 0.305 0 2
65 30 0.211 0 2
152 15 0.603 0 2
261 15 1.155 0 2
139 30 0.411 0 2
68 22 0.212 0 2
170 52 0.654 0 1
25 30 0.114 0 2
142 5 0.640 0 2
68 22 0.444 0 2
14 10 0.043 0 1
30 70 0.106 0 2
109 5 0.527 0 1
80 70 0.488 0 1
56 10 0.202 0 1
29 10 0.090 0 1
67 30 0.286 0 2
68 40 0.313 0 1
79 5 0.457 0 2
14 22 0.079 0 1
13 10 0.077 0 2
89 52 0.357 0 1
258 10 1.259 0 1
154 30 0.802 0 1
29 22 0.168 0 2
192 70 0.570 0 2
46 40 0.208 0 2
109 5 0.328 0 1
30 30 0.162 0 1
283 30 1.088 0 2
38 22 0.143 0 2
14 15 0.047 0 2
41 30 0.177 0 2
10 22 0.060 0 1
72 30 0.404 0 1
163 15 0.655 0 1
117 15 0.582 0 2
334 10 1.280 0 2
76 30 0.455 0 2
27 70 0.111 0 2
18 15 0.071 0 2
41 40 0.125 0 1
10 30 0.042 0 2
37 52 0.117 0 2
19 70 0.088 0 2
186 5 0.812 0 2
314 52 1.754 0 2
143 40 0.455 0 2
160 15 0.479 0 1
257 5 1.224 0 2
139 30 0.539 0 1
71 22 0.228 0 2
110 70 0.329 0 2
115 100 0.491 0 1
12 100 0.059 0 1
77 15 0.296 0 2
143 52 0.483 0 2
87 70 0.260 0 2
15 40 0.065 0 1
53 22 0.175 0 2
173 10 0.692 0 2
213 40 1.121 0 1
28 10 0.181 0 1
39 15 0.172 0 1
88 30 0.466 0 2
39 10 0.178 0 1
10 10 0.033 0 2
43 52 0.274 0 2
35 100 0.110 0 2
36 52 0.131 0 2
158 70 0.658 0 1
120 100 0.471 0 1
11 70 0.038 0 2
83 10 0.285 0 2
29 10 0.090 0 2
34 30 0.129 0 2
25 100 0.093 0 2
11 40 0.033 0 1
12 10 0.038 0 1
36 30 0.160 0 2
26 15 0.088 0 2
62 22 0.304 0 1
155 40 0.618 0 1
58 30 0.201 0 1
32 52 0.134 0 1
179 15 0.719 0 2
234 30 0.876 0 2
189 15 1.050 0 1
112 30 0.593 0 2
18 5 0.100 0 2
22 10 0.067 0 1
38 70 0.248 0 2
235 40 0.867 0 1
25 40 0.095 0 1
56 30 0.226 0 2
114 15 0.695 0 1
145 30 0.642 0 1
115 40 0.380 0 2
38 15 0.185 0 2
190 10 0.633 0 1
23 70 0.094 0 1
223 30 1.072 0 1
116 100 0.349 0 2
13 15 0.039 0 1
19 22 0.060 0 1
24 70 0.118 0 2
64 5 0.239 0 1
337 52 1.553 0 1
46 22 0.213 0 2
63 5 0.184 0 1
19 52 0.067 0 1
48 15 0.193 0 2
14 40 0.046 0 1
27 10 0.160 0 2
160 22 1.081 0 1
83 70 0.261 0 1
39 40 0.204 0 1
60 30 0.207 0 1
18 70 0.095 0 2
145 30 0.537 0 2
49 22 0.285 0 1
14 40 0.089 0 1
10 100 0.034 0 1
270 15 0.912 0 1
14 100 0.066 0 1
77 15 0.443 0 1
44 52 0.141 0 1
25 15 0.074 0 2
12 52 0.037 0 2
154 22 0.890 0 1
131 40 0.546 0 2
50 22 0.147 0 2
22 15 0.082 0 2
12 52 0.058 0 2
186 22 0.707 0 2
14 22 0.046 0 2
70 22 0.295 0 1
60 40 0.288 0 2
134 5 0.753 0 1
42 100 0.135 0 1
12 10 0.068 0 1
15 100 0.045 0 2
33 10 0.102 0 1
180 5 0.634 0 1
162 52 0.895 0 2
13 22 0.038 0 2
293 40 0.980 0 1
141 70 0.712 0 2
30 15 0.089 0 2
77 40 0.347 0 1
13 52 0.044 0 1
128 52 0.441 0 1
26 100 0.122 0 2
15 100 0.062 0 2
45 22 0.283 0 1
14 100 0.049 0 1
10 10 0.056 0 1
26 40 0.113 0 1
32 10 0.112 0 2
174 5 0.791 0 2
67 52 0.333 1 0
10 70 0.066 1 0
52 10 0.153 1 0
135 70 0.525 1 2
30 40 0.134 1 0
27 15 0.088 1 2
21 10 0.110 1 2
17 70 0.059 1 0
14 10 0.042 1 0
11 10 0.039 1 0
168 5 0.800 1 2
79 52 0.393 1 0
83 40 0.355 1 2
314 15 1.208 1 2
28 40 0.139 1 0
19 52 0.063 1 2
318 40 1.071 1 0
16 100 0.105 1 0
65 52 0.221 1 0
73 70 0.290 1 2
17 70 0.089 1 0
13 22 0.048 1 2
49 5 0.181 1 0
31 10 0.142 1 0
96 100 0.405 1 0
196 52 1.005 1 0
20 5 0.077 1 0
194 30 0.808 1 2
28 15 0.095 1 2
22 10 0.116 1 0
16 10 0.055 1 0
18 52 0.057 1 0
12 70 0.041 1 0
12 30 0.078 1 0
68 15 0.221 1 0
69 40 0.335 1 0
48 15 0.145 1 2
48 5 0.169 1 0
20 100 0.122 1 0
174 30 0.773 1 0
31 5 0.101 1 0
125 40 0.753 1 0
38 22 0.200 1 0
75 30 0.338 1 0
12 10 0.047 1 0
35 30 0.159 1 0
15 10 0.101 1 0
297 52 0.997 1 2
29 30 0.085 1 0
14 15 0.075 1 0
28 30 0.135 1 2
17 10 0.062 1 0
77 52 0.238 1 2
30 15 0.194 1 0
28 100 0.099 1 2
27 30 0.097 1 0
19 70 0.097 1 0
165 5 0.959 1 2
98 40 0.649 1 0
233 100 1.201 1 2
27 15 0.102 1 2
150 5 0.472 1 0
11 10 0.046 1 0
42 30 0.146 1 0
141 40 0.668 1 0
174 40 1.000 1 2
73 70 0.397 1 0
11 40 0.055 1 0
321 5 1.269 1 2
70 52 0.225 1 2
80 70 0.331 1 0
44 40 0.275 1 0
116 70 0.357 1 0
37 40 0.146 1 0
167 5 0.960 1 0
10 30 0.050 1 2
68 15 0.332 1 0
10 100 0.047 1 0
65 15 0.204 1 0
20 40 0.059 1 0
13 40 0.044 1 2
44 5 0.134 1 0
29 40 0.130 1 2
14 52 0.044 1 2
18 52 0.057 1 0
65 15 0.196 1 0
32 15 0.098 1 0
14 30 0.067 1 2
177 5 0.543 1 0
92 15 0.407 1 0
15 100 0.090 1 0
213 22 1.439 1 2
161 70 0.585 1 2
52 100 0.164 1 2
37 30 0.175 1 0
33 70 0.098 1 0
65 70 0.205 1 2
159 30 0.674 1 0
37 5 0.121 1 0
17 10 0.059 1 2
67 40 0.196 1 0
15 10 0.074 1 2
44 70 0.203 1 0
13 40 0.045 1 0
177 30 0.835 1 0
78 100 0.404 1 2
12 5 0.050 1 0
53 100 0.224 1 0
136 52 0.604 1 0
23 70 0.106 1 0
172 22 1.042 1 0
72 30 0.393 1 0
29 52 0.181 1 0
128 100 0.421 1 2
15 22 0.060 1 0
65 70 0.267 1 0
198 100 1.059 1 2
37 30 0.151 1 0
58 5 0.291 1 0
17 30 0.114 1 2
29 10 0.099 1 2
73 30 0.242 1 0
250 52 1.000 1 2
176 10 0.538 1 2
56 52 0.315 1 0
59 40 0.188 1 2
20 100 0.067 1 0
70 10 0.312 1 2
91 15 0.284 1 2
18 70 0.075 1 2
75 30 0.493 1 0
59 100 0.281 1 0
195 70 0.623 1 2
13 30 0.062 1 0
29 5 0.164 1 2
94 100 0.290 1 2
167 15 0.509 1 0
11 22 0.032 1 0
178 22 0.844 1 0
34 15 0.128 1 2
101 40 0.627 1 0
36 5 0.164 1 0
30 100 0.149 1 2
31 5 0.197 1 2
305 5 0.950 1 0
147 5 0.870 1 0
46 10 0.251 1 0
130 100 0.442 1 0
11 22 0.032 1 0
16 15 0.049 1 0
16 10 0.052 1 2
17 22 0.099 1 0
129 15 0.801 1 2
119 100 0.349 1 0
55 15 0.342 1 2
39 5 0.200 1 0
67 5 0.338 1 2
17 5 0.052 1 0
14 10 0.059 1 2
19 22 0.056 1 0
78 22 0.380 1 0
20 52 0.066 1 0
141 100 0.465 1 2
77 100 0.389 1 2
47 100 0.146 1 0
114 70 0.339 1 0
236 30 1.584 1 0
63 10 0.190 1 0
12 40 0.074 1 0
157 10 0.826 1 2
13 22 0.059 1 2
64 70 0.305 1 0
77 40 0.256 1 0
191 22 0.603 1 0
61 22 0.323 1 0
46 5 0.207 1 0
17 40 0.109 1 0
51 100 0.227 1 0
34 52 0.119 1 0
82 22 0.285 1 2
30 15 0.106 1 0
39 10 0.130 1 0
138 10 0.500 1 2
58 52 0.172 1 0
119 100 0.354 1 0
32 5 0.161 1 0
11 5 0.034 1 0
36 40 0.156 1 0
87 5 0.580 1 0
16 15 0.049 1 0
81 30 0.325 1 2
22 15 0.073 1 0
27 10 0.086 1 0
325 70 1.006 1 0
38 22 0.112 1 2
19 10 0.068 1 0
331 15 1.240 1 0
10 30 0.031 1 0
74 100 0.394 1 0
197 10 0.696 1 2
98 40 0.645 1 2
38 15 0.125 1 2
49 22 0.209 1 0
10 52 0.030 1 0
130 22 0.413 1 0
24 10 0.113 1 0
51 5 0.307 1 2
176 30 0.830 1 0
71 100 0.295 1 2
47 40 0.149 1 0
18 10 0.113 1 0
45 70 0.181 1 0
33 52 0.122 1 2
36 30 0.161 1 0
59 10 0.192 1 2
10 10 0.057 1 2
35 52 0.130 1 0
26 10 0.078 1 2
10 30 0.047 1 0
151 10 0.858 1 0
17 5 0.052 1 0
48 40 0.316 1 0
189 5 0.690 1 0
111 10 0.681 1 0
66 100 0.437 1 2
53 30 0.158 1 0
77 30 0.430 1 0
25 70 0.132 1 0
149 40 0.727 1 0
109 52 0.641 1 0
24 30 0.071 1 0
35 15 0.161 1 0
66 40 0.440 1 2
18 70 0.054 1 0
186 40 0.861 1 0
288 52 1.426 1 0
174 15 0.580 1 0
36 22 0.242 1 2
17 15 0.108 1 0
37 30 0.125 1 0
40 52 0.121 1 0
59 70 0.230 1 0
197 22 0.770 1 0
199 5 0.836 1 2
14 52 0.047 1 0
11 70 0.041 1 0
33 100 0.136 1 0
118 10 0.431 1 0
153 30 0.569 1 0
189 40 0.900 1 0
174 70 0.570 1 0
28 15 0.119 1 0
157 52 0.471 1 0
176 22 0.957 1 0
13 52 0.044 1 2
57 22 0.247 1 0
74 15 0.291 1 2
228 40 1.443 1 0
167 22 0.509 1 2
35 22 0.112 1 0
291 10 1.807 1 0
19 10 0.060 1 0
17 15 0.069 1 0
57 10 0.288 1 0
36 10 0.142 1 0
73 10 0.376 1 2
171 22 0.515 1 2
11 30 0.069 1 0
109 30 0.559 1 0
110 40 0.598 1 2
17 40 0.066 1 0
61 52 0.203 1 0
13 40 0.073 1 2
67 30 0.240 1 0
23 70 0.109 1 0
53 70 0.185 1 0
262 10 1.230 1 0
13 52 0.060 1 0
310 15 0.917 1 0
44 15 0.135 1 2
338 15 1.238 1 2
13 52 0.045 1 0
250 30 0.965 1 0
57 52 0.291 1 2
177 5 0.747 1 0
140 30 0.447 1 2
64 30 0.339 1 0
44 30 0.146 1 0
15 5 0.086 1 0
75 15 0.280 1 0
73 70 0.232 1 2
37 40 0.188 1 0
88 100 0.279 1 0
175 30 0.543 1 0
29 22 0.158 1 0
15 52 0.061 1 0
46 70 0.175 1 2
186 100 0.662 1 0
99 5 0.371 1 2
62 70 0.240 1 0
65 22 0.206 1 0
59 22 0.190 1 2
120 40 0.382 1 0
10 40 0.039 1 0
282 22 1.699 1 0
19 15 0.058 1 0
24 40 0.087 1 2
29 5 0.146 1 0
143 40 0.532 1 2
317 52 1.108 1 0
73 5 0.305 1 2
314 52 1.467 1 0
21 52 0.073 1 0
59 52 0.194 1 0
141 10 0.775 1 0
273 15 1.142 1 2
156 30 0.474 1 0
17 10 0.080 1 0
10 30 0.029 1 2
27 30 0.145 1 2
26 100 0.164 1 0
18 22 0.085 1 2
93 40 0.472 1 2
61 70 0.281 1 0
48 5 0.211 1 0
108 5 0.675 1 0
16 70 0.065 1 0
147 22 0.514 1 2
158 15 0.823 1 0
47 10 0.195 1 0
32 22 0.164 1 0
57 5 0.170 1 0
196 70 0.875 1 0
10 70 0.057 1 2
10 10 0.050 1 2
18 22 0.057 1 0
23 10 0.100 1 0
26 100 0.158 1 0
15 5 0.061 1 0
194 5 0.749 1 0
99 40 0.516 1 0
79 10 0.274 1 2
49 5 0.195 1 0
13 70 0.038 1 2
33 10 0.193 1 0
188 100 0.858 1 2
24 22 0.128 1 2
74 70 0.351 1 2
326 70 1.353 1 2
13 30 0.055 1 0
36 5 0.155 1 0
45 22 0.215 1 2
16 40 0.104 1 0
15 70 0.088 1 0
59 5 0.235 1 0
39 22 0.222 1 2
13 22 0.068 1 2
199 52 0.917 1 2
101 10 0.445 1 0
64 10 0.393 2 0
45 22 0.188 2 0
55 52 0.248 2 0
75 40 0.285 2 0
15 10 0.047 2 0
171 30 0.788 2 1
32 40 0.206 2 0
196 5 0.748 2 0
199 10 0.582 2 0
12 15 0.071 2 0
13 15 0.057 2 0
26 10 0.165 2 0
336 22 1.836 2 1
16 52 0.073 2 1
33 5 0.168 2 0
14 100 0.065 2 0
77 52 0.381 2 1
69 52 0.261 2 1
18 22 0.063 2 0
23 5 0.087 2 0
15 15 0.088 2 0
16 70 0.057 2 0
18 22 0.062 2 0
138 10 0.902 2 0
257 5 1.179 2 0
20 40 0.067 2 1
58 15 0.354 2 1
71 52 0.223 2 0
149 40 0.458 2 1
67 52 0.243 2 0
32 15 0.124 2 0
138 52 0.433 2 1
13 52 0.060 2 1
17 10 0.114 2 0
111 10 0.370 2 0
23 70 0.074 2 1
143 52 0.559 2 0
14 10 0.051 2 1
63 22 0.197 2 0
27 15 0.095 2 0
183 30 0.707 2 0
190 70 0.701 2 0
49 52 0.188 2 0
261 100 1.728 2 1
30 30 0.158 2 1
48 30 0.170 2 1
129 52 0.483 2 1
10 70 0.031 2 0
18 10 0.111 2 0
264 22 0.866 2 1
105 30 0.339 2 0
19 22 0.110 2 0
93 5 0.323 2 0
33 15 0.138 2 0
19 5 0.105 2 0
36 5 0.131 2 0
230 100 1.447 2 1
107 70 0.566 2 0
25 5 0.144 2 1
15 30 0.044 2 0
62 100 0.271 2 0
65 5 0.272 2 0
51 70 0.160 2 0
17 30 0.050 2 0
24 52 0.136 2 0
14 40 0.085 2 0
10 100 0.033 2 0
42 5 0.129 2 1
67 52 0.270 2 1
29 5 0.170 2 0
28 52 0.168 2 1
46 10 0.303 2 0
68 52 0.298 2 0
16 5 0.051 2 0
117 5 0.377 2 0
12 22 0.059 2 0
124 30 0.400 2 0
40 52 0.150 2 0
43 10 0.176 2 0
208 15 0.995 2 0
188 15 0.959 2 0
24 30 0.077 2 1
52 15 0.187 2 1
55 30 0.270 2 0
63 30 0.257 2 1
168 70 0.606 2 0
30 70 0.182 2 1
289 10 0.895 2 1
294 70 1.135 2 0
73 100 0.264 2 0
20 52 0.060 2 0
41 52 0.169 2 0
189 70 0.867 2 1
23 10 0.075 2 0
48 15 0.175 2 0
19 10 0.096 2 1
45 70 0.165 2 0
30 5 0.169 2 0
36 52 0.190 2 0
77 5 0.318 2 1
175 40 0.709 2 1
52 100 0.306 2 0
16 15 0.050 2 1
35 70 0.207 2 1
52 52 0.191 2 0
24 70 0.079 2 0
16 100 0.095 2 0
144 5 0.480 2 1
44 10 0.193 2 0
31 22 0.092 2 1
162 100 0.511 2 1
19 5 0.082 2 0
146 22 0.726 2 0
12 52 0.069 2 0
16 100 0.080 2 0
161 10 0.920 2 0
57 10 0.274 2 1
327 15 1.749 2 0
16 30 0.059 2 0
72 100 0.260 2 0
31 40 0.118 2 1
25 22 0.103 2 0
11 40 0.036 2 0
102 15 0.671 2 1
64 30 0.232 2 0
70 30 0.233 2 0
67 52 0.283 2 0
180 10 0.891 2 0
39 52 0.189 2 0
13 100 0.074 2 1
10 22 0.037 2 0
316 22 1.220 2 1
99 40 0.289 2 0
34 52 0.204 2 0
25 52 0.075 2 0
27 30 0.100 2 0
21 52 0.080 2 1
67 52 0.271 2 1
215 70 1.229 2 0
188 70 0.749 2 0
16 100 0.060 2 0
38 100 0.135 2 1
13 10 0.042 2 1
97 15 0.336 2 1
27 40 0.119 2 0
28 40 0.088 2 0
51 10 0.203 2 0
181 10 0.569 2 1
17 70 0.110 2 0
14 52 0.046 2 0
50 22 0.185 2 0
70 22 0.446 2 0
22 22 0.088 2 0
16 22 0.052 2 1
34 52 0.145 2 0
31 10 0.170 2 1
17 10 0.058 2 0
13 100 0.059 2 0
123 22 0.433 2 0
273 22 0.848 2 0
90 52 0.302 2 0
10 5 0.032 2 0
53 70 0.358 2 0
227 10 1.376 2 0
222 30 0.675 2 0
74 100 0.285 2 0
103 70 0.315 2 1
26 22 0.149 2 0
160 22 0.503 2 1
27 100 0.079 2 0
147 15 0.588 2 0
25 100 0.128 2 0
35 10 0.105 2 0
89 40 0.271 2 0
42 22 0.143 2 0
39 10 0.238 2 0
181 52 0.823 2 1
13 40 0.046 2 0
22 40 0.069 2 0
48 22 0.238 2 0
53 100 0.155 2 0
145 22 0.443 2 0
23 40 0.103 2 0
101 100 0.333 2 0
15 5 0.050 2 0
26 70 0.090 2 0
79 10 0.236 2 1
108 52 0.412 2 0
159 100 0.671 2 0
52 5 0.234 2 1
94 100 0.418 2 0
14 22 0.043 2 0
10 52 0.041 2 0
17 10 0.110 2 1
10 52 0.034 2 0
29 100 0.090 2 0
185 5 0.774 2 1
37 15 0.237 2 0
68 15 0.221 2 1
19 100 0.057 2 0
37 70 0.231 2 0
94 70 0.346 2 0
13 40 0.047 2 1
34 5 0.103 2 0
140 70 0.543 2 1
27 100 0.082 2 1
157 52 0.584 2 1
229 70 0.718 2 1
174 70 0.806 2 1
11 15 0.035 2 1
19 70 0.105 2 0
25 30 0.135 2 0
84 30 0.532 2 1
73 5 0.303 2 0
122 22 0.401 2 1
144 10 0.696 2 0
148 30 0.892 2 0
184 40 0.860 2 0
13 70 0.086 2 1
15 15 0.052 2 1
66 52 0.205 2 0
24 40 0.087 2 0
238 30 0.763 2 1
84 52 0.268 2 0
102 30 0.498 2 0
28 70 0.157 2 0
196 52 1.071 2 0
20 5 0.102 2 1
16 70 0.060 2 0
57 15 0.197 2 1
34 70 0.182 2 0
23 5 0.095 2 1
182 70 1.006 2 0
299 40 1.503 2 0
43 100 0.131 2 0
13 10 0.050 2 0
105 30 0.399 2 0
51 30 0.163 2 1
11 10 0.060 2 0
232 52 1.557 2 0
14 22 0.061 2 0
53 52 0.189 2 0
24 22 0.103 2 1
18 10 0.055 2 0
32 5 0.096 2 0
199 40 1.021 2 0
28 52 0.112 2 0
288 70 0.966 2 1
107 70 0.442 2 1
51 15 0.345 2 0
70 40 0.393 2 1
70 100 0.217 2 0
11 10 0.048 2 1
72 40 0.305 2 1
18 15 0.061 2 0
23 30 0.081 2 1
44 70 0.148 2 1
339 5 1.006 2 0
27 70 0.111 2 0
56 30 0.224 2 0
14 5 0.041 2 1
27 22 0.088 2 0
11 5 0.069 2 0
169 15 0.552 2 1
56 15 0.240 2 1
207 52 0.877 2 0
24 52 0.105 2 0
69 100 0.365 2 1
48 40 0.262 2 0
167 100 0.532 2 0
12 22 0.053 2 0
64 5 0.230 2 0
18 15 0.086 2 0
48 22 0.165 2 0
233 52 1.094 2 0
120 30 0.420 2 0
96 52 0.290 2 0
16 40 0.052 2 0
72 52 0.346 2 1
153 52 0.827 2 0
104 52 0.403 2 0
14 52 0.050 2 1
20 15 0.084 2 0
46 10 0.160 2 1
42 10 0.150 2 1
55 52 0.340 2 0
11 70 0.043 2 0
21 30 0.073 2 0
42 30 0.140 2 0
49 15 0.312 2 0
12 40 0.036 2 1
21 22 0.135 2 0
221 52 0.742 2 0
26 10 0.094 2 0
57 22 0.199 2 0
186 10 0.624 2 0
45 15 0.179 2 1
22 70 0.127 2 1
100 15 0.565 2 1
52 22 0.260 2 0
22 5 0.072 2 0
114 30 0.683 2 0
167 70 0.616 2 0
240 10 0.889 2 1
43 100 0.276 2 0
13 10 0.070 2 0
16 70 0.055 2 0
76 30 0.245 2 0
317 15 2.086 2 0
42 70 0.174 2 1
70 22 0.324 2 1
83 15 0.388 2 0
106 10 0.558 2 0
28 15 0.174 2 0
75 70 0.272 2 0
11 15 0.044 2 0
145 70 0.547 2 0
114 15 0.407 2 0
171 5 0.546 2 0
148 70 0.617 2 1
15 70 0.083 2 0
50 22 0.331 2 1
28 10 0.146 2 1
244 70 1.402 2 0
31 5 0.144 2 1
67 10 0.268 2 1
11 70 0.033 2 0
34 70 0.124 2 1
18 52 0.080 2 1
72 100 0.385 2 0
12 52 0.049 2 0
44 100 0.293 2 1
11 70 0.060 2 0
35 22 0.111 2 0
23 100 0.078 2 0
20 40 0.113 2 1
63 22 0.375 2 0
10 100 0.047 2 1
45 5 0.237 2 0
19 70 0.074 2 0
190 40 0.995 2 0
339 10 1.646 2 0
178 52 1.203 2 1
174 30 0.523 2 0
138 100 0.879 2 1
17 5 0.076 2 0
104 100 0.394 2 1
27 30 0.098 2 0
164 5 0.541 2 0
30 52 0.135 2 0
25 15 0.082 2 0
66 30 0.212 2 0
71 5 0.430 2 0
153 40 0.765 2 1
17 30 0.052 2 0
145 70 0.650 2 1
17 52 0.050 2 0
39 52 0.220 2 1
198 70 1.329 2 0
193 40 0.843 2 1
79 10 0.239 2 1
16 100 0.095 2 0
184 22 0.920 2 1
