11 5 0.036 0 5
25 70 0.092 0 3
20 10 0.097 0 1
27 15 0.087 0 3
286 40 0.846 0 2
47 52 0.230 0 1
71 40 0.323 0 3
98 30 0.394 0 2
39 70 0.116 0 1
16 22 0.075 0 2
40 100 0.233 0 5
29 100 0.144 0 2
132 5 0.506 0 5
63 15 0.380 0 1
21 52 0.094 0 5
19 10 0.060 0 2
162 10 0.600 0 4
41 40 0.214 0 4
37 10 0.237 0 4
11 22 0.036 0 1
124 70 0.670 0 3
246 100 0.840 0 4
16 70 0.062 0 4
35 30 0.223 0 1
75 15 0.294 0 2
156 5 0.525 0 1
237 40 1.411 0 5
49 40 0.216 0 5
45 70 0.170 0 5
284 10 1.064 0 5
235 30 0.855 0 5
43 5 0.283 0 4
15 22 0.057 0 5
19 30 0.117 0 3
184 100 1.227 0 2
54 15 0.164 0 4
289 22 0.951 0 3
156 10 0.645 0 3
190 40 1.080 0 2
11 5 0.069 0 1
27 10 0.079 0 1
65 15 0.323 0 4
16 15 0.056 0 3
103 52 0.399 0 2
35 40 0.102 0 3
26 30 0.129 0 3
150 15 1.014 0 4
23 52 0.093 0 5
276 10 1.284 0 4
188 10 0.866 0 3
18 10 0.059 0 2
43 15 0.127 0 5
176 30 1.048 0 5
254 70 1.028 0 2
185 30 0.649 0 4
14 22 0.047 0 5
330 15 1.692 0 4
192 70 0.568 0 5
31 15 0.128 0 2
22 15 0.065 0 4
15 30 0.050 0 2
157 30 0.698 0 2
231 10 0.675 0 1
14 10 0.042 0 2
77 70 0.484 0 1
78 40 0.231 0 4
52 30 0.335 0 5
198 70 0.667 0 3
90 52 0.335 0 5
19 22 0.073 0 1
114 5 0.630 0 4
34 40 0.100 0 4
28 100 0.155 0 5
26 10 0.151 0 5
72 15 0.234 0 1
175 30 0.572 0 5
315 100 1.658 0 3
92 70 0.275 0 1
24 100 0.116 0 3
152 100 0.670 0 1
193 30 0.672 0 1
245 10 0.866 0 1
196 52 0.669 0 1
69 30 0.235 0 3
62 52 0.271 0 2
43 40 0.136 0 2
19 5 0.057 0 4
189 30 0.733 0 1
29 10 0.172 0 4
283 100 1.310 0 5
120 15 0.370 0 1
10 100 0.050 0 1
275 40 0.876 0 4
89 52 0.262 0 4
17 22 0.060 0 3
337 5 1.842 0 5
64 15 0.300 0 3
34 40 0.117 0 1
52 15 0.167 0 1
15 5 0.048 0 2
52 15 0.280 0 5
135 5 0.450 0 3
185 15 0.685 0 1
169 52 0.761 0 2
28 10 0.087 0 5
27 10 0.168 0 4
143 10 0.424 0 3
17 40 0.064 0 4
15 100 0.077 0 2
67 100 0.254 0 4
58 30 0.204 0 2
43 5 0.287 0 2
105 5 0.398 0 2
37 30 0.198 0 1
28 15 0.182 0 3
209 30 0.917 0 4
23 52 0.155 0 4
11 30 0.034 0 2
69 52 0.421 0 5
186 52 0.877 0 4
21 52 0.078 0 3
185 22 0.815 0 1
35 40 0.220 0 4
23 5 0.074 0 4
13 10 0.058 0 4
22 5 0.122 0 4
155 100 0.517 0 2
50 22 0.240 0 2
44 15 0.212 0 4
14 30 0.068 0 1
196 5 0.845 0 2
39 10 0.155 0 1
187 70 0.722 0 3
63 100 0.373 0 1
93 15 0.335 0 3
39 52 0.128 0 5
262 22 1.105 0 3
33 70 0.113 0 1
256 10 1.362 0 5
98 5 0.299 0 1
63 52 0.192 0 2
24 10 0.130 0 2
42 5 0.273 0 2
87 22 0.492 0 3
26 15 0.079 0 1
75 22 0.299 0 2
178 10 1.047 0 5
83 5 0.312 0 3
63 5 0.313 0 1
282 10 0.949 0 5
14 70 0.042 0 5
312 100 1.118 0 1
253 15 0.808 0 4
44 15 0.170 0 1
20 52 0.105 0 1
30 70 0.142 0 3
254 10 0.745 0 4
12 10 0.056 0 3
10 70 0.036 0 1
159 15 0.893 0 2
15 30 0.046 0 2
17 5 0.057 0 1
69 40 0.209 0 1
33 30 0.157 0 1
197 15 0.985 0 3
267 5 0.875 0 5
39 5 0.131 0 4
251 40 1.696 0 2
19 30 0.057 0 2
30 100 0.149 0 3
161 100 0.688 0 2
174 52 0.916 0 3
35 40 0.106 0 1
77 15 0.240 0 2
92 30 0.554 0 1
278 70 0.906 0 4
17 10 0.051 0 5
175 5 0.587 0 1
11 100 0.047 0 3
128 22 0.618 0 4
107 70 0.444 0 5
15 10 0.045 0 5
75 100 0.292 0 5
48 70 0.163 0 2
50 5 0.194 0 1
15 40 0.055 0 2
17 70 0.074 0 3
14 40 0.080 0 2
70 22 0.400 0 5
162 15 0.839 0 5
189 22 1.000 0 1
38 100 0.236 0 5
65 15 0.259 0 3
69 100 0.216 0 3
39 70 0.201 0 3
19 40 0.062 0 2
107 70 0.361 0 2
32 10 0.146 0 3
145 100 0.445 0 2
294 10 1.230 0 4
187 100 0.708 0 2
23 15 0.127 0 2
35 15 0.224 0 1
311 52 1.205 0 3
97 100 0.409 0 5
19 22 0.094 0 3
191 70 0.661 0 3
307 100 1.476 0 1
320 15 1.159 0 5
15 10 0.048 0 1
12 40 0.046 0 4
16 10 0.059 0 5
52 5 0.250 0 5
16 52 0.047 0 4
114 40 0.452 0 4
14 70 0.078 0 2
21 52 0.062 0 4
42 52 0.159 0 1
22 22 0.097 0 5
19 100 0.070 0 1
20 22 0.105 0 3
19 22 0.064 0 5
110 70 0.444 0 1
215 52 0.973 0 2
31 40 0.100 0 1
14 70 0.086 0 2
29 52 0.093 0 4
13 22 0.055 0 1
15 5 0.046 0 4
251 15 1.012 0 2
13 30 0.069 0 3
127 10 0.599 0 5
162 10 0.630 0 4
73 40 0.283 0 5
61 52 0.391 0 5
32 100 0.154 0 2
38 40 0.131 0 1
24 15 0.084 0 4
14 30 0.062 0 1
235 100 1.013 0 2
196 52 0.598 0 1
13 100 0.061 0 2
16 5 0.055 0 3
317 15 1.422 0 1
238 100 0.715 0 2
10 70 0.037 0 5
135 22 0.562 0 2
146 30 0.591 0 3
97 30 0.511 0 5
28 5 0.094 0 4
19 40 0.113 0 3
13 52 0.049 0 2
42 10 0.173 0 5
11 52 0.047 0 1
36 70 0.190 0 3
65 15 0.344 0 3
42 100 0.164 0 4
245 22 0.875 0 3
57 22 0.308 0 5
15 100 0.046 0 4
38 30 0.195 0 4
22 52 0.094 0 4
48 22 0.316 0 3
128 22 0.780 0 5
19 5 0.121 0 4
24 100 0.095 0 2
32 5 0.208 0 3
16 22 0.048 0 4
123 10 0.399 0 5
18 15 0.055 0 2
24 40 0.071 0 2
28 100 0.152 0 3
15 5 0.055 0 4
70 15 0.221 0 1
18 70 0.106 0 4
40 40 0.145 0 1
79 40 0.293 0 3
59 5 0.269 0 4
188 70 1.262 0 4
336 22 2.196 0 3
13 5 0.059 0 4
139 22 0.933 0 1
276 100 1.492 0 2
49 30 0.166 0 5
21 10 0.071 0 2
52 30 0.222 0 2
26 15 0.104 0 5
37 15 0.171 0 4
122 5 0.373 0 5
16 40 0.083 0 2
10 100 0.047 0 4
23 30 0.111 0 5
141 100 0.691 0 5
154 52 0.880 0 3
13 30 0.050 0 4
73 100 0.252 0 5
35 22 0.112 0 1
14 15 0.062 0 2
106 100 0.344 0 2
38 30 0.118 0 3
76 40 0.303 0 3
81 10 0.482 0 1
87 15 0.285 0 1
64 40 0.224 0 2
31 5 0.110 0 2
76 30 0.447 0 1
15 15 0.092 0 2
53 70 0.283 0 3
102 22 0.462 0 5
17 70 0.068 0 4
15 52 0.059 0 5
29 70 0.173 0 1
53 10 0.245 0 1
308 22 0.945 0 2
91 22 0.492 0 5
282 52 0.847 0 2
92 22 0.400 0 4
69 22 0.239 0 3
196 70 0.907 0 3
34 70 0.115 0 5
251 15 1.685 0 3
127 10 0.765 0 2
26 100 0.104 0 1
66 100 0.195 0 2
212 15 0.644 0 2
81 40 0.389 0 2
57 40 0.326 0 5
16 30 0.053 0 5
75 10 0.256 0 5
61 10 0.218 0 1
34 15 0.101 0 3
170 15 0.565 0 4
69 30 0.272 0 4
139 70 0.635 0 1
312 22 1.600 0 5
58 70 0.237 0 4
72 100 0.281 0 5
196 40 0.618 0 4
84 15 0.311 0 4
142 10 0.592 0 2
262 22 1.144 0 4
158 30 0.845 0 1
309 22 0.972 0 2
186 5 0.571 0 1
219 30 1.251 0 2
11 100 0.052 0 4
122 5 0.422 0 1
32 10 0.183 0 5
53 15 0.353 0 5
34 52 0.108 0 2
10 10 0.040 0 2
17 22 0.105 0 2
16 5 0.072 0 5
68 15 0.206 0 2
118 100 0.407 0 5
27 15 0.132 0 1
34 30 0.184 0 4
178 70 0.937 0 2
11 10 0.048 0 4
27 15 0.085 0 4
25 15 0.111 0 1
325 40 1.477 0 5
11 100 0.053 0 4
76 70 0.507 0 1
20 100 0.061 0 5
164 5 0.745 0 1
241 15 0.837 0 4
27 10 0.142 0 1
186 5 1.022 0 5
27 70 0.103 0 5
15 5 0.062 0 4
39 40 0.157 0 3
34 30 0.121 0 2
61 100 0.248 0 3
28 100 0.105 0 3
18 10 0.073 0 3
59 10 0.369 0 5
16 5 0.072 0 2
181 70 1.223 0 4
123 40 0.567 0 1
18 30 0.078 0 3
194 10 0.649 0 2
12 30 0.055 0 3
31 40 0.111 0 3
255 22 1.012 0 1
178 100 0.798 0 1
10 22 0.052 0 5
15 10 0.049 0 4
16 70 0.065 0 2
69 30 0.311 0 1
37 52 0.171 0 1
33 70 0.139 0 1
54 10 0.348 0 2
181 30 0.573 0 2
129 40 0.608 0 4
19 15 0.058 0 1
132 30 0.579 0 5
299 22 1.196 0 2
18 40 0.099 0 2
78 30 0.451 0 4
23 5 0.136 0 4
32 40 0.131 0 2
42 5 0.144 0 4
10 52 0.066 0 1
81 10 0.240 0 3
23 70 0.139 0 5
56 30 0.234 0 3
43 22 0.144 0 3
16 22 0.089 0 4
46 100 0.209 0 1
72 70 0.243 0 4
10 40 0.035 0 4
38 40 0.149 0 3
21 100 0.078 0 3
22 40 0.144 0 1
16 40 0.050 0 2
54 70 0.186 0 4
187 10 0.700 0 4
23 40 0.104 0 3
193 5 0.611 0 2
16 52 0.086 0 5
278 5 0.975 0 3
10 5 0.034 0 3
34 40 0.130 0 1
44 52 0.286 0 2
22 5 0.126 0 5
117 5 0.574 0 5
69 40 0.413 0 1
17 100 0.051 0 3
57 40 0.218 0 2
210 15 0.802 0 2
32 15 0.109 0 2
27 30 0.160 0 2
42 15 0.127 0 4
161 52 0.615 0 2
28 40 0.105 0 4
304 70 1.101 0 2
74 5 0.468 0 5
71 52 0.231 0 2
168 70 1.037 0 2
58 5 0.199 0 4
213 40 0.636 0 5
196 5 0.903 0 5
25 52 0.085 0 5
30 40 0.194 0 1
71 52 0.305 0 2
162 70 0.562 0 2
69 40 0.206 0 3
49 30 0.151 0 2
15 40 0.056 0 5
63 40 0.283 0 4
144 52 0.421 0 3
19 15 0.101 0 1
31 15 0.092 0 5
10 52 0.040 0 3
20 30 0.064 0 3
43 40 0.175 0 2
32 40 0.094 0 4
21 30 0.095 0 1
69 52 0.214 0 2
23 10 0.149 0 2
25 70 0.128 0 2
76 100 0.298 0 4
132 100 0.670 0 2
18 22 0.058 0 1
22 22 0.142 0 1
51 5 0.251 0 3
22 70 0.109 0 4
20 10 0.082 0 1
174 100 0.946 0 4
23 5 0.085 0 3
304 5 1.261 0 3
236 100 1.140 0 4
18 10 0.076 0 4
61 100 0.189 0 3
229 70 0.877 0 4
280 70 0.864 0 4
262 100 0.900 0 1
46 52 0.172 0 3
165 100 0.859 0 1
142 100 0.454 0 3
64 15 0.356 0 2
46 22 0.156 0 3
181 70 0.842 0 5
22 40 0.086 0 3
50 70 0.161 0 4
96 22 0.649 0 2
59 22 0.391 0 3
14 22 0.070 0 2
38 15 0.113 0 3
19 70 0.080 0 3
189 70 0.904 0 2
127 22 0.858 0 3
18 52 0.076 0 3
160 15 0.497 0 2
79 100 0.395 0 5
17 22 0.071 0 2
21 30 0.073 0 5
44 40 0.210 0 3
15 70 0.045 0 2
138 15 0.481 0 1
165 52 0.494 0 1
15 30 0.054 0 3
53 52 0.257 0 1
16 52 0.070 0 4
49 15 0.218 0 3
28 70 0.091 0 3
66 10 0.239 0 2
123 5 0.809 0 2
63 70 0.234 0 2
44 70 0.189 0 4
70 70 0.352 0 3
16 100 0.050 0 2
14 22 0.081 0 2
72 10 0.217 0 3
193 30 0.697 0 5
19 52 0.128 0 3
18 5 0.062 0 4
13 40 0.061 0 2
165 30 0.512 0 5
181 52 0.801 0 4
35 10 0.213 0 5
31 52 0.107 0 2
33 5 0.111 0 2
12 100 0.056 0 4
18 70 0.091 0 5
193 5 1.177 0 5
55 70 0.242 0 5
33 52 0.120 0 3
35 100 0.136 0 3
33 52 0.096 0 1
14 52 0.049 0 3
34 5 0.148 0 1
180 100 0.984 0 2
16 52 0.080 0 5
14 30 0.068 0 2
13 22 0.044 0 5
99 52 0.384 0 1
42 30 0.207 0 1
182 30 0.784 0 4
122 52 0.649 0 3
38 52 0.175 0 4
171 22 0.740 0 3
35 22 0.150 0 1
262 30 0.814 0 2
18 22 0.073 0 5
37 15 0.139 0 1
11 52 0.049 0 4
35 100 0.133 0 1
45 52 0.273 0 4
17 5 0.080 0 1
18 30 0.053 0 2
15 30 0.063 0 3
76 100 0.396 0 5
69 70 0.297 0 5
186 70 1.192 0 5
36 5 0.107 0 4
168 30 0.778 0 2
132 70 0.597 0 3
18 15 0.094 0 3
20 70 0.083 0 1
76 22 0.437 0 3
53 10 0.191 0 5
70 70 0.281 0 3
25 5 0.095 0 5
180 100 0.621 0 1
168 40 0.689 0 5
194 40 0.902 0 4
148 22 0.771 0 4
69 100 0.307 0 1
10 100 0.034 0 4
19 15 0.120 0 1
32 70 0.192 0 4
10 30 0.039 0 5
17 70 0.056 0 4
37 15 0.234 0 3
17 70 0.059 0 1
36 30 0.138 0 1
24 40 0.084 0 3
81 70 0.453 0 5
14 40 0.062 0 4
16 10 0.060 0 4
31 52 0.101 0 4
48 52 0.158 0 3
177 10 0.625 0 4
30 70 0.195 0 4
271 10 1.411 0 4
207 30 0.848 0 5
19 10 0.110 0 4
194 15 0.752 0 1
16 70 0.057 0 4
138 22 0.435 0 1
49 10 0.152 0 5
11 40 0.049 0 1
77 70 0.352 0 4
58 70 0.201 0 5
57 30 0.210 0 3
15 5 0.053 0 5
78 40 0.278 0 5
185 40 0.562 0 3
81 5 0.339 0 4
20 10 0.073 0 4
290 30 1.436 0 5
85 5 0.281 0 3
16 40 0.083 0 4
38 15 0.128 0 1
20 100 0.089 0 1
14 22 0.052 0 2
26 70 0.158 0 2
246 10 1.188 0 1
182 5 1.000 0 5
53 52 0.164 0 1
103 30 0.673 0 4
14 15 0.046 0 2
15 10 0.058 0 4
150 100 0.536 0 1
27 30 0.144 0 2
53 30 0.177 0 3
47 10 0.225 0 4
19 30 0.112 0 1
20 10 0.065 0 3
60 10 0.270 0 2
12 15 0.062 0 4
48 100 0.247 0 5
54 40 0.189 0 2
139 15 0.527 0 1
35 5 0.106 0 1
28 52 0.101 0 2
14 10 0.061 0 4
102 100 0.391 0 1
274 5 1.245 0 3
93 30 0.585 0 2
191 100 0.675 0 2
77 100 0.448 0 1
63 52 0.249 0 3
48 52 0.218 0 5
49 22 0.164 0 3
127 40 0.483 0 1
14 22 0.084 0 3
113 70 0.353 0 2
111 40 0.703 0 5
111 52 0.645 0 4
37 52 0.204 0 1
58 22 0.264 0 5
221 15 0.670 0 2
124 30 0.663 0 3
185 40 0.695 0 5
24 30 0.073 0 5
49 15 0.145 0 5
93 10 0.557 0 5
50 10 0.309 0 1
51 70 0.288 0 3
11 5 0.051 0 1
37 10 0.203 0 4
21 15 0.121 0 4
75 22 0.434 0 5
30 5 0.186 0 5
46 100 0.175 0 2
290 5 1.245 0 4
96 10 0.381 0 4
50 52 0.321 0 5
300 15 1.515 0 3
60 5 0.185 0 1
78 52 0.473 0 4
56 100 0.239 0 2
36 70 0.135 0 5
14 30 0.045 0 5
133 10 0.842 0 4
35 70 0.142 0 2
35 10 0.122 0 3
12 70 0.047 0 3
44 10 0.262 0 3
269 15 0.789 0 5
304 10 1.512 0 5
12 40 0.035 0 4
177 100 0.586 0 2
11 5 0.032 0 3
215 40 1.054 0 5
57 52 0.210 0 1
120 10 0.561 0 2
197 30 1.296 0 2
63 40 0.245 0 5
64 5 0.291 0 5
27 70 0.092 0 4
31 22 0.127 0 3
74 52 0.407 0 4
27 15 0.105 0 1
48 52 0.224 0 1
28 15 0.177 0 4
53 100 0.202 0 2
58 15 0.253 0 5
54 10 0.176 0 1
19 70 0.071 0 3
193 10 0.564 0 5
54 30 0.189 0 4
300 10 0.926 0 4
38 22 0.136 0 4
30 30 0.115 0 2
18 52 0.063 0 4
185 22 0.989 0 2
76 70 0.305 0 3
19 70 0.107 0 2
164 30 0.545 0 4
31 15 0.203 0 2
191 5 1.172 0 3
116 100 0.624 0 3
14 30 0.050 0 2
54 5 0.283 0 3
172 100 0.595 0 3
45 100 0.251 0 4
19 5 0.059 0 1
75 10 0.223 0 1
31 15 0.156 0 3
44 70 0.154 0 1
56 40 0.204 0 5
36 40 0.197 0 4
266 22 1.188 0 5
192 52 0.780 0 3
19 30 0.072 0 1
78 10 0.326 0 2
78 15 0.348 0 4
52 22 0.321 0 5
123 40 0.575 0 5
12 40 0.068 0 3
244 30 1.004 0 2
12 70 0.036 0 2
328 22 1.402 0 3
114 10 0.375 0 2
183 15 0.817 0 5
15 30 0.048 0 5
62 15 0.196 0 5
26 40 0.140 0 4
13 70 0.048 0 1
158 40 0.545 0 5
32 22 0.181 0 3
46 70 0.198 0 1
43 70 0.158 0 1
11 100 0.046 0 3
12 52 0.062 0 2
11 15 0.057 0 2
127 30 0.394 0 1
270 30 1.000 0 2
46 70 0.141 0 1
47 10 0.157 0 2
30 70 0.102 0 3
73 22 0.302 0 4
37 15 0.171 0 1
15 30 0.061 0 2
68 15 0.389 0 5
287 30 1.621 0 5
29 5 0.123 0 2
50 22 0.212 0 4
47 30 0.305 0 2
108 100 0.502 0 2
49 5 0.244 0 1
73 5 0.303 0 1
40 30 0.159 0 2
124 5 0.517 0 4
47 52 0.194 0 5
23 22 0.071 0 1
60 100 0.214 0 3
16 15 0.084 0 5
56 52 0.239 0 5
203 22 1.318 0 4
31 5 0.177 0 1
62 70 0.363 0 2
32 70 0.160 0 1
235 30 1.351 0 2
293 22 1.291 0 1
48 15 0.214 0 1
10 5 0.034 0 1
11 15 0.039 0 5
141 15 0.465 0 3
12 100 0.050 0 3
12 30 0.052 0 5
226 30 0.897 0 2
28 52 0.119 0 5
39 100 0.135 0 1
64 10 0.376 0 5
40 70 0.127 0 2
19 70 0.056 0 4
31 70 0.148 0 4
14 40 0.045 0 4
149 40 0.596 0 1
170 100 0.939 0 5
72 22 0.243 0 3
15 100 0.048 0 4
42 70 0.237 0 5
275 30 1.687 0 1
38 10 0.205 0 3
43 30 0.146 0 4
57 5 0.383 0 4
34 70 0.138 0 5
18 40 0.100 0 4
69 10 0.205 0 5
42 30 0.177 0 5
76 22 0.400 0 3
181 52 0.730 0 4
74 100 0.226 0 2
67 22 0.203 0 2
25 22 0.087 0 5
56 40 0.368 0 3
235 40 0.739 0 1
15 22 0.045 0 1
18 100 0.072 0 3
19 15 0.057 0 1
44 10 0.234 0 3
16 40 0.057 0 4
23 100 0.074 0 5
39 52 0.153 0 2
91 10 0.280 0 5
25 70 0.145 0 1
39 22 0.137 0 5
62 15 0.204 0 3
47 5 0.307 0 4
11 52 0.033 0 2
111 40 0.569 0 4
29 100 0.149 0 1
13 10 0.039 0 5
287 5 1.153 0 4
320 70 1.115 0 3
10 70 0.039 0 4
242 5 0.893 0 4
29 5 0.118 0 5
55 40 0.166 0 2
103 15 0.510 0 3
69 100 0.299 0 1
62 70 0.245 0 5
11 100 0.074 0 2
26 40 0.081 0 4
121 30 0.684 0 1
40 15 0.182 0 4
70 70 0.230 0 4
34 30 0.106 0 5
18 100 0.091 0 3
315 5 1.632 0 4
162 22 0.818 0 5
19 5 0.094 0 1
122 100 0.557 0 2
59 15 0.176 0 4
182 22 0.659 0 1
13 40 0.074 0 4
258 22 1.665 0 5
78 22 0.351 0 2
63 40 0.426 0 2
18 30 0.082 0 2
13 40 0.044 0 1
85 40 0.348 0 2
166 52 0.597 0 1
49 40 0.159 0 5
26 40 0.118 0 4
275 15 0.879 0 3
16 30 0.086 0 5
194 15 1.084 0 2
252 100 0.881 0 4
193 15 0.814 0 5
173 10 1.102 0 2
58 10 0.231 0 4
17 40 0.051 0 1
64 10 0.240 0 2
136 5 0.861 0 3
75 10 0.342 0 4
76 70 0.303 0 5
65 22 0.252 0 3
30 40 0.131 0 2
69 100 0.272 0 4
37 15 0.110 0 2
146 22 0.448 0 4
13 5 0.066 0 1
66 22 0.426 0 5
57 30 0.230 0 2
22 15 0.069 0 1
16 15 0.077 0 4
151 52 0.463 0 5
28 5 0.155 0 4
66 30 0.198 0 2
11 30 0.038 0 5
11 70 0.034 0 2
107 70 0.341 0 1
11 22 0.059 0 2
31 22 0.117 0 2
128 5 0.388 0 5
13 5 0.080 0 5
56 52 0.201 0 3
45 5 0.143 0 1
101 40 0.323 0 5
18 40 0.070 0 2
12 22 0.051 0 1
32 70 0.173 0 2
41 30 0.211 0 1
16 30 0.087 0 1
17 100 0.070 0 4
15 70 0.045 0 2
35 100 0.148 0 5
67 40 0.345 0 3
62 70 0.385 0 5
51 10 0.276 0 3
49 70 0.302 0 4
97 70 0.574 0 3
82 5 0.376 0 3
326 22 1.325 0 1
27 70 0.114 0 1
137 52 0.678 0 5
123 100 0.715 0 3
11 52 0.060 0 3
192 5 0.658 0 3
175 22 0.761 0 4
27 70 0.096 0 4
29 52 0.105 0 1
36 10 0.143 0 5
12 22 0.043 0 4
26 10 0.160 0 5
11 5 0.049 0 5
74 5 0.278 0 5
71 100 0.220 0 4
198 52 0.662 0 3
70 100 0.279 0 2
168 52 1.037 0 1
11 40 0.047 0 5
149 5 0.626 0 5
12 22 0.051 0 3
236 70 1.103 0 1
95 5 0.572 0 4
187 5 0.547 0 4
39 30 0.128 0 5
30 40 0.132 0 1
64 100 0.197 0 1
50 70 0.197 0 5
33 10 0.143 0 5
50 22 0.175 0 2
36 5 0.152 0 1
36 15 0.118 0 2
39 30 0.161 0 1
29 100 0.119 0 4
270 100 1.059 0 1
15 30 0.097 0 5
32 70 0.172 0 5
28 30 0.177 0 2
39 40 0.163 0 4
54 30 0.158 0 3
62 22 0.274 0 2
130 22 0.553 0 2
69 40 0.225 0 2
46 22 0.168 0 1
64 10 0.212 0 4
198 5 1.119 0 5
12 15 0.041 0 1
33 22 0.098 0 1
58 100 0.320 0 3
45 10 0.228 0 2
17 30 0.054 0 4
14 10 0.088 0 5
48 15 0.196 0 2
305 30 1.010 0 2
35 5 0.106 0 4
93 15 0.528 0 5
158 15 0.806 0 2
150 70 0.505 0 3
18 15 0.084 0 4
265 30 1.667 0 2
103 30 0.386 0 4
15 10 0.046 0 4
34 5 0.101 0 3
22 22 0.126 0 1
153 30 1.020 0 3
36 70 0.114 1 5
49 5 0.158 1 0
298 70 0.990 1 4
201 15 0.922 1 2
177 10 1.023 1 4
298 22 1.987 1 0
27 22 0.104 1 2
264 5 1.375 1 2
128 10 0.506 1 0
14 100 0.083 1 0
18 52 0.067 1 0
77 5 0.228 1 0
96 5 0.371 1 2
21 22 0.063 1 0
73 40 0.343 1 2
19 22 0.104 1 5
27 52 0.151 1 3
85 70 0.297 1 5
127 100 0.414 1 0
88 100 0.400 1 4
12 40 0.044 1 3
52 70 0.304 1 5
66 15 0.237 1 0
207 70 0.809 1 4
20 10 0.112 1 0
27 5 0.107 1 2
15 10 0.067 1 5
55 40 0.270 1 2
16 52 0.057 1 2
69 30 0.329 1 5
73 30 0.429 1 0
16 70 0.051 1 4
155 5 1.013 1 4
74 10 0.413 1 0
61 52 0.219 1 3
38 70 0.156 1 0
335 10 1.109 1 3
27 52 0.128 1 0
76 22 0.260 1 0
17 100 0.078 1 5
103 70 0.302 1 5
151 100 0.651 1 0
143 22 0.601 1 5
140 40 0.571 1 0
15 70 0.052 1 5
100 40 0.418 1 0
29 40 0.085 1 2
63 70 0.229 1 2
99 100 0.438 1 2
26 5 0.142 1 2
156 52 0.467 1 2
12 15 0.046 1 5
17 30 0.052 1 3
179 40 0.865 1 0
17 70 0.068 1 0
13 52 0.068 1 5
120 15 0.456 1 3
269 15 0.909 1 2
168 100 0.913 1 4
31 70 0.132 1 0
12 40 0.046 1 0
49 52 0.179 1 5
71 15 0.271 1 0
157 22 0.946 1 3
141 52 0.946 1 3
16 100 0.078 1 2
76 40 0.461 1 2
35 30 0.129 1 0
12 30 0.072 1 4
216 5 1.450 1 0
26 10 0.092 1 2
131 52 0.562 1 0
10 5 0.032 1 4
185 100 0.737 1 0
248 30 0.732 1 0
38 52 0.200 1 2
13 30 0.054 1 2
21 10 0.107 1 4
173 100 0.783 1 0
35 70 0.232 1 4
183 70 1.130 1 0
16 52 0.057 1 0
49 100 0.148 1 2
199 5 1.082 1 5
134 30 0.534 1 5
153 15 0.466 1 4
10 30 0.058 1 0
66 70 0.393 1 0
58 5 0.233 1 3
90 15 0.484 1 0
60 100 0.182 1 0
181 70 0.653 1 5
69 30 0.327 1 4
26 52 0.130 1 4
16 40 0.108 1 4
61 30 0.213 1 0
59 5 0.233 1 0
17 10 0.051 1 2
63 15 0.335 1 0
13 52 0.040 1 0
107 100 0.372 1 5
15 10 0.047 1 4
64 22 0.350 1 0
19 40 0.070 1 0
53 100 0.290 1 4
156 22 0.563 1 0
14 10 0.064 1 0
132 15 0.820 1 3
157 22 1.026 1 4
29 5 0.136 1 0
55 70 0.344 1 0
94 22 0.599 1 4
160 10 0.664 1 3
52 5 0.294 1 0
198 10 0.943 1 2
48 52 0.273 1 0
14 15 0.089 1 0
101 10 0.399 1 0
10 15 0.064 1 0
11 22 0.039 1 4
32 15 0.146 1 4
16 30 0.054 1 5
93 70 0.564 1 5
66 10 0.291 1 2
17 100 0.069 1 2
14 52 0.077 1 0
39 22 0.145 1 0
30 30 0.098 1 4
16 30 0.086 1 3
16 22 0.099 1 0
88 30 0.409 1 5
238 10 0.844 1 4
107 10 0.598 1 5
85 30 0.262 1 0
310 10 1.360 1 0
80 15 0.333 1 0
146 10 0.621 1 0
55 22 0.346 1 3
180 70 0.684 1 2
102 52 0.680 1 4
85 10 0.440 1 5
198 30 1.106 1 3
25 70 0.080 1 5
11 30 0.053 1 3
12 5 0.052 1 2
38 5 0.127 1 5
37 15 0.160 1 2
80 15 0.419 1 5
56 30 0.230 1 2
37 5 0.113 1 5
225 70 0.672 1 2
137 22 0.489 1 3
34 22 0.189 1 5
74 22 0.253 1 2
20 10 0.082 1 4
60 30 0.205 1 2
235 5 1.424 1 0
68 30 0.358 1 2
14 100 0.092 1 0
44 52 0.135 1 5
111 22 0.531 1 2
68 10 0.202 1 4
166 5 0.615 1 5
34 70 0.161 1 0
17 10 0.080 1 4
291 100 1.692 1 0
20 40 0.134 1 4
71 100 0.282 1 4
20 5 0.100 1 5
10 70 0.045 1 2
11 40 0.048 1 5
43 5 0.131 1 4
169 30 0.535 1 4
18 22 0.098 1 5
164 22 0.659 1 0
86 5 0.305 1 0
228 5 1.081 1 4
309 22 0.981 1 5
144 5 0.480 1 5
158 70 0.854 1 0
37 5 0.113 1 0
36 40 0.172 1 5
15 70 0.054 1 4
187 52 0.989 1 3
33 30 0.160 1 4
30 15 0.110 1 0
24 100 0.102 1 3
64 40 0.298 1 0
169 52 1.063 1 5
156 22 0.489 1 0
148 40 0.638 1 5
54 30 0.161 1 0
70 70 0.227 1 5
25 52 0.085 1 3
227 100 1.113 1 0
38 15 0.140 1 2
14 70 0.042 1 0
26 22 0.085 1 5
199 100 0.780 1 5
227 15 1.037 1 2
164 100 0.710 1 3
11 100 0.042 1 2
197 52 0.872 1 2
32 22 0.110 1 0
158 15 0.958 1 3
129 52 0.741 1 4
265 10 0.810 1 0
70 100 0.261 1 5
21 30 0.124 1 3
22 30 0.081 1 0
68 15 0.364 1 0
21 10 0.062 1 0
105 10 0.351 1 2
99 10 0.394 1 0
160 5 0.597 1 5
235 5 0.737 1 4
10 22 0.033 1 0
19 15 0.061 1 4
118 15 0.415 1 4
42 15 0.203 1 0
34 30 0.111 1 5
105 70 0.565 1 0
61 40 0.200 1 4
16 22 0.049 1 4
30 15 0.112 1 3
199 70 0.726 1 3
30 30 0.127 1 4
319 52 0.964 1 5
11 40 0.034 1 0
118 22 0.437 1 0
19 70 0.115 1 2
59 52 0.179 1 0
151 40 0.987 1 0
34 52 0.155 1 4
39 52 0.170 1 0
62 52 0.201 1 0
121 40 0.729 1 3
41 30 0.163 1 5
10 40 0.032 1 0
13 52 0.056 1 0
33 70 0.193 1 3
88 22 0.374 1 0
339 100 2.080 1 2
66 30 0.418 1 2
16 100 0.063 1 0
15 5 0.079 1 0
170 100 0.545 1 4
76 100 0.249 1 2
172 70 0.808 1 2
137 10 0.884 1 2
88 10 0.281 1 2
68 40 0.321 1 2
149 15 0.484 1 4
19 70 0.061 1 3
14 15 0.063 1 3
39 5 0.120 1 5
63 52 0.184 1 0
125 15 0.714 1 0
186 52 0.713 1 3
179 40 0.869 1 5
26 70 0.088 1 5
336 30 1.377 1 4
53 40 0.210 1 0
175 5 0.527 1 0
67 40 0.399 1 4
189 52 0.887 1 3
50 100 0.187 1 0
57 52 0.250 1 0
153 5 0.648 1 2
12 22 0.035 1 3
63 40 0.247 1 3
34 22 0.116 1 0
291 40 1.433 1 0
35 40 0.223 1 0
10 5 0.060 1 2
40 40 0.178 1 0
37 5 0.119 1 4
123 40 0.447 1 0
22 5 0.102 1 2
48 5 0.221 1 0
20 30 0.063 1 2
34 100 0.217 1 3
75 10 0.507 1 3
19 22 0.086 1 2
89 100 0.283 1 0
19 40 0.062 1 0
98 100 0.473 1 0
34 70 0.192 1 3
15 52 0.066 1 3
112 10 0.615 1 2
147 10 0.518 1 3
125 70 0.595 1 3
84 40 0.297 1 0
58 40 0.180 1 5
17 40 0.056 1 0
198 22 1.026 1 0
17 52 0.058 1 0
102 30 0.309 1 4
34 100 0.210 1 0
16 22 0.086 1 0
241 40 0.893 1 3
15 52 0.066 1 5
71 40 0.296 1 5
151 10 0.528 1 3
29 52 0.158 1 2
16 70 0.054 1 4
58 5 0.290 1 5
27 30 0.128 1 3
246 15 1.374 1 3
16 40 0.090 1 5
47 52 0.222 1 0
48 5 0.219 1 0
215 70 1.287 1 0
71 22 0.447 1 4
19 100 0.062 1 3
77 70 0.276 1 5
36 22 0.137 1 3
85 100 0.281 1 3
103 52 0.353 1 2
39 5 0.154 1 5
106 40 0.316 1 4
25 30 0.160 1 0
178 5 0.947 1 3
91 22 0.319 1 0
11 5 0.045 1 2
127 100 0.529 1 4
239 5 0.845 1 4
258 5 1.564 1 0
57 15 0.254 1 3
21 15 0.082 1 0
243 15 0.942 1 3
70 5 0.217 1 0
21 30 0.072 1 2
24 10 0.089 1 0
138 15 0.460 1 4
22 10 0.148 1 3
61 30 0.223 1 4
171 40 0.676 1 3
12 5 0.078 1 5
48 100 0.314 1 3
45 40 0.179 1 0
18 30 0.096 1 0
13 22 0.070 1 5
50 70 0.147 1 3
166 10 0.567 1 0
134 15 0.482 1 4
140 30 0.431 1 3
49 5 0.274 1 4
189 40 0.571 1 0
144 5 0.857 1 4
22 40 0.136 1 4
56 30 0.187 1 0
115 22 0.525 1 4
123 40 0.496 1 0
19 52 0.060 1 0
21 30 0.086 1 0
56 22 0.253 1 5
27 70 0.182 1 3
58 70 0.222 1 5
54 52 0.210 1 4
27 15 0.100 1 4
37 70 0.162 1 3
46 10 0.275 1 3
21 30 0.084 1 2
139 10 0.563 1 5
122 22 0.375 1 0
60 40 0.179 1 3
12 30 0.042 1 3
75 52 0.366 1 5
40 22 0.119 1 2
35 10 0.108 1 5
31 5 0.114 1 3
79 70 0.399 1 0
12 5 0.037 1 2
94 70 0.301 1 0
16 10 0.070 1 0
191 40 0.803 1 0
95 22 0.525 1 4
191 70 1.016 1 2
124 15 0.816 1 3
185 40 0.685 1 2
77 22 0.503 1 0
173 10 0.646 1 2
34 40 0.195 1 2
155 52 0.803 1 0
25 30 0.100 1 4
190 22 1.195 1 0
14 30 0.047 1 3
181 100 0.777 1 2
291 22 0.918 1 5
24 15 0.103 1 0
16 10 0.048 1 3
23 40 0.107 1 5
65 30 0.212 1 2
293 30 0.916 1 0
61 15 0.186 1 0
59 22 0.178 1 3
16 5 0.080 1 4
161 5 0.563 1 5
15 40 0.058 1 3
116 15 0.416 1 2
130 52 0.487 1 0
232 30 1.190 1 2
54 40 0.365 1 2
30 22 0.140 1 2
196 15 0.613 1 3
16 5 0.070 1 4
143 70 0.432 1 5
69 22 0.333 1 5
31 70 0.112 1 0
117 10 0.696 1 0
47 100 0.167 1 5
98 100 0.456 1 0
55 5 0.167 1 0
179 22 0.663 1 5
15 40 0.049 1 2
19 100 0.057 1 2
327 40 0.962 1 0
18 30 0.083 1 3
121 22 0.524 1 5
215 10 1.287 1 3
12 40 0.049 1 0
46 40 0.164 1 0
11 52 0.049 1 3
35 22 0.167 1 5
10 40 0.050 1 5
95 22 0.291 1 0
54 22 0.325 1 2
17 15 0.079 1 4
28 30 0.154 1 0
42 30 0.123 1 2
37 30 0.121 1 5
14 40 0.089 1 2
19 40 0.085 1 4
39 70 0.127 1 2
153 15 0.571 1 2
51 15 0.271 1 4
34 22 0.151 1 2
193 10 1.084 1 0
105 30 0.565 1 4
335 5 1.236 1 0
70 30 0.290 1 3
27 15 0.104 1 3
274 15 0.881 1 5
25 5 0.074 1 2
12 40 0.042 1 0
10 22 0.049 1 0
97 70 0.314 1 0
18 22 0.093 1 2
28 15 0.086 1 2
29 100 0.117 1 0
36 5 0.143 1 0
24 52 0.121 1 5
12 100 0.070 1 0
62 10 0.205 1 3
40 40 0.258 1 5
49 40 0.182 1 0
160 40 0.599 1 5
68 5 0.256 1 4
70 100 0.222 1 0
25 5 0.111 1 0
22 70 0.134 1 5
20 40 0.081 1 2
186 100 0.899 1 2
178 70 0.657 1 2
32 52 0.151 1 5
27 40 0.155 1 4
30 40 0.116 1 0
108 5 0.450 1 3
206 100 0.900 1 4
188 70 1.062 1 4
61 52 0.217 1 5
156 10 0.544 1 2
168 22 0.836 1 3
28 40 0.108 1 5
324 22 1.493 1 0
19 40 0.076 1 5
20 52 0.058 1 0
242 10 0.812 1 2
79 40 0.322 1 0
45 22 0.290 1 0
19 15 0.081 1 0
22 52 0.112 1 4
28 5 0.119 1 4
60 100 0.302 1 0
42 100 0.124 1 5
115 15 0.540 1 5
11 10 0.050 1 0
134 100 0.470 1 5
14 30 0.045 1 3
196 5 0.688 1 4
230 52 1.139 1 0
75 100 0.321 1 4
55 30 0.210 1 4
16 52 0.049 1 5
23 100 0.155 1 2
57 10 0.172 1 3
24 5 0.079 1 4
49 10 0.229 1 0
210 100 0.646 1 4
66 100 0.273 1 2
36 30 0.110 1 2
136 52 0.638 1 0
38 40 0.134 1 3
171 5 0.807 1 4
61 100 0.198 1 0
18 30 0.081 1 4
27 100 0.154 1 2
13 10 0.041 1 3
16 52 0.085 1 0
16 5 0.055 1 0
14 15 0.080 1 3
22 30 0.103 1 3
226 52 1.136 1 5
315 10 1.500 1 0
67 10 0.307 1 3
196 10 0.790 1 0
38 70 0.152 1 2
185 22 0.549 1 2
32 22 0.098 1 4
65 52 0.212 1 2
247 22 1.065 1 4
30 22 0.185 1 4
188 15 0.777 1 0
76 52 0.304 1 0
61 30 0.181 1 2
172 70 0.654 1 3
16 40 0.072 1 2
33 52 0.108 1 0
175 70 1.115 1 0
51 10 0.162 1 0
13 15 0.044 1 3
90 22 0.388 1 3
190 15 0.798 1 3
68 40 0.393 1 5
14 30 0.042 1 5
25 30 0.159 1 2
170 10 0.904 1 0
14 40 0.074 1 4
30 30 0.133 1 2
185 70 1.225 1 3
29 30 0.134 1 2
56 22 0.252 1 2
34 15 0.143 1 0
116 40 0.498 1 0
46 100 0.240 1 0
40 70 0.139 1 3
13 5 0.041 1 2
161 30 0.594 1 2
68 15 0.269 1 4
191 52 1.179 1 0
130 5 0.448 1 4
82 22 0.264 1 0
78 10 0.332 1 3
98 10 0.333 1 5
123 5 0.402 1 0
211 30 0.685 1 4
34 100 0.114 1 4
31 22 0.104 1 0
188 70 0.800 1 4
17 22 0.071 1 0
243 22 1.421 1 4
86 100 0.325 1 0
17 40 0.104 1 2
32 10 0.184 1 4
76 100 0.349 1 0
127 5 0.384 1 0
14 10 0.056 1 5
67 30 0.321 1 0
19 30 0.061 1 5
255 70 1.058 1 2
296 30 1.165 1 4
14 40 0.057 1 4
54 5 0.235 1 5
10 15 0.040 1 4
177 70 0.805 1 2
40 10 0.143 1 5
27 22 0.103 1 2
195 70 1.037 1 2
184 30 0.836 1 0
18 10 0.088 1 5
253 22 0.977 1 3
297 52 1.833 1 5
13 40 0.068 1 3
47 40 0.193 1 4
65 52 0.286 1 0
37 52 0.176 1 0
41 100 0.159 1 0
20 10 0.058 1 4
18 70 0.061 1 3
55 10 0.340 1 3
10 22 0.036 1 3
94 10 0.285 1 5
159 70 0.546 1 0
19 22 0.063 1 0
156 15 0.555 1 4
51 52 0.199 1 4
41 22 0.149 1 4
121 5 0.437 1 4
229 30 0.902 1 5
109 40 0.426 1 2
194 70 0.632 1 4
15 52 0.062 1 0
73 15 0.324 1 0
168 52 0.767 1 3
61 5 0.213 1 2
16 10 0.095 1 5
61 10 0.289 1 2
36 40 0.182 1 4
19 30 0.055 1 2
12 40 0.054 1 0
30 40 0.145 1 4
14 10 0.066 1 0
283 100 1.599 1 4
328 5 1.003 1 4
76 30 0.352 1 4
128 10 0.492 1 2
61 15 0.199 1 0
78 70 0.351 1 0
36 100 0.107 1 0
151 70 0.640 1 5
18 52 0.079 1 4
19 40 0.066 1 5
22 40 0.124 1 4
29 70 0.108 1 0
199 22 0.691 1 2
30 52 0.106 1 5
198 10 0.635 1 0
17 10 0.056 1 3
137 100 0.449 1 3
17 5 0.053 1 3
47 22 0.197 1 0
92 70 0.590 1 3
14 15 0.050 1 5
15 22 0.051 1 5
317 30 1.441 1 3
79 30 0.280 1 4
16 22 0.095 1 3
39 5 0.161 1 3
93 15 0.564 1 4
24 100 0.075 1 3
11 100 0.049 1 2
11 40 0.069 1 0
14 15 0.048 1 0
65 40 0.191 1 2
99 100 0.359 1 5
116 52 0.637 1 2
199 15 1.106 1 4
234 15 0.971 1 0
58 15 0.254 1 0
68 5 0.201 1 2
15 52 0.075 1 0
80 70 0.354 1 4
26 52 0.106 1 5
55 15 0.192 1 3
15 100 0.063 1 2
239 10 0.789 1 0
19 10 0.087 1 0
145 100 0.424 1 0
19 30 0.114 1 0
120 22 0.490 1 3
87 52 0.530 1 5
114 15 0.345 1 2
66 5 0.197 1 5
12 22 0.035 1 2
100 15 0.310 1 2
54 5 0.249 1 0
143 15 0.474 1 2
188 70 0.720 1 5
272 10 0.847 1 4
14 40 0.054 1 2
37 30 0.112 1 5
139 5 0.728 1 0
12 40 0.036 1 3
189 5 0.892 1 0
35 40 0.227 1 0
23 10 0.102 1 2
133 40 0.599 1 0
53 15 0.226 1 0
334 10 1.965 1 2
87 30 0.256 1 3
38 52 0.147 1 0
10 15 0.035 1 2
22 52 0.069 1 0
29 22 0.094 1 0
164 52 0.566 1 3
191 52 1.032 1 3
59 22 0.204 1 2
23 70 0.103 1 0
12 52 0.047 1 4
63 22 0.274 1 0
23 40 0.075 1 5
59 15 0.307 1 0
18 100 0.053 1 2
18 15 0.108 1 3
46 15 0.150 1 4
49 52 0.202 1 0
53 30 0.184 1 0
54 52 0.161 1 2
15 52 0.048 1 2
170 100 0.538 1 4
24 22 0.105 1 2
11 15 0.036 1 5
28 15 0.096 1 0
94 10 0.468 1 0
12 70 0.068 1 0
162 100 1.080 1 3
271 40 0.948 1 5
110 70 0.663 1 5
54 70 0.208 1 5
33 70 0.135 1 2
138 70 0.457 1 5
198 30 1.286 1 2
12 40 0.045 1 3
12 100 0.077 1 4
60 10 0.274 1 0
15 52 0.079 1 5
240 52 1.067 1 0
98 15 0.490 1 3
69 22 0.431 1 2
10 30 0.056 1 5
17 52 0.075 1 3
202 52 0.660 1 0
97 30 0.302 1 0
94 52 0.294 1 0
187 70 0.846 1 2
327 30 1.660 1 3
13 52 0.042 1 3
113 5 0.368 1 4
47 70 0.141 1 0
24 70 0.081 1 4
179 70 0.617 1 0
203 15 0.990 1 4
287 30 1.640 1 5
33 5 0.131 1 5
126 15 0.696 1 0
11 5 0.032 1 5
101 70 0.384 1 4
17 22 0.105 1 4
33 30 0.120 1 5
25 5 0.105 1 5
68 40 0.420 1 3
91 40 0.265 1 4
60 5 0.231 1 5
30 10 0.093 1 2
74 30 0.303 1 0
171 100 0.604 1 0
173 100 1.102 1 3
18 15 0.101 1 0
71 10 0.324 1 0
17 100 0.061 1 4
33 40 0.098 1 3
287 100 1.621 1 3
79 52 0.409 1 5
39 10 0.128 1 3
39 70 0.244 1 2
122 40 0.808 1 0
59 70 0.176 1 3
169 10 0.735 1 2
176 10 0.633 1 4
54 40 0.163 1 2
54 40 0.329 1 0
138 70 0.667 1 2
13 70 0.045 1 3
50 30 0.190 1 3
98 100 0.315 1 4
189 22 0.840 1 5
183 30 0.906 1 5
67 40 0.269 1 3
197 30 0.616 1 5
44 30 0.216 1 4
285 40 1.113 1 4
11 5 0.034 1 5
260 40 1.615 1 3
68 10 0.219 1 2
218 100 0.793 1 2
88 30 0.303 1 0
23 52 0.075 1 2
54 30 0.310 1 3
15 70 0.048 1 0
47 100 0.177 1 5
58 10 0.179 1 0
29 70 0.088 1 0
50 5 0.292 1 0
26 40 0.149 1 2
112 100 0.687 1 0
84 100 0.477 1 5
108 5 0.369 1 0
18 52 0.121 1 5
249 10 1.264 1 4
178 22 0.788 1 5
197 10 1.331 1 2
169 22 0.589 1 0
57 52 0.197 1 5
74 100 0.268 1 0
77 15 0.273 1 5
167 70 0.497 1 0
12 52 0.081 1 0
28 52 0.121 1 0
20 15 0.072 1 0
78 22 0.305 1 3
24 22 0.084 1 0
62 40 0.212 1 5
23 22 0.139 1 3
79 15 0.304 1 2
41 70 0.167 1 5
61 10 0.199 1 2
34 40 0.150 1 0
168 10 0.836 1 3
257 40 1.190 1 5
17 40 0.070 1 4
12 40 0.062 1 0
32 22 0.097 1 2
218 52 0.696 1 0
46 30 0.209 1 4
271 30 0.900 1 0
35 40 0.122 1 5
37 100 0.226 1 0
25 100 0.150 1 5
46 52 0.142 1 4
296 5 1.783 1 3
23 52 0.152 1 4
24 30 0.117 1 2
172 30 0.637 1 0
122 10 0.581 1 2
14 52 0.044 1 3
19 10 0.126 1 4
114 52 0.442 1 0
11 15 0.043 1 4
28 30 0.092 1 0
57 100 0.345 1 0
140 22 0.903 1 2
211 40 0.674 1 4
57 10 0.261 1 0
12 40 0.057 1 0
34 5 0.218 1 0
78 52 0.271 1 0
21 10 0.096 1 5
19 5 0.091 1 0
70 22 0.258 1 0
74 15 0.493 1 3
13 30 0.051 1 4
25 5 0.105 1 2
48 100 0.178 1 0
14 100 0.050 1 4
35 22 0.108 1 4
30 30 0.114 1 4
26 70 0.097 1 0
130 10 0.388 1 0
42 15 0.165 1 0
176 22 0.746 1 4
11 40 0.048 1 0
44 52 0.151 1 0
143 30 0.538 1 0
22 100 0.084 1 0
15 30 0.078 1 5
59 52 0.181 1 4
119 70 0.657 1 4
19 40 0.057 1 0
75 22 0.347 1 5
97 15 0.591 1 3
27 40 0.116 1 0
107 10 0.319 1 5
39 70 0.155 1 3
91 30 0.281 1 5
310 40 1.520 1 3
21 40 0.100 1 4
76 5 0.229 1 3
114 100 0.355 1 2
209 40 0.857 1 0
64 40 0.276 1 0
193 52 0.869 1 3
76 5 0.400 1 5
310 30 1.856 1 5
140 5 0.579 1 0
46 30 0.231 1 0
228 70 0.726 1 0
10 70 0.057 1 0
14 22 0.042 1 3
83 15 0.290 1 5
104 70 0.667 1 5
39 40 0.179 1 0
10 52 0.029 1 4
176 22 0.682 1 3
213 15 0.842 1 2
13 15 0.047 1 5
53 15 0.296 1 5
10 5 0.031 1 0
39 40 0.218 1 0
187 10 0.658 1 4
16 5 0.096 1 0
301 52 0.899 1 0
164 15 0.641 1 5
66 30 0.241 1 4
60 22 0.210 1 3
228 22 1.267 1 5
241 30 1.369 1 0
196 30 0.636 1 3
14 52 0.068 1 2
10 10 0.039 1 0
12 70 0.049 1 0
57 70 0.182 1 2
289 52 1.438 1 5
23 40 0.085 1 0
173 15 0.665 1 4
21 100 0.103 1 3
22 100 0.068 1 0
162 15 0.667 1 5
195 5 1.077 1 3
51 15 0.267 1 3
154 70 0.890 1 5
178 10 0.777 1 5
72 22 0.222 1 4
54 15 0.329 1 2
197 22 0.975 1 0
13 40 0.074 1 2
94 100 0.357 1 3
38 100 0.144 1 4
25 100 0.129 1 5
12 40 0.041 1 5
170 10 0.813 1 5
52 30 0.250 1 3
110 5 0.505 2 3
69 40 0.258 2 4
65 70 0.392 2 4
53 70 0.358 2 3
67 15 0.385 2 5
18 22 0.107 2 1
73 15 0.493 2 0
234 15 1.539 2 1
27 100 0.095 2 0
25 70 0.102 2 0
78 52 0.398 2 5
84 15 0.255 2 0
39 15 0.151 2 4
52 22 0.174 2 3
37 15 0.159 2 4
99 10 0.367 2 4
15 10 0.044 2 3
117 40 0.440 2 0
124 22 0.371 2 3
22 52 0.074 2 0
12 5 0.041 2 3
186 100 0.899 2 3
70 100 0.219 2 3
64 100 0.251 2 5
35 15 0.191 2 3
34 100 0.102 2 3
20 52 0.065 2 1
12 70 0.038 2 4
20 5 0.070 2 4
30 30 0.135 2 4
155 10 0.638 2 0
276 10 1.500 2 0
17 100 0.053 2 1
152 15 0.448 2 4
74 5 0.481 2 3
47 100 0.267 2 0
37 52 0.167 2 3
12 30 0.041 2 5
29 100 0.180 2 0
104 52 0.395 2 0
52 15 0.195 2 1
71 52 0.220 2 1
26 5 0.099 2 0
93 30 0.289 2 3
35 10 0.148 2 5
39 15 0.157 2 0
127 30 0.374 2 0
70 52 0.438 2 5
65 30 0.193 2 0
59 100 0.316 2 5
135 15 0.746 2 4
74 30 0.392 2 0
99 30 0.541 2 3
37 52 0.190 2 3
13 22 0.061 2 3
55 15 0.276 2 5
72 10 0.387 2 3
36 40 0.232 2 5
41 22 0.131 2 3
10 15 0.034 2 1
118 40 0.659 2 5
61 5 0.249 2 3
14 70 0.042 2 0
42 52 0.232 2 4
58 40 0.343 2 1
68 30 0.223 2 0
167 15 0.823 2 0
192 5 0.580 2 4
118 10 0.480 2 3
18 100 0.063 2 4
33 22 0.103 2 4
198 5 1.070 2 5
94 70 0.274 2 0
31 30 0.103 2 3
205 40 0.688 2 5
56 10 0.260 2 0
34 30 0.103 2 0
153 52 0.602 2 1
137 40 0.783 2 1
38 100 0.144 2 0
27 100 0.172 2 1
15 70 0.086 2 0
165 100 0.665 2 5
18 15 0.068 2 0
77 100 0.464 2 0
78 22 0.238 2 5
51 30 0.165 2 3
59 10 0.196 2 0
299 70 1.311 2 0
70 10 0.218 2 0
19 100 0.097 2 0
255 70 0.768 2 1
12 40 0.060 2 4
47 22 0.285 2 1
76 22 0.432 2 0
91 15 0.552 2 1
23 100 0.105 2 1
10 40 0.032 2 1
71 15 0.274 2 5
33 22 0.126 2 4
59 52 0.296 2 4
10 40 0.043 2 4
62 22 0.181 2 1
17 70 0.050 2 4
58 70 0.191 2 1
78 100 0.253 2 0
18 52 0.057 2 4
94 10 0.416 2 1
17 100 0.096 2 5
75 10 0.273 2 1
21 52 0.104 2 4
43 40 0.151 2 5
47 15 0.176 2 5
80 30 0.476 2 4
43 15 0.136 2 1
87 30 0.408 2 0
42 52 0.266 2 3
48 70 0.142 2 5
90 70 0.417 2 4
134 22 0.396 2 4
10 22 0.030 2 4
164 52 0.816 2 1
10 52 0.056 2 4
287 15 0.859 2 0
42 10 0.159 2 0
14 30 0.044 2 3
57 5 0.310 2 0
21 10 0.081 2 5
25 5 0.077 2 0
77 10 0.250 2 1
14 40 0.042 2 4
122 10 0.450 2 1
24 52 0.076 2 0
52 100 0.235 2 4
94 70 0.388 2 0
17 22 0.056 2 5
23 30 0.080 2 4
103 30 0.620 2 0
71 52 0.209 2 5
183 40 0.604 2 5
32 100 0.194 2 0
16 100 0.048 2 0
174 100 0.825 2 0
11 15 0.042 2 0
14 52 0.044 2 1
37 15 0.111 2 0
67 5 0.364 2 1
162 70 0.857 2 0
55 52 0.167 2 5
15 22 0.048 2 5
139 52 0.638 2 1
19 70 0.083 2 3
62 70 0.218 2 0
58 40 0.309 2 4
17 15 0.056 2 4
17 52 0.057 2 0
170 10 1.104 2 0
22 100 0.091 2 3
98 30 0.363 2 4
39 100 0.121 2 3
334 5 1.197 2 3
15 40 0.053 2 4
32 40 0.122 2 0
17 15 0.069 2 4
304 5 1.231 2 5
20 10 0.074 2 4
72 30 0.444 2 3
152 5 0.633 2 1
77 40 0.317 2 3
12 40 0.038 2 0
12 70 0.047 2 0
36 10 0.155 2 4
45 15 0.234 2 1
54 52 0.265 2 4
35 100 0.125 2 1
36 40 0.217 2 1
102 52 0.298 2 5
61 100 0.365 2 3
54 100 0.160 2 3
24 5 0.104 2 0
37 100 0.206 2 0
12 22 0.081 2 0
53 5 0.254 2 4
10 70 0.032 2 1
128 70 0.518 2 4
37 40 0.167 2 5
299 22 1.072 2 4
31 15 0.130 2 0
24 15 0.115 2 1
46 22 0.187 2 5
36 10 0.119 2 1
70 40 0.446 2 1
23 5 0.095 2 3
39 30 0.142 2 5
15 52 0.072 2 3
13 5 0.056 2 5
35 70 0.215 2 1
15 15 0.046 2 0
12 30 0.047 2 3
143 22 0.500 2 5
12 70 0.067 2 1
11 52 0.037 2 0
25 40 0.156 2 5
94 15 0.477 2 0
18 40 0.062 2 3
41 5 0.179 2 4
114 70 0.376 2 0
56 100 0.230 2 0
97 100 0.554 2 3
21 30 0.073 2 1
20 40 0.094 2 0
181 52 0.649 2 0
37 52 0.167 2 3
26 15 0.119 2 0
32 10 0.203 2 3
42 15 0.125 2 3
82 40 0.327 2 0
112 5 0.362 2 0
13 15 0.047 2 0
15 52 0.046 2 4
17 52 0.070 2 5
17 5 0.097 2 1
43 40 0.128 2 1
24 30 0.125 2 3
146 22 0.967 2 0
165 40 0.534 2 5
14 40 0.067 2 5
12 5 0.036 2 5
142 10 0.643 2 0
220 70 1.257 2 0
47 22 0.224 2 0
33 22 0.147 2 0
56 5 0.194 2 0
152 10 0.618 2 1
110 100 0.331 2 4
197 15 0.985 2 1
13 15 0.052 2 4
29 100 0.192 2 4
17 40 0.079 2 5
40 70 0.136 2 0
14 5 0.064 2 0
117 70 0.345 2 3
15 22 0.059 2 5
72 10 0.393 2 5
95 40 0.298 2 1
93 5 0.288 2 1
16 40 0.055 2 0
42 15 0.250 2 3
18 40 0.064 2 5
166 52 0.735 2 4
79 10 0.288 2 3
51 70 0.183 2 0
21 22 0.096 2 0
144 100 0.560 2 0
331 40 1.092 2 0
30 30 0.126 2 3
29 15 0.165 2 1
52 10 0.221 2 0
136 40 0.407 2 5
96 22 0.331 2 0
289 5 1.762 2 0
31 22 0.104 2 1
24 30 0.147 2 3
115 30 0.481 2 5
110 70 0.526 2 5
152 40 0.647 2 4
11 30 0.059 2 4
10 22 0.036 2 0
18 15 0.094 2 4
76 100 0.325 2 0
12 10 0.042 2 1
30 10 0.199 2 4
19 100 0.088 2 3
31 40 0.170 2 1
15 15 0.066 2 4
28 70 0.101 2 0
181 30 1.052 2 0
26 5 0.144 2 0
51 5 0.243 2 3
14 5 0.089 2 4
19 100 0.102 2 1
80 22 0.264 2 4
77 5 0.481 2 0
149 30 0.680 2 3
61 70 0.254 2 1
152 5 0.465 2 5
33 10 0.119 2 5
14 22 0.050 2 0
40 100 0.154 2 1
159 52 0.502 2 1
207 22 0.605 2 4
36 5 0.186 2 4
96 15 0.503 2 3
199 52 0.754 2 0
255 5 0.836 2 0
11 15 0.057 2 3
14 52 0.062 2 3
24 30 0.110 2 5
32 52 0.144 2 0
82 5 0.252 2 5
17 52 0.062 2 1
192 40 0.611 2 3
206 52 0.628 2 0
189 15 0.708 2 3
84 5 0.249 2 3
141 15 0.656 2 0
65 70 0.278 2 1
167 15 0.580 2 4
112 22 0.577 2 0
89 70 0.489 2 1
20 40 0.116 2 1
37 10 0.109 2 0
14 15 0.043 2 4
227 70 0.844 2 5
19 5 0.099 2 5
59 10 0.291 2 5
226 30 1.189 2 0
46 5 0.272 2 0
34 5 0.211 2 1
39 22 0.260 2 4
61 100 0.276 2 1
38 5 0.171 2 0
329 30 0.982 2 4
26 40 0.110 2 5
92 52 0.305 2 0
66 5 0.228 2 0
79 100 0.245 2 3
31 70 0.102 2 0
13 100 0.044 2 0
10 70 0.032 2 0
21 22 0.134 2 1
19 5 0.063 2 0
19 30 0.113 2 1
59 40 0.259 2 0
15 30 0.057 2 4
86 10 0.455 2 4
15 40 0.058 2 3
15 10 0.091 2 4
111 10 0.391 2 5
50 52 0.195 2 5
86 10 0.333 2 5
68 100 0.224 2 0
58 52 0.249 2 3
37 40 0.109 2 1
14 40 0.066 2 0
50 22 0.275 2 0
106 52 0.693 2 0
297 15 1.515 2 0
77 22 0.304 2 5
26 22 0.109 2 5
24 100 0.127 2 0
23 15 0.135 2 0
16 15 0.047 2 4
11 52 0.045 2 5
11 10 0.067 2 5
17 30 0.063 2 4
57 52 0.315 2 4
127 5 0.702 2 5
132 40 0.532 2 1
36 30 0.114 2 4
182 52 0.924 2 0
181 70 0.593 2 5
74 22 0.223 2 1
17 100 0.065 2 3
274 30 0.806 2 4
130 70 0.793 2 0
13 100 0.064 2 4
52 15 0.161 2 0
40 5 0.134 2 3
75 10 0.277 2 3
25 40 0.077 2 5
125 70 0.601 2 1
12 100 0.063 2 0
16 40 0.105 2 5
29 10 0.179 2 5
19 5 0.113 2 0
19 70 0.068 2 4
21 100 0.096 2 0
11 100 0.072 2 4
43 10 0.240 2 0
75 5 0.231 2 1
150 10 0.789 2 1
24 22 0.087 2 0
10 22 0.052 2 0
20 5 0.099 2 1
158 70 0.819 2 1
27 30 0.093 2 1
154 40 0.449 2 0
44 40 0.146 2 4
11 15 0.044 2 0
14 40 0.048 2 3
109 22 0.431 2 5
11 10 0.043 2 4
55 5 0.259 2 5
37 70 0.216 2 3
19 30 0.082 2 0
158 15 0.577 2 3
18 15 0.054 2 0
96 15 0.290 2 5
323 40 1.775 2 1
30 100 0.102 2 0
174 30 0.961 2 3
19 15 0.088 2 0
28 5 0.162 2 4
25 100 0.159 2 3
81 40 0.236 2 4
44 15 0.263 2 1
46 52 0.168 2 3
102 70 0.457 2 0
84 52 0.294 2 0
42 40 0.273 2 0
58 40 0.229 2 5
42 40 0.268 2 5
81 15 0.270 2 4
16 70 0.052 2 4
130 15 0.516 2 0
71 30 0.300 2 0
10 5 0.033 2 1
22 40 0.081 2 1
70 5 0.329 2 0
58 22 0.362 2 4
332 5 1.627 2 0
12 30 0.078 2 5
76 52 0.283 2 1
29 22 0.134 2 0
46 10 0.254 2 4
81 10 0.286 2 3
290 10 1.408 2 1
28 100 0.139 2 0
27 100 0.082 2 1
18 22 0.079 2 0
68 100 0.239 2 3
85 70 0.438 2 0
14 100 0.042 2 1
19 52 0.109 2 4
69 30 0.217 2 0
34 10 0.104 2 0
13 10 0.051 2 5
12 100 0.058 2 0
93 22 0.474 2 5
39 10 0.165 2 4
29 100 0.151 2 0
15 70 0.074 2 4
207 100 0.616 2 1
241 40 1.126 2 5
19 10 0.083 2 1
194 52 1.054 2 1
27 10 0.092 2 4
61 15 0.298 2 0
67 5 0.216 2 0
163 30 0.610 2 1
106 22 0.426 2 1
103 22 0.406 2 3
25 10 0.166 2 5
13 70 0.049 2 4
54 52 0.210 2 0
126 70 0.474 2 0
64 22 0.209 2 3
69 100 0.394 2 3
86 70 0.314 2 4
55 70 0.276 2 3
49 22 0.232 2 0
59 15 0.210 2 1
13 40 0.056 2 1
20 30 0.076 2 4
18 40 0.059 2 0
73 70 0.229 2 3
301 100 0.920 2 1
169 52 0.782 2 0
208 30 0.846 2 0
15 22 0.048 2 4
14 15 0.069 2 5
17 15 0.098 2 5
147 52 0.631 2 4
159 10 0.564 2 0
81 10 0.272 2 5
339 5 1.228 2 0
37 15 0.125 2 5
129 40 0.729 2 5
14 30 0.050 2 0
45 30 0.164 2 0
13 5 0.040 2 0
54 40 0.176 2 0
12 15 0.050 2 4
148 100 0.855 2 4
119 30 0.395 2 0
16 100 0.047 2 0
34 15 0.118 2 4
15 22 0.069 2 1
52 10 0.304 2 3
10 5 0.044 2 0
33 40 0.106 2 5
72 5 0.426 2 3
43 30 0.242 2 0
171 10 0.528 2 5
16 15 0.106 2 1
128 52 0.815 2 0
12 52 0.052 2 0
37 30 0.166 2 1
32 52 0.182 2 1
159 10 0.909 2 4
19 52 0.078 2 1
14 30 0.055 2 4
33 30 0.111 2 3
21 70 0.096 2 0
231 10 1.022 2 3
26 5 0.079 2 0
18 30 0.105 2 5
185 22 1.128 2 4
196 70 1.307 2 1
323 52 1.417 2 5
61 70 0.341 2 5
56 10 0.187 2 0
285 15 1.657 2 4
47 30 0.276 2 0
21 22 0.073 2 4
48 15 0.276 2 1
112 70 0.337 2 4
12 40 0.062 2 0
17 70 0.056 2 5
28 22 0.124 2 3
11 22 0.035 2 3
32 70 0.171 2 3
18 30 0.078 2 5
73 52 0.395 2 0
119 30 0.357 2 1
152 22 0.927 2 5
178 70 0.881 2 3
41 40 0.152 2 0
138 15 0.496 2 1
51 15 0.188 2 3
74 30 0.254 2 5
51 40 0.243 2 4
27 52 0.140 2 1
55 10 0.167 2 0
49 70 0.159 2 4
49 15 0.176 2 3
19 52 0.056 2 0
72 10 0.286 2 0
74 5 0.383 2 5
15 5 0.051 2 4
188 5 0.720 2 5
27 30 0.147 2 5
171 52 0.650 2 4
11 70 0.052 2 0
72 30 0.273 2 5
219 10 0.912 2 4
10 70 0.035 2 5
234 30 0.944 2 0
306 100 1.500 2 0
23 100 0.098 2 5
124 15 0.432 2 0
20 22 0.065 2 1
237 100 0.703 2 5
100 40 0.476 2 0
25 100 0.074 2 4
38 15 0.141 2 3
19 5 0.097 2 3
35 5 0.145 2 4
14 5 0.053 2 0
199 15 0.689 2 3
15 70 0.086 2 4
76 30 0.256 2 0
39 30 0.115 2 0
16 22 0.060 2 5
30 5 0.129 2 4
22 52 0.119 2 1
78 5 0.252 2 0
37 5 0.118 2 0
77 15 0.300 2 0
17 52 0.100 2 0
243 100 1.491 2 0
93 40 0.403 2 1
73 100 0.287 2 0
16 52 0.099 2 5
149 15 0.968 2 3
120 10 0.583 2 0
15 5 0.067 2 4
15 52 0.082 2 4
185 10 1.201 2 0
186 22 0.574 2 1
57 5 0.190 2 1
43 22 0.155 2 1
32 15 0.156 2 0
37 5 0.113 2 5
26 30 0.117 2 0
236 15 1.083 2 5
11 22 0.033 2 5
19 5 0.068 2 4
13 22 0.056 2 1
11 5 0.033 2 4
30 70 0.161 2 5
25 15 0.097 2 0
25 30 0.106 2 0
52 70 0.167 2 5
27 5 0.130 2 0
26 30 0.165 2 0
296 5 1.534 2 0
13 70 0.049 2 3
79 10 0.465 2 4
10 10 0.042 2 0
51 52 0.243 2 0
42 30 0.125 2 0
90 10 0.319 2 0
75 40 0.395 2 1
38 10 0.141 2 1
173 10 1.146 2 1
11 10 0.052 2 4
27 22 0.102 2 0
46 22 0.180 2 4
53 22 0.215 2 0
31 30 0.090 2 5
236 70 1.229 2 3
40 100 0.219 2 3
16 70 0.059 2 3
14 15 0.047 2 4
49 5 0.160 2 0
26 70 0.115 2 3
48 100 0.160 2 0
126 40 0.490 2 4
13 5 0.081 2 5
44 100 0.198 2 1
58 5 0.227 2 3
69 52 0.434 2 1
108 30 0.412 2 4
78 30 0.278 2 4
252 10 1.636 2 0
15 10 0.066 2 0
12 30 0.074 2 1
22 40 0.091 2 5
42 70 0.221 2 0
23 15 0.116 2 0
54 30 0.230 2 4
14 40 0.056 2 1
64 70 0.193 2 4
14 15 0.042 2 1
16 30 0.055 2 1
154 100 0.579 2 0
164 40 0.882 2 0
25 30 0.093 2 4
182 10 0.984 2 3
25 15 0.160 2 5
189 52 0.687 2 5
19 5 0.074 2 3
53 70 0.249 2 4
160 30 0.941 2 0
151 5 0.665 2 0
12 10 0.038 2 5
281 22 1.703 2 1
25 10 0.119 2 0
51 10 0.235 2 0
78 30 0.506 2 5
33 70 0.173 2 0
239 15 1.183 2 0
98 52 0.576 2 0
13 10 0.058 2 5
220 10 1.410 2 0
10 5 0.059 2 5
76 10 0.304 2 0
199 22 1.276 2 1
51 15 0.192 2 0
40 15 0.155 2 1
166 10 0.599 2 1
63 15 0.216 2 0
11 30 0.059 2 5
195 10 0.911 2 1
37 15 0.236 2 1
37 40 0.149 2 3
35 15 0.116 2 0
47 30 0.177 2 0
56 70 0.275 2 4
12 70 0.043 2 3
12 70 0.056 2 5
66 52 0.365 2 1
13 52 0.041 2 0
26 70 0.089 2 0
17 10 0.068 2 0
37 52 0.219 2 0
11 52 0.037 2 1
61 100 0.292 2 1
27 52 0.083 2 0
16 30 0.051 2 1
181 5 0.699 2 5
36 52 0.237 2 1
53 22 0.260 2 5
199 15 1.236 2 4
48 5 0.223 2 4
26 5 0.086 2 0
16 52 0.068 2 1
13 52 0.038 2 0
17 5 0.061 2 1
10 40 0.065 2 3
49 15 0.233 2 5
11 70 0.069 2 1
101 22 0.635 2 1
186 15 0.569 2 0
42 22 0.126 2 5
57 100 0.222 2 0
189 15 0.727 2 5
90 30 0.345 2 1
56 40 0.187 2 0
94 15 0.635 2 0
16 22 0.087 2 4
33 5 0.101 2 4
18 5 0.053 2 3
79 30 0.329 2 1
13 5 0.050 2 1
17 5 0.076 2 3
99 40 0.295 2 1
104 70 0.370 2 4
185 15 1.142 2 0
44 52 0.253 2 5
232 40 0.737 2 5
64 100 0.208 2 3
125 15 0.558 2 5
137 40 0.486 2 0
12 52 0.066 2 3
65 5 0.217 2 5
11 70 0.041 2 3
157 70 1.006 2 0
34 70 0.205 2 0
148 5 0.692 2 0
324 40 1.165 2 3
79 70 0.343 2 4
21 22 0.113 2 3
116 15 0.483 2 3
35 100 0.145 2 0
138 10 0.812 2 1
34 100 0.193 2 0
17 52 0.096 2 4
37 100 0.222 2 3
170 10 0.773 2 0
45 30 0.138 2 3
75 52 0.350 2 4
29 52 0.108 2 0
176 100 0.601 2 4
134 40 0.402 2 3
146 30 0.555 2 0
17 5 0.109 2 4
182 100 1.017 2 0
155 100 0.686 2 0
19 52 0.073 2 0
70 30 0.209 2 5
13 10 0.052 2 0
24 5 0.090 2 1
189 40 1.062 2 4
83 10 0.297 2 0
123 40 0.504 2 4
131 22 0.701 2 0
122 100 0.739 2 5
115 52 0.509 2 5
93 40 0.384 2 0
17 22 0.063 2 0
209 22 1.267 2 0
10 40 0.056 2 5
19 30 0.059 2 5
143 5 0.455 2 5
26 70 0.094 2 3
36 30 0.118 2 0
36 22 0.153 2 3
129 100 0.787 2 0
98 10 0.480 2 5
28 10 0.128 2 3
25 5 0.088 2 1
91 100 0.277 2 0
19 30 0.057 2 0
17 22 0.078 2 1
176 40 0.640 2 0
54 52 0.365 2 4
53 70 0.193 2 0
44 40 0.135 2 1
155 15 0.608 2 5
302 22 0.977 2 0
54 5 0.209 2 0
74 10 0.500 2 0
61 10 0.313 2 0
143 52 0.586 2 0
16 70 0.053 2 0
165 5 0.971 2 0
102 70 0.336 2 3
15 100 0.044 2 1
16 22 0.067 2 5
185 40 0.837 2 3
16 30 0.099 2 3
173 30 0.518 2 1
12 30 0.061 2 1
127 30 0.543 2 4
72 52 0.369 2 5
97 15 0.353 2 4
136 10 0.866 2 3
42 52 0.132 2 0
124 15 0.626 2 5
25 100 0.138 2 4
53 5 0.273 2 3
31 52 0.097 2 4
19 100 0.069 2 0
241 52 0.906 2 4
42 100 0.187 2 0
58 40 0.236 2 4
10 70 0.051 2 1
259 52 0.896 2 0
141 15 0.498 2 1
105 22 0.330 2 5
162 52 0.942 2 5
17 30 0.091 2 5
41 15 0.166 2 3
186 22 0.559 2 1
64 22 0.309 2 0
51 52 0.331 2 5
45 15 0.271 2 0
31 40 0.199 2 0
225 5 0.915 2 5
15 70 0.059 2 4
57 30 0.281 2 0
53 15 0.323 2 0
43 40 0.274 2 0
32 5 0.213 2 4
22 100 0.075 2 4
12 30 0.066 2 5
31 15 0.142 2 4
114 52 0.530 2 0
129 10 0.489 2 3
44 10 0.270 2 1
11 70 0.034 2 1
26 70 0.105 2 0
28 52 0.160 2 0
36 10 0.129 2 3
32 70 0.101 2 5
19 40 0.104 2 1
61 15 0.216 2 3
14 22 0.045 2 1
61 70 0.201 2 0
36 40 0.179 2 3
139 10 0.635 2 0
87 52 0.468 2 1
54 100 0.314 2 4
43 30 0.151 2 3
17 52 0.097 2 4
38 100 0.161 2 3
39 70 0.157 2 4
23 100 0.078 2 1
13 70 0.075 2 0
43 30 0.257 2 0
37 15 0.117 2 5
14 52 0.064 2 3
179 52 0.731 2 1
73 30 0.267 2 0
33 40 0.201 2 0
14 52 0.050 2 5
267 52 0.924 2 1
18 70 0.111 2 1
10 15 0.036 2 5
41 15 0.182 2 4
10 40 0.040 2 1
72 5 0.288 2 0
153 15 0.459 2 5
11 30 0.046 2 4
221 40 0.982 2 5
24 15 0.085 2 0
34 5 0.109 2 0
12 5 0.078 2 4
27 22 0.088 2 5
12 30 0.043 2 1
33 15 0.206 2 4
143 5 0.899 2 4
19 15 0.095 2 5
27 70 0.113 2 0
20 15 0.123 2 0
22 15 0.076 2 0
229 52 0.830 2 5
39 22 0.115 2 0
51 70 0.345 2 4
60 10 0.259 2 0
286 40 1.409 2 4
15 30 0.058 2 0
32 22 0.111 2 0
320 5 1.461 2 5
13 52 0.049 2 1
28 40 0.108 2 3
185 15 0.573 2 1
12 22 0.064 2 4
21 70 0.124 2 4
29 15 0.193 2 4
17 70 0.061 2 4
12 100 0.042 2 4
48 70 0.219 2 5
127 5 0.374 2 0
109 40 0.522 2 3
13 22 0.053 2 0
28 30 0.104 2 5
90 22 0.393 2 0
15 30 0.044 2 5
20 15 0.075 2 5
16 5 0.055 2 4
143 10 0.574 2 1
251 30 1.559 2 0
140 52 0.490 2 1
141 15 0.483 2 1
190 22 0.653 2 4
10 22 0.053 2 4
10 100 0.047 2 5
175 15 0.754 2 0
193 52 0.906 2 0
33 15 0.163 2 4
274 10 0.867 2 3
120 10 0.444 2 0
15 15 0.057 2 3
33 5 0.191 2 0
29 40 0.129 2 5
34 100 0.195 2 4
53 52 0.272 2 4
34 5 0.156 2 3
74 22 0.310 2 0
85 15 0.297 2 5
154 10 0.623 2 3
68 40 0.240 2 1
65 22 0.332 2 1
62 10 0.383 2 5
76 15 0.229 2 1
24 22 0.080 2 1
151 40 0.621 2 5
60 22 0.181 2 3
81 40 0.288 2 4
57 30 0.171 2 0
47 70 0.140 2 0
218 10 0.838 2 3
72 15 0.241 2 0
67 40 0.235 2 4
15 40 0.044 2 1
19 52 0.074 2 3
10 22 0.037 2 1
12 5 0.041 2 0
108 22 0.319 2 5
307 40 1.295 2 1
174 15 1.048 2 0
24 52 0.084 2 4
35 52 0.136 2 4
103 52 0.415 2 4
65 100 0.211 2 0
21 40 0.124 2 0
38 70 0.134 2 0
173 70 0.972 2 1
52 70 0.155 2 3
17 40 0.066 2 1
39 100 0.155 2 1
15 30 0.046 2 1
138 5 0.663 2 4
16 70 0.056 2 3
192 22 0.932 2 5
11 40 0.038 2 4
32 100 0.131 2 1
33 52 0.204 2 1
167 30 0.645 2 4
19 30 0.060 2 5
10 10 0.056 2 4
43 10 0.181 2 0
316 22 1.295 2 1
23 10 0.151 2 0
29 5 0.155 2 4
282 15 1.133 2 5
16 70 0.106 2 4
99 30 0.547 2 1
18 40 0.076 2 5
14 70 0.044 2 4
151 70 0.733 2 0
35 52 0.203 2 5
19 15 0.073 2 0
65 70 0.192 2 5
62 100 0.222 2 0
46 5 0.186 2 5
39 52 0.227 2 1
15 22 0.083 2 4
153 40 0.911 2 3
22 15 0.115 2 4
62 22 0.241 2 0
184 70 1.115 2 0
48 5 0.244 2 0
44 30 0.145 2 0
46 15 0.139 2 0
89 40 0.287 2 3
31 15 0.104 2 4
39 22 0.136 2 5
17 10 0.061 2 1
93 52 0.368 2 1
247 52 1.544 2 5
173 52 0.643 2 4
36 22 0.193 2 0
19 52 0.060 2 0
40 40 0.165 2 1
21 22 0.117 2 3
23 70 0.082 2 3
76 40 0.299 2 1
14 22 0.065 2 0
29 40 0.086 2 0
16 5 0.065 2 0
106 15 0.515 2 0
18 30 0.067 2 1
43 22 0.151 2 1
74 10 0.363 2 5
42 5 0.225 2 1
112 5 0.727 2 3
114 10 0.416 2 0
57 10 0.235 2 1
19 70 0.070 2 0
55 52 0.203 2 5
10 40 0.041 2 1
65 100 0.198 2 0
52 70 0.256 2 0
20 10 0.087 2 5
18 30 0.087 2 0
15 22 0.059 2 0
83 70 0.324 2 4
171 100 0.620 2 0
20 30 0.073 2 5
23 70 0.108 2 4
11 15 0.037 2 3
58 10 0.211 2 0
69 15 0.367 2 1
141 22 0.820 2 3
26 22 0.089 2 0
95 22 0.621 2 0
84 70 0.488 2 1
34 5 0.108 2 3
18 30 0.079 2 5
39 10 0.190 2 4
13 15 0.080 2 4
14 10 0.054 2 4
45 15 0.190 2 5
77 30 0.292 2 1
10 100 0.038 2 3
35 70 0.104 2 0
14 15 0.054 2 0
49 52 0.191 2 0
84 40 0.312 2 4
116 15 0.527 2 0
56 40 0.199 2 4
123 15 0.365 2 0
23 40 0.073 2 0
27 15 0.115 2 0
19 40 0.066 2 4
132 30 0.398 2 0
10 15 0.034 2 0
53 40 0.346 2 4
17 30 0.054 2 1
47 15 0.156 2 1
107 5 0.358 2 5
16 100 0.054 2 0
66 10 0.245 2 4
19 40 0.065 2 1
34 40 0.145 2 5
31 22 0.104 2 3
52 5 0.182 2 1
20 15 0.074 2 0
16 10 0.067 2 1
68 22 0.395 2 0
30 5 0.179 2 0
13 15 0.078 2 3
30 15 0.200 2 5
20 15 0.093 2 0
45 70 0.190 2 4
111 22 0.359 2 1
197 30 1.042 2 0
26 5 0.115 2 1
193 10 0.919 2 0
128 30 0.510 2 0
300 22 1.351 2 4
75 10 0.263 2 0
337 15 1.012 2 5
281 70 1.022 2 4
33 70 0.097 2 0
195 52 1.021 2 3
68 70 0.267 2 1
75 70 0.341 2 1
53 5 0.185 2 5
22 15 0.067 2 0
34 40 0.157 2 3
45 52 0.142 2 3
222 15 0.718 2 0
147 70 0.681 2 0
120 52 0.750 2 0
21 10 0.065 2 5
34 5 0.145 2 0
11 100 0.035 2 1
57 52 0.189 2 0
67 15 0.224 2 0
10 100 0.045 2 4
56 15 0.199 2 3
33 52 0.096 2 5
100 10 0.331 2 3
77 22 0.520 2 4
176 30 0.889 2 5
71 40 0.248 2 3
35 30 0.167 2 3
30 40 0.126 2 5
62 40 0.200 2 0
117 52 0.509 2 3
22 70 0.126 2 0
11 40 0.035 2 4
150 5 0.661 2 0
33 15 0.184 2 5
55 22 0.279 2 5
136 100 0.472 3 4
30 52 0.153 3 0
16 100 0.052 3 5
54 15 0.174 3 0
21 70 0.107 3 2
16 70 0.054 3 4
145 10 0.890 3 5
15 100 0.045 3 2
36 22 0.157 3 0
59 22 0.203 3 2
30 10 0.118 3 0
100 5 0.312 3 2
65 30 0.271 3 0
21 5 0.091 3 2
69 52 0.254 3 1
69 5 0.212 3 0
16 22 0.082 3 5
73 5 0.279 3 2
330 5 1.435 3 5
12 10 0.061 3 1
159 52 0.869 3 1
26 30 0.141 3 0
71 52 0.266 3 0
99 5 0.340 3 5
16 10 0.059 3 5
81 15 0.285 3 5
14 30 0.055 3 2
46 5 0.197 3 0
10 5 0.035 3 1
36 5 0.110 3 1
41 10 0.136 3 4
98 52 0.345 3 4
223 70 0.832 3 0
78 70 0.523 3 5
295 5 0.894 3 1
29 40 0.101 3 5
19 30 0.069 3 1
267 52 1.428 3 2
80 40 0.406 3 5
18 22 0.108 3 0
77 40 0.414 3 0
176 52 0.941 3 2
62 30 0.419 3 1
61 5 0.372 3 5
11 40 0.038 3 0
209 100 0.913 3 1
19 10 0.064 3 5
29 30 0.106 3 0
26 52 0.103 3 5
308 30 1.460 3 0
17 100 0.050 3 0
43 100 0.244 3 2
117 22 0.506 3 5
103 30 0.392 3 4
20 5 0.097 3 5
277 5 0.863 3 1
41 10 0.220 3 4
36 52 0.124 3 5
36 52 0.130 3 4
25 10 0.089 3 5
84 5 0.253 3 4
47 15 0.142 3 0
48 100 0.146 3 5
57 22 0.218 3 0
17 22 0.099 3 5
12 15 0.059 3 0
13 30 0.078 3 1
138 52 0.847 3 5
99 40 0.651 3 5
186 30 0.753 3 0
10 30 0.053 3 4
35 100 0.194 3 0
12 52 0.052 3 2
187 70 0.711 3 1
17 10 0.079 3 2
66 30 0.227 3 0
12 10 0.039 3 0
29 100 0.156 3 4
246 40 1.139 3 5
23 5 0.126 3 4
73 70 0.220 3 1
19 5 0.077 3 2
23 10 0.071 3 2
16 15 0.050 3 0
141 100 0.415 3 0
147 30 0.605 3 2
13 15 0.038 3 4
280 30 1.273 3 0
47 100 0.266 3 1
191 52 0.586 3 2
12 40 0.038 3 1
163 15 0.906 3 2
307 22 1.085 3 0
17 15 0.056 3 4
23 40 0.124 3 0
22 40 0.104 3 1
18 52 0.095 3 0
14 30 0.060 3 4
26 70 0.089 3 4
15 5 0.082 3 0
65 15 0.201 3 5
33 100 0.131 3 5
73 100 0.324 3 1
11 52 0.032 3 2
12 22 0.037 3 0
14 5 0.049 3 1
92 40 0.428 3 0
117 22 0.472 3 1
59 10 0.291 3 0
37 70 0.164 3 5
26 40 0.172 3 0
184 100 1.017 3 5
31 22 0.188 3 0
14 10 0.074 3 4
15 30 0.075 3 2
101 70 0.451 3 0
57 30 0.232 3 0
19 100 0.064 3 1
17 10 0.050 3 4
11 52 0.036 3 2
73 15 0.453 3 4
63 5 0.186 3 4
67 22 0.268 3 0
22 70 0.115 3 1
39 70 0.118 3 1
270 70 0.918 3 0
139 52 0.732 3 0
95 30 0.394 3 0
50 15 0.279 3 1
27 5 0.119 3 4
103 30 0.440 3 0
112 10 0.360 3 0
65 40 0.210 3 0
11 100 0.057 3 1
20 10 0.108 3 2
10 10 0.057 3 1
10 10 0.065 3 5
20 10 0.105 3 2
41 40 0.263 3 2
47 22 0.219 3 0
102 30 0.332 3 4
75 30 0.385 3 2
262 22 1.159 3 0
20 52 0.067 3 0
26 5 0.135 3 0
319 15 2.032 3 4
15 30 0.070 3 1
38 52 0.145 3 2
51 22 0.288 3 1
27 100 0.180 3 2
41 5 0.216 3 0
13 70 0.040 3 0
33 22 0.136 3 4
14 40 0.052 3 1
153 100 0.827 3 0
87 70 0.383 3 0
65 22 0.206 3 0
157 40 0.479 3 1
48 52 0.206 3 5
23 22 0.110 3 1
15 5 0.087 3 0
17 10 0.068 3 0
40 100 0.125 3 2
19 30 0.070 3 4
28 10 0.102 3 4
17 52 0.051 3 0
16 30 0.066 3 1
47 22 0.218 3 0
15 52 0.055 3 1
65 22 0.406 3 1
27 10 0.090 3 5
179 70 0.605 3 0
93 30 0.322 3 4
19 40 0.058 3 0
13 70 0.058 3 2
76 52 0.444 3 5
117 30 0.727 3 4
42 40 0.181 3 0
77 30 0.484 3 5
17 40 0.071 3 2
18 52 0.105 3 0
13 22 0.045 3 1
31 5 0.161 3 2
55 70 0.194 3 2
15 5 0.047 3 2
320 22 1.036 3 2
72 40 0.306 3 4
159 30 0.883 3 1
19 5 0.064 3 4
235 15 0.983 3 0
47 52 0.159 3 5
184 15 0.571 3 0
24 10 0.122 3 1
28 15 0.168 3 1
175 100 0.879 3 0
228 30 0.954 3 4
77 30 0.277 3 4
39 52 0.130 3 5
60 5 0.199 3 1
43 15 0.250 3 2
17 30 0.052 3 1
38 52 0.151 3 0
22 15 0.067 3 2
13 40 0.067 3 4
12 15 0.067 3 2
70 40 0.314 3 1
19 5 0.127 3 0
21 100 0.083 3 1
77 100 0.280 3 0
42 15 0.276 3 4
35 5 0.109 3 0
11 100 0.060 3 0
73 22 0.348 3 0
65 40 0.222 3 2
44 40 0.202 3 4
26 40 0.168 3 4
22 15 0.094 3 1
74 40 0.218 3 0
72 52 0.335 3 5
29 10 0.153 3 2
10 30 0.044 3 5
51 15 0.212 3 0
59 100 0.207 3 0
197 10 1.139 3 0
70 100 0.240 3 4
182 30 1.117 3 0
35 5 0.107 3 5
10 52 0.030 3 4
62 30 0.215 3 4
10 100 0.045 3 0
245 30 0.946 3 0
246 100 1.047 3 5
22 15 0.070 3 5
29 52 0.124 3 0
63 70 0.238 3 0
32 30 0.119 3 5
13 30 0.071 3 2
15 70 0.052 3 4
30 10 0.110 3 0
15 52 0.082 3 0
64 15 0.362 3 0
68 15 0.207 3 2
288 22 1.134 3 1
27 40 0.117 3 0
273 10 0.922 3 4
190 15 1.138 3 1
12 52 0.052 3 0
138 40 0.587 3 2
26 40 0.105 3 4
16 52 0.103 3 0
12 30 0.043 3 1
122 52 0.521 3 1
114 5 0.496 3 5
71 70 0.284 3 5
56 10 0.204 3 5
62 15 0.207 3 2
43 100 0.131 3 1
183 15 0.995 3 0
53 100 0.218 3 4
23 100 0.125 3 4
119 22 0.633 3 2
136 5 0.557 3 0
129 22 0.589 3 2
77 100 0.226 3 2
36 10 0.111 3 2
53 52 0.181 3 5
144 40 0.576 3 4
92 70 0.451 3 0
49 5 0.193 3 4
35 100 0.171 3 4
18 100 0.067 3 4
24 70 0.111 3 5
58 15 0.352 3 4
188 5 1.068 3 1
36 10 0.106 3 0
42 70 0.247 3 5
14 100 0.049 3 2
69 10 0.217 3 1
76 30 0.232 3 0
129 10 0.584 3 0
332 10 1.865 3 4
59 22 0.192 3 2
15 5 0.047 3 2
172 22 0.510 3 0
13 70 0.042 3 5
281 100 1.713 3 2
10 10 0.031 3 2
198 5 0.756 3 4
17 10 0.054 3 2
75 70 0.254 3 5
43 22 0.186 3 1
66 70 0.388 3 2
21 52 0.131 3 2
31 5 0.156 3 4
15 30 0.069 3 2
19 40 0.079 3 0
141 5 0.928 3 0
69 10 0.292 3 0
67 52 0.392 3 5
17 40 0.097 3 1
16 40 0.049 3 4
15 5 0.058 3 1
198 100 0.961 3 0
15 100 0.085 3 4
36 5 0.106 3 2
57 5 0.375 3 2
11 70 0.055 3 2
183 100 0.596 3 0
10 22 0.067 3 1
148 100 0.692 3 0
14 15 0.050 3 0
202 15 0.735 3 2
146 30 0.516 3 4
38 70 0.116 3 5
30 100 0.117 3 0
17 15 0.095 3 5
109 100 0.399 3 4
191 30 1.248 3 0
280 40 1.393 3 1
266 40 1.642 3 0
99 15 0.312 3 1
33 70 0.220 3 0
126 22 0.708 3 0
14 10 0.093 3 1
14 70 0.047 3 4
36 15 0.123 3 0
62 5 0.325 3 4
194 100 0.829 3 4
42 30 0.131 3 5
158 10 0.554 3 0
125 15 0.625 3 2
78 15 0.300 3 0
32 5 0.139 3 1
40 30 0.129 3 0
19 15 0.114 3 0
12 40 0.053 3 0
26 70 0.118 3 0
149 40 0.851 3 2
10 10 0.046 3 4
55 40 0.251 3 0
14 70 0.078 3 0
55 10 0.262 3 0
130 30 0.520 3 4
182 40 0.695 3 5
37 10 0.189 3 0
10 10 0.037 3 0
35 15 0.190 3 2
19 15 0.068 3 0
102 52 0.570 3 2
34 5 0.189 3 4
14 70 0.070 3 4
27 15 0.090 3 0
31 10 0.090 3 1
11 10 0.072 3 1
33 70 0.122 3 5
68 10 0.316 3 5
18 15 0.059 3 0
47 22 0.240 3 0
37 30 0.112 3 0
36 52 0.115 3 1
47 100 0.140 3 5
61 30 0.203 3 2
19 5 0.110 3 0
22 100 0.107 3 0
132 70 0.684 3 5
87 52 0.319 3 4
32 30 0.101 3 0
114 30 0.740 3 1
19 22 0.128 3 5
241 100 1.369 3 1
79 15 0.266 3 5
32 100 0.212 3 0
66 15 0.340 3 0
39 10 0.122 3 4
73 100 0.239 3 5
17 52 0.094 3 2
26 15 0.087 3 5
50 70 0.284 3 4
171 100 0.510 3 4
36 5 0.119 3 1
47 100 0.261 3 2
21 40 0.076 3 4
37 10 0.118 3 4
157 30 0.474 3 1
32 15 0.149 3 1
29 5 0.165 3 0
86 15 0.386 3 2
27 22 0.095 3 4
183 15 0.553 3 1
134 70 0.427 3 4
14 40 0.042 3 2
16 30 0.051 3 1
152 52 0.598 3 4
14 22 0.045 3 5
10 22 0.030 3 2
45 10 0.296 3 1
60 15 0.377 3 2
53 5 0.235 3 1
16 52 0.080 3 5
118 52 0.615 3 4
74 40 0.231 3 5
19 70 0.064 3 4
209 30 0.716 3 0
148 15 0.705 3 2
25 70 0.099 3 2
332 10 1.502 3 0
79 15 0.441 3 1
79 30 0.397 3 4
47 100 0.184 3 0
36 30 0.115 3 5
60 70 0.205 3 5
33 30 0.097 3 1
18 30 0.068 3 5
143 22 0.761 3 4
12 15 0.061 3 2
76 100 0.507 3 0
17 10 0.054 3 4
127 52 0.774 3 1
16 40 0.069 3 0
102 70 0.427 3 1
155 15 0.829 3 1
274 5 0.935 3 5
10 52 0.040 3 0
16 70 0.071 3 1
53 5 0.202 3 1
186 30 0.671 3 5
19 22 0.059 3 5
32 15 0.170 3 0
37 10 0.155 3 5
15 100 0.062 3 4
43 100 0.219 3 5
274 5 1.181 3 4
119 70 0.474 3 5
180 5 0.766 3 1
47 40 0.166 3 0
12 22 0.049 3 0
15 15 0.089 3 5
237 52 0.843 3 4
51 30 0.258 3 4
154 30 0.851 3 4
51 22 0.162 3 0
15 40 0.066 3 4
199 100 0.594 3 2
17 100 0.065 3 4
66 10 0.384 3 0
17 70 0.098 3 0
178 15 0.555 3 5
36 40 0.111 3 2
62 70 0.268 3 4
59 52 0.306 3 0
142 15 0.714 3 0
70 10 0.211 3 4
20 100 0.063 3 4
61 5 0.185 3 2
134 70 0.460 3 2
266 70 1.113 3 1
69 40 0.434 3 4
253 70 0.771 3 0
55 52 0.272 3 0
150 52 0.515 3 0
58 70 0.180 3 5
53 70 0.225 3 0
53 10 0.286 3 4
236 22 0.808 3 2
55 70 0.201 3 0
70 70 0.370 3 5
67 10 0.299 3 0
33 30 0.148 3 5
32 100 0.118 3 4
42 40 0.154 3 4
10 40 0.049 3 0
256 30 1.128 3 1
39 15 0.222 3 2
26 10 0.128 3 4
50 15 0.157 3 0
186 52 0.782 3 1
61 70 0.202 3 5
12 15 0.058 3 0
103 22 0.648 3 0
61 70 0.204 3 0
67 40 0.394 3 2
29 52 0.095 3 1
114 10 0.477 3 0
51 15 0.230 3 4
38 40 0.115 3 1
109 22 0.509 3 1
182 40 0.565 3 0
12 5 0.055 3 0
76 40 0.475 3 0
17 5 0.052 3 2
115 30 0.653 3 4
13 70 0.052 3 2
264 22 0.981 3 5
78 5 0.242 3 1
43 40 0.135 3 2
35 30 0.126 3 5
48 22 0.174 3 0
11 52 0.064 3 4
62 40 0.223 3 0
79 100 0.356 3 1
168 22 0.522 3 0
85 5 0.359 3 5
168 70 0.743 3 1
27 100 0.119 3 2
48 5 0.289 3 4
60 40 0.265 3 0
63 5 0.206 3 2
148 52 0.955 3 2
185 22 1.225 3 1
110 15 0.567 3 4
10 30 0.058 3 1
18 40 0.084 3 0
301 100 1.824 3 2
158 15 0.969 3 4
312 10 1.328 3 0
26 5 0.118 3 1
139 52 0.781 3 4
129 5 0.527 3 1
15 52 0.050 3 4
83 22 0.344 3 4
120 70 0.397 3 4
140 15 0.432 3 1
293 52 1.655 3 0
72 40 0.253 3 5
40 10 0.250 3 5
44 10 0.156 3 4
65 52 0.222 3 5
25 100 0.145 3 1
69 30 0.318 3 2
24 22 0.092 3 0
190 70 0.583 3 1
24 30 0.088 3 2
16 52 0.061 3 0
13 40 0.061 3 1
153 100 0.573 3 2
177 100 0.617 3 1
31 70 0.205 3 0
41 70 0.247 3 5
33 10 0.161 3 1
73 70 0.254 3 5
56 70 0.217 3 1
37 30 0.200 3 4
110 15 0.539 3 2
151 22 0.452 3 0
184 5 0.664 3 0
255 5 0.789 3 0
285 100 1.575 3 1
161 52 0.524 3 5
106 5 0.379 3 5
206 40 0.928 3 5
14 40 0.063 3 0
38 15 0.111 3 0
37 22 0.181 3 2
29 5 0.088 3 1
62 10 0.231 3 0
34 30 0.129 3 1
171 5 0.529 3 1
137 5 0.884 3 4
19 100 0.063 3 0
233 15 0.900 3 5
28 15 0.088 3 0
36 10 0.112 3 0
33 15 0.096 3 0
137 10 0.422 3 0
238 100 1.000 3 1
25 22 0.078 3 0
13 100 0.043 3 4
53 22 0.351 3 1
14 15 0.044 3 5
24 70 0.108 3 0
18 100 0.073 3 5
13 40 0.046 3 0
22 5 0.083 3 2
259 15 1.639 3 0
183 70 0.943 3 5
264 30 1.725 3 5
40 15 0.130 3 5
27 70 0.083 3 4
101 10 0.395 3 0
11 5 0.054 3 0
52 100 0.249 3 5
142 100 0.835 3 4
157 70 0.773 3 4
62 100 0.365 3 5
151 22 0.537 3 1
65 10 0.271 3 5
61 5 0.207 3 0
144 30 0.427 3 4
20 70 0.062 3 0
46 70 0.212 3 0
14 15 0.047 3 4
42 30 0.203 3 5
36 100 0.119 3 1
256 5 1.028 3 2
13 15 0.062 3 4
38 100 0.257 3 2
194 30 0.572 3 0
23 70 0.074 3 0
44 52 0.134 3 5
171 22 0.731 3 0
14 40 0.078 3 0
27 5 0.173 3 0
16 10 0.054 3 0
223 100 0.910 3 1
59 30 0.174 3 0
50 22 0.223 3 4
18 22 0.086 3 4
119 40 0.640 3 1
44 30 0.142 3 4
46 15 0.199 3 2
317 22 1.003 3 0
237 10 0.859 3 0
28 100 0.154 3 5
51 10 0.331 3 2
68 22 0.214 3 1
16 15 0.064 3 5
53 70 0.183 3 2
149 52 0.634 3 0
201 100 0.953 3 4
16 10 0.086 3 0
139 70 0.486 3 2
41 5 0.212 3 0
40 10 0.167 3 0
141 5 0.475 3 2
133 15 0.455 3 0
47 30 0.174 3 1
46 15 0.183 3 1
17 70 0.051 3 2
29 30 0.093 3 0
15 52 0.044 3 2
17 40 0.093 3 5
12 70 0.050 3 0
25 15 0.098 3 0
107 70 0.514 3 0
25 30 0.078 3 0
178 100 0.894 3 5
51 5 0.295 3 4
55 100 0.243 3 0
163 30 0.568 3 0
16 5 0.075 3 5
109 52 0.462 3 4
14 10 0.045 3 4
23 5 0.071 3 0
33 15 0.151 3 4
56 52 0.182 3 4
60 30 0.196 3 5
46 5 0.198 3 2
17 70 0.062 3 5
114 70 0.351 3 0
69 100 0.220 3 2
273 22 0.929 3 2
288 52 1.021 3 0
19 30 0.067 3 0
63 100 0.240 3 2
13 52 0.041 3 2
13 30 0.079 3 0
14 30 0.047 3 0
29 100 0.129 3 0
32 22 0.159 3 2
111 52 0.417 3 5
12 15 0.035 3 0
31 15 0.118 3 0
147 5 0.482 3 0
88 100 0.500 3 0
166 10 0.731 3 0
68 52 0.221 3 1
106 5 0.440 3 0
301 40 0.974 3 0
12 15 0.039 3 0
245 70 1.522 3 2
297 10 0.977 3 0
12 15 0.037 3 0
106 10 0.457 3 0
33 30 0.154 3 2
11 40 0.043 3 0
13 22 0.039 3 0
15 100 0.060 3 4
205 30 0.683 3 5
140 5 0.596 3 2
13 5 0.053 3 0
33 40 0.185 3 4
14 52 0.043 3 0
47 5 0.173 3 5
27 22 0.114 3 1
29 22 0.196 3 0
72 22 0.313 3 1
11 10 0.046 3 0
286 30 1.040 3 2
35 70 0.232 3 0
68 52 0.338 3 5
317 70 2.045 3 5
28 5 0.150 3 0
212 100 1.050 3 1
24 100 0.105 3 1
19 5 0.098 3 4
199 10 0.809 3 2
30 52 0.127 3 0
94 52 0.516 3 4
50 10 0.189 3 4
11 100 0.034 3 1
241 5 0.811 3 1
138 100 0.734 3 5
99 40 0.409 3 1
11 5 0.055 3 2
180 10 0.978 3 5
67 52 0.272 3 1
290 30 0.850 3 4
163 22 0.511 3 1
68 5 0.420 3 0
30 100 0.100 3 0
25 100 0.095 3 2
71 52 0.218 3 1
320 52 1.322 3 4
10 30 0.035 3 2
164 52 0.812 3 1
80 52 0.442 3 1
50 5 0.203 3 4
45 70 0.165 3 5
107 10 0.322 3 2
16 15 0.086 3 0
130 22 0.670 3 4
26 15 0.109 3 0
15 52 0.053 3 1
315 100 1.583 3 5
32 15 0.099 3 0
62 15 0.184 3 2
41 70 0.272 3 0
64 52 0.208 3 2
179 100 0.541 3 0
156 15 0.602 3 4
45 5 0.144 3 1
50 40 0.203 3 4
11 15 0.038 3 2
10 100 0.046 3 0
12 70 0.050 3 1
36 10 0.170 3 4
192 15 0.787 3 1
12 40 0.052 3 1
17 100 0.084 3 0
73 5 0.238 3 4
42 40 0.179 3 4
37 15 0.131 3 0
21 30 0.065 3 0
63 40 0.273 3 4
242 40 1.274 3 4
29 52 0.131 3 2
57 22 0.216 3 0
38 5 0.147 3 0
76 100 0.284 3 1
71 70 0.230 3 5
249 30 0.755 3 5
172 52 0.656 3 4
20 5 0.060 3 5
217 15 1.226 3 0
183 15 0.880 3 2
124 15 0.523 3 5
66 52 0.221 3 2
24 30 0.097 3 2
10 5 0.034 3 0
36 40 0.109 3 5
87 15 0.292 3 5
78 22 0.459 3 5
124 52 0.747 3 1
35 30 0.119 3 1
39 52 0.118 3 5
61 100 0.194 3 0
12 15 0.036 3 1
35 5 0.134 3 2
18 5 0.075 3 0
62 30 0.193 3 0
56 70 0.194 3 1
99 15 0.325 3 5
32 40 0.096 3 1
51 15 0.338 3 5
46 10 0.146 3 5
146 5 0.793 3 4
74 10 0.416 3 1
19 40 0.073 3 1
86 15 0.379 3 0
76 15 0.232 3 5
50 70 0.221 3 4
41 40 0.246 3 5
36 5 0.183 3 0
326 22 1.791 3 5
61 5 0.323 3 0
28 40 0.128 3 0
58 52 0.182 3 4
120 30 0.519 3 0
62 40 0.182 3 0
74 40 0.335 3 5
63 70 0.296 3 2
108 40 0.517 3 4
25 5 0.112 3 2
96 52 0.475 3 5
24 70 0.150 3 5
285 100 1.839 3 1
258 30 0.966 3 1
60 70 0.256 3 5
166 30 0.524 3 0
15 10 0.057 3 1
15 15 0.094 3 4
36 30 0.146 3 0
11 52 0.052 3 5
11 40 0.038 3 0
84 100 0.389 3 0
64 15 0.308 3 0
67 30 0.307 3 0
87 15 0.263 3 1
10 70 0.029 3 4
13 30 0.056 3 0
14 10 0.085 3 4
161 22 0.682 3 4
78 52 0.433 3 2
26 15 0.084 3 4
21 52 0.072 3 0
16 70 0.066 3 5
61 100 0.184 3 0
73 70 0.311 3 2
72 10 0.483 3 2
20 10 0.092 3 1
52 5 0.158 3 5
123 15 0.606 3 2
166 30 0.728 3 0
19 70 0.066 3 4
50 52 0.170 3 0
13 40 0.047 3 5
133 22 0.470 3 4
19 52 0.094 3 2
34 52 0.137 3 0
36 70 0.131 3 0
64 15 0.188 3 2
16 30 0.048 3 2
46 15 0.148 3 0
30 22 0.115 3 4
41 30 0.130 3 5
20 30 0.081 3 0
176 70 0.759 3 5
51 15 0.238 3 0
56 10 0.188 3 4
313 5 1.134 3 5
334 15 1.653 3 0
156 22 0.567 3 0
13 22 0.053 3 0
18 10 0.057 3 0
19 40 0.073 3 4
10 5 0.056 3 0
17 10 0.067 3 1
131 5 0.716 3 0
75 100 0.256 3 0
56 10 0.184 3 5
37 100 0.204 3 0
36 100 0.229 3 0
77 15 0.353 3 4
15 22 0.052 3 4
74 5 0.359 3 5
20 22 0.087 3 0
100 52 0.327 3 4
32 5 0.119 3 5
16 30 0.071 3 2
66 10 0.369 3 2
333 52 1.337 3 1
11 70 0.043 3 0
29 40 0.157 3 5
31 70 0.140 3 0
74 52 0.351 3 4
260 100 1.275 3 2
25 40 0.150 3 4
54 52 0.353 3 4
12 100 0.036 3 4
11 15 0.060 3 4
332 22 1.173 3 5
85 40 0.278 3 5
247 5 0.724 3 4
144 15 0.435 3 0
19 70 0.058 3 4
80 40 0.500 3 5
98 5 0.412 3 5
132 70 0.537 3 5
19 5 0.059 3 1
281 100 1.216 3 0
101 5 0.303 3 0
34 40 0.114 3 0
26 70 0.151 3 1
33 100 0.108 3 0
10 40 0.039 3 2
45 100 0.167 3 0
90 15 0.588 3 1
18 70 0.066 3 0
48 5 0.140 3 0
11 30 0.051 3 1
265 15 1.677 3 4
154 5 0.716 3 5
145 30 0.498 3 5
16 30 0.052 3 4
23 22 0.088 3 4
36 100 0.197 3 1
141 22 0.671 3 2
19 52 0.061 3 2
13 5 0.040 3 1
31 5 0.092 3 0
157 15 0.590 3 1
84 22 0.433 3 5
73 15 0.258 3 4
19 10 0.058 3 0
12 52 0.063 3 5
60 70 0.232 3 4
10 15 0.040 3 0
53 22 0.169 3 1
17 15 0.067 3 2
66 10 0.229 3 0
286 100 0.973 3 5
137 30 0.539 3 1
25 70 0.074 3 0
62 100 0.325 3 5
91 40 0.360 3 5
128 70 0.462 3 0
12 52 0.060 3 0
96 52 0.492 3 5
12 70 0.077 3 5
169 40 1.070 3 0
18 22 0.101 3 0
26 70 0.113 3 0
36 15 0.131 3 1
86 100 0.422 3 2
80 100 0.267 3 5
71 70 0.449 3 4
32 15 0.140 3 2
84 100 0.528 3 0
59 100 0.225 3 5
45 70 0.260 3 4
78 30 0.438 3 2
44 5 0.250 3 2
299 22 1.599 3 4
12 15 0.036 3 2
36 15 0.165 3 5
20 100 0.086 3 0
62 100 0.209 3 5
140 22 0.418 3 4
175 52 0.579 3 0
35 100 0.187 3 0
10 30 0.034 3 4
18 5 0.091 3 0
15 22 0.047 3 0
82 22 0.414 3 1
154 52 0.474 3 5
11 15 0.058 3 5
287 40 1.840 3 2
46 30 0.161 3 4
22 40 0.088 3 4
17 5 0.073 3 0
63 100 0.288 3 0
11 52 0.041 3 0
45 40 0.180 3 5
111 52 0.578 3 0
12 22 0.047 3 5
13 30 0.049 3 5
43 5 0.139 3 4
35 30 0.157 3 5
246 5 1.171 3 4
92 22 0.269 3 2
33 22 0.106 3 4
49 52 0.217 3 2
195 15 0.639 3 4
104 10 0.318 3 0
56 5 0.256 3 1
41 10 0.120 3 5
46 30 0.275 3 0
135 30 0.699 3 5
189 10 0.553 3 0
34 52 0.111 3 1
60 100 0.260 3 1
129 15 0.467 3 0
77 10 0.350 3 0
28 30 0.169 3 2
327 52 1.176 3 0
17 70 0.055 3 0
34 100 0.133 3 2
14 5 0.071 3 4
10 52 0.029 3 4
171 10 0.574 3 4
19 10 0.076 3 0
322 100 1.704 3 0
126 100 0.575 3 5
16 70 0.070 3 5
107 70 0.637 3 0
39 15 0.159 3 0
109 100 0.441 3 1
104 70 0.638 3 0
157 22 0.494 3 0
14 22 0.054 3 1
15 15 0.060 3 0
24 10 0.103 3 0
51 22 0.170 3 0
54 15 0.258 3 5
115 5 0.370 3 0
15 100 0.070 3 1
77 70 0.403 3 1
36 22 0.208 3 5
13 5 0.071 3 1
95 22 0.279 3 1
110 100 0.445 3 5
250 40 0.753 3 0
231 100 1.343 3 0
21 5 0.065 3 5
12 70 0.080 3 0
17 5 0.101 3 1
63 15 0.201 3 0
21 30 0.130 3 4
76 22 0.274 3 2
56 5 0.250 3 4
276 22 1.136 3 4
59 5 0.322 3 0
14 22 0.056 3 4
73 10 0.293 3 5
10 22 0.041 3 1
254 70 0.969 3 0
38 52 0.162 3 1
11 10 0.050 3 5
157 70 0.543 3 5
95 10 0.525 3 1
266 40 1.215 3 0
14 40 0.062 3 0
113 10 0.354 3 0
34 52 0.186 3 0
267 100 0.887 3 0
63 10 0.294 3 4
119 10 0.672 3 1
198 5 0.884 4 5
252 100 0.869 4 0
45 22 0.160 4 0
24 22 0.112 4 0
12 100 0.054 4 0
37 52 0.113 4 3
13 22 0.039 4 1
336 22 1.024 4 5
59 30 0.201 4 1
40 10 0.125 4 3
47 100 0.173 4 2
11 5 0.034 4 1
39 10 0.162 4 2
20 10 0.065 4 1
95 22 0.397 4 1
198 10 0.725 4 5
23 10 0.080 4 5
15 100 0.051 4 5
14 100 0.049 4 5
15 70 0.061 4 0
18 15 0.066 4 1
35 5 0.139 4 5
196 5 0.678 4 5
16 15 0.085 4 1
26 40 0.090 4 1
77 100 0.262 4 0
123 5 0.438 4 5
19 30 0.068 4 0
15 100 0.098 4 0
33 10 0.110 4 2
11 22 0.057 4 5
47 5 0.260 4 0
170 30 0.720 4 0
37 52 0.181 4 0
20 100 0.132 4 2
36 10 0.114 4 5
22 70 0.081 4 0
65 22 0.295 4 2
61 10 0.313 4 0
62 100 0.230 4 2
188 100 0.582 4 3
23 70 0.080 4 0
22 22 0.082 4 3
69 15 0.253 4 3
256 10 0.908 4 1
31 52 0.105 4 0
17 30 0.085 4 5
213 22 0.938 4 3
106 100 0.606 4 2
41 100 0.268 4 0
85 30 0.445 4 0
92 70 0.318 4 1
11 5 0.041 4 5
24 22 0.107 4 1
60 30 0.175 4 0
43 40 0.131 4 0
98 70 0.439 4 3
10 10 0.034 4 2
48 10 0.183 4 5
195 70 1.300 4 2
206 5 1.020 4 1
16 100 0.073 4 0
85 15 0.343 4 2
121 52 0.393 4 3
36 52 0.133 4 0
160 70 0.571 4 0
221 40 0.906 4 0
45 15 0.157 4 0
16 40 0.050 4 1
18 100 0.087 4 0
24 5 0.146 4 0
77 52 0.252 4 0
24 10 0.077 4 1
32 30 0.101 4 2
227 40 1.107 4 5
18 15 0.073 4 1
52 40 0.311 4 0
112 10 0.663 4 3
15 10 0.097 4 0
12 22 0.036 4 1
145 22 0.522 4 5
19 70 0.106 4 3
180 30 0.564 4 0
42 30 0.159 4 0
25 30 0.145 4 1
68 15 0.436 4 3
48 10 0.143 4 1
19 52 0.056 4 0
49 15 0.259 4 2
136 40 0.586 4 1
77 70 0.336 4 0
11 70 0.032 4 0
19 22 0.088 4 0
15 30 0.086 4 0
74 70 0.400 4 3
10 10 0.032 4 3
25 30 0.074 4 0
15 70 0.088 4 0
12 52 0.058 4 3
21 15 0.114 4 1
18 70 0.090 4 1
22 22 0.086 4 0
32 52 0.105 4 2
149 70 0.788 4 2
24 40 0.074 4 1
14 10 0.047 4 0
12 100 0.036 4 5
20 70 0.079 4 1
11 70 0.040 4 2
15 52 0.075 4 2
127 70 0.415 4 2
107 10 0.439 4 1
133 10 0.616 4 3
90 40 0.363 4 0
14 40 0.077 4 1
62 52 0.341 4 0
50 40 0.287 4 5
18 70 0.097 4 1
23 100 0.075 4 3
194 100 0.645 4 2
53 10 0.238 4 0
35 40 0.124 4 1
91 70 0.448 4 3
62 52 0.281 4 2
11 70 0.034 4 0
13 15 0.054 4 5
174 10 0.767 4 1
11 100 0.046 4 3
54 70 0.236 4 1
36 5 0.191 4 1
323 52 1.737 4 5
12 100 0.064 4 5
24 70 0.073 4 0
24 10 0.144 4 2
23 22 0.068 4 0
145 52 0.587 4 5
19 30 0.098 4 3
14 40 0.066 4 2
14 22 0.044 4 2
18 30 0.069 4 0
16 70 0.067 4 3
59 22 0.284 4 1
68 40 0.362 4 0
95 100 0.404 4 0
21 22 0.081 4 2
28 10 0.098 4 0
30 15 0.140 4 3
34 40 0.189 4 0
75 10 0.302 4 2
33 22 0.118 4 5
16 40 0.047 4 3
74 100 0.425 4 2
37 15 0.156 4 2
65 10 0.227 4 2
10 22 0.033 4 2
17 100 0.108 4 1
12 22 0.036 4 0
135 30 0.449 4 0
48 100 0.189 4 3
111 40 0.455 4 2
11 10 0.036 4 5
27 15 0.080 4 0
90 40 0.536 4 0
16 100 0.082 4 2
47 52 0.276 4 2
109 100 0.411 4 0
66 52 0.287 4 0
27 22 0.083 4 0
136 40 0.834 4 3
196 10 0.605 4 0
111 15 0.337 4 0
66 15 0.226 4 3
13 70 0.063 4 3
73 22 0.230 4 0
58 10 0.247 4 5
40 100 0.240 4 1
11 52 0.058 4 0
37 5 0.155 4 1
250 22 1.506 4 0
158 5 0.470 4 3
26 52 0.099 4 0
18 15 0.067 4 5
31 15 0.169 4 1
16 22 0.047 4 0
18 5 0.066 4 2
112 5 0.469 4 5
58 100 0.283 4 5
114 22 0.735 4 0
58 10 0.171 4 2
160 15 0.578 4 0
14 40 0.051 4 3
31 22 0.092 4 5
27 52 0.161 4 2
131 10 0.391 4 2
123 22 0.492 4 2
70 15 0.330 4 2
14 22 0.050 4 0
19 10 0.102 4 0
53 70 0.290 4 0
27 100 0.122 4 0
54 22 0.199 4 0
122 30 0.477 4 0
184 22 0.848 4 3
20 70 0.061 4 1
14 52 0.050 4 2
31 52 0.093 4 5
50 70 0.245 4 0
183 70 0.663 4 1
165 100 0.563 4 0
28 15 0.137 4 3
16 22 0.098 4 0
63 30 0.412 4 0
41 15 0.137 4 2
17 52 0.059 4 0
50 10 0.227 4 3
36 15 0.188 4 3
53 10 0.346 4 1
37 70 0.129 4 1
37 52 0.159 4 5
58 52 0.232 4 2
27 10 0.169 4 0
265 30 1.268 4 5
176 22 0.951 4 1
23 40 0.074 4 5
21 10 0.106 4 0
30 22 0.097 4 2
12 10 0.036 4 3
40 52 0.143 4 1
223 10 0.712 4 2
160 70 0.653 4 1
70 40 0.355 4 2
245 5 0.848 4 0
41 100 0.120 4 0
176 5 0.522 4 0
24 30 0.135 4 2
125 100 0.397 4 2
20 40 0.119 4 2
66 52 0.222 4 5
62 40 0.360 4 1
173 52 0.668 4 2
149 30 0.710 4 1
121 52 0.446 4 0
15 40 0.067 4 1
27 40 0.127 4 2
188 10 0.814 4 0
131 70 0.570 4 3
81 70 0.474 4 0
54 15 0.177 4 5
325 5 1.401 4 1
35 52 0.119 4 0
62 30 0.390 4 0
238 5 1.286 4 1
186 70 0.830 4 2
244 52 0.762 4 3
32 15 0.098 4 5
131 5 0.492 4 1
65 40 0.371 4 3
28 40 0.161 4 1
29 70 0.152 4 0
69 10 0.311 4 0
171 52 0.523 4 0
77 52 0.478 4 3
28 52 0.088 4 0
57 52 0.226 4 0
54 30 0.348 4 5
59 70 0.237 4 0
10 30 0.047 4 1
66 22 0.217 4 2
19 30 0.100 4 2
24 70 0.079 4 5
240 10 0.721 4 5
20 100 0.095 4 5
64 15 0.311 4 5
25 22 0.081 4 0
23 70 0.067 4 0
16 15 0.057 4 2
132 22 0.462 4 5
31 5 0.170 4 1
20 52 0.072 4 1
71 22 0.244 4 0
36 5 0.113 4 1
12 22 0.040 4 0
26 100 0.103 4 3
17 40 0.057 4 3
324 10 1.049 4 1
12 70 0.069 4 2
67 30 0.310 4 1
16 5 0.056 4 3
132 40 0.800 4 0
57 100 0.186 4 3
119 15 0.669 4 5
29 22 0.144 4 3
97 100 0.348 4 3
46 15 0.149 4 1
17 5 0.060 4 1
62 5 0.346 4 3
54 100 0.166 4 1
63 40 0.211 4 1
305 52 0.916 4 0
34 5 0.172 4 0
16 40 0.072 4 1
77 30 0.294 4 0
30 40 0.148 4 5
31 52 0.131 4 0
199 70 0.661 4 3
37 40 0.201 4 1
11 30 0.052 4 2
71 40 0.428 4 3
67 10 0.284 4 5
108 70 0.472 4 3
15 40 0.046 4 1
10 40 0.041 4 1
63 100 0.197 4 0
263 22 1.252 4 0
47 70 0.251 4 0
124 10 0.585 4 0
51 15 0.188 4 2
12 15 0.049 4 3
24 22 0.078 4 0
31 22 0.103 4 0
176 22 1.000 4 3
158 52 0.612 4 5
11 10 0.054 4 3
28 15 0.107 4 5
149 100 0.823 4 5
30 52 0.153 4 3
14 10 0.076 4 1
60 100 0.361 4 3
24 22 0.130 4 0
151 100 0.521 4 3
21 100 0.075 4 3
202 100 0.795 4 2
121 30 0.362 4 5
183 10 0.715 4 2
59 40 0.223 4 5
51 30 0.241 4 5
37 70 0.135 4 0
76 22 0.256 4 0
15 10 0.091 4 5
14 5 0.046 4 5
109 52 0.580 4 0
17 70 0.061 4 0
14 10 0.074 4 0
53 52 0.187 4 0
299 15 1.495 4 2
189 22 1.196 4 2
11 70 0.033 4 5
269 52 1.423 4 0
53 5 0.314 4 0
71 40 0.370 4 1
257 40 0.767 4 5
316 15 1.016 4 1
338 52 1.220 4 2
241 100 0.737 4 0
15 15 0.045 4 2
18 40 0.054 4 5
26 100 0.160 4 3
68 40 0.204 4 5
38 5 0.190 4 0
240 40 0.789 4 0
194 100 1.066 4 0
29 10 0.141 4 0
16 30 0.054 4 2
151 5 0.522 4 3
164 10 0.519 4 0
56 52 0.318 4 0
33 30 0.133 4 2
47 52 0.232 4 0
76 30 0.402 4 0
75 5 0.329 4 3
17 22 0.068 4 2
60 15 0.337 4 3
90 15 0.377 4 2
56 70 0.184 4 2
162 100 1.032 4 0
168 30 0.533 4 0
132 70 0.434 4 3
11 40 0.032 4 0
10 52 0.036 4 0
40 100 0.149 4 2
12 40 0.065 4 0
210 22 0.650 4 5
12 5 0.048 4 1
21 40 0.078 4 0
16 10 0.083 4 0
182 30 0.711 4 5
19 22 0.102 4 5
54 70 0.222 4 5
302 100 0.893 4 0
18 30 0.079 4 1
14 15 0.047 4 0
44 30 0.227 4 2
115 100 0.511 4 2
284 70 0.928 4 0
27 100 0.165 4 2
12 22 0.039 4 3
122 5 0.649 4 5
12 15 0.043 4 5
16 40 0.049 4 0
10 30 0.034 4 5
34 52 0.139 4 3
107 10 0.318 4 0
32 100 0.178 4 5
17 70 0.096 4 2
23 70 0.104 4 1
69 100 0.202 4 0
75 40 0.401 4 0
15 22 0.073 4 3
28 70 0.108 4 3
71 40 0.455 4 3
88 22 0.530 4 0
51 5 0.300 4 0
18 52 0.085 4 0
45 40 0.182 4 1
36 52 0.173 4 3
118 5 0.621 4 3
37 10 0.224 4 1
79 10 0.420 4 3
13 40 0.039 4 0
52 100 0.230 4 1
20 52 0.084 4 0
58 52 0.178 4 3
12 10 0.036 4 2
17 10 0.061 4 3
179 30 0.719 4 2
88 10 0.429 4 5
74 22 0.259 4 0
39 22 0.142 4 1
31 70 0.095 4 5
54 30 0.262 4 1
300 40 0.987 4 1
193 22 0.951 4 3
54 22 0.335 4 0
44 40 0.138 4 3
15 40 0.045 4 1
10 40 0.035 4 0
108 30 0.554 4 0
69 5 0.216 4 5
188 40 1.068 4 0
11 30 0.056 4 5
16 100 0.069 4 0
24 5 0.082 4 5
121 5 0.651 4 0
134 5 0.525 4 5
19 5 0.056 4 5
35 30 0.236 4 3
196 40 1.054 4 3
62 15 0.266 4 3
298 100 1.935 4 2
11 40 0.034 4 3
32 52 0.120 4 0
19 70 0.101 4 0
12 52 0.052 4 2
214 100 0.911 4 3
16 15 0.072 4 2
53 70 0.156 4 0
32 70 0.124 4 2
23 22 0.097 4 5
113 100 0.554 4 2
46 40 0.145 4 0
67 100 0.324 4 1
124 30 0.642 4 1
50 5 0.168 4 5
52 52 0.299 4 5
38 15 0.190 4 5
67 22 0.253 4 2
89 10 0.312 4 0
56 10 0.205 4 2
68 40 0.239 4 0
19 52 0.087 4 3
129 22 0.592 4 2
19 30 0.060 4 0
22 40 0.135 4 5
47 15 0.229 4 0
311 22 1.571 4 0
23 30 0.113 4 1
35 10 0.106 4 0
37 100 0.152 4 5
55 100 0.263 4 2
28 15 0.088 4 5
23 5 0.099 4 1
184 100 0.915 4 0
27 40 0.148 4 5
12 30 0.045 4 0
17 30 0.062 4 5
109 70 0.405 4 3
17 10 0.083 4 5
11 30 0.034 4 0
13 15 0.077 4 3
250 15 1.295 4 0
24 22 0.133 4 0
154 100 0.865 4 2
18 52 0.076 4 1
107 30 0.512 4 0
14 100 0.048 4 1
13 30 0.044 4 5
12 22 0.035 4 5
259 22 0.860 4 1
187 100 0.690 4 0
312 5 1.835 4 3
61 30 0.200 4 5
55 70 0.196 4 1
39 5 0.142 4 0
27 40 0.087 4 1
302 22 1.171 4 5
24 40 0.133 4 1
158 22 0.629 4 2
18 70 0.072 4 0
32 10 0.123 4 2
266 22 1.291 4 1
11 22 0.043 4 2
44 10 0.239 4 0
25 52 0.135 4 3
301 70 1.645 4 1
62 70 0.187 4 5
39 52 0.148 4 1
44 52 0.143 4 0
10 70 0.031 4 0
199 10 0.877 4 2
19 100 0.113 4 5
91 5 0.360 4 0
22 40 0.072 4 5
46 15 0.142 4 5
224 100 0.911 4 0
78 15 0.230 4 0
60 70 0.208 4 1
146 5 0.632 4 1
55 30 0.294 4 0
189 30 1.092 4 3
12 5 0.042 4 1
106 22 0.431 4 0
61 22 0.299 4 5
48 30 0.265 4 5
12 100 0.048 4 5
19 100 0.062 4 0
212 30 1.098 4 1
183 5 0.670 4 2
84 15 0.402 4 0
26 5 0.157 4 1
33 70 0.188 4 2
62 100 0.229 4 1
67 15 0.394 4 0
79 30 0.267 4 3
60 10 0.297 4 0
34 15 0.121 4 0
35 15 0.110 4 2
51 40 0.246 4 1
70 100 0.297 4 3
40 70 0.129 4 1
296 5 1.080 4 0
13 10 0.040 4 0
14 10 0.045 4 3
333 52 1.725 4 0
110 30 0.367 4 5
42 5 0.140 4 5
13 40 0.046 4 5
54 52 0.189 4 0
29 52 0.099 4 1
24 70 0.071 4 2
64 22 0.323 4 3
16 5 0.056 4 3
82 52 0.385 4 0
173 30 0.518 4 0
95 5 0.562 4 0
58 30 0.184 4 3
32 70 0.117 4 0
196 40 0.985 4 5
179 70 0.533 4 1
21 10 0.074 4 2
19 22 0.057 4 2
223 22 0.907 4 0
28 100 0.155 4 0
153 22 1.000 4 0
78 52 0.453 4 5
42 15 0.160 4 2
36 100 0.126 4 1
13 70 0.059 4 1
133 5 0.621 4 2
77 52 0.464 4 0
10 30 0.029 4 1
14 5 0.041 4 0
60 70 0.241 4 0
123 10 0.383 4 1
30 15 0.090 4 0
16 100 0.077 4 0
66 40 0.269 4 2
54 10 0.179 4 5
168 40 1.120 4 0
40 100 0.212 4 2
179 52 0.984 4 1
17 52 0.079 4 5
142 70 0.953 4 0
76 30 0.284 4 0
36 15 0.229 4 0
107 10 0.637 4 3
48 40 0.140 4 2
26 52 0.121 4 0
11 52 0.037 4 2
260 30 0.823 4 0
64 10 0.281 4 2
64 100 0.344 4 0
30 15 0.124 4 0
14 52 0.059 4 0
47 10 0.185 4 0
70 100 0.458 4 3
71 40 0.415 4 5
29 30 0.096 4 5
76 22 0.264 4 0
224 15 0.689 4 2
27 5 0.130 4 0
139 30 0.483 4 2
18 52 0.098 4 1
235 5 0.744 4 3
27 30 0.122 4 1
40 5 0.121 4 5
12 22 0.040 4 0
40 30 0.240 4 2
62 22 0.308 4 1
42 10 0.195 4 1
28 15 0.112 4 0
125 70 0.806 4 0
38 10 0.127 4 0
29 70 0.143 4 0
235 15 1.098 4 1
26 100 0.131 4 3
108 22 0.476 4 0
143 5 0.429 4 2
14 40 0.068 4 1
12 30 0.043 4 5
17 70 0.080 4 2
134 15 0.732 4 0
29 22 0.112 4 0
18 10 0.057 4 5
26 70 0.171 4 3
22 10 0.072 4 5
29 40 0.131 4 5
33 52 0.098 4 0
163 15 0.491 4 5
95 100 0.343 4 0
309 10 1.431 4 0
68 10 0.221 4 0
37 30 0.133 4 2
13 70 0.064 4 1
17 100 0.090 4 0
52 15 0.215 4 1
29 22 0.187 4 0
77 52 0.440 4 3
100 10 0.602 4 2
27 40 0.167 4 3
33 40 0.134 4 2
32 52 0.104 4 3
144 100 0.664 4 1
98 5 0.326 4 0
100 70 0.617 4 1
37 52 0.195 4 5
300 10 1.961 4 0
32 40 0.098 4 5
104 5 0.303 4 0
29 52 0.141 4 2
20 10 0.067 4 0
14 15 0.067 4 0
154 52 0.492 4 1
44 30 0.212 4 5
160 15 0.731 4 3
70 40 0.332 4 5
24 30 0.079 4 0
230 100 0.836 4 0
13 15 0.079 4 3
333 5 1.099 4 3
19 22 0.069 4 1
116 10 0.730 4 5
47 40 0.242 4 5
30 30 0.095 4 0
41 5 0.227 4 0
133 52 0.470 4 3
19 15 0.124 4 5
49 40 0.187 4 2
16 10 0.047 4 0
14 70 0.077 4 3
32 10 0.127 4 1
239 52 1.532 4 0
13 22 0.068 4 0
79 22 0.516 4 1
15 100 0.086 4 1
19 30 0.059 4 0
23 100 0.121 4 5
73 22 0.480 4 0
45 70 0.178 4 0
26 22 0.098 4 2
11 70 0.059 4 2
313 22 1.820 4 5
137 30 0.926 4 2
24 40 0.105 4 3
16 30 0.092 4 3
50 70 0.292 4 0
147 52 0.546 4 3
10 40 0.041 4 3
20 52 0.079 4 0
66 5 0.208 4 0
28 22 0.087 4 2
118 40 0.584 4 2
89 5 0.389 4 5
71 15 0.338 4 5
69 30 0.235 4 0
110 5 0.344 4 0
72 5 0.309 4 2
115 40 0.398 4 2
54 70 0.249 4 2
10 22 0.039 4 0
59 22 0.235 4 3
52 15 0.220 4 0
15 15 0.050 4 0
37 10 0.140 4 3
69 30 0.277 4 1
135 22 0.556 4 3
10 52 0.036 4 5
103 70 0.372 4 0
123 30 0.703 4 2
17 5 0.075 4 5
17 10 0.064 4 0
192 52 0.738 4 1
16 100 0.068 4 2
147 40 0.913 4 0
35 52 0.154 4 5
78 15 0.290 4 1
17 10 0.097 4 2
39 52 0.160 4 5
133 70 0.514 4 3
48 40 0.141 4 2
24 22 0.092 4 0
254 100 1.139 4 5
19 40 0.110 4 0
142 15 0.423 4 0
35 70 0.219 4 0
97 100 0.324 4 1
185 10 0.623 4 3
58 70 0.171 4 1
11 15 0.066 4 3
66 40 0.275 4 3
66 30 0.284 4 3
135 100 0.509 4 0
63 5 0.203 4 5
26 22 0.122 4 1
10 5 0.048 4 0
142 52 0.721 4 0
287 22 1.876 4 3
113 10 0.571 4 3
316 22 0.924 4 0
234 22 1.279 4 0
31 52 0.134 4 2
29 52 0.112 4 2
67 40 0.269 4 5
67 30 0.211 4 0
323 5 1.099 4 2
39 10 0.171 4 0
13 52 0.086 4 1
11 40 0.050 4 2
18 10 0.059 4 0
42 52 0.179 4 0
139 10 0.713 4 2
138 5 0.402 4 5
245 15 0.980 4 1
20 15 0.061 4 3
72 30 0.471 4 3
262 40 1.284 4 2
127 30 0.679 4 3
12 40 0.058 4 2
18 70 0.097 4 2
153 100 0.905 4 1
195 22 0.672 4 2
313 22 1.199 4 5
30 52 0.097 4 3
24 100 0.077 4 0
123 70 0.498 4 2
73 52 0.459 4 5
10 70 0.040 4 2
15 10 0.050 4 3
17 30 0.094 4 5
64 40 0.190 4 0
12 70 0.037 4 1
105 100 0.376 4 2
20 30 0.112 4 0
15 15 0.074 4 5
29 22 0.087 4 0
35 15 0.171 4 5
30 40 0.098 4 5
16 5 0.067 4 3
169 15 0.604 4 1
17 15 0.068 4 0
160 70 0.510 4 5
15 52 0.056 4 0
177 5 0.535 4 1
33 52 0.110 4 2
16 52 0.048 4 5
183 52 1.109 4 0
17 15 0.094 4 0
76 40 0.500 4 2
13 15 0.048 4 5
20 70 0.062 4 3
187 15 0.786 4 5
14 10 0.042 4 2
336 100 1.623 4 5
36 70 0.115 4 1
71 100 0.213 4 1
22 40 0.088 4 3
16 30 0.101 4 5
19 100 0.064 4 0
52 22 0.161 4 3
50 15 0.281 4 1
184 100 0.920 4 2
125 30 0.369 4 1
40 40 0.209 4 0
151 10 0.662 4 0
67 5 0.262 4 1
31 10 0.159 4 1
32 22 0.137 4 0
72 30 0.222 4 1
27 15 0.107 4 0
105 30 0.475 4 1
15 22 0.050 4 2
116 100 0.547 4 3
15 70 0.050 4 0
50 15 0.333 4 5
129 70 0.490 4 3
37 52 0.138 4 3
241 22 0.996 4 5
214 15 1.086 4 1
118 22 0.698 4 3
14 30 0.077 4 3
76 15 0.369 4 3
63 10 0.281 4 3
26 15 0.174 4 1
15 100 0.088 4 0
67 15 0.345 4 1
168 30 0.898 4 1
13 52 0.053 4 2
13 5 0.052 4 0
24 52 0.088 4 1
14 30 0.044 4 0
34 15 0.187 4 1
53 10 0.226 4 0
247 15 1.060 4 1
64 5 0.193 4 5
29 70 0.166 4 1
264 30 0.950 4 5
30 10 0.162 4 3
108 40 0.342 4 0
124 5 0.564 4 0
10 30 0.044 4 1
70 10 0.222 4 0
26 30 0.123 4 3
77 40 0.301 4 1
49 30 0.191 4 0
41 22 0.246 4 0
37 70 0.183 4 2
16 30 0.048 4 0
17 10 0.101 4 2
159 100 0.479 4 0
171 40 1.012 4 0
38 40 0.127 4 3
70 22 0.213 4 0
206 15 0.648 4 3
28 52 0.090 4 0
34 30 0.138 4 2
16 10 0.055 4 5
97 100 0.435 4 2
10 52 0.034 4 0
165 52 0.583 4 3
64 40 0.430 4 5
61 52 0.326 4 0
33 22 0.123 4 0
136 30 0.426 4 0
14 22 0.056 4 1
40 10 0.118 4 5
24 100 0.098 4 5
313 5 1.040 4 0
25 10 0.134 4 1
24 70 0.147 4 2
15 100 0.048 4 5
92 40 0.508 4 5
37 30 0.230 4 2
37 100 0.250 4 3
34 22 0.128 4 5
110 52 0.466 4 3
163 52 0.568 4 5
164 30 0.850 4 0
73 52 0.261 4 5
59 70 0.276 4 0
139 70 0.794 4 2
56 52 0.195 4 2
10 40 0.034 4 1
164 70 0.617 4 1
193 52 1.261 4 5
56 100 0.309 4 5
26 15 0.109 4 5
117 22 0.560 4 0
22 15 0.112 4 0
31 100 0.106 4 5
15 15 0.092 4 0
88 70 0.497 4 5
69 15 0.404 4 0
74 52 0.252 4 1
10 52 0.038 4 2
37 100 0.129 4 5
41 5 0.209 4 3
15 52 0.055 4 1
16 40 0.096 4 5
183 15 1.173 4 1
20 100 0.110 4 0
109 15 0.434 4 2
76 40 0.288 4 3
16 70 0.069 4 0
37 10 0.115 4 3
43 5 0.244 4 0
187 30 0.652 4 0
157 15 0.737 4 0
224 22 1.302 4 5
28 5 0.083 4 5
29 40 0.100 4 0
126 40 0.521 4 0
10 30 0.031 4 3
136 100 0.446 4 0
109 22 0.577 4 3
147 10 0.493 4 5
19 10 0.079 4 3
29 40 0.116 4 0
15 5 0.051 4 0
30 10 0.147 4 5
248 52 0.808 4 2
25 40 0.073 4 5
108 70 0.328 4 0
31 52 0.132 4 2
19 52 0.102 4 0
105 22 0.362 4 2
62 40 0.199 4 0
19 10 0.126 4 5
18 100 0.110 4 3
69 70 0.311 4 0
24 70 0.102 4 3
28 22 0.092 4 5
71 5 0.332 4 2
11 70 0.044 4 3
248 15 1.494 4 0
27 10 0.083 4 2
11 70 0.046 4 0
210 30 1.400 4 1
71 70 0.267 4 2
231 100 0.819 4 1
18 10 0.113 4 2
67 30 0.332 4 5
172 70 1.139 4 5
20 40 0.090 4 0
192 70 0.587 4 3
310 100 1.416 4 0
200 40 1.117 4 2
123 5 0.409 4 3
58 70 0.173 4 3
19 40 0.104 4 1
19 10 0.068 4 0
276 30 1.066 4 1
189 30 0.808 4 3
65 5 0.204 4 5
59 22 0.306 4 2
39 5 0.253 4 0
41 22 0.233 4 2
25 22 0.079 4 0
10 70 0.036 4 1
79 70 0.250 4 5
17 15 0.093 4 1
10 10 0.032 4 3
119 5 0.688 4 0
10 10 0.029 4 3
31 22 0.117 4 0
17 15 0.070 4 2
11 100 0.035 4 1
201 15 0.953 4 0
16 30 0.070 4 0
18 30 0.070 4 5
53 5 0.185 4 3
18 30 0.059 4 5
27 5 0.099 4 5
11 22 0.044 4 0
15 10 0.045 4 2
96 70 0.328 4 0
16 10 0.083 4 5
28 22 0.083 4 0
16 100 0.089 4 1
19 5 0.060 4 0
12 70 0.067 4 1
145 5 0.665 4 5
29 100 0.132 4 0
14 30 0.068 4 0
92 40 0.311 4 0
77 100 0.370 4 1
49 52 0.204 4 0
11 10 0.033 4 1
165 10 0.733 4 5
69 70 0.214 4 5
53 100 0.172 4 3
18 52 0.092 4 5
27 70 0.119 4 2
62 5 0.250 4 0
246 22 1.382 4 5
282 70 1.300 4 1
121 30 0.761 4 0
49 52 0.240 4 5
19 70 0.074 4 0
43 22 0.199 4 0
12 70 0.063 4 0
185 5 1.194 4 2
273 30 0.916 4 3
257 52 0.806 4 0
60 40 0.274 4 1
31 15 0.141 4 5
76 22 0.314 4 1
48 22 0.235 4 3
12 52 0.070 4 1
170 30 0.659 4 2
121 40 0.355 4 0
34 15 0.138 4 1
33 70 0.097 4 0
96 100 0.508 4 3
23 10 0.099 4 1
185 70 1.217 4 5
35 52 0.126 4 0
307 10 1.543 4 0
37 30 0.122 4 2
24 30 0.133 4 2
11 70 0.044 4 3
17 30 0.091 4 0
19 70 0.084 4 0
77 30 0.383 4 0
70 100 0.285 4 1
38 100 0.120 4 0
121 5 0.535 4 3
30 40 0.195 4 3
29 100 0.182 4 0
195 22 0.572 4 1
19 100 0.097 4 0
39 52 0.241 4 0
170 100 0.507 4 1
16 15 0.055 4 5
48 22 0.180 4 0
91 10 0.442 4 5
61 70 0.285 4 2
56 5 0.171 4 0
11 22 0.061 4 3
18 5 0.065 4 5
272 40 1.789 4 0
23 15 0.071 4 5
15 30 0.080 4 0
66 100 0.241 4 1
17 52 0.060 4 1
11 30 0.059 4 0
121 5 0.356 4 0
99 5 0.510 4 1
228 30 0.826 4 2
90 100 0.289 4 0
11 5 0.044 4 3
183 5 0.934 4 2
73 70 0.303 5 3
29 10 0.099 5 3
10 15 0.045 5 1
180 5 0.602 5 1
308 30 1.158 5 1
164 100 0.781 5 1
219 22 1.135 5 0
48 40 0.166 5 4
216 40 0.828 5 3
38 52 0.122 5 2
12 5 0.065 5 2
165 40 0.529 5 3
262 40 1.578 5 4
22 52 0.071 5 0
64 52 0.209 5 1
157 40 0.458 5 2
13 52 0.040 5 4
65 15 0.230 5 0
23 15 0.077 5 0
263 52 0.843 5 0
126 15 0.560 5 1
282 15 1.796 5 3
70 52 0.286 5 0
38 100 0.170 5 0
13 100 0.042 5 2
23 5 0.154 5 2
33 40 0.106 5 4
116 40 0.648 5 4
15 40 0.063 5 4
76 40 0.270 5 2
32 10 0.215 5 1
48 22 0.155 5 0
10 52 0.034 5 0
60 5 0.309 5 0
34 100 0.217 5 4
78 22 0.394 5 3
335 30 1.351 5 2
11 5 0.040 5 0
206 70 1.219 5 4
55 22 0.276 5 2
14 30 0.049 5 1
13 5 0.077 5 0
104 22 0.367 5 3
22 15 0.073 5 0
94 30 0.606 5 1
126 100 0.538 5 0
217 70 0.798 5 0
27 52 0.115 5 0
29 10 0.196 5 4
179 15 1.047 5 2
39 100 0.132 5 4
38 5 0.114 5 2
45 15 0.221 5 0
15 22 0.044 5 4
199 100 1.082 5 4
14 22 0.093 5 1
34 30 0.180 5 0
202 22 1.025 5 0
79 52 0.414 5 2
17 100 0.078 5 2
168 22 1.012 5 0
165 70 1.031 5 1
61 10 0.266 5 4
19 15 0.057 5 1
35 10 0.152 5 0
166 30 0.500 5 0
44 5 0.228 5 4
12 30 0.062 5 0
14 30 0.050 5 4
56 5 0.242 5 4
13 10 0.043 5 0
39 22 0.167 5 0
28 100 0.139 5 4
53 70 0.197 5 4
56 15 0.286 5 1
28 15 0.146 5 0
44 30 0.174 5 3
20 30 0.074 5 2
274 10 1.083 5 4
141 5 0.750 5 3
100 40 0.345 5 0
55 52 0.192 5 2
35 30 0.215 5 4
140 5 0.549 5 0
38 22 0.242 5 0
14 40 0.047 5 3
19 52 0.080 5 3
296 70 0.931 5 4
69 52 0.205 5 2
12 15 0.067 5 2
53 100 0.257 5 2
21 10 0.119 5 0
42 70 0.130 5 0
19 40 0.116 5 0
48 10 0.211 5 0
158 40 0.543 5 0
16 40 0.070 5 3
36 22 0.159 5 3
15 30 0.074 5 1
13 40 0.045 5 0
52 22 0.259 5 3
21 5 0.091 5 3
211 5 1.159 5 0
22 22 0.147 5 0
73 40 0.243 5 0
310 40 1.230 5 4
108 15 0.318 5 0
17 100 0.077 5 4
155 30 0.649 5 1
43 40 0.181 5 0
71 15 0.441 5 1
169 70 1.119 5 1
192 70 0.638 5 0
20 52 0.063 5 3
54 10 0.168 5 0
12 22 0.038 5 1
43 15 0.149 5 1
56 22 0.304 5 0
338 30 1.457 5 0
73 15 0.344 5 1
76 5 0.328 5 1
186 52 0.759 5 4
176 22 0.727 5 0
34 100 0.190 5 4
36 22 0.218 5 0
10 70 0.053 5 4
73 15 0.290 5 2
140 5 0.631 5 2
14 100 0.045 5 4
108 5 0.399 5 1
137 15 0.535 5 3
41 15 0.127 5 2
14 22 0.071 5 0
15 70 0.053 5 0
20 52 0.086 5 0
24 10 0.079 5 0
18 100 0.098 5 0
29 100 0.128 5 3
333 15 1.092 5 0
22 40 0.070 5 4
13 22 0.041 5 0
30 5 0.129 5 4
73 22 0.293 5 0
47 10 0.154 5 4
28 52 0.100 5 1
36 5 0.234 5 1
21 10 0.065 5 1
28 52 0.137 5 3
22 100 0.076 5 0
24 52 0.105 5 0
38 30 0.236 5 3
170 100 0.556 5 3
21 40 0.097 5 0
192 70 1.150 5 3
76 70 0.286 5 4
11 30 0.037 5 2
19 40 0.073 5 1
79 15 0.278 5 3
10 15 0.035 5 2
214 100 0.665 5 3
101 70 0.620 5 3
37 30 0.161 5 0
16 40 0.082 5 1
323 10 0.976 5 0
68 5 0.343 5 0
13 30 0.051 5 3
41 22 0.157 5 2
14 10 0.056 5 4
298 30 1.187 5 4
27 100 0.124 5 4
27 30 0.136 5 2
62 40 0.205 5 0
17 52 0.064 5 1
45 100 0.136 5 4
51 70 0.309 5 1
145 10 0.704 5 0
12 70 0.040 5 4
60 30 0.290 5 0
31 52 0.168 5 4
89 52 0.368 5 1
51 52 0.258 5 0
52 22 0.158 5 1
165 40 0.660 5 4
294 52 1.413 5 0
13 15 0.081 5 0
18 5 0.110 5 4
36 22 0.111 5 1
267 10 0.918 5 0
26 52 0.126 5 0
11 5 0.045 5 1
14 5 0.042 5 3
36 5 0.123 5 1
62 15 0.335 5 3
240 40 1.176 5 0
173 100 0.983 5 2
29 30 0.099 5 4
22 10 0.110 5 0
158 40 0.642 5 4
16 30 0.071 5 0
219 40 1.237 5 4
29 22 0.108 5 0
218 52 0.636 5 4
77 100 0.270 5 0
53 30 0.182 5 1
208 10 0.990 5 1
137 30 0.468 5 4
17 10 0.065 5 2
173 15 0.573 5 2
18 22 0.053 5 0
17 30 0.086 5 1
28 30 0.112 5 0
29 52 0.099 5 0
182 5 0.963 5 3
27 100 0.083 5 3
18 70 0.054 5 0
228 15 0.693 5 2
329 30 1.516 5 1
328 40 1.426 5 1
128 10 0.831 5 1
18 30 0.054 5 4
21 15 0.100 5 3
104 15 0.568 5 2
155 22 0.711 5 3
32 70 0.099 5 1
37 40 0.172 5 2
14 15 0.045 5 2
11 70 0.050 5 0
24 22 0.084 5 1
18 10 0.117 5 0
35 22 0.140 5 0
54 10 0.220 5 0
153 22 0.526 5 2
72 30 0.273 5 0
31 100 0.092 5 2
13 5 0.087 5 0
38 40 0.157 5 2
72 15 0.293 5 2
76 70 0.302 5 4
29 5 0.112 5 3
15 40 0.087 5 2
19 22 0.092 5 4
18 5 0.055 5 0
98 40 0.332 5 3
29 70 0.168 5 0
191 15 1.209 5 4
78 10 0.241 5 0
199 10 0.666 5 0
56 30 0.335 5 1
10 40 0.068 5 4
19 15 0.068 5 3
16 40 0.095 5 3
35 40 0.192 5 2
53 5 0.315 5 0
31 70 0.122 5 1
28 22 0.159 5 3
79 5 0.333 5 2
105 70 0.438 5 4
22 100 0.090 5 0
300 30 1.538 5 0
13 40 0.039 5 3
76 70 0.319 5 1
178 10 0.618 5 0
63 10 0.194 5 3
156 10 0.886 5 4
13 100 0.041 5 0
81 5 0.401 5 2
31 30 0.197 5 0
23 30 0.100 5 2
11 100 0.052 5 1
167 15 0.807 5 4
280 100 0.878 5 2
146 70 0.768 5 2
280 52 0.826 5 1
46 40 0.198 5 3
15 22 0.059 5 1
145 10 0.465 5 1
21 100 0.119 5 2
76 5 0.332 5 3
18 15 0.066 5 0
16 30 0.047 5 0
177 15 0.922 5 4
25 5 0.109 5 3
24 70 0.076 5 3
30 100 0.124 5 0
226 5 0.799 5 1
25 52 0.078 5 2
50 70 0.233 5 2
168 70 0.757 5 1
34 100 0.112 5 4
13 10 0.040 5 4
179 22 0.609 5 1
273 70 0.867 5 0
18 30 0.099 5 4
14 100 0.067 5 4
21 52 0.096 5 1
53 100 0.196 5 4
188 100 0.625 5 0
77 70 0.308 5 4
30 22 0.090 5 3
44 5 0.185 5 1
16 10 0.098 5 1
52 30 0.278 5 0
15 52 0.070 5 3
16 5 0.087 5 4
13 30 0.059 5 3
297 22 1.121 5 1
142 52 0.683 5 0
16 22 0.049 5 2
38 100 0.123 5 0
13 5 0.078 5 1
29 15 0.188 5 1
71 70 0.238 5 0
279 40 1.167 5 2
28 10 0.097 5 0
44 15 0.130 5 3
15 52 0.068 5 0
11 22 0.074 5 0
58 70 0.296 5 3
39 30 0.136 5 2
76 5 0.409 5 0
196 5 1.095 5 2
336 70 1.151 5 1
118 70 0.494 5 1
70 5 0.205 5 0
15 10 0.052 5 0
11 15 0.036 5 4
10 22 0.051 5 1
80 70 0.261 5 1
44 15 0.272 5 0
12 22 0.062 5 3
27 30 0.097 5 2
12 40 0.060 5 2
118 15 0.752 5 4
150 100 0.560 5 0
51 22 0.222 5 1
17 70 0.081 5 4
26 15 0.113 5 3
131 30 0.789 5 1
37 70 0.245 5 4
44 30 0.129 5 3
33 5 0.205 5 0
17 10 0.115 5 2
43 70 0.225 5 3
16 30 0.051 5 2
14 30 0.061 5 2
11 22 0.033 5 2
36 5 0.155 5 0
264 40 1.217 5 3
11 100 0.062 5 0
26 40 0.107 5 0
147 52 0.687 5 4
36 5 0.191 5 4
15 52 0.067 5 1
92 5 0.352 5 1
59 100 0.182 5 0
47 52 0.156 5 2
171 40 0.564 5 1
335 15 1.018 5 0
197 100 0.824 5 0
56 40 0.267 5 3
14 22 0.042 5 4
62 15 0.191 5 4
12 52 0.048 5 0
10 10 0.056 5 3
39 100 0.163 5 4
66 30 0.297 5 2
259 5 1.177 5 4
11 30 0.042 5 2
55 15 0.229 5 1
116 5 0.348 5 1
25 5 0.082 5 0
66 22 0.226 5 4
26 10 0.172 5 4
42 15 0.280 5 1
12 100 0.050 5 2
37 5 0.133 5 4
267 5 1.103 5 3
76 30 0.244 5 3
61 10 0.236 5 1
15 10 0.070 5 0
19 22 0.086 5 0
166 10 0.522 5 1
41 70 0.218 5 1
31 5 0.123 5 0
112 52 0.368 5 2
175 22 0.668 5 1
16 22 0.060 5 4
19 40 0.123 5 3
13 22 0.038 5 4
10 10 0.032 5 0
17 22 0.072 5 4
101 5 0.380 5 3
39 30 0.138 5 4
78 22 0.506 5 0
13 70 0.055 5 0
56 22 0.175 5 0
63 22 0.309 5 1
14 40 0.071 5 0
38 10 0.222 5 4
76 5 0.222 5 0
15 40 0.061 5 3
152 5 0.826 5 1
113 5 0.628 5 1
174 30 1.012 5 2
75 30 0.330 5 4
333 40 1.500 5 2
47 40 0.158 5 2
30 22 0.096 5 3
52 70 0.242 5 1
26 15 0.095 5 0
54 52 0.307 5 3
11 5 0.053 5 0
78 30 0.248 5 0
19 30 0.080 5 2
17 40 0.092 5 0
10 15 0.042 5 1
162 15 0.475 5 1
27 5 0.133 5 3
54 15 0.340 5 4
166 5 1.012 5 4
44 40 0.151 5 0
24 5 0.076 5 0
91 52 0.396 5 4
38 100 0.232 5 2
16 52 0.049 5 3
39 52 0.116 5 4
32 100 0.097 5 3
12 22 0.044 5 2
40 52 0.220 5 0
23 22 0.083 5 1
174 10 0.552 5 2
65 30 0.422 5 1
50 40 0.246 5 3
137 52 0.422 5 3
110 15 0.345 5 2
37 100 0.248 5 0
30 22 0.189 5 0
39 70 0.121 5 3
82 70 0.497 5 0
34 100 0.184 5 2
314 100 1.447 5 2
29 10 0.118 5 2
16 30 0.050 5 3
50 22 0.259 5 2
38 5 0.217 5 2
191 100 0.799 5 4
57 22 0.210 5 4
36 40 0.142 5 4
128 100 0.388 5 0
53 40 0.167 5 1
210 22 1.273 5 1
68 100 0.250 5 2
19 10 0.090 5 4
117 40 0.422 5 0
64 52 0.421 5 2
277 100 1.787 5 3
70 15 0.215 5 3
31 15 0.098 5 3
28 22 0.147 5 3
56 22 0.376 5 2
258 15 1.024 5 3
227 30 0.847 5 3
14 22 0.045 5 0
40 5 0.215 5 4
131 15 0.593 5 2
196 5 1.315 5 0
18 70 0.065 5 4
15 10 0.050 5 0
45 10 0.150 5 0
12 10 0.042 5 0
46 100 0.267 5 0
168 10 0.994 5 4
34 10 0.133 5 3
288 70 1.011 5 4
18 30 0.056 5 1
52 70 0.306 5 1
297 15 1.547 5 4
25 30 0.098 5 2
19 40 0.067 5 2
10 52 0.047 5 0
28 30 0.117 5 3
14 40 0.048 5 4
15 15 0.047 5 0
24 52 0.102 5 0
282 5 1.068 5 4
85 5 0.447 5 1
31 40 0.120 5 2
300 10 1.266 5 1
48 100 0.230 5 3
18 70 0.061 5 0
55 40 0.268 5 4
28 70 0.129 5 4
154 15 0.599 5 0
156 52 1.033 5 0
181 5 0.883 5 0
66 100 0.221 5 2
177 22 0.839 5 1
25 15 0.124 5 0
36 30 0.167 5 4
14 52 0.077 5 4
142 10 0.504 5 0
12 52 0.062 5 1
78 40 0.318 5 0
188 40 1.027 5 1
58 22 0.384 5 0
55 100 0.340 5 0
41 70 0.277 5 1
16 15 0.050 5 0
104 22 0.578 5 3
52 30 0.179 5 0
13 22 0.044 5 1
42 40 0.191 5 1
51 70 0.230 5 1
21 70 0.089 5 0
77 10 0.251 5 3
20 100 0.073 5 3
13 15 0.046 5 0
144 22 0.686 5 4
79 70 0.234 5 0
173 10 0.730 5 3
52 5 0.177 5 4
63 40 0.272 5 1
28 5 0.094 5 3
154 30 0.552 5 2
13 100 0.044 5 3
27 100 0.091 5 1
24 22 0.075 5 4
25 15 0.107 5 3
10 5 0.036 5 0
65 52 0.230 5 0
212 5 1.277 5 0
74 5 0.333 5 4
274 40 0.848 5 0
25 10 0.081 5 0
106 40 0.344 5 2
128 22 0.815 5 1
145 22 0.460 5 4
300 22 0.946 5 2
19 10 0.078 5 0
317 10 1.108 5 0
193 52 0.580 5 0
19 40 0.120 5 2
84 70 0.269 5 0
34 100 0.182 5 4
252 10 1.020 5 1
74 70 0.344 5 0
291 30 0.890 5 0
77 100 0.242 5 2
45 52 0.206 5 0
134 10 0.465 5 0
49 40 0.318 5 3
144 5 0.632 5 2
39 10 0.215 5 4
18 70 0.106 5 0
33 15 0.115 5 3
78 22 0.506 5 0
30 100 0.099 5 0
12 10 0.056 5 2
29 22 0.115 5 1
30 70 0.123 5 0
76 70 0.427 5 4
79 30 0.258 5 0
14 70 0.057 5 4
12 15 0.051 5 0
23 40 0.152 5 2
106 100 0.426 5 0
16 30 0.072 5 0
19 22 0.062 5 0
182 5 1.046 5 2
13 40 0.044 5 0
18 70 0.073 5 1
69 40 0.358 5 3
20 22 0.061 5 3
29 30 0.192 5 3
28 100 0.086 5 4
36 40 0.145 5 0
12 70 0.047 5 0
48 70 0.154 5 2
216 100 1.000 5 1
11 10 0.057 5 0
56 22 0.220 5 0
22 30 0.091 5 2
231 10 1.435 5 1
16 22 0.070 5 0
35 52 0.105 5 2
53 22 0.173 5 4
23 40 0.143 5 2
29 100 0.105 5 1
14 52 0.051 5 4
79 100 0.252 5 2
17 15 0.050 5 0
68 52 0.234 5 2
173 30 0.759 5 1
206 70 1.338 5 3
79 30 0.307 5 3
15 100 0.100 5 0
40 70 0.217 5 2
30 10 0.203 5 4
147 5 0.457 5 3
69 70 0.272 5 3
27 30 0.122 5 0
21 15 0.084 5 3
18 40 0.087 5 0
22 15 0.124 5 0
107 70 0.413 5 1
13 22 0.045 5 1
22 70 0.105 5 4
162 15 1.038 5 4
122 10 0.381 5 0
136 100 0.463 5 2
27 5 0.099 5 2
106 70 0.589 5 1
46 22 0.229 5 1
66 52 0.337 5 3
20 15 0.074 5 1
169 100 0.977 5 0
18 30 0.081 5 0
77 30 0.267 5 1
10 5 0.036 5 3
47 70 0.240 5 4
54 15 0.218 5 2
93 40 0.312 5 1
29 5 0.173 5 1
18 70 0.056 5 4
284 30 1.434 5 4
26 22 0.138 5 0
11 22 0.051 5 3
14 100 0.056 5 3
12 70 0.049 5 0
45 15 0.181 5 1
268 52 0.793 5 4
72 70 0.286 5 1
34 10 0.192 5 0
83 5 0.286 5 1
307 40 0.975 5 2
17 30 0.068 5 1
85 15 0.280 5 0
61 5 0.256 5 2
169 100 0.499 5 2
35 10 0.142 5 2
17 5 0.062 5 2
19 22 0.125 5 0
13 5 0.041 5 0
30 22 0.108 5 1
201 10 1.036 5 4
68 15 0.338 5 0
18 22 0.072 5 2
174 52 1.081 5 1
21 22 0.070 5 2
35 5 0.136 5 4
111 70 0.673 5 3
25 40 0.132 5 3
93 70 0.375 5 2
110 15 0.615 5 2
268 22 1.301 5 3
23 40 0.137 5 1
71 40 0.366 5 1
287 40 1.143 5 0
131 10 0.668 5 0
128 5 0.571 5 4
152 30 0.455 5 0
17 5 0.055 5 0
160 10 0.711 5 1
81 30 0.325 5 4
49 22 0.243 5 4
140 22 0.520 5 2
18 70 0.092 5 0
50 52 0.214 5 4
119 40 0.543 5 2
17 5 0.072 5 1
36 15 0.171 5 0
18 40 0.055 5 3
338 10 1.216 5 3
17 70 0.065 5 0
92 40 0.305 5 0
187 5 0.839 5 3
96 100 0.350 5 4
28 10 0.098 5 0
107 10 0.332 5 4
48 40 0.282 5 0
16 100 0.070 5 3
202 100 0.740 5 3
12 30 0.044 5 3
39 10 0.141 5 2
215 10 0.705 5 3
31 100 0.143 5 2
17 40 0.056 5 4
228 5 0.887 5 4
37 40 0.208 5 0
60 5 0.293 5 4
49 22 0.152 5 4
69 40 0.240 5 2
225 22 0.699 5 0
57 30 0.218 5 0
222 5 0.864 5 0
177 70 0.731 5 0
301 10 1.127 5 2
54 5 0.323 5 0
52 52 0.242 5 0
36 100 0.110 5 2
13 15 0.044 5 4
16 100 0.058 5 3
35 100 0.181 5 1
26 52 0.165 5 4
11 52 0.058 5 4
172 100 1.012 5 2
35 70 0.112 5 0
12 100 0.040 5 0
27 100 0.169 5 1
187 70 0.599 5 0
29 15 0.125 5 0
29 100 0.163 5 2
19 30 0.063 5 4
45 100 0.136 5 3
166 10 0.532 5 3
81 30 0.297 5 1
14 10 0.045 5 2
13 100 0.054 5 2
41 5 0.121 5 3
45 10 0.199 5 3
19 70 0.067 5 1
11 100 0.042 5 2
81 30 0.463 5 2
23 10 0.138 5 1
21 22 0.106 5 4
195 15 1.134 5 2
191 5 0.950 5 3
23 22 0.084 5 0
13 15 0.076 5 4
74 52 0.225 5 0
27 5 0.125 5 4
80 10 0.365 5 4
315 52 2.019 5 3
190 30 1.105 5 4
12 15 0.050 5 3
96 70 0.337 5 2
57 100 0.380 5 4
78 100 0.332 5 3
122 10 0.422 5 2
35 52 0.205 5 0
34 22 0.227 5 2
224 22 1.436 5 0
186 30 1.039 5 3
35 70 0.126 5 4
225 100 1.154 5 0
26 30 0.080 5 1
48 40 0.150 5 0
245 22 0.992 5 0
21 100 0.102 5 0
27 52 0.126 5 0
11 40 0.042 5 4
39 52 0.180 5 2
40 100 0.130 5 4
110 15 0.325 5 1
308 5 1.621 5 2
45 70 0.138 5 1
47 10 0.191 5 2
190 70 1.195 5 3
29 70 0.169 5 0
11 100 0.036 5 3
14 22 0.050 5 0
26 30 0.081 5 4
201 100 0.779 5 1
131 22 0.430 5 1
18 100 0.075 5 2
113 52 0.461 5 1
156 10 0.706 5 0
110 30 0.363 5 4
98 40 0.373 5 4
19 22 0.079 5 1
80 15 0.396 5 3
19 52 0.099 5 0
15 10 0.058 5 3
18 15 0.121 5 0
11 30 0.036 5 0
45 10 0.133 5 1
133 52 0.672 5 2
189 40 0.585 5 4
14 22 0.057 5 0
115 40 0.556 5 0
183 30 0.803 5 4
42 100 0.148 5 1
81 10 0.431 5 0
17 70 0.050 5 0
74 40 0.220 5 2
22 70 0.095 5 4
73 10 0.239 5 4
42 100 0.244 5 0
14 52 0.050 5 4
266 10 0.847 5 2
186 52 0.899 5 0
38 100 0.225 5 0
66 40 0.231 5 4
42 52 0.188 5 1
23 40 0.087 5 0
71 70 0.370 5 1
33 100 0.121 5 0
51 30 0.208 5 4
326 22 2.076 5 1
221 52 0.650 5 1
30 22 0.192 5 4
76 10 0.261 5 1
188 22 0.701 5 0
216 52 0.861 5 0
233 70 1.045 5 0
187 5 1.011 5 3
222 40 1.094 5 0
169 100 0.535 5 1
184 30 0.626 5 3
224 15 0.759 5 0
18 15 0.119 5 0
13 10 0.049 5 4
28 52 0.105 5 0
33 30 0.196 5 0
15 30 0.060 5 1
143 100 0.694 5 3
44 30 0.131 5 2
52 22 0.242 5 2
31 30 0.095 5 4
235 30 1.424 5 4
29 30 0.115 5 2
175 22 0.875 5 0
69 52 0.434 5 4
284 70 0.863 5 4
152 30 0.494 5 0
30 15 0.103 5 1
162 15 0.814 5 3
15 30 0.099 5 4
19 5 0.107 5 1
17 30 0.096 5 1
57 40 0.203 5 4
95 10 0.292 5 0
156 10 0.706 5 0
79 22 0.302 5 1
18 30 0.065 5 0
38 40 0.197 5 2
18 70 0.062 5 1
34 52 0.121 5 4
306 22 1.205 5 3
22 70 0.065 5 2
235 40 1.257 5 4
185 10 0.552 5 0
253 30 1.161 5 0
49 100 0.275 5 1
14 10 0.067 5 0
138 15 0.605 5 0
60 70 0.185 5 0
77 10 0.257 5 1
221 22 0.732 5 3
46 22 0.280 5 4
17 30 0.073 5 2
55 100 0.166 5 3
29 15 0.149 5 2
97 15 0.519 5 1
15 10 0.081 5 3
77 40 0.235 5 1
21 22 0.067 5 0
15 100 0.057 5 0
24 100 0.076 5 3
11 10 0.064 5 4
60 5 0.286 5 4
19 15 0.091 5 2
46 30 0.223 5 0
28 70 0.136 5 4
11 5 0.055 5 3
13 5 0.073 5 0
211 5 0.805 5 0
18 5 0.085 5 2
34 22 0.151 5 0
147 70 0.650 5 0
34 52 0.127 5 0
74 5 0.411 5 0
24 70 0.140 5 4
16 22 0.085 5 1
13 10 0.048 5 2
76 70 0.224 5 2
25 100 0.078 5 3
329 10 1.343 5 0
70 5 0.247 5 1
38 100 0.143 5 4
199 70 1.221 5 0
10 40 0.056 5 2
66 40 0.412 5 0
92 70 0.307 5 4
62 22 0.187 5 3
85 30 0.411 5 0
62 10 0.186 5 3
39 15 0.156 5 0
38 15 0.126 5 2
165 100 0.640 5 4
37 52 0.144 5 1
12 15 0.035 5 3
18 40 0.062 5 3
35 30 0.201 5 0
26 5 0.088 5 1
14 100 0.082 5 0
67 10 0.299 5 1
124 40 0.385 5 0
19 100 0.056 5 1
51 40 0.190 5 0
19 22 0.119 5 0
33 10 0.146 5 2
41 100 0.135 5 1
172 22 0.738 5 0
107 10 0.601 5 0
38 15 0.153 5 3
70 70 0.262 5 3
27 40 0.096 5 0
31 70 0.093 5 0
148 100 0.635 5 3
52 70 0.231 5 0
84 15 0.322 5 0
30 52 0.146 5 2
137 40 0.706 5 4
15 40 0.053 5 2
88 15 0.322 5 1
56 22 0.171 5 4
70 40 0.312 5 1
104 5 0.500 5 3
46 40 0.197 5 4
61 30 0.305 5 3
46 22 0.151 5 2
11 15 0.042 5 0
95 5 0.442 5 4
175 70 0.858 5 2
63 40 0.352 5 1
14 30 0.044 5 4
186 52 0.857 5 3
57 5 0.219 5 0
166 22 1.012 5 0
36 10 0.114 5 1
32 52 0.141 5 3
23 40 0.077 5 0
127 15 0.375 5 2
39 100 0.184 5 0
76 30 0.310 5 1
25 40 0.107 5 3
217 52 0.689 5 4
298 10 0.909 5 3
28 15 0.092 5 4
84 40 0.268 5 0
30 30 0.088 5 0
37 22 0.178 5 3
15 22 0.079 5 3
28 30 0.130 5 0
330 10 1.100 5 1
141 70 0.671 5 3
165 15 0.640 5 0
258 30 0.884 5 4
62 40 0.215 5 0
58 70 0.246 5 1
10 5 0.036 5 0
16 5 0.061 5 3
187 100 1.161 5 4
148 15 0.523 5 0
29 15 0.192 5 0
31 52 0.164 5 2
42 10 0.211 5 3
33 30 0.131 5 0
40 10 0.200 5 1
19 22 0.078 5 4
13 30 0.038 5 4
226 10 0.785 5 2
15 15 0.049 5 3
12 70 0.057 5 2
59 5 0.259 5 1
10 70 0.035 5 4
113 40 0.390 5 2
47 5 0.172 5 4
30 52 0.107 5 4
34 22 0.134 5 0
145 52 0.483 5 0
35 70 0.235 5 2
168 100 1.128 5 0
151 22 0.904 5 0
21 52 0.127 5 4
192 30 0.693 5 1
310 15 0.928 5 4
15 10 0.044 5 0
54 40 0.225 5 0
68 5 0.249 5 1
51 15 0.230 5 0
38 70 0.127 5 4
38 22 0.112 5 1
66 100 0.199 5 0
19 40 0.076 5 4
143 30 0.659 5 3
237 52 1.402 5 4
60 5 0.361 5 1
24 52 0.070 5 0
28 70 0.172 5 3
49 5 0.243 5 0
15 22 0.064 5 3
35 52 0.216 5 1
38 70 0.158 5 0
84 40 0.406 5 1
76 52 0.270 5 0
14 5 0.043 5 3
20 70 0.062 5 0
33 22 0.134 5 1
179 22 1.126 5 4
23 5 0.081 5 2
40 22 0.208 5 1
185 30 0.853 5 3
10 5 0.044 5 3
11 70 0.060 5 1
57 100 0.348 5 1
116 40 0.355 5 1
148 15 0.468 5 0
34 5 0.105 5 0
15 5 0.052 5 3
258 5 0.869 5 3
