178 22 0.544 0 2
122 40 0.550 0 3
187 10 0.874 0 3
112 52 0.439 0 1
12 5 0.061 0 3
10 10 0.038 0 3
30 100 0.156 0 4
86 10 0.358 0 1
12 52 0.066 0 1
15 30 0.075 0 4
174 22 0.753 0 1
67 52 0.255 0 2
23 30 0.082 0 1
38 15 0.242 0 3
59 40 0.172 0 3
19 15 0.069 0 3
18 10 0.062 0 4
72 70 0.287 0 1
172 30 0.589 0 2
28 5 0.106 0 4
47 70 0.178 0 2
18 52 0.070 0 1
110 10 0.383 0 1
14 22 0.054 0 4
10 100 0.039 0 3
14 22 0.049 0 2
207 10 0.641 0 1
15 22 0.045 0 3
28 40 0.132 0 3
68 15 0.210 0 3
41 10 0.175 0 3
71 15 0.244 0 1
150 10 0.495 0 2
35 5 0.106 0 3
30 15 0.156 0 1
16 5 0.077 0 1
79 5 0.254 0 1
35 70 0.111 0 2
69 52 0.437 0 4
55 15 0.309 0 2
73 22 0.427 0 1
26 52 0.127 0 1
30 30 0.181 0 1
119 30 0.676 0 2
109 10 0.732 0 4
68 52 0.269 0 1
22 15 0.122 0 4
17 52 0.084 0 2
26 5 0.106 0 1
211 52 0.706 0 1
106 22 0.348 0 2
24 100 0.091 0 4
105 40 0.385 0 3
94 30 0.321 0 3
115 22 0.537 0 1
18 70 0.063 0 2
267 10 0.954 0 3
246 15 1.160 0 3
18 40 0.089 0 1
41 10 0.162 0 2
43 10 0.131 0 2
23 22 0.118 0 4
10 40 0.032 0 4
16 70 0.062 0 2
11 10 0.041 0 1
72 10 0.324 0 1
34 15 0.102 0 4
29 15 0.166 0 3
53 40 0.305 0 3
11 15 0.038 0 3
63 70 0.190 0 3
31 70 0.175 0 4
303 100 1.751 0 3
95 15 0.440 0 2
27 5 0.115 0 3
201 10 0.905 0 1
23 70 0.085 0 3
46 40 0.158 0 3
65 70 0.228 0 4
27 52 0.148 0 1
171 10 0.582 0 4
60 70 0.233 0 2
199 22 1.276 0 1
18 40 0.058 0 3
127 70 0.626 0 3
49 40 0.169 0 2
36 40 0.135 0 3
35 52 0.215 0 2
159 5 0.466 0 4
14 70 0.046 0 3
152 52 0.927 0 3
14 52 0.056 0 2
33 22 0.129 0 4
18 5 0.060 0 4
34 40 0.173 0 3
182 15 0.669 0 3
69 10 0.295 0 3
39 70 0.219 0 3
19 22 0.067 0 1
12 22 0.037 0 4
23 70 0.082 0 3
154 10 1.007 0 4
40 22 0.190 0 3
270 22 0.918 0 1
19 52 0.075 0 2
85 100 0.425 0 3
34 70 0.228 0 2
51 40 0.151 0 1
59 100 0.182 0 4
139 70 0.523 0 4
15 30 0.064 0 1
294 100 1.826 0 4
187 52 0.685 0 4
31 100 0.161 0 2
17 10 0.058 0 1
14 15 0.065 0 2
15 5 0.048 0 1
49 22 0.195 0 3
137 52 0.856 0 1
94 10 0.308 0 2
13 40 0.064 0 3
29 15 0.090 0 2
37 100 0.109 0 1
10 15 0.065 0 3
175 15 0.706 0 3
61 22 0.200 0 3
42 15 0.269 0 2
30 22 0.105 0 2
187 70 0.599 0 1
10 52 0.040 0 1
19 30 0.110 0 4
19 52 0.063 0 3
44 40 0.141 0 2
50 10 0.158 0 4
19 52 0.066 0 1
34 100 0.204 0 3
42 22 0.151 0 3
28 10 0.137 0 4
78 15 0.300 0 1
38 15 0.184 0 1
131 15 0.489 0 4
59 15 0.326 0 4
29 30 0.088 0 1
260 100 1.102 0 2
18 52 0.087 0 1
143 30 0.624 0 2
14 22 0.080 0 1
164 15 0.596 0 2
65 52 0.252 0 2
276 5 0.986 0 4
49 70 0.263 0 4
18 5 0.112 0 1
115 40 0.479 0 1
62 52 0.198 0 1
38 70 0.122 0 1
204 40 0.721 0 1
13 40 0.058 0 3
43 40 0.145 0 1
23 15 0.111 0 1
176 52 1.128 0 3
19 30 0.095 0 3
36 5 0.171 0 4
150 22 0.781 0 4
35 70 0.113 0 4
123 15 0.466 0 1
70 5 0.389 0 4
74 22 0.402 0 1
122 100 0.767 0 3
215 22 0.657 0 3
17 100 0.067 0 4
33 30 0.138 0 4
118 70 0.488 0 4
10 10 0.066 0 4
219 100 0.916 0 4
13 22 0.039 0 2
14 10 0.073 0 1
126 10 0.367 0 1
62 22 0.237 0 1
95 52 0.540 0 4
25 100 0.130 0 2
31 100 0.095 0 1
123 15 0.383 0 2
57 30 0.181 0 2
167 30 0.560 0 2
49 22 0.226 0 3
12 40 0.039 0 2
27 70 0.145 0 3
37 100 0.154 0 1
72 15 0.254 0 1
21 10 0.135 0 1
58 30 0.238 0 1
61 10 0.407 0 3
37 10 0.124 0 4
100 52 0.467 0 1
13 5 0.080 0 2
61 100 0.195 0 3
10 40 0.030 0 2
122 40 0.425 0 2
78 30 0.230 0 2
40 5 0.247 0 4
26 5 0.094 0 2
161 10 0.752 0 4
25 40 0.128 0 1
17 15 0.050 0 2
127 70 0.540 0 4
80 22 0.369 0 2
47 100 0.288 0 2
32 70 0.102 0 3
32 15 0.096 0 3
42 30 0.250 0 2
149 70 0.594 0 1
12 70 0.055 0 4
13 10 0.069 0 1
105 5 0.370 0 3
143 40 0.505 0 1
82 52 0.255 0 4
12 40 0.044 0 3
173 10 0.749 0 2
169 70 0.782 0 3
78 5 0.243 0 1
49 100 0.283 0 3
112 15 0.640 0 3
45 40 0.143 0 3
31 30 0.208 0 1
37 10 0.123 0 2
90 15 0.433 0 4
141 10 0.481 0 4
23 52 0.126 0 1
34 22 0.112 0 3
32 70 0.201 0 4
21 15 0.068 0 1
11 70 0.068 0 2
62 10 0.284 0 1
63 10 0.312 0 2
283 70 1.513 0 4
10 22 0.060 0 4
57 10 0.231 0 4
77 30 0.227 0 4
106 52 0.530 0 1
164 22 0.729 0 1
52 5 0.159 0 1
176 52 0.819 0 2
17 100 0.053 0 1
17 5 0.068 0 4
52 22 0.292 0 2
74 70 0.322 0 2
57 10 0.331 0 2
70 40 0.277 0 1
72 15 0.210 0 4
142 10 0.464 0 3
23 70 0.072 0 2
61 22 0.182 0 1
73 52 0.465 0 1
14 100 0.048 0 1
21 30 0.076 0 1
21 10 0.094 0 4
59 70 0.272 0 2
13 22 0.062 0 4
59 100 0.234 0 2
45 30 0.140 0 4
17 100 0.080 0 3
15 5 0.060 0 4
98 10 0.510 0 4
13 10 0.049 0 4
22 5 0.091 0 1
270 70 1.656 0 2
70 22 0.341 0 4
75 30 0.500 0 3
25 15 0.086 0 3
76 70 0.288 0 3
42 5 0.215 0 1
64 52 0.196 0 3
19 5 0.096 0 2
299 52 1.017 0 3
18 52 0.085 0 2
52 15 0.193 0 3
17 15 0.058 0 1
195 70 1.291 0 2
67 70 0.245 0 1
38 100 0.195 0 4
43 52 0.276 0 4
172 30 0.518 0 3
26 30 0.121 0 3
100 100 0.294 0 4
18 22 0.097 0 4
50 5 0.249 0 2
186 5 1.075 0 2
24 5 0.156 0 1
33 5 0.191 0 4
27 15 0.103 0 1
43 40 0.177 0 1
70 40 0.241 0 3
292 22 1.759 0 3
18 40 0.098 0 1
62 52 0.185 0 1
16 30 0.063 0 1
11 22 0.057 0 4
64 10 0.323 0 1
33 22 0.097 0 3
15 15 0.054 0 2
308 40 1.692 0 3
28 52 0.128 0 4
32 5 0.183 0 2
150 70 0.497 0 4
122 100 0.386 0 1
25 70 0.139 0 4
267 40 0.887 0 3
165 100 0.587 0 4
19 70 0.059 0 2
77 52 0.308 0 1
133 22 0.418 0 1
50 100 0.269 0 4
18 10 0.061 0 1
95 52 0.403 0 1
69 52 0.324 0 4
27 30 0.099 0 3
18 100 0.099 0 4
199 10 0.706 0 4
242 22 0.793 0 3
29 52 0.151 0 2
44 10 0.238 0 2
77 100 0.243 0 4
112 100 0.514 0 4
75 15 0.487 0 1
30 100 0.101 0 1
55 15 0.166 0 1
42 70 0.188 0 4
80 70 0.286 0 4
44 5 0.129 0 3
21 52 0.084 0 3
189 52 0.904 0 2
11 40 0.065 0 3
17 22 0.082 0 3
26 22 0.089 0 4
10 100 0.051 0 3
146 22 0.749 0 4
27 40 0.182 0 3
130 100 0.828 0 2
13 70 0.043 0 1
29 10 0.121 0 2
36 100 0.105 0 2
10 15 0.032 0 1
24 22 0.097 0 3
32 22 0.147 0 2
19 10 0.086 0 3
43 70 0.127 0 3
62 40 0.257 0 1
25 70 0.140 0 1
69 22 0.329 0 4
141 70 0.526 0 3
57 22 0.329 0 4
38 10 0.232 0 1
152 10 0.589 0 3
13 22 0.070 0 2
11 100 0.062 0 3
32 15 0.193 0 1
24 30 0.076 0 4
57 70 0.271 0 4
33 10 0.133 0 4
19 10 0.073 0 3
227 70 0.987 0 4
37 22 0.193 0 1
37 100 0.142 0 3
38 40 0.174 0 4
29 30 0.146 0 1
190 100 0.848 0 1
13 22 0.062 0 1
184 40 0.736 0 2
10 70 0.034 0 3
311 70 1.127 0 3
19 15 0.126 0 2
31 70 0.121 0 2
39 22 0.219 0 3
30 15 0.103 0 4
57 52 0.224 0 3
60 30 0.255 0 1
26 22 0.138 0 4
11 70 0.037 0 3
146 22 0.880 0 3
34 15 0.126 0 1
26 5 0.122 0 2
57 100 0.168 0 4
59 70 0.330 0 3
24 40 0.079 0 4
175 15 0.660 0 3
12 30 0.037 0 2
171 40 0.520 0 1
39 15 0.222 0 4
158 30 0.513 0 1
123 5 0.564 0 2
32 70 0.108 0 4
20 22 0.104 0 2
119 40 0.717 0 2
37 40 0.192 0 1
10 15 0.029 0 3
181 15 0.858 0 1
77 100 0.391 0 3
196 70 1.048 0 4
39 10 0.179 0 2
45 15 0.137 0 2
98 100 0.298 0 2
32 100 0.123 0 1
66 70 0.270 0 4
28 15 0.086 0 3
241 100 1.116 0 1
35 10 0.108 0 3
60 15 0.179 0 3
333 70 1.936 0 3
40 22 0.132 0 3
158 100 0.539 0 1
77 22 0.314 0 4
29 30 0.102 0 1
17 100 0.066 0 4
61 5 0.305 0 3
18 15 0.081 0 3
180 40 0.588 0 3
17 70 0.074 0 2
298 52 1.178 0 1
16 100 0.048 0 3
151 22 0.830 0 2
31 40 0.190 0 3
15 5 0.093 0 4
14 10 0.057 0 1
14 52 0.060 0 4
67 10 0.213 0 2
57 30 0.306 0 1
17 70 0.080 0 3
15 5 0.074 0 4
17 10 0.066 0 2
338 70 2.181 0 1
152 40 0.884 0 1
13 70 0.057 0 4
38 30 0.162 0 4
31 52 0.101 0 2
11 70 0.068 0 4
34 70 0.111 0 1
71 10 0.245 0 4
165 15 0.864 0 3
31 30 0.117 0 4
23 70 0.093 0 1
229 10 1.258 0 2
62 100 0.199 0 3
60 40 0.223 0 4
22 10 0.116 0 1
19 10 0.056 0 3
19 30 0.067 0 3
15 30 0.051 0 1
41 70 0.206 0 3
80 70 0.249 0 1
335 22 1.396 0 3
189 100 0.904 0 2
252 10 1.416 0 2
33 10 0.105 0 2
197 10 1.094 0 1
217 30 1.142 0 3
18 22 0.120 0 4
196 10 0.975 0 4
41 30 0.234 0 4
36 22 0.112 0 2
10 30 0.046 0 1
232 52 0.853 0 3
13 100 0.051 0 1
184 100 0.536 0 3
13 15 0.075 0 2
85 15 0.388 0 2
113 52 0.617 0 4
55 100 0.362 0 4
10 22 0.052 0 2
138 52 0.491 0 3
19 30 0.110 0 4
15 100 0.048 0 4
52 100 0.248 0 4
10 5 0.067 0 4
49 52 0.262 0 4
37 30 0.111 0 1
279 5 1.130 0 2
92 30 0.285 0 4
19 70 0.081 0 1
29 5 0.184 0 4
13 70 0.068 0 3
59 30 0.197 0 4
13 70 0.057 0 1
12 70 0.054 0 3
16 70 0.086 0 3
194 5 0.836 0 4
130 10 0.504 0 3
13 10 0.041 0 1
14 30 0.066 0 1
11 5 0.038 0 3
320 30 1.100 0 2
198 52 0.995 0 1
10 40 0.060 0 3
14 5 0.042 0 4
126 52 0.640 0 4
50 15 0.188 0 4
40 52 0.170 0 1
22 10 0.074 0 1
25 100 0.094 0 3
12 70 0.036 0 3
28 40 0.095 0 3
58 30 0.209 0 2
55 52 0.270 0 1
52 15 0.176 0 1
43 22 0.152 0 4
18 15 0.053 0 4
145 10 0.434 0 4
290 15 0.932 0 4
78 30 0.377 0 3
188 52 0.817 0 4
103 10 0.493 0 3
47 10 0.222 0 2
33 70 0.184 0 4
14 100 0.088 0 1
59 70 0.222 0 1
64 52 0.195 0 2
180 30 0.723 0 1
11 52 0.067 0 1
10 10 0.032 0 1
12 15 0.051 0 3
36 100 0.117 0 3
18 5 0.085 0 3
40 40 0.150 0 2
71 15 0.250 0 2
18 100 0.055 0 2
84 40 0.396 0 2
188 5 0.917 0 4
24 30 0.070 0 4
17 5 0.090 0 1
39 30 0.202 0 4
184 5 0.588 0 3
90 100 0.549 0 4
17 30 0.085 0 3
14 5 0.048 0 3
10 22 0.033 0 2
23 52 0.070 0 1
35 70 0.118 0 1
40 40 0.125 0 1
33 5 0.125 0 4
40 52 0.147 0 1
19 30 0.064 0 3
15 40 0.072 0 4
68 5 0.324 0 1
39 15 0.129 0 4
74 52 0.400 0 4
28 52 0.172 0 1
14 100 0.085 0 3
107 40 0.388 0 1
61 10 0.285 0 3
73 40 0.253 0 1
22 10 0.122 0 3
16 52 0.078 0 1
236 22 1.026 0 3
104 52 0.400 0 4
19 70 0.092 0 3
35 30 0.141 0 1
39 40 0.231 0 4
29 22 0.120 0 3
115 30 0.706 0 4
17 22 0.057 0 2
51 100 0.176 0 3
61 15 0.295 0 2
27 40 0.120 0 4
167 70 0.687 0 2
10 15 0.051 0 4
44 22 0.141 0 3
52 100 0.338 0 4
32 22 0.213 0 3
30 5 0.163 0 4
16 5 0.056 0 3
67 100 0.263 0 4
77 70 0.308 0 4
30 30 0.097 0 2
32 22 0.106 0 3
168 100 0.490 0 4
63 10 0.350 0 4
27 70 0.105 0 1
113 70 0.562 0 3
74 30 0.292 0 3
21 40 0.113 0 4
30 15 0.089 0 2
52 15 0.268 0 1
30 30 0.115 0 2
143 10 0.470 0 4
36 70 0.151 0 1
118 15 0.776 0 2
11 100 0.035 0 1
69 40 0.262 0 1
116 30 0.566 0 3
35 70 0.158 0 3
32 22 0.135 0 1
53 52 0.232 0 1
56 40 0.301 0 4
11 52 0.041 0 2
113 100 0.523 0 2
48 100 0.153 0 4
13 70 0.048 0 2
277 15 1.530 0 2
33 52 0.185 0 3
193 30 0.594 0 1
167 52 0.607 0 1
59 10 0.269 0 3
198 40 1.015 0 3
108 15 0.647 0 4
308 30 1.467 0 4
131 22 0.704 0 4
36 10 0.157 0 2
17 52 0.087 0 4
257 30 0.955 0 1
24 30 0.161 0 1
36 30 0.134 0 4
59 40 0.232 0 4
187 5 1.022 0 3
128 52 0.559 0 3
143 10 0.424 0 3
284 52 1.000 0 3
12 40 0.043 0 1
154 70 0.597 0 4
73 5 0.480 0 1
189 70 0.808 0 4
46 40 0.176 0 4
19 10 0.095 0 1
131 70 0.489 0 2
12 15 0.039 0 1
285 70 1.063 0 2
147 22 0.875 0 2
160 5 1.032 0 2
23 15 0.106 0 4
62 40 0.222 0 2
77 40 0.464 0 1
11 30 0.043 0 2
194 40 0.738 0 3
153 70 0.550 0 2
136 30 0.430 0 3
152 5 0.623 0 4
15 15 0.099 0 1
34 100 0.130 0 3
27 10 0.133 0 1
218 30 1.198 0 2
56 40 0.168 0 1
13 10 0.080 0 3
72 15 0.477 0 3
42 40 0.181 0 2
50 15 0.235 0 1
309 40 1.861 0 3
72 5 0.235 0 3
19 22 0.065 0 3
22 40 0.085 0 1
89 5 0.345 0 3
127 10 0.516 0 1
29 70 0.088 0 4
227 40 0.938 0 4
20 70 0.085 0 2
16 40 0.048 0 1
75 70 0.279 0 1
32 70 0.154 0 4
184 30 0.687 0 1
70 52 0.208 0 2
76 70 0.398 0 4
31 52 0.194 0 2
334 10 1.866 0 1
36 40 0.109 0 1
24 100 0.079 0 4
47 52 0.214 0 3
192 40 0.787 0 1
134 22 0.650 0 2
37 40 0.156 0 1
14 15 0.047 0 3
12 100 0.069 0 3
27 10 0.101 0 4
197 10 0.904 0 3
43 10 0.205 0 3
80 15 0.285 0 1
36 30 0.114 0 3
14 52 0.046 0 4
160 15 0.472 0 2
28 10 0.089 0 3
15 30 0.079 0 4
332 40 1.644 0 2
72 100 0.385 0 3
167 100 0.756 0 4
30 40 0.105 0 2
81 70 0.422 0 4
16 5 0.107 0 3
14 15 0.081 0 1
189 52 0.645 0 1
321 30 1.834 0 4
77 15 0.317 0 1
315 22 1.013 0 1
27 5 0.134 0 1
30 30 0.095 0 3
10 22 0.044 0 4
39 40 0.155 0 4
145 40 0.906 0 2
19 70 0.059 0 1
19 22 0.059 0 2
39 40 0.119 0 3
174 52 1.012 0 4
25 100 0.168 0 2
60 15 0.217 0 1
18 22 0.060 0 1
14 70 0.045 0 4
53 15 0.261 0 3
61 5 0.367 0 1
35 22 0.109 0 1
336 40 1.151 0 2
42 40 0.253 0 4
50 52 0.193 0 4
16 15 0.077 0 1
109 52 0.394 0 1
27 52 0.100 0 4
29 10 0.162 0 2
68 100 0.378 0 4
53 100 0.257 0 2
80 52 0.233 0 2
38 40 0.158 0 4
60 30 0.308 0 2
175 5 1.129 0 4
40 52 0.126 0 2
315 10 1.445 0 2
171 40 0.757 0 4
30 10 0.107 0 3
52 10 0.173 0 2
329 10 1.051 0 4
39 15 0.245 0 3
242 100 1.254 0 3
18 52 0.105 0 2
10 15 0.039 0 4
15 30 0.046 0 1
322 15 1.353 0 4
17 22 0.063 0 2
16 40 0.059 0 2
37 10 0.201 0 4
74 70 0.243 0 3
31 30 0.129 0 1
73 52 0.408 0 3
26 70 0.087 0 4
150 15 0.542 0 1
70 70 0.354 0 1
11 22 0.067 0 4
16 70 0.051 0 2
10 40 0.055 0 1
98 70 0.389 0 3
171 15 0.638 0 3
193 40 1.237 0 3
104 100 0.353 0 3
10 70 0.036 0 4
16 22 0.102 0 3
230 40 0.836 0 3
26 15 0.077 0 4
133 10 0.514 0 2
330 100 1.320 0 4
105 5 0.427 0 1
48 30 0.163 0 4
159 22 0.652 0 2
32 70 0.116 0 3
150 52 0.502 0 1
42 30 0.188 0 3
12 30 0.047 0 1
73 70 0.354 0 4
34 30 0.163 0 1
67 15 0.429 0 1
33 22 0.131 0 3
45 10 0.190 0 3
114 22 0.433 0 3
128 15 0.624 0 2
21 70 0.107 0 2
192 52 0.578 0 4
80 22 0.239 0 2
23 10 0.133 0 1
75 10 0.231 0 2
36 15 0.142 0 1
29 52 0.091 0 1
32 5 0.120 0 4
130 10 0.485 0 1
325 22 1.912 0 2
14 15 0.044 0 1
18 10 0.055 0 4
57 52 0.295 0 4
199 22 0.652 0 3
10 70 0.034 0 1
108 70 0.321 0 1
194 15 1.010 0 3
164 52 0.901 0 4
163 100 0.976 0 1
16 10 0.083 0 2
29 52 0.091 0 4
64 40 0.279 0 1
22 10 0.122 0 2
28 40 0.094 0 3
15 70 0.062 0 1
22 10 0.106 0 2
44 100 0.284 0 4
17 40 0.074 0 3
39 22 0.120 0 4
166 70 1.038 0 2
78 100 0.285 0 1
25 30 0.091 0 2
18 70 0.067 0 3
181 100 1.183 0 3
14 52 0.043 0 3
79 22 0.278 0 1
111 5 0.422 0 3
175 10 0.866 0 4
10 52 0.039 0 1
146 100 0.535 0 2
13 22 0.066 0 2
18 52 0.055 0 4
13 100 0.056 0 3
53 15 0.346 0 3
158 15 0.556 0 1
310 70 1.703 0 3
90 30 0.335 0 4
10 10 0.050 0 3
29 100 0.110 0 1
79 15 0.298 0 3
63 70 0.184 0 3
14 52 0.077 0 1
94 30 0.360 0 4
308 100 1.867 0 1
161 100 0.703 0 3
37 22 0.111 0 4
32 22 0.104 0 2
25 22 0.121 0 1
46 30 0.272 0 1
179 10 0.734 0 1
31 100 0.136 0 2
14 22 0.089 0 2
111 100 0.552 0 2
96 30 0.485 0 3
30 5 0.181 0 3
16 40 0.051 0 1
104 22 0.433 0 4
13 30 0.046 0 4
67 100 0.392 0 2
11 70 0.069 0 4
28 15 0.121 0 1
11 15 0.052 0 4
10 70 0.041 0 2
28 30 0.123 0 2
60 52 0.201 0 3
79 100 0.325 0 4
151 30 0.521 0 1
171 100 0.774 0 2
29 10 0.150 0 4
35 52 0.191 0 4
16 5 0.052 0 4
210 40 0.621 0 2
59 10 0.291 0 1
17 10 0.102 0 4
41 40 0.184 0 1
174 30 0.652 0 1
77 15 0.520 0 1
109 70 0.653 0 3
59 70 0.208 0 1
148 100 0.454 0 4
102 100 0.429 0 3
87 30 0.323 0 1
52 52 0.160 0 1
80 15 0.299 0 1
83 52 0.509 0 2
12 5 0.069 0 3
18 15 0.071 0 1
15 5 0.069 0 2
37 100 0.113 0 1
302 30 1.974 0 3
30 22 0.135 0 4
14 15 0.044 0 2
21 30 0.130 0 4
180 30 0.536 0 3
141 10 0.491 0 3
12 40 0.068 0 4
16 5 0.075 0 2
63 10 0.335 0 4
47 22 0.211 0 4
35 30 0.159 0 1
18 5 0.112 0 2
61 30 0.231 0 1
23 52 0.124 0 2
18 22 0.083 0 1
76 15 0.253 0 2
19 15 0.082 0 1
165 15 0.591 0 4
56 52 0.249 0 2
30 15 0.105 0 1
191 10 0.582 0 4
152 22 0.741 0 4
23 15 0.125 0 3
41 30 0.216 0 2
26 5 0.149 0 3
187 40 0.632 0 1
28 100 0.087 0 3
84 10 0.299 0 3
47 40 0.224 0 4
40 22 0.265 0 4
199 22 0.659 0 2
290 10 0.850 0 3
13 70 0.050 0 3
267 5 1.355 0 1
23 15 0.097 0 2
39 70 0.126 0 4
62 10 0.276 0 4
14 52 0.054 0 3
17 30 0.072 0 1
159 15 0.485 0 1
15 10 0.088 0 1
76 52 0.238 0 2
15 40 0.092 0 4
10 10 0.048 0 2
90 15 0.341 0 2
77 22 0.248 0 1
70 5 0.289 0 2
21 40 0.063 0 4
33 10 0.106 0 2
162 52 0.802 0 3
52 52 0.217 0 3
47 30 0.174 0 1
39 40 0.248 0 3
13 15 0.087 0 2
109 5 0.470 0 4
67 5 0.206 0 4
132 100 0.574 0 3
59 70 0.339 0 3
14 15 0.042 0 3
15 5 0.099 0 3
11 10 0.037 0 2
11 30 0.043 0 2
22 70 0.067 0 1
204 70 1.085 0 1
17 10 0.066 0 3
134 40 0.450 0 1
17 30 0.103 0 3
193 70 0.652 0 4
12 10 0.077 0 2
151 30 0.588 0 2
49 15 0.178 0 4
42 10 0.199 0 1
112 52 0.663 0 1
12 30 0.038 0 2
73 15 0.233 0 4
15 40 0.093 0 2
190 40 0.629 0 4
91 40 0.545 0 2
313 5 1.172 0 4
60 5 0.280 0 2
174 52 0.784 0 4
28 70 0.138 0 1
100 70 0.332 0 1
197 70 0.904 0 1
162 10 0.835 0 4
12 22 0.052 0 1
67 5 0.253 0 2
73 10 0.294 0 1
170 70 0.697 0 2
36 52 0.145 0 2
20 10 0.074 0 3
15 40 0.052 0 1
74 5 0.233 0 2
312 10 1.003 0 2
38 22 0.170 0 4
60 30 0.288 0 1
13 5 0.040 0 3
72 100 0.251 0 2
47 40 0.257 0 1
39 40 0.189 0 2
10 30 0.045 0 2
26 30 0.125 0 1
18 52 0.067 0 3
111 10 0.381 0 1
16 10 0.064 0 3
15 5 0.049 0 1
240 70 0.830 0 4
133 5 0.433 0 2
166 15 1.085 0 3
12 10 0.037 0 2
147 100 0.430 0 3
59 15 0.381 0 2
10 40 0.060 0 4
10 30 0.037 0 3
240 30 1.270 0 3
43 100 0.189 0 2
32 70 0.159 0 1
20 22 0.060 0 1
80 52 0.440 0 3
63 5 0.216 0 2
151 30 0.463 0 2
14 52 0.087 0 2
115 30 0.697 0 4
55 30 0.261 0 4
154 30 0.503 0 3
265 15 0.993 0 3
10 70 0.051 0 1
263 10 1.604 0 2
298 40 1.164 0 2
37 100 0.127 0 2
33 30 0.105 0 3
20 100 0.088 0 1
139 30 0.702 0 3
160 15 0.569 0 2
74 30 0.284 0 4
23 52 0.072 0 3
19 5 0.057 0 4
15 52 0.046 0 3
21 22 0.078 0 2
38 52 0.188 0 3
24 70 0.125 0 4
209 40 0.653 0 3
17 10 0.055 0 1
22 22 0.072 0 2
19 30 0.058 0 3
16 10 0.082 0 4
38 15 0.148 0 3
96 40 0.561 0 1
18 100 0.087 0 2
28 40 0.142 0 2
52 22 0.191 0 4
64 10 0.366 0 2
209 52 0.626 0 4
147 100 0.623 0 2
40 40 0.215 0 2
62 40 0.263 0 3
139 10 0.563 0 3
43 52 0.211 0 1
142 30 0.584 0 4
139 5 0.471 0 3
37 22 0.193 0 2
39 52 0.115 0 3
11 22 0.073 0 1
324 22 2.012 0 4
15 10 0.092 0 3
252 52 0.746 0 1
12 40 0.037 0 3
30 5 0.171 0 3
109 52 0.371 0 3
19 30 0.065 0 3
185 40 0.709 0 2
84 52 0.384 0 1
20 15 0.062 0 2
10 15 0.045 0 3
12 10 0.038 0 3
12 52 0.062 0 4
28 22 0.099 0 1
10 10 0.056 0 1
101 70 0.391 0 3
39 10 0.139 0 3
193 30 0.877 0 3
17 22 0.066 0 3
50 100 0.202 0 1
69 100 0.214 0 1
19 15 0.077 0 4
110 40 0.373 0 4
168 100 0.639 1 0
88 52 0.275 1 2
35 40 0.222 1 0
29 30 0.134 1 3
30 15 0.199 1 4
54 22 0.229 1 3
55 15 0.191 1 3
17 5 0.092 1 3
159 22 0.576 1 0
104 40 0.462 1 0
65 10 0.216 1 3
50 52 0.160 1 2
38 100 0.224 1 2
15 22 0.047 1 4
189 70 0.959 1 0
19 30 0.094 1 0
122 70 0.488 1 0
29 70 0.104 1 0
35 100 0.120 1 2
45 30 0.256 1 0
10 100 0.063 1 2
16 40 0.098 1 4
15 52 0.064 1 0
36 30 0.130 1 3
164 100 0.577 1 0
28 30 0.145 1 0
21 30 0.074 1 3
89 22 0.269 1 3
16 52 0.072 1 4
77 22 0.376 1 2
63 100 0.211 1 3
70 52 0.422 1 0
37 15 0.199 1 0
159 40 0.981 1 0
97 30 0.306 1 2
50 15 0.147 1 2
25 100 0.078 1 0
65 40 0.201 1 3
79 70 0.315 1 0
46 5 0.175 1 0
156 70 0.457 1 0
59 22 0.226 1 2
15 40 0.054 1 2
15 30 0.077 1 3
63 40 0.325 1 3
130 100 0.691 1 0
26 100 0.077 1 2
169 40 1.056 1 3
28 15 0.137 1 0
75 40 0.391 1 4
154 40 0.467 1 0
15 15 0.085 1 2
70 10 0.357 1 4
255 10 1.099 1 4
40 22 0.223 1 4
83 5 0.297 1 0
36 30 0.217 1 2
54 30 0.161 1 4
31 40 0.111 1 0
46 5 0.193 1 3
249 15 1.127 1 0
43 100 0.163 1 0
78 5 0.282 1 0
29 22 0.090 1 4
37 5 0.239 1 0
11 10 0.039 1 3
170 70 0.632 1 3
149 40 0.546 1 3
94 10 0.301 1 0
20 30 0.069 1 0
194 70 1.212 1 4
175 22 0.879 1 0
42 30 0.276 1 0
26 40 0.163 1 3
18 5 0.081 1 2
37 40 0.129 1 0
31 52 0.157 1 0
129 100 0.498 1 0
146 22 0.433 1 2
327 40 1.168 1 4
114 5 0.633 1 2
19 40 0.057 1 0
35 70 0.113 1 0
37 15 0.109 1 3
318 100 1.032 1 0
223 5 0.838 1 4
61 100 0.266 1 0
11 22 0.036 1 0
35 100 0.113 1 3
126 15 0.384 1 3
72 15 0.220 1 2
153 70 0.810 1 2
31 5 0.165 1 2
17 15 0.083 1 2
41 10 0.144 1 3
41 100 0.121 1 0
78 5 0.248 1 2
163 52 0.921 1 0
137 10 0.496 1 0
272 30 1.591 1 0
72 70 0.285 1 4
193 30 0.619 1 3
55 52 0.198 1 0
34 100 0.162 1 3
69 30 0.369 1 2
34 52 0.116 1 3
64 52 0.190 1 2
174 70 0.911 1 0
111 40 0.544 1 2
17 52 0.111 1 0
17 70 0.106 1 0
15 40 0.099 1 0
14 10 0.053 1 3
42 40 0.168 1 0
38 15 0.152 1 4
39 10 0.157 1 0
64 100 0.296 1 4
70 70 0.252 1 2
13 52 0.057 1 0
52 10 0.168 1 2
131 5 0.587 1 0
17 15 0.073 1 4
24 5 0.076 1 4
54 100 0.196 1 2
12 15 0.038 1 3
114 52 0.343 1 0
294 30 1.986 1 0
60 30 0.194 1 3
19 5 0.061 1 0
59 30 0.260 1 0
17 52 0.056 1 4
14 52 0.047 1 0
38 15 0.165 1 2
112 70 0.427 1 2
81 100 0.252 1 0
10 15 0.030 1 3
79 30 0.255 1 4
21 30 0.135 1 4
37 5 0.153 1 4
24 100 0.112 1 3
25 10 0.099 1 0
59 5 0.282 1 3
96 22 0.649 1 4
25 10 0.095 1 3
13 15 0.060 1 4
76 22 0.339 1 3
32 10 0.140 1 3
74 22 0.233 1 3
43 22 0.138 1 0
20 22 0.079 1 3
17 10 0.072 1 2
18 100 0.053 1 0
78 70 0.341 1 0
37 10 0.178 1 0
69 5 0.375 1 0
57 30 0.318 1 4
18 5 0.060 1 0
39 10 0.165 1 4
13 22 0.086 1 0
71 10 0.266 1 0
10 15 0.068 1 2
201 22 1.272 1 0
22 10 0.094 1 3
210 100 1.250 1 0
49 52 0.170 1 0
116 5 0.382 1 4
10 15 0.031 1 3
65 5 0.216 1 0
161 70 0.495 1 3
22 15 0.094 1 0
67 40 0.228 1 4
44 22 0.128 1 0
183 30 0.813 1 3
61 100 0.262 1 0
18 5 0.073 1 0
26 30 0.095 1 3
11 70 0.065 1 0
12 100 0.054 1 3
336 5 2.074 1 0
156 30 0.467 1 0
68 15 0.300 1 3
297 22 1.737 1 0
19 30 0.089 1 0
74 22 0.454 1 3
136 15 0.680 1 0
29 100 0.115 1 2
106 100 0.434 1 3
11 52 0.042 1 0
10 5 0.048 1 2
33 10 0.104 1 0
35 100 0.117 1 2
55 70 0.214 1 4
158 70 0.570 1 0
69 30 0.235 1 0
15 22 0.072 1 2
41 10 0.171 1 0
56 70 0.279 1 2
321 52 1.155 1 2
23 5 0.078 1 4
77 40 0.277 1 0
16 30 0.050 1 0
32 15 0.167 1 0
52 5 0.194 1 2
105 22 0.413 1 0
30 10 0.100 1 4
35 100 0.136 1 0
186 5 0.732 1 3
11 70 0.048 1 4
65 15 0.404 1 3
34 15 0.107 1 4
183 52 0.828 1 4
73 30 0.309 1 3
39 15 0.203 1 2
34 5 0.191 1 3
15 10 0.067 1 0
173 40 0.562 1 4
154 5 0.895 1 3
11 30 0.048 1 4
90 40 0.407 1 0
14 30 0.072 1 3
140 30 0.886 1 4
71 52 0.390 1 2
89 100 0.275 1 0
164 100 0.970 1 2
17 100 0.076 1 0
65 5 0.349 1 3
298 15 1.577 1 0
48 10 0.204 1 4
327 52 1.120 1 0
138 30 0.802 1 0
37 5 0.134 1 3
20 70 0.074 1 4
169 5 1.090 1 0
199 5 0.905 1 4
10 40 0.055 1 0
14 52 0.046 1 3
27 52 0.082 1 4
133 5 0.599 1 0
78 15 0.241 1 2
23 5 0.124 1 0
289 52 1.170 1 4
151 15 0.549 1 0
52 70 0.218 1 0
314 30 1.019 1 0
150 52 0.647 1 2
23 15 0.072 1 0
31 10 0.098 1 2
30 15 0.108 1 3
139 100 0.473 1 3
10 22 0.032 1 0
134 5 0.523 1 2
61 10 0.324 1 3
192 15 0.861 1 3
43 52 0.148 1 0
179 5 0.768 1 0
33 10 0.130 1 3
21 30 0.098 1 0
27 10 0.101 1 4
57 5 0.320 1 3
44 5 0.216 1 0
71 5 0.368 1 4
62 22 0.313 1 0
187 40 0.658 1 0
16 30 0.084 1 2
41 5 0.237 1 0
15 5 0.047 1 3
171 40 0.767 1 0
13 40 0.061 1 0
16 10 0.093 1 4
32 40 0.119 1 4
13 52 0.074 1 2
140 52 0.651 1 2
269 22 1.015 1 0
198 10 0.925 1 0
36 100 0.196 1 0
71 52 0.214 1 3
38 52 0.118 1 3
109 22 0.487 1 2
138 70 0.817 1 0
29 22 0.120 1 0
24 40 0.078 1 2
17 40 0.066 1 3
24 100 0.075 1 2
55 30 0.331 1 0
53 15 0.296 1 4
84 10 0.289 1 3
257 52 0.860 1 4
49 100 0.156 1 0
45 15 0.139 1 3
27 30 0.100 1 0
59 52 0.268 1 3
38 15 0.121 1 0
32 30 0.101 1 0
45 22 0.217 1 4
184 70 0.577 1 4
58 30 0.360 1 4
18 52 0.075 1 0
77 5 0.254 1 3
12 22 0.042 1 3
44 70 0.229 1 3
45 22 0.171 1 2
13 5 0.045 1 0
172 5 0.669 1 3
253 30 0.830 1 0
14 5 0.070 1 4
19 5 0.128 1 0
148 40 0.744 1 0
17 52 0.065 1 0
19 52 0.127 1 2
11 22 0.069 1 3
136 100 0.562 1 0
13 70 0.047 1 4
10 15 0.054 1 2
36 100 0.130 1 0
118 70 0.366 1 0
40 10 0.260 1 3
77 30 0.258 1 3
10 52 0.033 1 0
15 15 0.054 1 2
106 15 0.520 1 4
30 30 0.169 1 3
19 100 0.097 1 4
104 70 0.450 1 3
155 15 0.467 1 2
95 22 0.354 1 4
12 5 0.065 1 0
83 10 0.247 1 0
10 70 0.059 1 0
47 30 0.138 1 4
68 40 0.333 1 2
14 22 0.068 1 0
79 22 0.279 1 0
19 40 0.090 1 4
38 52 0.118 1 2
169 30 0.655 1 0
13 40 0.043 1 0
167 70 0.586 1 3
208 15 0.656 1 4
63 70 0.285 1 0
153 22 0.537 1 0
30 52 0.128 1 2
42 10 0.232 1 4
14 30 0.048 1 2
22 40 0.089 1 3
26 10 0.107 1 0
205 70 1.358 1 4
271 70 0.993 1 3
48 40 0.145 1 0
17 70 0.056 1 4
159 22 0.510 1 4
47 70 0.244 1 0
19 5 0.080 1 0
65 15 0.230 1 0
115 40 0.556 1 4
38 5 0.126 1 3
27 22 0.127 1 3
329 15 1.400 1 0
18 70 0.081 1 0
203 5 1.230 1 4
191 100 0.682 1 4
54 10 0.159 1 0
110 30 0.442 1 0
35 22 0.191 1 0
192 5 0.753 1 3
11 70 0.039 1 0
39 70 0.133 1 3
78 5 0.446 1 0
285 5 1.364 1 0
59 15 0.316 1 0
24 10 0.120 1 0
26 15 0.085 1 3
30 15 0.175 1 0
14 22 0.071 1 0
12 10 0.037 1 0
174 15 0.552 1 2
35 100 0.203 1 2
84 100 0.290 1 0
37 40 0.243 1 3
10 30 0.063 1 2
165 10 0.789 1 3
42 70 0.134 1 0
316 100 1.192 1 2
25 30 0.137 1 3
31 5 0.150 1 3
24 15 0.156 1 2
84 52 0.353 1 3
75 5 0.487 1 0
14 52 0.069 1 0
62 10 0.344 1 2
20 52 0.074 1 2
108 15 0.424 1 2
18 40 0.072 1 2
17 15 0.083 1 0
69 40 0.245 1 0
40 10 0.136 1 2
67 15 0.296 1 4
33 15 0.104 1 0
72 10 0.249 1 0
77 30 0.353 1 0
298 10 1.197 1 4
20 15 0.094 1 0
98 100 0.419 1 3
15 52 0.065 1 0
76 10 0.244 1 2
11 52 0.037 1 4
28 100 0.141 1 3
21 70 0.082 1 2
142 100 0.893 1 0
45 5 0.171 1 0
77 40 0.261 1 2
73 22 0.244 1 3
16 100 0.058 1 3
22 5 0.126 1 3
13 5 0.040 1 0
58 40 0.382 1 0
13 22 0.039 1 4
20 15 0.073 1 2
37 52 0.234 1 3
65 52 0.283 1 4
10 30 0.036 1 2
12 52 0.040 1 2
38 70 0.122 1 3
12 22 0.043 1 0
36 22 0.171 1 2
16 30 0.050 1 3
185 100 0.599 1 4
38 70 0.216 1 4
13 100 0.073 1 4
40 70 0.191 1 2
158 10 0.684 1 0
15 22 0.066 1 4
17 100 0.088 1 0
23 70 0.090 1 0
10 22 0.046 1 0
76 100 0.466 1 3
23 52 0.086 1 0
155 40 0.574 1 3
16 40 0.074 1 4
18 70 0.105 1 0
16 100 0.048 1 4
62 22 0.209 1 3
36 100 0.132 1 3
136 52 0.824 1 2
23 70 0.075 1 4
43 70 0.146 1 2
88 70 0.351 1 0
155 70 0.939 1 0
17 5 0.081 1 2
191 40 0.630 1 3
10 15 0.032 1 3
11 100 0.042 1 4
17 40 0.053 1 0
25 52 0.101 1 4
14 52 0.048 1 3
30 100 0.114 1 0
62 30 0.250 1 0
251 15 0.980 1 0
49 22 0.180 1 3
39 5 0.192 1 0
71 5 0.277 1 0
10 30 0.041 1 4
38 52 0.215 1 0
25 70 0.082 1 3
113 22 0.533 1 2
113 30 0.589 1 2
123 40 0.539 1 0
50 5 0.154 1 0
156 52 0.825 1 4
136 70 0.425 1 2
26 100 0.077 1 2
17 52 0.050 1 0
168 10 0.649 1 4
72 30 0.343 1 0
18 52 0.100 1 3
251 52 0.802 1 4
127 30 0.765 1 3
265 70 0.808 1 2
28 100 0.104 1 4
29 52 0.131 1 3
156 100 0.607 1 4
10 10 0.037 1 4
85 10 0.337 1 0
102 100 0.352 1 2
11 52 0.045 1 2
19 10 0.106 1 0
209 5 0.701 1 3
27 30 0.153 1 4
16 40 0.066 1 0
67 15 0.263 1 0
27 40 0.136 1 2
53 22 0.233 1 0
54 10 0.186 1 3
139 15 0.808 1 0
18 15 0.103 1 2
75 70 0.338 1 3
57 40 0.335 1 3
186 5 0.974 1 2
13 22 0.047 1 0
74 70 0.230 1 4
14 70 0.065 1 3
18 40 0.060 1 3
31 22 0.115 1 0
22 5 0.120 1 4
10 40 0.042 1 4
230 15 0.821 1 3
68 40 0.229 1 4
37 100 0.202 1 4
27 100 0.158 1 3
186 52 0.762 1 2
211 15 1.077 1 2
22 15 0.093 1 2
28 52 0.082 1 3
176 40 0.568 1 2
32 5 0.118 1 2
100 10 0.459 1 3
110 100 0.375 1 0
57 52 0.234 1 4
180 10 0.753 1 3
166 5 1.064 1 4
59 100 0.172 1 4
79 10 0.439 1 0
12 70 0.054 1 3
17 15 0.099 1 4
110 40 0.482 1 4
141 10 0.892 1 0
57 22 0.211 1 0
153 10 0.869 1 0
166 40 0.544 1 3
15 5 0.050 1 2
212 10 1.050 1 4
19 5 0.059 1 3
44 5 0.159 1 3
52 52 0.257 1 0
65 30 0.216 1 4
141 52 0.746 1 2
33 70 0.098 1 0
75 10 0.255 1 2
179 52 0.725 1 0
35 10 0.125 1 0
129 30 0.662 1 2
11 30 0.066 1 0
16 10 0.052 1 0
303 5 0.987 1 0
72 15 0.219 1 3
15 5 0.066 1 2
157 52 0.503 1 3
97 22 0.581 1 2
11 15 0.033 1 3
30 15 0.203 1 0
78 70 0.251 1 0
11 10 0.039 1 0
14 30 0.048 1 4
143 70 0.550 1 0
90 15 0.529 1 3
11 52 0.033 1 2
57 70 0.217 1 0
140 15 0.870 1 3
272 40 0.795 1 3
27 40 0.148 1 0
23 30 0.103 1 0
122 30 0.392 1 4
37 10 0.180 1 3
29 5 0.087 1 0
187 5 0.592 1 3
67 30 0.208 1 4
41 100 0.174 1 4
20 100 0.065 1 3
48 10 0.268 1 2
177 40 0.646 1 3
29 70 0.100 1 0
12 15 0.061 1 3
31 30 0.204 1 2
33 5 0.123 1 0
71 15 0.247 1 3
15 10 0.074 1 0
13 15 0.047 1 0
11 22 0.060 1 4
12 70 0.036 1 4
35 70 0.190 1 0
123 30 0.359 1 4
28 22 0.151 1 0
17 22 0.052 1 4
79 5 0.271 1 2
183 15 0.762 1 4
66 70 0.426 1 4
26 10 0.141 1 3
27 5 0.086 1 0
283 40 1.758 1 2
10 52 0.044 1 3
10 22 0.055 1 2
20 10 0.062 1 3
97 15 0.372 1 4
124 15 0.590 1 0
178 70 0.764 1 2
12 70 0.046 1 0
62 40 0.187 1 0
149 15 0.764 1 0
43 70 0.142 1 2
278 100 1.383 1 3
44 30 0.273 1 3
22 100 0.069 1 3
19 52 0.102 1 3
141 22 0.456 1 0
190 100 0.837 1 0
148 70 0.943 1 4
256 10 0.952 1 0
41 22 0.186 1 0
333 30 1.571 1 2
68 22 0.232 1 0
68 100 0.248 1 2
34 22 0.101 1 3
37 40 0.122 1 2
10 22 0.034 1 0
31 70 0.160 1 3
163 10 0.536 1 0
205 40 0.777 1 3
131 15 0.604 1 0
17 70 0.110 1 2
188 100 0.618 1 0
15 22 0.092 1 3
11 70 0.033 1 2
41 30 0.147 1 0
228 22 1.341 1 0
296 30 1.850 1 4
11 40 0.048 1 3
19 40 0.059 1 0
76 70 0.335 1 2
142 15 0.763 1 0
41 40 0.198 1 4
155 100 0.463 1 4
64 30 0.231 1 0
116 5 0.364 1 3
12 30 0.054 1 2
23 15 0.100 1 3
14 70 0.089 1 2
27 40 0.107 1 2
70 30 0.208 1 3
63 30 0.184 1 3
256 22 1.580 1 0
70 40 0.374 1 3
28 22 0.090 1 0
123 10 0.750 1 0
80 40 0.435 1 0
187 22 0.632 1 4
31 10 0.112 1 4
43 15 0.195 1 0
287 100 1.011 1 0
176 5 0.782 1 0
308 52 1.801 1 0
12 52 0.058 1 3
11 10 0.066 1 4
17 100 0.068 1 4
101 15 0.347 1 3
338 70 1.463 1 0
50 5 0.169 1 0
11 40 0.039 1 4
16 70 0.051 1 0
168 70 0.778 1 0
143 5 0.641 1 0
60 40 0.204 1 2
49 52 0.160 1 4
16 70 0.060 1 0
14 100 0.050 1 0
45 5 0.138 1 2
195 5 0.694 1 3
15 22 0.069 1 2
42 70 0.173 1 4
16 30 0.064 1 2
54 15 0.267 1 2
42 40 0.179 1 4
37 15 0.224 1 3
71 10 0.263 1 0
132 100 0.477 1 0
310 52 1.435 1 4
34 30 0.182 1 2
177 70 0.790 1 4
161 40 0.482 1 4
33 22 0.105 1 0
11 30 0.043 1 4
77 5 0.397 1 3
68 40 0.368 1 2
18 70 0.072 1 3
30 100 0.112 1 2
17 10 0.064 1 0
326 5 1.136 1 4
13 100 0.042 1 3
40 15 0.128 1 3
142 22 0.432 1 3
22 22 0.081 1 3
14 15 0.072 1 0
54 40 0.269 1 4
241 100 0.755 1 0
32 15 0.140 1 3
260 70 1.004 1 0
10 100 0.034 1 4
74 10 0.366 1 2
10 40 0.051 1 0
16 30 0.088 1 0
171 52 0.514 1 3
69 52 0.210 1 0
12 70 0.045 1 4
34 30 0.125 1 0
34 40 0.193 1 2
69 30 0.246 1 4
39 70 0.125 1 3
19 15 0.060 1 0
24 15 0.085 1 0
25 22 0.077 1 2
12 52 0.038 1 3
19 15 0.119 1 0
10 15 0.034 1 2
20 5 0.081 1 3
62 100 0.330 1 2
16 52 0.049 1 3
201 70 1.162 1 3
72 5 0.275 1 0
35 10 0.215 1 4
70 52 0.365 1 4
29 30 0.108 1 2
38 22 0.224 1 4
13 30 0.066 1 4
13 22 0.062 1 2
66 22 0.359 1 4
27 40 0.089 1 0
136 100 0.459 1 2
51 5 0.185 1 3
31 5 0.126 1 0
126 22 0.472 1 0
13 100 0.060 1 0
187 15 0.583 1 4
18 10 0.091 1 3
70 30 0.228 1 4
73 100 0.493 1 3
15 40 0.059 1 0
71 100 0.232 1 0
13 70 0.076 1 2
177 40 0.697 1 0
199 52 0.943 1 0
34 15 0.116 1 4
107 70 0.333 1 0
11 40 0.039 1 3
10 10 0.044 1 4
11 15 0.035 1 2
181 5 0.968 1 2
38 5 0.132 1 0
52 30 0.228 1 3
178 40 0.757 1 0
21 70 0.076 1 3
17 40 0.080 1 2
88 30 0.271 1 0
258 70 1.643 1 2
74 10 0.387 1 0
43 30 0.158 1 4
285 5 1.804 1 0
68 70 0.276 1 2
15 100 0.051 1 0
10 15 0.030 1 0
76 40 0.290 1 0
19 15 0.065 1 2
194 30 0.770 1 4
35 40 0.159 1 4
67 10 0.221 1 3
22 100 0.067 1 3
74 100 0.298 1 0
12 52 0.066 1 2
25 70 0.086 1 4
26 100 0.160 1 4
86 40 0.381 1 0
31 52 0.101 1 2
330 10 1.015 1 4
67 40 0.285 1 0
226 22 0.866 1 2
24 5 0.098 1 3
14 52 0.059 1 4
54 40 0.295 1 2
20 52 0.069 1 4
11 100 0.034 1 0
62 70 0.259 1 0
38 5 0.244 1 3
19 10 0.078 1 0
45 52 0.302 1 4
29 22 0.149 1 3
60 70 0.319 1 0
36 10 0.208 1 4
49 40 0.176 1 3
70 22 0.368 1 3
73 15 0.213 1 0
62 52 0.383 1 4
27 100 0.100 1 0
20 70 0.085 1 4
45 30 0.145 1 0
237 22 1.082 1 3
19 52 0.128 1 0
23 22 0.080 1 4
10 30 0.058 1 3
78 5 0.312 1 3
69 5 0.204 1 0
22 52 0.108 1 2
136 40 0.610 1 2
199 15 0.657 1 4
201 10 1.280 1 0
60 52 0.214 1 4
51 40 0.158 1 3
76 100 0.317 1 2
39 40 0.131 1 0
16 100 0.059 1 3
13 52 0.054 1 2
17 15 0.056 1 3
32 30 0.175 1 0
62 22 0.257 1 0
15 30 0.061 1 0
192 5 0.589 1 3
43 30 0.198 1 4
176 15 0.609 1 0
297 70 1.727 1 2
132 40 0.759 1 4
14 15 0.075 1 2
34 52 0.148 1 0
33 52 0.114 1 3
68 52 0.324 1 3
144 40 0.615 1 2
15 100 0.051 1 3
51 22 0.167 1 2
12 30 0.065 1 3
23 52 0.146 1 3
19 10 0.093 1 4
13 30 0.081 1 2
18 100 0.107 1 4
13 40 0.046 1 3
213 30 1.392 1 0
13 52 0.061 1 3
106 40 0.381 1 2
22 10 0.068 1 4
129 30 0.485 1 0
26 30 0.108 1 0
53 10 0.310 1 0
43 40 0.161 1 0
34 70 0.222 1 0
25 15 0.124 1 3
18 70 0.087 1 0
32 15 0.107 1 4
26 10 0.098 1 3
189 52 0.580 1 3
59 52 0.371 1 0
38 40 0.253 1 0
177 15 0.731 1 4
121 15 0.440 1 0
194 40 0.819 1 0
153 10 0.480 1 4
54 100 0.172 1 0
16 100 0.056 1 0
10 70 0.037 1 3
119 70 0.773 1 3
165 5 0.556 1 0
75 15 0.229 1 2
10 15 0.053 1 0
12 22 0.056 1 0
14 15 0.069 1 0
29 5 0.132 1 3
45 5 0.239 1 2
43 40 0.173 1 4
277 22 1.282 1 0
30 100 0.093 1 2
69 52 0.256 1 3
11 100 0.034 1 0
26 5 0.095 1 4
263 40 1.060 1 3
134 100 0.744 1 0
166 40 1.114 1 2
63 15 0.399 1 4
31 40 0.126 1 4
72 30 0.344 1 0
19 30 0.097 1 0
18 15 0.068 1 2
112 30 0.390 1 3
117 10 0.405 1 4
35 10 0.123 1 0
58 40 0.181 1 4
33 100 0.142 1 3
251 52 1.503 1 0
37 22 0.147 1 3
11 10 0.040 1 2
31 15 0.116 1 3
39 70 0.129 1 2
322 52 0.942 1 2
31 52 0.108 1 3
32 52 0.126 1 4
131 5 0.489 1 2
35 22 0.156 1 0
55 30 0.293 1 3
192 52 1.116 1 3
65 30 0.293 1 2
77 22 0.232 1 3
74 52 0.359 1 4
178 70 0.531 1 0
338 5 2.181 1 3
17 15 0.086 1 4
66 22 0.277 1 3
67 30 0.372 1 2
195 40 1.250 1 2
184 40 0.797 1 0
71 30 0.270 1 3
186 30 1.057 1 4
123 5 0.658 1 3
84 22 0.291 1 3
18 100 0.063 1 0
13 52 0.044 1 4
147 100 0.717 1 2
34 70 0.135 1 4
64 5 0.292 1 0
10 40 0.051 1 3
201 15 0.679 1 3
78 15 0.258 1 0
55 15 0.205 1 3
59 5 0.186 1 0
35 100 0.104 1 4
30 40 0.126 1 4
16 70 0.055 1 2
151 15 0.604 1 0
334 5 1.256 1 3
215 30 1.120 1 0
36 100 0.112 1 4
24 52 0.089 1 4
61 5 0.289 1 4
23 52 0.068 1 2
63 70 0.420 1 3
12 70 0.061 1 0
26 40 0.121 1 4
96 5 0.294 1 0
139 40 0.511 1 3
237 15 1.559 1 0
35 70 0.123 1 3
23 70 0.130 1 4
28 15 0.181 1 0
71 5 0.359 1 4
71 5 0.428 1 2
74 52 0.484 1 3
277 5 1.184 1 2
22 30 0.129 1 0
193 30 1.304 1 0
163 22 0.700 1 0
14 10 0.042 1 0
72 40 0.283 1 3
209 15 0.741 1 2
119 5 0.351 1 3
39 30 0.130 1 4
12 5 0.039 1 0
14 70 0.089 1 0
140 30 0.545 1 0
175 30 0.549 1 0
98 30 0.292 1 4
57 70 0.324 1 0
12 52 0.047 1 0
113 100 0.406 1 0
45 40 0.202 1 0
338 10 1.087 1 4
257 22 0.874 1 0
17 70 0.057 1 2
21 22 0.073 1 2
92 70 0.317 1 4
321 22 1.000 1 0
17 15 0.050 1 2
61 5 0.213 1 0
36 70 0.195 1 2
13 100 0.071 1 4
186 15 0.944 1 0
110 10 0.491 1 3
50 30 0.221 1 0
124 40 0.660 1 2
13 5 0.046 1 4
14 22 0.047 1 0
196 52 0.916 1 0
36 15 0.125 1 0
64 100 0.284 1 3
142 10 0.457 1 0
27 52 0.085 1 0
61 10 0.197 1 3
70 10 0.443 1 4
13 10 0.085 1 4
288 70 1.032 1 4
36 52 0.140 1 2
335 100 2.030 1 4
22 40 0.069 1 0
134 10 0.585 1 2
335 22 1.077 1 4
78 5 0.284 1 0
109 52 0.522 1 2
11 100 0.034 1 3
31 5 0.117 1 4
35 10 0.147 1 3
267 22 1.127 1 0
35 70 0.187 1 3
49 10 0.147 1 0
36 10 0.130 1 0
72 30 0.341 1 4
20 10 0.113 1 0
61 10 0.328 1 0
49 10 0.194 1 0
35 10 0.207 1 3
17 5 0.088 1 3
67 100 0.208 1 0
12 100 0.040 1 0
12 100 0.077 1 4
136 15 0.638 1 2
137 10 0.862 1 0
19 70 0.095 1 3
51 22 0.219 1 0
267 40 0.985 1 4
48 70 0.284 1 0
47 15 0.187 1 3
143 5 0.593 1 0
317 10 1.811 1 0
48 15 0.267 1 0
186 15 0.622 1 3
24 15 0.097 1 4
20 22 0.098 1 3
32 15 0.124 1 0
14 22 0.094 1 2
10 30 0.066 1 0
30 30 0.090 1 0
158 22 0.687 1 3
15 10 0.058 1 2
42 30 0.280 1 3
37 22 0.154 1 0
38 70 0.130 1 4
58 5 0.199 1 0
154 30 0.478 1 0
30 40 0.106 1 4
16 52 0.081 1 4
142 40 0.602 1 0
43 100 0.131 1 0
219 10 0.811 1 4
78 30 0.392 1 2
171 30 0.687 2 4
228 70 0.877 2 0
19 40 0.106 2 1
78 15 0.269 2 1
15 70 0.096 2 0
24 70 0.088 2 1
111 70 0.416 2 1
42 70 0.144 2 0
72 22 0.231 2 0
191 40 0.834 2 0
293 22 1.279 2 1
71 70 0.223 2 0
33 100 0.138 2 0
74 30 0.500 2 0
46 5 0.164 2 4
47 70 0.305 2 3
25 40 0.076 2 3
45 10 0.285 2 4
47 40 0.299 2 1
107 70 0.326 2 4
36 40 0.184 2 0
74 40 0.251 2 0
18 100 0.079 2 0
28 15 0.092 2 0
19 5 0.086 2 0
34 70 0.172 2 0
13 10 0.040 2 4
12 5 0.055 2 0
54 15 0.179 2 1
61 100 0.339 2 0
43 70 0.149 2 1
179 15 0.668 2 0
79 40 0.418 2 0
73 15 0.474 2 0
242 70 0.766 2 3
76 70 0.281 2 0
10 52 0.043 2 0
20 52 0.060 2 3
263 15 0.802 2 1
37 100 0.126 2 1
43 5 0.129 2 4
12 100 0.044 2 4
26 22 0.082 2 3
73 70 0.308 2 0
11 40 0.046 2 4
69 22 0.299 2 3
16 22 0.090 2 0
19 22 0.061 2 1
272 100 1.327 2 1
172 5 0.827 2 4
29 10 0.088 2 0
24 70 0.094 2 0
24 30 0.084 2 3
12 70 0.056 2 0
19 10 0.066 2 1
71 52 0.420 2 4
17 40 0.059 2 0
199 30 0.580 2 0
112 30 0.331 2 4
102 30 0.354 2 4
49 5 0.154 2 0
52 5 0.202 2 1
154 22 0.481 2 0
287 40 1.840 2 0
11 10 0.044 2 0
32 22 0.157 2 0
46 100 0.160 2 3
57 5 0.241 2 1
11 30 0.071 2 1
74 100 0.239 2 4
43 100 0.142 2 3
97 10 0.319 2 0
16 100 0.065 2 4
117 52 0.389 2 3
21 5 0.075 2 4
27 5 0.182 2 0
15 100 0.076 2 4
65 70 0.270 2 0
32 10 0.131 2 4
30 22 0.164 2 0
188 30 0.726 2 1
69 5 0.404 2 3
196 40 0.760 2 0
29 52 0.088 2 1
38 52 0.155 2 0
10 15 0.050 2 4
197 30 0.599 2 0
31 10 0.201 2 1
52 15 0.176 2 3
61 5 0.181 2 0
47 22 0.150 2 4
335 10 1.304 2 0
47 10 0.247 2 0
83 52 0.411 2 0
33 100 0.122 2 0
66 52 0.300 2 0
121 70 0.791 2 0
46 15 0.154 2 3
167 40 0.564 2 1
10 40 0.029 2 1
15 40 0.052 2 0
158 15 0.513 2 1
13 52 0.080 2 3
48 15 0.226 2 1
300 22 1.042 2 3
50 40 0.207 2 0
33 22 0.107 2 1
30 70 0.104 2 4
44 22 0.172 2 0
78 5 0.406 2 0
15 22 0.071 2 0
74 52 0.217 2 4
10 15 0.055 2 3
17 5 0.079 2 3
70 15 0.210 2 1
109 70 0.736 2 0
121 10 0.359 2 0
24 15 0.084 2 0
14 30 0.050 2 0
171 22 0.507 2 3
277 30 1.689 2 4
77 52 0.458 2 1
17 30 0.063 2 0
48 40 0.316 2 4
147 30 0.961 2 4
18 5 0.057 2 3
269 15 1.257 2 4
59 15 0.231 2 3
66 15 0.367 2 4
92 5 0.535 2 0
63 30 0.303 2 1
14 40 0.058 2 3
68 10 0.459 2 0
11 70 0.056 2 4
180 10 0.655 2 3
42 15 0.122 2 0
66 70 0.357 2 0
133 40 0.559 2 1
18 22 0.065 2 0
16 15 0.062 2 0
119 10 0.713 2 4
23 22 0.107 2 0
43 22 0.141 2 3
49 100 0.148 2 0
76 10 0.295 2 3
24 30 0.153 2 4
30 10 0.095 2 3
33 15 0.161 2 0
21 40 0.119 2 0
260 70 0.839 2 0
185 70 0.561 2 4
37 40 0.149 2 4
48 70 0.149 2 4
13 30 0.060 2 1
70 52 0.407 2 0
44 70 0.130 2 3
63 30 0.207 2 3
55 40 0.337 2 0
15 22 0.086 2 0
13 52 0.051 2 3
123 22 0.366 2 4
49 15 0.280 2 3
44 40 0.187 2 4
334 15 1.106 2 0
40 40 0.152 2 0
19 30 0.093 2 0
29 10 0.120 2 0
133 30 0.715 2 4
111 100 0.430 2 3
107 40 0.560 2 1
123 30 0.732 2 4
152 15 0.458 2 1
12 22 0.040 2 0
304 5 1.236 2 0
16 100 0.051 2 0
12 40 0.074 2 0
12 40 0.045 2 4
17 10 0.065 2 3
63 10 0.364 2 4
88 10 0.264 2 4
76 40 0.376 2 0
27 15 0.148 2 3
64 10 0.295 2 4
18 40 0.099 2 1
36 30 0.107 2 1
127 40 0.388 2 0
99 100 0.474 2 4
15 5 0.093 2 1
186 100 1.200 2 1
19 5 0.105 2 4
99 15 0.309 2 4
171 15 1.082 2 0
74 15 0.284 2 1
14 40 0.054 2 3
61 30 0.210 2 4
94 22 0.570 2 0
202 100 0.835 2 1
16 22 0.099 2 4
17 100 0.085 2 1
130 70 0.422 2 1
45 15 0.142 2 3
18 52 0.067 2 4
72 100 0.379 2 1
33 100 0.145 2 0
76 52 0.250 2 0
18 70 0.060 2 3
19 15 0.106 2 0
171 30 1.148 2 3
29 100 0.141 2 1
157 52 0.577 2 3
68 10 0.354 2 1
74 52 0.333 2 1
136 5 0.705 2 0
162 100 0.653 2 0
178 10 0.682 2 1
31 52 0.188 2 1
19 30 0.123 2 3
61 100 0.201 2 0
94 10 0.423 2 4
53 70 0.215 2 0
35 15 0.133 2 0
69 5 0.285 2 4
31 5 0.199 2 0
15 22 0.045 2 0
122 5 0.616 2 1
16 22 0.051 2 1
66 15 0.371 2 0
42 100 0.144 2 3
40 15 0.208 2 0
109 30 0.589 2 0
20 10 0.060 2 1
176 30 0.640 2 0
28 52 0.130 2 1
73 30 0.412 2 3
10 22 0.053 2 3
158 22 0.596 2 1
72 5 0.303 2 3
141 52 0.468 2 4
32 70 0.113 2 4
279 100 1.533 2 4
102 15 0.507 2 0
127 40 0.645 2 1
300 15 1.676 2 0
183 40 0.938 2 3
18 52 0.061 2 1
38 15 0.191 2 1
53 52 0.164 2 1
49 22 0.176 2 4
136 15 0.453 2 0
17 40 0.085 2 3
48 100 0.262 2 0
161 100 0.953 2 1
16 15 0.047 2 0
16 22 0.047 2 0
174 70 1.094 2 3
167 100 1.128 2 1
77 15 0.345 2 0
209 15 0.741 2 1
79 70 0.300 2 1
221 10 0.770 2 0
74 22 0.425 2 0
64 52 0.270 2 4
121 22 0.571 2 3
15 100 0.096 2 4
75 70 0.287 2 4
49 100 0.171 2 1
15 100 0.059 2 4
42 10 0.232 2 1
12 40 0.047 2 3
12 5 0.068 2 3
147 10 0.731 2 1
11 5 0.038 2 0
19 52 0.119 2 4
47 52 0.246 2 0
128 10 0.408 2 3
29 10 0.097 2 1
16 52 0.058 2 0
157 5 0.720 2 1
19 70 0.078 2 0
18 40 0.080 2 1
103 100 0.595 2 4
11 52 0.039 2 4
14 30 0.065 2 3
129 15 0.566 2 3
45 100 0.152 2 0
170 40 0.659 2 4
76 52 0.225 2 0
28 52 0.109 2 1
19 22 0.070 2 3
47 5 0.140 2 0
31 22 0.152 2 0
17 52 0.056 2 4
43 15 0.166 2 0
118 70 0.593 2 1
54 40 0.318 2 1
79 100 0.264 2 1
31 52 0.153 2 1
15 70 0.054 2 3
113 10 0.438 2 3
55 100 0.288 2 4
176 70 0.772 2 0
24 5 0.139 2 0
146 52 0.487 2 0
45 15 0.209 2 4
23 22 0.124 2 0
121 40 0.467 2 0
58 40 0.369 2 4
199 30 0.634 2 4
17 5 0.064 2 4
10 30 0.032 2 3
14 70 0.082 2 0
30 5 0.094 2 0
78 100 0.299 2 1
18 30 0.054 2 0
15 52 0.052 2 3
38 40 0.113 2 4
54 10 0.329 2 3
28 15 0.121 2 0
79 40 0.534 2 0
67 5 0.211 2 0
19 22 0.098 2 0
57 5 0.194 2 3
37 10 0.250 2 0
15 15 0.073 2 0
38 30 0.224 2 1
17 70 0.098 2 1
38 5 0.217 2 4
49 100 0.205 2 1
79 70 0.309 2 4
90 30 0.360 2 3
24 40 0.082 2 0
16 100 0.057 2 0
156 15 0.664 2 3
31 52 0.169 2 0
10 40 0.053 2 4
11 15 0.040 2 4
79 15 0.380 2 0
29 10 0.114 2 4
96 52 0.325 2 3
11 40 0.042 2 3
31 5 0.116 2 0
35 70 0.194 2 4
62 100 0.186 2 3
79 10 0.254 2 4
26 40 0.109 2 4
57 22 0.169 2 0
223 100 0.965 2 3
11 10 0.069 2 0
39 15 0.122 2 1
131 10 0.411 2 0
314 10 1.026 2 4
102 15 0.379 2 0
105 10 0.423 2 4
13 70 0.086 2 4
186 22 0.653 2 3
27 22 0.145 2 3
12 5 0.046 2 3
56 30 0.250 2 0
48 40 0.246 2 0
24 22 0.087 2 0
11 100 0.058 2 1
21 5 0.076 2 3
17 15 0.107 2 1
270 30 0.852 2 0
34 15 0.149 2 4
14 10 0.066 2 0
17 100 0.065 2 1
13 52 0.043 2 4
333 70 1.810 2 0
76 5 0.434 2 4
12 5 0.049 2 0
14 5 0.083 2 0
36 15 0.222 2 1
12 30 0.052 2 0
22 40 0.074 2 0
136 100 0.660 2 0
12 15 0.055 2 0
19 100 0.059 2 1
14 5 0.086 2 1
161 100 0.847 2 0
47 10 0.177 2 1
161 40 0.942 2 0
32 22 0.188 2 3
30 40 0.186 2 1
124 5 0.498 2 1
13 70 0.053 2 0
85 30 0.294 2 1
58 15 0.232 2 0
163 10 0.620 2 0
333 22 1.168 2 1
164 22 0.850 2 1
34 5 0.112 2 1
13 70 0.044 2 4
19 70 0.061 2 1
33 40 0.144 2 4
10 10 0.031 2 1
184 15 0.571 2 3
197 40 1.101 2 4
15 22 0.059 2 4
22 40 0.145 2 0
50 5 0.156 2 0
36 100 0.138 2 0
61 15 0.222 2 1
24 22 0.120 2 0
10 30 0.038 2 3
12 22 0.065 2 4
13 40 0.046 2 0
10 40 0.036 2 0
11 100 0.074 2 0
52 10 0.268 2 0
14 100 0.076 2 0
194 15 0.749 2 0
18 15 0.057 2 3
44 5 0.149 2 1
16 22 0.057 2 0
195 15 0.580 2 0
46 40 0.275 2 0
28 30 0.101 2 3
31 40 0.123 2 4
13 10 0.050 2 0
11 10 0.051 2 0
232 52 0.771 2 0
13 52 0.088 2 0
11 15 0.052 2 0
90 5 0.443 2 0
90 100 0.433 2 3
32 30 0.184 2 0
27 22 0.103 2 0
160 70 0.525 2 0
13 22 0.075 2 0
14 70 0.057 2 4
93 70 0.484 2 0
15 52 0.049 2 3
38 5 0.226 2 0
65 15 0.320 2 1
84 10 0.535 2 0
156 70 0.929 2 4
54 40 0.162 2 0
179 22 1.133 2 4
53 30 0.192 2 3
90 5 0.592 2 3
17 30 0.061 2 3
54 70 0.298 2 4
14 40 0.042 2 0
13 10 0.045 2 0
12 70 0.063 2 4
17 30 0.101 2 0
100 30 0.299 2 0
75 70 0.240 2 3
52 52 0.220 2 4
22 70 0.117 2 0
14 10 0.069 2 0
30 10 0.117 2 0
70 10 0.298 2 0
12 30 0.046 2 0
67 70 0.261 2 0
25 22 0.097 2 3
274 22 1.370 2 4
142 22 0.480 2 3
196 5 0.721 2 1
36 100 0.224 2 3
29 10 0.090 2 4
16 15 0.082 2 0
190 22 0.696 2 3
72 30 0.214 2 0
189 30 0.995 2 0
14 70 0.061 2 1
179 30 0.639 2 3
56 52 0.170 2 0
33 30 0.129 2 3
15 5 0.088 2 0
26 100 0.117 2 3
145 30 0.942 2 0
96 52 0.565 2 0
39 22 0.159 2 1
128 15 0.417 2 1
35 22 0.110 2 1
19 15 0.110 2 1
67 10 0.424 2 4
10 22 0.031 2 1
26 22 0.105 2 0
34 15 0.126 2 0
171 22 0.559 2 4
19 10 0.067 2 0
13 70 0.045 2 1
49 100 0.155 2 1
317 40 1.086 2 4
48 22 0.158 2 4
47 70 0.139 2 3
47 100 0.254 2 0
49 52 0.194 2 4
17 5 0.098 2 3
11 22 0.071 2 4
69 10 0.224 2 1
115 22 0.365 2 3
91 5 0.489 2 0
85 5 0.333 2 3
99 22 0.513 2 0
137 52 0.867 2 1
42 40 0.191 2 3
179 30 0.994 2 1
19 15 0.065 2 4
97 22 0.366 2 0
11 100 0.051 2 3
114 52 0.500 2 3
156 10 0.632 2 0
79 70 0.457 2 0
36 10 0.157 2 3
230 52 0.712 2 1
75 15 0.457 2 0
13 10 0.068 2 1
12 40 0.043 2 1
130 100 0.568 2 3
64 70 0.292 2 0
42 22 0.130 2 0
34 70 0.230 2 1
24 100 0.104 2 1
236 15 1.242 2 0
233 22 0.777 2 0
24 52 0.100 2 3
87 22 0.377 2 0
13 100 0.056 2 0
15 15 0.052 2 4
198 30 0.697 2 0
30 15 0.155 2 0
37 100 0.157 2 3
335 100 1.509 2 3
79 15 0.277 2 0
11 15 0.057 2 0
70 22 0.273 2 0
14 40 0.060 2 0
294 15 1.709 2 4
124 40 0.382 2 3
27 10 0.081 2 0
199 15 0.900 2 0
220 40 1.401 2 4
46 40 0.142 2 3
12 40 0.056 2 4
74 70 0.228 2 4
192 5 0.985 2 3
56 15 0.178 2 0
70 22 0.277 2 4
148 52 0.747 2 1
11 10 0.038 2 3
187 30 0.862 2 0
326 10 1.116 2 1
91 100 0.268 2 1
36 40 0.209 2 1
15 30 0.050 2 0
21 30 0.076 2 0
141 52 0.709 2 0
25 30 0.108 2 1
46 70 0.203 2 4
37 5 0.114 2 0
92 30 0.346 2 0
286 22 1.580 2 3
19 40 0.127 2 1
88 15 0.317 2 4
54 22 0.191 2 1
35 15 0.131 2 3
16 52 0.048 2 1
258 52 1.127 2 4
231 70 0.673 2 0
61 70 0.280 2 0
75 10 0.246 2 0
146 40 0.890 2 3
27 15 0.085 2 0
37 100 0.146 2 3
54 10 0.164 2 4
181 10 0.823 2 4
166 52 0.561 2 0
39 100 0.223 2 0
18 10 0.080 2 0
59 5 0.326 2 3
135 10 0.493 2 0
21 40 0.079 2 3
67 100 0.349 2 1
111 40 0.342 2 1
170 30 0.554 2 4
15 22 0.055 2 4
84 70 0.308 2 0
25 15 0.115 2 3
121 10 0.669 2 4
26 15 0.107 2 3
32 22 0.096 2 4
165 40 0.797 2 1
18 30 0.084 2 0
127 5 0.623 2 0
69 10 0.259 2 1
16 15 0.094 2 0
10 30 0.060 2 1
157 5 0.569 2 1
23 15 0.098 2 3
238 30 0.922 2 4
138 40 0.841 2 0
142 30 0.434 2 0
35 30 0.216 2 1
12 22 0.069 2 0
99 40 0.559 2 3
78 15 0.339 2 0
28 70 0.119 2 1
26 40 0.131 2 3
29 10 0.094 2 0
25 22 0.140 2 3
10 22 0.033 2 3
47 40 0.181 2 4
290 15 1.107 2 0
32 5 0.128 2 0
48 15 0.181 2 0
179 70 1.085 2 4
61 52 0.221 2 0
77 15 0.389 2 4
117 22 0.522 2 1
12 100 0.040 2 0
64 52 0.190 2 1
233 5 1.064 2 4
154 52 0.860 2 4
151 30 0.825 2 4
15 70 0.048 2 1
58 30 0.372 2 0
135 40 0.646 2 1
167 52 0.599 2 4
18 30 0.102 2 4
122 10 0.824 2 1
71 15 0.418 2 3
17 52 0.102 2 0
31 40 0.175 2 1
92 70 0.341 2 0
36 40 0.193 2 4
55 100 0.372 2 0
16 5 0.048 2 1
85 40 0.509 2 4
21 40 0.129 2 3
16 30 0.083 2 0
270 52 0.863 2 0
51 15 0.238 2 3
28 40 0.152 2 3
74 40 0.285 2 0
90 30 0.608 2 1
11 52 0.073 2 4
20 22 0.127 2 1
47 15 0.255 2 4
57 15 0.377 2 3
205 100 1.057 2 0
12 22 0.054 2 0
57 30 0.202 2 3
14 10 0.045 2 3
257 15 0.895 2 3
78 70 0.307 2 0
70 15 0.206 2 4
49 40 0.152 2 3
49 100 0.216 2 4
11 5 0.048 2 1
15 52 0.064 2 1
26 10 0.117 2 4
77 5 0.410 2 1
14 40 0.054 2 0
37 22 0.144 2 0
95 22 0.625 2 3
20 52 0.091 2 4
69 30 0.216 2 4
115 52 0.489 2 3
61 40 0.207 2 0
11 30 0.042 2 4
95 70 0.406 2 4
10 22 0.031 2 3
162 70 1.019 2 3
13 30 0.077 2 3
71 40 0.351 2 4
82 100 0.383 2 0
10 100 0.035 2 4
24 10 0.086 2 1
28 22 0.126 2 3
15 15 0.053 2 0
24 15 0.100 2 0
15 30 0.059 2 4
182 15 1.058 2 3
14 40 0.049 2 4
16 70 0.050 2 4
40 40 0.161 2 1
13 22 0.057 2 3
64 5 0.332 2 0
67 30 0.206 2 4
133 30 0.836 2 1
19 52 0.073 2 3
36 70 0.105 2 0
25 40 0.118 2 4
132 40 0.698 2 0
49 5 0.213 2 0
173 10 0.586 2 3
105 22 0.318 2 3
160 100 0.516 2 3
17 40 0.065 2 1
271 5 0.874 2 3
34 22 0.170 2 0
33 15 0.097 2 0
11 10 0.039 2 4
23 40 0.137 2 0
92 22 0.365 2 1
271 70 1.215 2 4
107 30 0.505 2 0
19 70 0.123 2 0
16 70 0.067 2 4
62 15 0.206 2 0
11 30 0.035 2 1
54 10 0.340 2 4
18 100 0.067 2 4
113 40 0.426 2 4
26 5 0.082 2 4
202 40 0.906 2 0
38 52 0.168 2 4
13 100 0.043 2 4
47 5 0.168 2 3
28 70 0.109 2 0
53 30 0.288 2 3
25 15 0.164 2 0
12 5 0.036 2 1
44 10 0.135 2 0
19 52 0.093 2 0
18 70 0.061 2 4
25 10 0.074 2 0
73 40 0.219 2 4
31 70 0.107 2 3
63 10 0.187 2 1
160 52 0.519 2 1
300 70 1.115 2 0
49 70 0.322 2 4
13 30 0.042 2 4
15 10 0.083 2 3
179 10 0.814 2 4
13 70 0.056 2 0
99 22 0.425 2 3
18 15 0.116 2 0
25 30 0.153 2 1
101 22 0.302 2 0
45 30 0.278 2 1
178 15 0.589 2 4
80 5 0.299 2 4
58 70 0.219 2 0
108 22 0.315 2 3
35 10 0.194 2 3
192 52 0.578 2 4
154 15 0.526 2 0
81 30 0.299 2 1
65 70 0.228 2 0
19 10 0.113 2 1
36 30 0.127 2 3
136 10 0.484 2 1
76 15 0.235 2 0
25 40 0.092 2 3
175 70 0.748 2 0
39 40 0.148 2 3
63 10 0.201 2 0
18 5 0.061 2 0
24 40 0.104 2 1
78 15 0.308 2 4
21 100 0.064 2 3
37 52 0.136 2 3
109 22 0.456 2 1
20 70 0.094 2 1
54 15 0.174 2 3
140 52 0.553 2 1
12 22 0.045 2 4
62 10 0.295 2 1
205 10 1.331 2 0
76 70 0.304 2 0
10 5 0.030 2 1
108 22 0.540 2 3
158 22 0.650 2 1
11 22 0.062 2 0
33 52 0.149 2 3
69 40 0.282 2 1
194 30 0.719 2 4
335 52 2.134 2 3
13 30 0.051 2 0
33 10 0.130 2 4
10 22 0.065 2 1
25 5 0.084 2 0
100 22 0.319 2 4
49 40 0.185 2 3
10 10 0.042 2 0
220 30 1.250 2 1
10 22 0.065 2 0
12 40 0.043 2 0
14 100 0.055 2 4
128 30 0.435 2 0
77 10 0.252 2 0
25 70 0.109 2 0
73 15 0.223 2 4
17 30 0.107 2 4
146 15 0.839 2 4
61 70 0.196 2 0
259 22 0.809 2 0
36 15 0.228 2 4
24 5 0.138 2 1
11 30 0.032 2 0
63 52 0.184 2 3
160 30 0.571 2 0
44 100 0.192 2 3
39 52 0.173 2 1
78 15 0.520 2 1
27 52 0.148 2 4
26 52 0.103 2 3
101 40 0.411 2 3
25 15 0.158 2 4
240 52 1.067 2 3
28 22 0.147 2 3
33 5 0.128 2 3
191 5 0.806 2 0
70 52 0.276 2 0
110 40 0.335 2 0
49 30 0.209 2 0
26 15 0.077 2 0
30 100 0.170 2 0
19 22 0.066 2 3
169 15 0.944 2 1
95 10 0.534 2 4
42 10 0.134 2 0
15 22 0.074 2 1
14 100 0.060 2 1
48 52 0.180 2 3
36 15 0.205 2 1
96 52 0.392 2 3
24 52 0.134 2 0
89 10 0.263 2 3
71 40 0.284 2 3
14 40 0.048 2 3
69 5 0.244 2 0
57 52 0.226 2 1
36 10 0.107 2 0
195 15 0.694 2 0
51 10 0.169 2 3
21 52 0.139 2 0
70 100 0.207 2 1
53 30 0.192 2 4
10 70 0.034 2 1
126 52 0.486 2 1
63 10 0.237 2 3
197 30 0.758 2 1
86 22 0.577 2 4
13 40 0.060 2 0
13 52 0.049 2 0
102 40 0.372 2 4
55 70 0.178 2 0
17 10 0.112 2 3
292 5 1.896 2 3
44 30 0.133 2 0
117 40 0.485 2 0
218 40 1.282 2 0
42 5 0.146 2 1
75 10 0.225 2 0
11 100 0.042 2 3
58 100 0.215 2 4
60 5 0.222 2 0
85 10 0.472 2 0
25 52 0.091 2 4
59 30 0.373 2 0
57 100 0.183 2 4
56 5 0.292 2 3
137 22 0.761 2 0
13 70 0.086 2 0
12 40 0.061 2 4
14 15 0.043 2 1
59 15 0.218 2 0
73 5 0.392 2 1
129 100 0.453 2 1
187 22 0.579 2 4
10 30 0.050 2 4
23 10 0.069 2 3
182 10 0.816 2 1
23 70 0.144 2 4
95 52 0.430 2 3
41 5 0.150 2 0
247 100 1.083 2 0
11 70 0.034 2 0
16 22 0.090 2 0
172 52 0.577 2 1
14 40 0.053 2 0
26 10 0.086 2 3
128 15 0.376 2 0
17 40 0.054 2 3
15 15 0.048 2 1
24 10 0.098 2 0
323 40 1.386 2 0
238 70 0.960 2 4
142 22 0.763 2 1
23 30 0.074 2 3
228 52 0.832 2 1
15 100 0.047 2 3
11 15 0.037 2 3
72 22 0.246 2 0
70 70 0.300 2 4
44 52 0.227 2 0
79 30 0.266 2 0
21 10 0.070 2 1
274 22 0.961 2 0
76 52 0.230 2 0
63 70 0.227 2 0
49 10 0.150 2 1
49 30 0.145 2 0
35 5 0.176 2 0
250 10 1.344 2 4
304 22 1.434 2 1
15 22 0.056 2 3
10 40 0.033 2 3
21 30 0.101 2 3
12 5 0.068 2 0
12 40 0.055 2 0
194 30 0.698 2 0
57 5 0.377 2 0
13 5 0.072 2 0
61 70 0.200 2 3
31 22 0.105 2 0
41 52 0.186 2 0
44 30 0.263 2 3
77 52 0.330 2 1
38 15 0.127 2 1
19 40 0.058 2 1
64 5 0.222 2 1
121 15 0.500 2 3
18 40 0.102 2 0
57 15 0.171 2 0
64 15 0.234 2 0
24 40 0.085 2 3
29 100 0.091 2 0
35 40 0.107 2 4
225 22 1.098 2 3
64 30 0.208 2 4
35 22 0.207 2 1
31 52 0.099 2 3
36 30 0.118 2 3
54 40 0.181 2 0
27 15 0.107 2 0
14 30 0.053 2 0
168 100 0.493 2 1
27 100 0.110 2 4
79 52 0.278 2 0
30 10 0.127 2 3
196 30 1.083 2 0
47 100 0.139 2 4
13 100 0.071 2 0
88 40 0.257 2 4
155 15 0.833 2 0
16 52 0.059 2 0
12 5 0.044 2 0
17 30 0.113 2 1
66 5 0.210 2 0
14 30 0.089 2 0
191 30 0.723 2 0
11 10 0.032 2 1
14 52 0.076 2 0
184 5 0.944 2 1
60 70 0.205 2 0
56 22 0.376 2 0
39 5 0.190 2 1
51 40 0.213 2 1
23 70 0.108 2 3
46 30 0.200 2 3
18 40 0.067 2 3
54 15 0.163 2 0
22 22 0.073 2 1
52 10 0.212 2 3
71 10 0.438 2 0
114 22 0.332 2 3
48 40 0.198 2 0
146 10 0.616 2 1
238 100 0.881 2 4
335 10 1.236 2 0
47 40 0.167 2 0
28 15 0.160 2 0
122 30 0.386 2 1
10 40 0.050 2 1
28 5 0.178 2 1
20 40 0.134 2 1
11 52 0.041 2 1
12 30 0.037 2 0
82 10 0.311 2 0
27 70 0.155 2 1
18 22 0.075 2 4
11 30 0.035 2 1
86 5 0.531 2 1
19 5 0.055 2 0
11 52 0.043 2 4
28 70 0.111 2 3
24 70 0.110 2 0
12 52 0.045 2 0
14 5 0.053 2 1
25 22 0.128 2 4
142 100 0.480 2 3
182 22 0.824 2 4
10 40 0.058 2 4
11 5 0.040 2 0
257 22 1.512 2 0
74 5 0.312 2 0
44 40 0.259 2 1
14 100 0.041 2 4
47 30 0.309 2 4
168 5 0.734 2 4
42 40 0.204 2 0
43 52 0.160 2 0
20 30 0.116 2 4
18 40 0.106 2 0
39 10 0.121 2 0
17 100 0.094 2 1
328 5 1.006 2 4
64 22 0.278 2 1
79 5 0.257 2 0
130 40 0.681 2 0
67 30 0.453 2 0
27 30 0.102 2 0
34 30 0.149 2 0
21 30 0.106 2 0
21 70 0.105 2 1
19 5 0.068 2 0
55 40 0.203 2 0
34 30 0.114 2 0
17 30 0.067 2 1
84 22 0.317 2 4
41 30 0.139 2 0
135 52 0.789 2 0
49 100 0.160 2 1
78 30 0.497 2 1
116 52 0.354 2 1
14 10 0.041 2 4
140 52 0.453 2 3
42 40 0.150 2 3
71 70 0.220 2 0
31 70 0.103 2 4
51 30 0.235 2 1
47 30 0.155 2 0
318 52 1.191 2 0
12 70 0.041 2 1
295 100 0.875 2 4
16 10 0.050 2 4
12 22 0.063 2 4
16 5 0.064 2 3
23 30 0.078 2 0
15 22 0.081 2 0
186 100 0.644 2 0
295 100 1.595 2 4
327 52 1.282 2 1
13 15 0.042 2 3
330 22 2.215 2 4
66 22 0.288 2 0
68 22 0.372 2 4
57 15 0.232 2 1
64 10 0.203 2 0
163 5 0.492 2 1
183 15 0.806 2 4
194 52 1.135 2 0
33 52 0.129 2 0
10 30 0.055 2 0
141 70 0.441 2 0
25 15 0.079 2 3
122 10 0.726 2 4
287 10 1.125 2 3
13 22 0.056 2 3
70 5 0.290 2 0
108 15 0.403 2 0
18 30 0.075 2 3
20 40 0.100 2 1
140 22 0.909 2 0
67 40 0.309 2 4
175 10 1.074 2 1
28 22 0.177 2 0
17 40 0.091 2 3
19 100 0.066 2 4
120 10 0.377 2 4
79 5 0.393 2 0
194 10 0.965 2 1
11 40 0.034 2 4
334 5 1.505 2 0
150 100 0.728 2 0
10 52 0.043 2 4
55 40 0.183 2 1
74 10 0.274 2 0
258 22 0.899 2 4
26 30 0.104 3 1
34 10 0.126 3 4
189 100 0.612 3 2
40 30 0.157 3 0
14 5 0.077 3 2
43 70 0.139 3 0
50 40 0.218 3 4
24 10 0.072 3 2
26 70 0.174 3 4
36 40 0.124 3 0
279 15 1.641 3 0
10 52 0.037 3 1
130 5 0.844 3 2
278 52 1.163 3 2
17 100 0.109 3 0
45 52 0.135 3 4
68 70 0.279 3 0
15 52 0.062 3 4
42 15 0.130 3 1
20 100 0.095 3 2
57 52 0.167 3 4
156 70 0.645 3 1
37 30 0.117 3 0
16 5 0.056 3 4
40 22 0.136 3 1
13 70 0.066 3 2
12 52 0.036 3 2
146 52 0.527 3 4
66 52 0.431 3 0
14 40 0.047 3 0
179 100 0.605 3 0
36 5 0.169 3 0
140 100 0.769 3 4
154 15 0.636 3 4
86 10 0.537 3 0
105 22 0.479 3 2
23 5 0.089 3 1
320 15 1.720 3 0
17 40 0.082 3 4
59 30 0.267 3 1
318 40 1.665 3 1
36 100 0.125 3 0
20 70 0.062 3 2
264 10 1.361 3 0
55 15 0.270 3 0
223 22 1.260 3 0
57 10 0.380 3 4
20 15 0.067 3 0
30 100 0.203 3 0
58 22 0.345 3 0
39 5 0.189 3 1
74 15 0.239 3 4
61 40 0.339 3 1
17 10 0.082 3 1
162 40 0.489 3 0
12 52 0.046 3 2
26 15 0.088 3 0
307 15 1.543 3 0
19 30 0.064 3 1
108 22 0.315 3 0
10 40 0.030 3 1
117 15 0.588 3 2
20 100 0.100 3 0
280 30 1.514 3 2
96 5 0.492 3 0
52 30 0.176 3 0
76 40 0.233 3 1
184 22 0.948 3 0
165 100 0.577 3 0
14 70 0.047 3 0
19 40 0.058 3 0
35 52 0.118 3 4
11 22 0.033 3 0
69 52 0.225 3 0
138 22 0.537 3 1
64 15 0.225 3 0
72 30 0.402 3 4
12 70 0.054 3 2
17 22 0.066 3 1
74 70 0.319 3 1
53 52 0.272 3 1
11 30 0.040 3 0
92 40 0.283 3 4
252 52 0.910 3 0
22 100 0.094 3 1
120 40 0.588 3 1
291 70 1.276 3 0
51 40 0.188 3 0
28 10 0.103 3 0
59 52 0.337 3 0
68 100 0.453 3 2
19 100 0.079 3 4
12 15 0.038 3 0
176 40 0.662 3 0
21 30 0.065 3 2
38 22 0.224 3 1
51 52 0.203 3 4
39 52 0.114 3 2
83 40 0.281 3 0
24 30 0.124 3 1
20 100 0.118 3 2
23 100 0.092 3 2
25 70 0.121 3 1
47 22 0.153 3 0
13 5 0.059 3 4
40 52 0.226 3 2
36 30 0.235 3 0
181 10 0.973 3 2
10 40 0.042 3 4
28 40 0.089 3 2
27 100 0.093 3 0
149 100 0.495 3 2
24 15 0.083 3 0
12 22 0.040 3 4
129 40 0.737 3 4
102 70 0.464 3 2
13 15 0.041 3 0
317 52 2.032 3 4
53 10 0.273 3 2
35 70 0.122 3 0
78 40 0.411 3 2
79 5 0.470 3 2
29 70 0.094 3 0
10 70 0.053 3 0
79 15 0.367 3 1
37 5 0.193 3 0
12 30 0.042 3 4
81 22 0.455 3 0
29 40 0.112 3 0
35 15 0.113 3 0
20 100 0.068 3 0
302 52 1.175 3 1
41 40 0.238 3 4
14 100 0.048 3 0
17 10 0.054 3 0
178 30 0.788 3 4
31 40 0.096 3 0
195 10 0.777 3 2
264 22 1.158 3 4
17 15 0.068 3 4
11 100 0.038 3 2
27 52 0.091 3 0
167 100 0.752 3 1
212 22 0.809 3 1
270 15 1.107 3 4
28 100 0.099 3 1
90 22 0.549 3 1
37 70 0.168 3 1
33 30 0.163 3 0
12 22 0.051 3 0
16 52 0.085 3 1
131 70 0.408 3 0
18 100 0.074 3 2
19 15 0.117 3 0
156 52 0.578 3 0
130 52 0.394 3 1
92 5 0.368 3 0
54 5 0.201 3 1
17 22 0.078 3 0
214 100 0.673 3 0
101 40 0.303 3 2
198 40 1.179 3 2
12 40 0.037 3 0
41 10 0.273 3 2
14 30 0.077 3 2
66 22 0.361 3 2
33 100 0.145 3 0
136 22 0.551 3 1
58 22 0.238 3 1
71 10 0.295 3 0
14 52 0.077 3 1
21 30 0.070 3 0
54 40 0.230 3 2
14 40 0.044 3 4
124 5 0.498 3 2
85 22 0.434 3 0
19 70 0.110 3 1
10 10 0.038 3 0
323 100 1.755 3 2
77 10 0.276 3 1
10 22 0.033 3 4
68 100 0.257 3 0
56 30 0.212 3 2
97 52 0.503 3 2
60 15 0.243 3 1
265 40 1.100 3 2
139 52 0.939 3 0
36 15 0.154 3 0
262 70 1.069 3 1
35 30 0.153 3 1
195 100 1.309 3 2
34 30 0.193 3 1
60 52 0.197 3 2
18 52 0.066 3 1
71 22 0.254 3 0
17 40 0.066 3 0
288 30 1.321 3 2
138 40 0.418 3 4
26 52 0.106 3 1
16 22 0.047 3 0
58 70 0.199 3 0
98 30 0.309 3 4
19 30 0.064 3 0
121 52 0.766 3 2
37 22 0.141 3 2
35 5 0.160 3 0
18 22 0.069 3 2
230 15 0.878 3 1
18 30 0.081 3 1
36 70 0.166 3 0
27 30 0.178 3 0
70 15 0.228 3 0
17 10 0.076 3 4
43 52 0.218 3 0
193 30 0.571 3 4
57 30 0.250 3 0
24 70 0.086 3 0
194 22 0.808 3 1
81 70 0.335 3 0
68 100 0.269 3 0
22 40 0.069 3 4
197 70 1.042 3 0
257 15 1.548 3 4
12 52 0.041 3 1
126 30 0.840 3 4
78 40 0.476 3 1
129 22 0.806 3 4
12 40 0.071 3 0
17 70 0.089 3 4
145 5 0.718 3 4
13 40 0.063 3 0
201 22 1.058 3 1
73 40 0.291 3 2
11 5 0.058 3 0
19 40 0.106 3 2
14 52 0.076 3 4
15 52 0.047 3 1
158 100 0.583 3 0
189 52 0.825 3 0
48 30 0.239 3 4
12 70 0.035 3 0
103 15 0.518 3 1
138 40 0.543 3 0
34 52 0.105 3 2
49 5 0.151 3 0
11 15 0.053 3 4
128 10 0.398 3 0
59 10 0.205 3 1
101 100 0.465 3 0
138 10 0.429 3 1
25 22 0.161 3 2
29 5 0.147 3 0
19 22 0.090 3 4
184 10 1.011 3 2
12 15 0.041 3 1
23 70 0.082 3 2
116 15 0.690 3 0
32 10 0.166 3 1
102 100 0.576 3 2
70 10 0.219 3 0
27 10 0.083 3 2
31 100 0.092 3 0
145 40 0.697 3 0
27 100 0.166 3 4
166 52 0.582 3 0
85 22 0.251 3 2
171 22 0.750 3 0
53 100 0.327 3 4
199 52 0.703 3 2
140 70 0.828 3 0
30 70 0.099 3 0
23 30 0.105 3 0
21 15 0.133 3 0
184 10 0.944 3 0
80 40 0.340 3 0
11 10 0.040 3 2
16 15 0.071 3 2
55 52 0.173 3 0
28 30 0.126 3 0
115 15 0.732 3 4
34 100 0.131 3 0
11 5 0.036 3 0
92 22 0.541 3 4
173 70 0.562 3 0
260 15 1.256 3 0
16 70 0.069 3 1
16 22 0.091 3 1
68 40 0.347 3 4
34 30 0.115 3 1
78 40 0.453 3 0
71 40 0.237 3 1
37 10 0.162 3 1
52 52 0.218 3 0
106 10 0.372 3 1
15 30 0.071 3 4
24 40 0.092 3 2
44 52 0.251 3 0
39 100 0.129 3 4
184 52 0.856 3 0
16 40 0.076 3 4
286 40 0.856 3 4
73 100 0.374 3 0
13 70 0.080 3 1
42 22 0.187 3 2
138 10 0.616 3 2
14 70 0.060 3 1
14 22 0.092 3 0
161 30 0.716 3 2
17 22 0.083 3 4
74 22 0.420 3 0
193 30 1.184 3 1
52 40 0.155 3 2
16 15 0.092 3 1
21 10 0.125 3 0
19 70 0.086 3 1
27 5 0.100 3 0
59 5 0.226 3 0
27 40 0.127 3 4
75 10 0.444 3 1
15 52 0.055 3 2
158 10 0.958 3 0
18 5 0.105 3 1
29 40 0.108 3 1
36 70 0.208 3 1
17 5 0.062 3 0
92 5 0.383 3 0
149 100 0.438 3 0
178 22 0.848 3 1
167 100 1.084 3 2
34 52 0.183 3 2
56 15 0.204 3 0
69 10 0.348 3 4
47 22 0.168 3 1
95 15 0.583 3 1
31 22 0.107 3 2
16 40 0.047 3 0
14 30 0.043 3 0
24 52 0.076 3 4
329 22 1.679 3 4
61 52 0.396 3 2
65 40 0.193 3 4
25 10 0.107 3 0
33 15 0.117 3 4
50 5 0.176 3 2
178 70 1.156 3 4
13 15 0.087 3 2
12 30 0.039 3 1
82 10 0.345 3 4
89 52 0.420 3 1
34 70 0.109 3 2
20 10 0.064 3 0
36 15 0.189 3 2
16 40 0.062 3 0
25 10 0.081 3 0
44 22 0.134 3 0
15 5 0.044 3 1
70 52 0.385 3 4
33 52 0.123 3 0
48 22 0.171 3 2
194 15 1.078 3 2
177 100 0.898 3 2
87 70 0.325 3 2
181 30 0.607 3 2
80 52 0.457 3 0
118 70 0.562 3 2
18 40 0.090 3 4
71 100 0.345 3 0
163 15 0.671 3 0
36 30 0.158 3 0
26 30 0.095 3 0
13 10 0.047 3 0
50 15 0.329 3 1
169 100 0.604 3 1
293 70 1.320 3 1
33 52 0.130 3 4
182 10 0.948 3 0
17 22 0.083 3 0
10 10 0.052 3 1
12 10 0.042 3 0
14 70 0.051 3 0
43 30 0.158 3 2
29 22 0.135 3 4
37 52 0.112 3 4
27 40 0.116 3 2
106 70 0.314 3 0
52 15 0.172 3 4
171 5 0.972 3 1
336 15 1.909 3 0
54 70 0.255 3 4
166 22 0.512 3 1
10 100 0.050 3 4
65 15 0.203 3 4
13 5 0.042 3 1
18 5 0.070 3 1
332 40 1.248 3 0
13 100 0.056 3 4
122 5 0.758 3 1
39 52 0.155 3 4
14 10 0.076 3 1
24 40 0.076 3 0
177 15 0.819 3 0
31 15 0.104 3 0
28 52 0.104 3 1
63 52 0.216 3 2
334 70 1.358 3 0
11 100 0.042 3 0
19 30 0.099 3 0
64 40 0.303 3 0
252 22 1.500 3 0
145 70 0.497 3 0
16 15 0.053 3 2
10 15 0.037 3 0
181 30 0.736 3 0
30 30 0.123 3 1
64 40 0.234 3 1
14 5 0.051 3 0
16 22 0.049 3 1
158 40 0.903 3 4
64 5 0.266 3 0
15 52 0.056 3 0
17 52 0.053 3 0
59 30 0.174 3 0
35 70 0.120 3 4
143 15 0.609 3 0
300 52 1.408 3 0
232 10 0.739 3 2
24 52 0.100 3 0
30 70 0.133 3 0
222 15 1.480 3 0
19 100 0.090 3 2
25 70 0.136 3 1
103 100 0.569 3 0
12 15 0.065 3 0
76 30 0.450 3 1
31 5 0.174 3 0
31 10 0.110 3 0
23 52 0.131 3 0
169 10 0.581 3 4
196 22 0.690 3 2
20 22 0.072 3 2
11 15 0.041 3 2
321 5 1.070 3 0
16 5 0.075 3 4
12 15 0.046 3 4
97 52 0.524 3 0
62 5 0.215 3 0
12 52 0.048 3 0
75 70 0.221 3 4
99 15 0.651 3 4
151 15 0.448 3 0
320 22 1.092 3 4
28 52 0.115 3 0
20 70 0.080 3 4
146 15 0.523 3 0
69 40 0.268 3 4
33 30 0.109 3 0
43 10 0.230 3 4
10 15 0.042 3 1
10 10 0.035 3 4
15 10 0.072 3 1
72 70 0.274 3 2
133 100 0.433 3 4
179 70 0.658 3 0
45 22 0.273 3 4
34 10 0.206 3 0
290 40 0.963 3 0
22 52 0.070 3 2
232 15 0.800 3 0
158 5 0.610 3 1
129 30 0.639 3 1
18 15 0.069 3 2
16 52 0.056 3 2
125 30 0.767 3 1
26 10 0.089 3 4
15 15 0.049 3 0
79 100 0.236 3 0
32 40 0.096 3 0
110 70 0.588 3 1
26 70 0.135 3 4
77 15 0.376 3 4
51 5 0.199 3 0
179 52 0.561 3 0
95 40 0.613 3 0
158 10 0.523 3 1
23 70 0.119 3 4
67 40 0.221 3 2
54 70 0.168 3 4
242 5 1.076 3 4
70 22 0.208 3 4
122 15 0.496 3 1
93 10 0.344 3 2
33 10 0.168 3 2
51 70 0.274 3 4
46 10 0.155 3 0
60 40 0.261 3 1
10 22 0.033 3 1
24 70 0.115 3 4
176 52 0.701 3 0
111 100 0.408 3 2
15 40 0.055 3 0
184 30 0.681 3 0
78 70 0.235 3 1
123 40 0.367 3 1
54 10 0.286 3 0
12 22 0.050 3 4
27 52 0.100 3 0
73 10 0.253 3 2
32 5 0.147 3 4
49 30 0.149 3 1
18 30 0.085 3 0
10 70 0.031 3 4
144 22 0.459 3 4
67 5 0.196 3 0
106 15 0.394 3 0
22 10 0.147 3 0
14 40 0.045 3 1
101 30 0.508 3 0
25 30 0.092 3 4
35 22 0.145 3 4
19 100 0.123 3 0
11 70 0.071 3 1
162 52 0.559 3 4
138 52 0.847 3 4
13 52 0.048 3 4
16 5 0.089 3 2
36 10 0.106 3 2
11 10 0.054 3 1
76 15 0.409 3 0
46 52 0.260 3 0
33 70 0.120 3 4
27 5 0.091 3 0
36 15 0.118 3 0
78 10 0.239 3 1
14 22 0.052 3 0
188 30 0.648 3 1
108 30 0.557 3 2
17 10 0.052 3 2
38 30 0.159 3 2
191 70 0.853 3 2
64 40 0.229 3 1
77 5 0.252 3 2
21 40 0.070 3 1
35 52 0.117 3 4
34 10 0.131 3 1
35 40 0.119 3 0
14 5 0.085 3 0
242 30 0.886 3 2
10 15 0.050 3 2
29 30 0.099 3 0
117 100 0.374 3 0
36 10 0.105 3 0
97 70 0.519 3 0
14 70 0.053 3 0
21 5 0.062 3 2
153 40 0.450 3 2
70 30 0.250 3 2
17 52 0.058 3 2
14 30 0.068 3 2
21 22 0.087 3 0
50 30 0.164 3 0
65 30 0.226 3 4
149 52 0.780 3 1
17 70 0.052 3 0
12 52 0.056 3 0
16 70 0.070 3 4
111 10 0.339 3 2
26 15 0.084 3 1
42 15 0.176 3 0
21 22 0.107 3 0
119 100 0.513 3 4
42 10 0.233 3 0
79 40 0.420 3 0
11 22 0.042 3 0
250 5 0.762 3 0
64 70 0.208 3 1
160 70 0.690 3 2
75 100 0.278 3 0
73 70 0.429 3 0
97 30 0.313 3 2
93 40 0.451 3 0
152 52 0.459 3 4
69 100 0.234 3 0
60 10 0.183 3 1
27 30 0.085 3 4
278 100 1.418 3 0
35 100 0.139 3 0
135 40 0.525 3 1
335 40 1.021 3 1
14 30 0.060 3 0
78 52 0.386 3 0
304 10 2.027 3 0
55 22 0.217 3 4
193 30 0.728 3 4
86 70 0.470 3 0
173 22 1.030 3 1
22 52 0.066 3 0
76 30 0.290 3 0
20 22 0.073 3 4
14 5 0.044 3 4
37 15 0.187 3 2
150 15 0.441 3 0
121 70 0.405 3 1
28 5 0.097 3 0
123 22 0.364 3 0
211 10 1.116 3 0
17 5 0.050 3 0
18 22 0.084 3 4
18 15 0.056 3 1
124 30 0.599 3 0
19 30 0.090 3 0
32 22 0.125 3 2
15 10 0.047 3 0
28 100 0.106 3 1
146 52 0.699 3 0
34 30 0.114 3 0
285 52 1.696 3 0
72 22 0.421 3 0
26 70 0.090 3 0
47 100 0.184 3 0
151 40 0.665 3 0
41 40 0.132 3 0
88 52 0.557 3 0
192 100 1.289 3 4
95 70 0.339 3 2
51 30 0.219 3 2
68 40 0.249 3 1
31 100 0.117 3 0
25 52 0.085 3 0
160 22 0.595 3 4
48 10 0.212 3 2
166 100 0.965 3 4
11 5 0.040 3 0
14 100 0.071 3 1
16 10 0.079 3 0
31 15 0.104 3 2
153 52 0.464 3 2
44 15 0.153 3 0
108 10 0.663 3 4
152 30 0.557 3 0
69 30 0.218 3 4
17 15 0.087 3 1
217 52 1.019 3 1
36 5 0.218 3 0
102 52 0.359 3 4
35 30 0.116 3 4
10 10 0.053 3 1
32 70 0.189 3 4
37 70 0.113 3 4
49 10 0.280 3 0
192 40 0.741 3 4
70 52 0.254 3 4
11 22 0.058 3 0
25 15 0.084 3 2
17 15 0.061 3 1
18 100 0.092 3 2
55 30 0.297 3 1
16 15 0.075 3 1
10 52 0.045 3 2
24 100 0.152 3 4
26 22 0.090 3 4
67 30 0.342 3 2
225 40 1.347 3 0
75 100 0.305 3 4
72 30 0.251 3 2
197 30 0.921 3 0
61 52 0.311 3 1
10 30 0.053 3 0
30 10 0.102 3 0
24 10 0.101 3 0
32 15 0.142 3 1
12 30 0.036 3 0
13 5 0.053 3 4
83 5 0.346 3 1
110 15 0.367 3 0
21 10 0.075 3 4
18 52 0.055 3 2
27 5 0.105 3 1
139 22 0.483 3 4
78 70 0.355 3 2
301 30 0.901 3 2
170 15 0.545 3 4
28 30 0.111 3 4
37 40 0.207 3 0
30 10 0.149 3 2
47 15 0.264 3 2
99 5 0.467 3 4
60 30 0.400 3 1
39 5 0.163 3 4
60 10 0.203 3 0
25 52 0.073 3 4
30 10 0.164 3 1
279 100 1.065 3 0
66 52 0.342 3 2
64 70 0.335 3 0
47 100 0.156 3 2
294 70 1.680 3 0
62 15 0.247 3 4
27 40 0.087 3 1
15 10 0.072 3 0
17 70 0.082 3 4
63 40 0.250 3 0
54 40 0.201 3 0
60 5 0.240 3 0
28 52 0.115 3 1
166 5 0.830 3 0
20 100 0.070 3 0
15 40 0.079 3 2
23 70 0.131 3 0
129 22 0.652 3 0
15 52 0.083 3 0
13 5 0.042 3 0
11 5 0.036 3 0
63 10 0.243 3 4
60 10 0.233 3 1
79 40 0.283 3 0
24 5 0.072 3 0
119 52 0.617 3 4
52 15 0.267 3 4
17 22 0.098 3 4
189 10 1.219 3 2
37 70 0.111 3 1
33 100 0.126 3 1
25 22 0.091 3 0
57 10 0.201 3 0
21 100 0.101 3 0
43 40 0.217 3 1
185 100 0.845 3 2
158 100 0.620 3 0
17 10 0.091 3 0
51 100 0.295 3 2
10 5 0.038 3 2
20 10 0.095 3 0
31 100 0.147 3 0
92 15 0.428 3 0
61 100 0.341 3 0
256 40 0.823 3 0
134 40 0.694 3 0
22 52 0.078 3 4
59 30 0.322 3 4
26 10 0.083 3 0
23 30 0.143 3 1
63 52 0.239 3 0
17 52 0.056 3 4
10 70 0.048 3 1
77 52 0.381 3 0
19 10 0.064 3 0
140 52 0.420 3 1
186 70 0.791 3 0
17 30 0.086 3 2
18 52 0.075 3 1
30 10 0.179 3 4
43 5 0.267 3 4
77 100 0.266 3 2
132 100 0.786 3 1
57 100 0.229 3 4
35 30 0.168 3 2
320 22 1.333 3 0
21 30 0.091 3 0
105 30 0.314 3 1
199 52 0.668 3 0
20 52 0.100 3 0
71 40 0.240 3 0
29 10 0.185 3 1
60 10 0.267 3 0
19 10 0.098 3 0
25 22 0.135 3 0
133 15 0.747 3 0
22 52 0.065 3 1
69 10 0.365 3 1
22 5 0.119 3 1
12 22 0.036 3 0
58 70 0.210 3 4
99 10 0.393 3 0
104 15 0.367 3 2
72 40 0.317 3 4
11 70 0.037 3 1
83 22 0.372 3 1
64 70 0.252 3 2
13 15 0.054 3 1
143 70 0.534 3 1
101 70 0.395 3 1
11 10 0.042 3 0
332 100 1.312 3 0
74 100 0.219 3 1
168 22 0.862 3 4
20 22 0.080 3 4
23 5 0.101 3 1
56 5 0.178 3 0
39 5 0.117 3 4
123 10 0.403 3 0
10 30 0.044 3 0
275 52 0.851 3 0
56 100 0.250 3 0
19 40 0.123 3 2
77 40 0.238 3 0
314 70 0.975 3 4
35 40 0.134 3 1
36 15 0.216 3 1
156 40 0.843 3 2
49 15 0.199 3 0
83 40 0.309 3 2
58 52 0.182 3 1
10 30 0.052 3 2
24 30 0.104 3 0
15 10 0.075 3 1
14 5 0.067 3 1
17 100 0.061 3 0
172 40 0.606 3 4
22 10 0.076 3 2
73 30 0.219 3 2
23 30 0.089 3 4
196 15 0.589 3 0
18 10 0.073 3 0
74 40 0.307 3 0
245 22 1.034 3 4
11 10 0.038 3 0
43 30 0.173 3 0
66 70 0.213 3 4
30 5 0.138 3 4
134 5 0.494 3 0
155 30 0.701 3 0
172 70 0.536 3 2
202 40 0.625 3 0
11 70 0.053 3 0
18 30 0.066 3 0
87 15 0.269 3 2
16 5 0.072 3 0
78 52 0.364 3 2
22 100 0.073 3 2
77 15 0.503 3 4
12 30 0.044 3 0
32 70 0.102 3 0
19 52 0.063 3 2
64 100 0.390 3 1
48 22 0.188 3 0
303 10 1.814 3 0
39 40 0.228 3 2
29 22 0.089 3 1
107 40 0.398 3 1
39 30 0.127 3 0
25 40 0.082 3 2
32 30 0.131 3 4
16 30 0.075 3 4
50 22 0.287 3 0
19 40 0.098 3 0
55 10 0.362 3 2
151 10 0.606 3 1
13 100 0.063 3 0
13 15 0.039 3 0
58 100 0.389 3 0
248 100 1.503 3 4
37 30 0.230 3 0
164 52 0.777 3 4
39 70 0.166 3 2
134 52 0.641 3 0
50 100 0.250 3 0
217 70 0.819 3 4
100 70 0.337 3 0
173 40 0.526 3 1
217 15 1.315 3 1
24 70 0.088 3 1
77 5 0.249 3 0
11 70 0.071 3 2
18 10 0.055 3 1
10 100 0.039 3 4
51 70 0.266 3 2
77 52 0.308 3 2
39 70 0.167 3 1
10 15 0.037 3 1
58 22 0.247 3 4
100 52 0.407 3 0
16 70 0.057 3 4
184 22 0.953 3 0
38 30 0.112 3 0
10 70 0.052 3 1
76 10 0.231 3 4
20 30 0.066 3 1
12 52 0.035 3 0
104 22 0.390 3 4
71 22 0.318 3 4
31 30 0.204 3 1
16 22 0.081 3 2
137 70 0.682 3 2
34 52 0.123 3 0
100 40 0.392 3 1
79 100 0.491 3 0
268 70 1.140 3 0
34 5 0.215 3 0
25 5 0.076 3 0
141 10 0.691 3 4
169 70 0.583 3 2
192 100 0.660 3 1
88 70 0.296 3 0
167 70 0.791 3 2
74 100 0.306 3 0
64 22 0.251 3 0
63 22 0.297 3 4
18 15 0.112 3 2
67 15 0.330 3 0
70 100 0.405 3 1
39 15 0.153 3 2
220 100 0.671 3 1
54 70 0.280 3 0
191 52 0.864 3 4
35 52 0.170 3 4
17 40 0.051 3 0
12 40 0.066 3 0
53 52 0.155 3 0
138 30 0.422 3 2
39 15 0.128 3 0
27 70 0.093 3 0
120 100 0.377 3 1
18 15 0.066 3 0
41 100 0.174 3 0
30 30 0.149 3 4
162 10 0.810 3 2
16 40 0.095 3 4
56 30 0.210 3 0
48 40 0.199 3 0
234 100 1.436 3 4
129 30 0.439 3 2
176 5 0.957 3 0
18 5 0.075 3 4
49 40 0.219 3 0
172 100 0.789 3 2
19 52 0.075 3 0
307 70 0.936 3 0
265 15 0.953 3 0
112 15 0.327 3 4
59 5 0.371 3 0
23 52 0.145 3 0
14 70 0.074 3 4
27 30 0.135 3 0
83 5 0.374 3 0
19 22 0.064 3 2
62 70 0.365 3 1
54 5 0.274 3 0
328 15 1.163 3 1
15 5 0.078 3 0
189 52 0.794 3 1
128 10 0.527 3 0
61 10 0.258 3 2
144 70 0.613 3 0
14 30 0.052 3 4
77 22 0.321 3 2
79 52 0.385 3 0
35 100 0.124 3 0
29 15 0.098 3 2
12 70 0.035 3 2
10 22 0.056 3 0
17 10 0.104 3 0
27 100 0.113 3 0
10 10 0.049 3 1
51 52 0.219 3 2
185 100 0.580 3 0
72 100 0.221 3 2
33 100 0.164 3 4
18 30 0.058 3 4
11 40 0.033 3 1
224 40 0.865 3 2
18 30 0.074 3 4
63 52 0.213 3 4
34 22 0.210 3 2
15 52 0.047 3 4
174 70 0.767 3 2
40 70 0.141 3 2
51 10 0.150 3 2
231 15 0.856 3 0
111 10 0.368 3 4
21 22 0.073 3 0
25 30 0.077 3 1
212 100 1.317 3 4
19 5 0.098 3 1
10 100 0.031 3 4
187 52 0.878 3 2
219 5 1.377 3 1
279 40 1.361 3 4
19 100 0.058 3 0
67 5 0.291 3 0
11 5 0.035 3 0
16 40 0.079 3 4
159 40 0.464 3 0
182 30 0.655 3 1
74 40 0.263 3 1
16 22 0.092 3 2
52 70 0.335 3 4
96 10 0.549 3 1
54 5 0.178 3 0
47 52 0.198 3 0
248 15 1.033 3 4
26 40 0.128 3 4
74 10 0.354 3 4
63 15 0.187 3 0
186 10 1.057 3 2
20 5 0.066 3 0
66 70 0.217 3 0
124 15 0.454 3 1
87 5 0.355 3 0
15 15 0.057 3 2
16 5 0.107 3 4
159 100 0.587 3 0
14 15 0.052 3 0
21 15 0.066 3 0
145 70 0.901 3 2
132 40 0.489 3 4
195 52 0.859 3 4
22 52 0.109 3 4
129 5 0.461 3 2
46 100 0.176 3 4
135 30 0.542 3 2
45 52 0.222 3 4
132 5 0.491 3 0
23 5 0.135 3 0
16 10 0.090 3 4
12 10 0.040 3 2
87 70 0.339 3 0
33 70 0.133 3 1
60 22 0.231 3 1
67 52 0.256 3 4
32 40 0.159 3 0
296 5 1.922 3 4
112 40 0.521 3 0
37 52 0.115 3 1
19 5 0.064 3 2
11 15 0.051 3 0
174 22 0.892 3 2
198 10 0.720 3 2
77 100 0.302 3 1
243 30 0.907 4 1
21 10 0.074 4 2
57 40 0.189 4 0
273 15 1.796 4 2
274 15 0.968 4 1
292 5 1.521 4 1
272 10 0.961 4 2
301 5 1.000 4 0
205 52 0.663 4 3
112 100 0.356 4 0
72 30 0.351 4 0
67 10 0.257 4 0
69 5 0.223 4 0
187 52 1.147 4 2
18 30 0.054 4 0
46 22 0.139 4 0
113 22 0.665 4 2
68 10 0.244 4 1
180 15 1.078 4 0
33 10 0.134 4 0
25 15 0.114 4 3
263 10 1.241 4 1
107 30 0.557 4 0
35 52 0.145 4 0
302 22 0.935 4 1
15 30 0.088 4 0
36 40 0.190 4 0
19 30 0.078 4 0
11 15 0.047 4 0
10 22 0.032 4 2
41 10 0.161 4 0
79 15 0.389 4 2
38 100 0.113 4 1
10 40 0.053 4 2
17 5 0.053 4 0
33 70 0.120 4 2
52 40 0.287 4 0
13 52 0.073 4 0
104 100 0.315 4 2
171 100 0.584 4 0
48 40 0.310 4 0
25 5 0.075 4 0
37 15 0.109 4 2
62 40 0.212 4 0
52 52 0.152 4 1
105 52 0.385 4 3
85 22 0.253 4 3
109 40 0.542 4 0
75 70 0.401 4 1
13 52 0.086 4 0
29 70 0.115 4 3
77 10 0.440 4 3
68 5 0.270 4 2
36 15 0.216 4 1
21 40 0.117 4 0
18 22 0.082 4 2
17 52 0.062 4 1
45 40 0.170 4 3
298 40 1.348 4 0
315 5 0.955 4 1
50 30 0.152 4 1
27 70 0.089 4 0
68 15 0.352 4 0
57 5 0.213 4 2
29 15 0.087 4 2
25 30 0.121 4 0
65 10 0.346 4 3
38 52 0.241 4 3
196 22 0.658 4 2
15 15 0.095 4 1
23 5 0.073 4 0
175 5 0.676 4 1
17 15 0.101 4 2
10 15 0.040 4 3
149 100 0.587 4 0
12 15 0.037 4 0
160 30 0.920 4 0
12 40 0.040 4 0
15 30 0.061 4 0
60 40 0.188 4 3
16 30 0.051 4 2
151 52 0.863 4 0
73 100 0.305 4 0
50 70 0.287 4 0
66 70 0.284 4 0
10 30 0.043 4 0
278 22 1.037 4 1
13 30 0.049 4 3
101 5 0.474 4 2
35 22 0.160 4 0
14 15 0.046 4 0
129 52 0.556 4 0
14 40 0.047 4 0
59 10 0.219 4 1
98 100 0.456 4 2
48 40 0.236 4 3
293 15 1.518 4 0
66 5 0.219 4 3
40 40 0.178 4 0
144 22 0.539 4 0
73 100 0.319 4 0
43 5 0.141 4 2
48 40 0.153 4 1
128 100 0.373 4 0
13 22 0.049 4 1
21 10 0.072 4 2
130 40 0.520 4 1
59 15 0.211 4 0
20 15 0.067 4 1
113 52 0.739 4 2
50 52 0.158 4 1
158 52 0.690 4 1
150 100 0.920 4 2
194 15 0.634 4 1
25 15 0.086 4 2
18 70 0.073 4 1
177 40 0.827 4 0
72 22 0.365 4 0
94 22 0.341 4 3
10 22 0.032 4 0
12 10 0.042 4 1
160 40 0.593 4 1
34 22 0.151 4 1
14 52 0.041 4 3
102 10 0.362 4 0
15 5 0.051 4 0
13 40 0.045 4 1
42 52 0.174 4 1
165 10 0.671 4 1
190 100 0.945 4 0
20 10 0.128 4 3
67 22 0.234 4 3
10 40 0.032 4 1
41 70 0.277 4 3
14 15 0.062 4 3
26 10 0.084 4 1
55 30 0.186 4 1
12 52 0.038 4 2
16 40 0.066 4 0
225 100 0.708 4 0
53 5 0.285 4 1
174 52 0.731 4 1
27 15 0.163 4 1
116 30 0.416 4 0
154 22 0.744 4 3
229 15 1.396 4 3
111 15 0.371 4 0
79 15 0.338 4 2
32 5 0.145 4 3
15 22 0.060 4 1
63 22 0.247 4 1
97 40 0.406 4 0
11 10 0.039 4 0
10 52 0.056 4 3
37 15 0.143 4 1
213 100 0.657 4 0
44 10 0.145 4 1
21 100 0.093 4 0
97 10 0.443 4 1
63 40 0.310 4 3
131 30 0.485 4 2
74 10 0.351 4 3
165 40 0.655 4 3
44 52 0.136 4 1
72 40 0.389 4 2
11 100 0.054 4 3
55 22 0.167 4 0
59 100 0.175 4 0
190 30 0.597 4 1
29 10 0.099 4 0
126 70 0.399 4 1
106 100 0.579 4 2
92 100 0.548 4 0
130 70 0.793 4 1
166 5 0.902 4 0
19 52 0.061 4 0
137 40 0.435 4 1
36 52 0.165 4 3
12 22 0.072 4 0
165 70 0.627 4 1
14 70 0.053 4 1
193 30 1.049 4 0
304 40 0.962 4 3
11 22 0.034 4 1
162 100 0.621 4 2
26 40 0.127 4 0
78 70 0.287 4 2
64 40 0.295 4 2
188 52 0.660 4 3
141 10 0.659 4 1
47 70 0.146 4 3
73 5 0.435 4 0
31 30 0.120 4 2
72 70 0.242 4 0
119 70 0.350 4 0
15 52 0.047 4 1
15 52 0.044 4 3
49 22 0.168 4 0
245 40 0.745 4 3
183 100 0.538 4 2
129 52 0.456 4 2
199 22 0.607 4 1
35 22 0.178 4 0
79 5 0.275 4 1
38 30 0.198 4 1
19 40 0.095 4 0
18 22 0.082 4 0
144 15 0.507 4 3
37 30 0.240 4 1
12 30 0.050 4 1
38 22 0.228 4 0
296 70 1.050 4 0
15 22 0.101 4 2
181 100 0.562 4 1
38 30 0.169 4 2
43 5 0.139 4 3
78 52 0.497 4 1
99 52 0.444 4 0
106 10 0.627 4 1
34 52 0.169 4 2
11 15 0.037 4 2
63 30 0.235 4 1
15 5 0.055 4 0
14 15 0.045 4 2
15 52 0.057 4 3
34 70 0.147 4 0
77 52 0.332 4 3
97 30 0.626 4 1
194 10 0.642 4 1
22 5 0.068 4 2
31 30 0.172 4 1
90 5 0.268 4 3
56 40 0.263 4 3
47 40 0.287 4 2
19 22 0.080 4 0
29 15 0.102 4 2
164 100 1.058 4 3
150 40 0.519 4 2
29 30 0.175 4 0
39 5 0.173 4 0
185 70 0.869 4 2
21 10 0.114 4 0
12 30 0.081 4 0
17 52 0.063 4 2
48 52 0.250 4 0
48 22 0.231 4 1
69 15 0.216 4 1
48 40 0.153 4 0
103 5 0.326 4 3
258 22 0.872 4 1
10 22 0.030 4 1
324 52 1.723 4 2
74 10 0.259 4 0
93 15 0.460 4 3
192 52 0.985 4 1
18 100 0.111 4 2
236 5 0.776 4 0
148 22 0.487 4 0
32 70 0.170 4 0
246 15 1.640 4 0
27 22 0.127 4 2
19 22 0.069 4 2
192 30 0.722 4 3
56 15 0.179 4 2
56 10 0.233 4 0
103 22 0.575 4 0
49 52 0.229 4 0
220 5 0.705 4 1
35 22 0.148 4 2
262 10 1.690 4 2
41 70 0.233 4 0
24 30 0.091 4 0
78 100 0.336 4 0
43 10 0.270 4 3
44 100 0.238 4 3
17 100 0.053 4 2
16 52 0.050 4 2
220 30 1.068 4 2
31 70 0.134 4 0
175 30 1.101 4 3
152 40 0.507 4 1
221 40 1.145 4 0
112 70 0.370 4 0
178 100 0.657 4 1
65 10 0.411 4 0
63 5 0.300 4 0
31 40 0.090 4 2
45 15 0.175 4 0
131 10 0.450 4 1
126 15 0.444 4 0
13 10 0.055 4 2
38 22 0.198 4 3
43 30 0.126 4 1
92 70 0.322 4 2
27 15 0.106 4 0
17 10 0.069 4 0
33 52 0.101 4 0
13 52 0.041 4 1
198 40 0.710 4 2
40 5 0.253 4 0
48 100 0.193 4 0
68 52 0.201 4 0
28 22 0.109 4 0
20 22 0.089 4 0
19 40 0.079 4 3
29 40 0.195 4 3
25 70 0.141 4 1
68 10 0.275 4 0
46 22 0.188 4 3
75 70 0.377 4 0
121 15 0.506 4 0
24 15 0.141 4 0
49 70 0.153 4 1
30 22 0.176 4 1
111 15 0.550 4 1
46 70 0.158 4 1
196 40 0.995 4 0
29 40 0.114 4 1
30 10 0.135 4 2
33 10 0.101 4 1
14 52 0.044 4 2
251 22 1.459 4 3
185 30 0.794 4 3
167 40 0.520 4 1
16 15 0.065 4 2
76 15 0.388 4 2
316 30 1.249 4 0
57 100 0.306 4 0
13 15 0.048 4 0
31 22 0.158 4 0
69 22 0.375 4 0
306 10 1.129 4 1
31 10 0.093 4 2
259 22 0.869 4 0
107 5 0.344 4 0
21 22 0.117 4 0
38 22 0.174 4 3
32 5 0.127 4 2
29 52 0.110 4 0
18 52 0.052 4 2
16 10 0.067 4 1
255 40 1.104 4 0
24 10 0.096 4 1
60 30 0.189 4 0
60 100 0.373 4 2
29 70 0.097 4 0
335 15 1.227 4 0
60 15 0.260 4 0
60 52 0.184 4 2
32 15 0.105 4 0
30 40 0.126 4 0
15 100 0.077 4 0
14 52 0.054 4 3
68 5 0.206 4 1
188 100 0.667 4 1
44 70 0.166 4 3
20 52 0.130 4 1
158 10 0.814 4 0
79 70 0.247 4 3
140 30 0.495 4 1
37 70 0.136 4 0
55 70 0.284 4 3
215 40 1.208 4 3
124 22 0.443 4 0
20 10 0.066 4 2
26 70 0.088 4 3
19 70 0.101 4 0
13 15 0.051 4 2
215 22 0.808 4 0
50 15 0.219 4 0
17 22 0.097 4 0
177 15 0.532 4 0
12 70 0.051 4 0
33 5 0.170 4 3
22 10 0.085 4 0
32 22 0.109 4 2
92 15 0.402 4 2
71 100 0.298 4 0
59 22 0.269 4 0
232 100 1.018 4 3
31 52 0.173 4 2
291 52 1.014 4 3
113 5 0.739 4 2
14 52 0.041 4 3
14 40 0.091 4 3
31 5 0.114 4 0
10 70 0.029 4 0
315 22 1.086 4 3
55 40 0.306 4 2
145 40 0.784 4 0
20 70 0.074 4 0
21 15 0.082 4 0
69 100 0.311 4 3
66 5 0.395 4 0
282 70 0.979 4 2
29 100 0.149 4 2
239 100 1.382 4 1
22 30 0.091 4 1
18 30 0.062 4 3
31 70 0.188 4 0
305 5 0.968 4 3
40 70 0.161 4 0
182 15 0.943 4 0
188 40 0.627 4 3
14 10 0.042 4 0
116 15 0.487 4 2
167 22 0.988 4 2
69 30 0.371 4 3
73 52 0.300 4 3
31 22 0.092 4 2
21 22 0.115 4 0
16 40 0.058 4 0
58 40 0.271 4 0
14 100 0.093 4 1
11 100 0.064 4 1
69 5 0.212 4 2
198 40 1.138 4 3
324 22 1.187 4 0
11 15 0.048 4 0
13 10 0.038 4 0
31 70 0.095 4 1
14 5 0.044 4 2
11 5 0.060 4 0
29 15 0.092 4 1
13 70 0.062 4 0
57 22 0.292 4 1
110 30 0.524 4 1
156 52 0.555 4 2
19 10 0.056 4 2
13 10 0.070 4 1
15 22 0.051 4 0
207 22 1.163 4 0
17 40 0.091 4 1
35 22 0.105 4 3
94 52 0.293 4 2
50 15 0.167 4 1
48 10 0.154 4 0
157 10 0.597 4 1
30 52 0.137 4 3
155 40 0.963 4 0
129 40 0.623 4 0
28 15 0.083 4 2
24 70 0.071 4 3
12 70 0.051 4 0
65 5 0.254 4 2
339 5 1.324 4 3
168 15 0.840 4 1
164 40 0.524 4 0
29 22 0.095 4 2
16 10 0.058 4 1
87 30 0.318 4 0
12 22 0.050 4 0
313 5 0.951 4 0
64 22 0.257 4 1
133 30 0.696 4 0
36 10 0.190 4 2
30 22 0.087 4 0
12 10 0.054 4 2
81 22 0.270 4 3
40 40 0.258 4 0
30 22 0.093 4 0
31 70 0.182 4 2
22 10 0.086 4 1
29 70 0.086 4 1
168 100 0.771 4 1
10 5 0.042 4 3
223 70 1.180 4 0
40 22 0.240 4 0
33 5 0.174 4 0
37 40 0.116 4 0
10 30 0.033 4 0
99 40 0.474 4 0
15 40 0.056 4 1
16 22 0.055 4 3
121 15 0.480 4 2
43 22 0.163 4 2
17 22 0.080 4 3
39 10 0.124 4 1
169 52 0.581 4 1
15 15 0.051 4 0
14 5 0.066 4 3
11 10 0.035 4 1
10 30 0.041 4 1
35 15 0.177 4 1
51 22 0.291 4 3
24 10 0.104 4 2
14 10 0.048 4 2
118 5 0.615 4 2
11 15 0.052 4 1
25 10 0.073 4 2
10 5 0.054 4 1
165 70 0.682 4 2
13 22 0.049 4 1
31 22 0.123 4 1
57 52 0.233 4 3
186 10 0.935 4 0
163 52 1.087 4 3
17 10 0.056 4 2
10 15 0.047 4 0
12 5 0.060 4 2
66 10 0.234 4 1
57 10 0.178 4 0
233 5 0.754 4 0
19 40 0.059 4 3
25 5 0.098 4 0
17 15 0.075 4 0
67 52 0.219 4 0
17 52 0.071 4 2
52 15 0.301 4 2
239 22 1.320 4 0
33 70 0.196 4 0
35 10 0.112 4 0
135 10 0.763 4 0
15 10 0.048 4 0
43 52 0.169 4 1
18 30 0.090 4 2
13 15 0.038 4 3
120 52 0.524 4 2
36 30 0.148 4 2
34 52 0.120 4 3
73 70 0.382 4 2
77 100 0.500 4 1
152 30 0.772 4 0
18 5 0.054 4 1
145 100 0.747 4 3
12 40 0.041 4 0
177 52 0.812 4 3
38 100 0.188 4 0
151 10 0.489 4 0
60 70 0.366 4 1
59 40 0.343 4 3
60 5 0.222 4 0
26 40 0.113 4 3
28 40 0.119 4 3
70 52 0.427 4 2
26 30 0.102 4 0
20 22 0.104 4 3
31 5 0.143 4 1
36 30 0.159 4 0
47 15 0.141 4 3
69 52 0.207 4 2
89 70 0.345 4 2
197 70 0.838 4 1
153 40 0.659 4 2
17 22 0.099 4 0
59 70 0.258 4 2
19 40 0.088 4 1
31 30 0.111 4 0
58 15 0.354 4 0
81 22 0.307 4 0
236 15 0.698 4 0
16 5 0.062 4 0
15 22 0.065 4 0
148 100 0.661 4 3
110 15 0.640 4 0
59 52 0.324 4 2
261 30 0.946 4 0
33 10 0.136 4 2
26 5 0.088 4 3
74 100 0.259 4 0
69 30 0.255 4 0
11 15 0.035 4 0
13 70 0.088 4 1
194 100 0.674 4 1
26 10 0.082 4 0
68 30 0.199 4 3
19 10 0.108 4 3
16 5 0.062 4 1
188 22 0.667 4 1
29 40 0.141 4 3
12 15 0.057 4 0
20 70 0.062 4 3
19 40 0.081 4 3
95 15 0.356 4 2
186 40 0.791 4 1
67 15 0.224 4 0
16 70 0.062 4 3
147 15 0.628 4 0
14 30 0.051 4 3
32 30 0.113 4 1
15 52 0.047 4 0
69 100 0.445 4 2
45 22 0.216 4 0
48 70 0.181 4 3
29 40 0.114 4 0
13 70 0.051 4 2
117 52 0.665 4 0
76 70 0.390 4 0
26 22 0.116 4 3
13 70 0.039 4 1
133 22 0.512 4 3
233 40 1.079 4 3
62 5 0.255 4 3
22 70 0.089 4 1
31 30 0.162 4 0
47 100 0.142 4 0
278 10 1.511 4 0
78 40 0.244 4 0
146 52 0.621 4 3
25 52 0.102 4 1
140 40 0.455 4 0
39 22 0.248 4 1
67 5 0.313 4 1
62 100 0.194 4 1
42 52 0.259 4 0
331 70 1.458 4 2
41 40 0.128 4 0
131 52 0.444 4 3
18 5 0.106 4 2
37 100 0.243 4 1
57 5 0.273 4 2
91 10 0.299 4 3
69 100 0.244 4 2
142 100 0.550 4 1
68 100 0.285 4 1
17 52 0.059 4 0
77 100 0.360 4 2
12 52 0.059 4 2
270 15 1.227 4 3
114 30 0.717 4 2
19 40 0.059 4 2
16 52 0.053 4 0
64 70 0.261 4 1
199 70 0.900 4 3
61 30 0.286 4 0
52 40 0.278 4 0
136 15 0.402 4 0
31 15 0.160 4 0
69 52 0.256 4 1
37 40 0.141 4 2
11 40 0.061 4 0
33 52 0.220 4 2
28 22 0.154 4 0
14 5 0.056 4 3
227 5 0.775 4 0
66 100 0.349 4 0
144 30 0.758 4 2
16 22 0.065 4 2
98 10 0.483 4 0
58 70 0.337 4 1
36 10 0.116 4 0
30 22 0.087 4 0
51 70 0.263 4 0
19 30 0.119 4 1
10 30 0.029 4 0
15 52 0.048 4 3
74 22 0.220 4 0
32 30 0.154 4 3
153 22 0.662 4 3
18 40 0.113 4 0
17 10 0.050 4 0
84 70 0.337 4 0
39 15 0.118 4 0
67 22 0.379 4 0
35 30 0.115 4 2
13 5 0.044 4 2
80 70 0.280 4 1
199 22 0.990 4 1
121 30 0.531 4 0
15 15 0.067 4 1
20 15 0.104 4 1
17 70 0.072 4 0
35 40 0.230 4 2
163 15 0.649 4 0
25 22 0.168 4 2
35 52 0.134 4 0
187 10 0.628 4 3
19 40 0.079 4 0
16 30 0.053 4 2
20 40 0.060 4 2
191 52 0.857 4 0
10 5 0.032 4 3
169 22 0.583 4 2
16 30 0.070 4 0
18 70 0.094 4 0
15 10 0.053 4 3
199 40 0.663 4 2
46 52 0.200 4 0
330 52 1.404 4 2
11 22 0.037 4 2
11 100 0.048 4 2
12 52 0.043 4 3
27 30 0.085 4 1
107 22 0.341 4 2
13 40 0.077 4 1
65 30 0.220 4 1
35 5 0.150 4 3
16 30 0.077 4 1
90 22 0.361 4 2
223 100 0.796 4 2
148 52 0.692 4 3
94 15 0.333 4 0
19 40 0.056 4 3
24 5 0.090 4 0
64 52 0.432 4 0
12 15 0.067 4 3
16 15 0.087 4 2
11 40 0.060 4 2
20 52 0.094 4 0
51 40 0.192 4 0
195 5 0.629 4 2
11 70 0.045 4 0
19 10 0.082 4 0
145 52 0.471 4 0
74 70 0.303 4 1
34 40 0.179 4 2
22 40 0.119 4 0
13 40 0.051 4 0
26 10 0.167 4 0
66 52 0.446 4 2
112 5 0.489 4 3
52 10 0.219 4 0
31 15 0.149 4 1
14 15 0.087 4 0
24 10 0.081 4 1
14 40 0.052 4 2
146 40 0.516 4 0
59 70 0.321 4 3
94 40 0.485 4 1
26 30 0.088 4 0
39 15 0.173 4 3
15 52 0.051 4 1
13 22 0.043 4 2
185 5 0.752 4 3
25 5 0.166 4 1
279 30 1.788 4 3
52 52 0.181 4 3
21 15 0.135 4 2
21 30 0.104 4 3
19 22 0.059 4 3
51 22 0.235 4 0
165 5 0.878 4 0
16 22 0.071 4 2
21 15 0.075 4 1
14 22 0.046 4 0
267 70 0.822 4 0
118 100 0.615 4 3
19 70 0.095 4 2
37 52 0.151 4 3
12 70 0.052 4 1
37 70 0.183 4 0
71 10 0.222 4 2
149 30 0.634 4 2
10 100 0.033 4 0
26 22 0.099 4 2
38 15 0.114 4 3
26 30 0.096 4 0
58 30 0.236 4 0
10 40 0.035 4 0
188 52 0.746 4 1
87 5 0.370 4 2
144 5 0.742 4 0
44 100 0.263 4 0
46 10 0.151 4 3
54 52 0.300 4 1
15 40 0.068 4 0
13 70 0.072 4 0
15 5 0.054 4 0
10 5 0.050 4 0
318 10 1.016 4 3
142 5 0.887 4 3
13 10 0.057 4 0
184 52 0.876 4 1
11 5 0.032 4 2
108 10 0.320 4 3
266 52 1.231 4 2
47 22 0.196 4 0
162 70 0.900 4 2
10 40 0.054 4 3
175 10 1.167 4 2
169 52 0.988 4 3
11 70 0.034 4 2
170 30 0.683 4 0
182 22 0.572 4 3
39 5 0.224 4 0
61 15 0.217 4 2
128 40 0.412 4 0
264 52 0.790 4 0
12 52 0.036 4 0
27 52 0.126 4 2
13 22 0.055 4 1
15 70 0.075 4 3
25 70 0.100 4 3
59 10 0.255 4 2
31 10 0.103 4 2
51 10 0.188 4 0
134 15 0.870 4 2
32 70 0.123 4 1
223 100 1.219 4 0
18 30 0.053 4 3
76 40 0.283 4 3
45 22 0.245 4 1
311 5 0.912 4 0
11 22 0.042 4 0
31 5 0.115 4 1
73 100 0.361 4 2
21 10 0.083 4 0
20 10 0.109 4 3
166 10 0.506 4 1
16 70 0.054 4 3
19 10 0.126 4 0
13 15 0.070 4 3
44 52 0.145 4 0
41 100 0.177 4 1
215 70 0.802 4 2
13 40 0.048 4 2
12 40 0.036 4 3
15 5 0.055 4 3
95 15 0.514 4 3
131 30 0.645 4 3
51 52 0.232 4 3
156 52 0.569 4 1
14 40 0.063 4 3
194 10 0.942 4 1
10 5 0.047 4 1
175 22 0.616 4 2
52 70 0.323 4 1
120 10 0.764 4 1
181 5 0.823 4 3
74 10 0.224 4 0
103 15 0.390 4 3
324 22 1.141 4 1
89 10 0.473 4 0
23 10 0.106 4 2
55 22 0.359 4 0
22 15 0.102 4 0
46 40 0.153 4 0
12 52 0.075 4 3
97 10 0.317 4 0
36 40 0.107 4 0
75 5 0.375 4 0
169 15 0.533 4 0
37 30 0.216 4 2
11 70 0.054 4 0
139 70 0.653 4 3
16 40 0.055 4 0
36 52 0.197 4 3
56 52 0.329 4 0
20 40 0.064 4 0
139 10 0.772 4 0
29 15 0.112 4 1
175 100 0.585 4 0
37 15 0.187 4 3
50 40 0.161 4 2
11 30 0.034 4 0
54 5 0.353 4 2
15 100 0.046 4 2
10 15 0.037 4 2
113 52 0.335 4 2
13 30 0.055 4 2
19 5 0.072 4 1
132 10 0.626 4 2
302 10 1.830 4 0
235 10 0.855 4 3
185 5 0.693 4 0
176 10 0.524 4 3
16 100 0.072 4 2
15 30 0.055 4 3
103 100 0.464 4 3
31 5 0.134 4 0
11 22 0.062 4 2
54 15 0.245 4 2
24 22 0.155 4 3
36 52 0.183 4 0
19 52 0.070 4 0
137 70 0.402 4 2
161 40 0.976 4 0
22 40 0.065 4 0
87 40 0.275 4 0
35 10 0.145 4 0
161 5 0.654 4 0
16 30 0.084 4 2
22 15 0.107 4 0
260 10 1.688 4 1
17 30 0.084 4 3
138 22 0.523 4 2
321 10 1.029 4 2
59 52 0.272 4 0
161 52 0.752 4 3
297 100 1.362 4 1
16 10 0.056 4 2
52 10 0.248 4 0
79 40 0.374 4 1
16 52 0.064 4 3
66 40 0.402 4 1
61 30 0.181 4 0
178 15 0.625 4 0
56 22 0.190 4 1
112 70 0.709 4 2
25 70 0.136 4 2
32 10 0.096 4 3
16 70 0.102 4 1
57 15 0.218 4 2
48 100 0.177 4 1
106 40 0.631 4 2
34 70 0.188 4 2
58 70 0.214 4 2
163 5 1.065 4 3
69 5 0.242 4 0
11 40 0.070 4 0
97 40 0.345 4 2
30 15 0.133 4 2
243 52 1.642 4 1
115 22 0.556 4 0
254 70 1.380 4 2
26 52 0.096 4 1
230 52 1.420 4 0
29 40 0.154 4 2
50 52 0.235 4 2
36 10 0.120 4 0
10 10 0.058 4 0
39 100 0.137 4 0
138 10 0.660 4 2
11 10 0.045 4 1
27 70 0.141 4 0
43 22 0.242 4 2
12 22 0.035 4 1
17 70 0.067 4 3
11 100 0.067 4 2
17 22 0.069 4 0
31 70 0.166 4 0
165 30 0.539 4 3
72 100 0.426 4 0
12 70 0.036 4 0
293 70 1.601 4 0
59 100 0.200 4 0
31 100 0.171 4 0
34 40 0.101 4 0
102 70 0.418 4 3
56 10 0.246 4 0
175 22 0.936 4 0
22 52 0.124 4 0
30 70 0.096 4 2
18 100 0.059 4 0
62 5 0.305 4 0
67 70 0.224 4 1
230 100 1.307 4 0
130 30 0.500 4 0
21 30 0.067 4 2
16 70 0.060 4 0
13 52 0.040 4 1
122 22 0.777 4 0
27 10 0.097 4 2
167 22 0.514 4 3
49 30 0.176 4 0
30 40 0.133 4 3
42 10 0.176 4 0
285 100 1.717 4 2
10 100 0.032 4 0
17 10 0.054 4 1
185 5 0.787 4 1
51 70 0.315 4 2
27 100 0.087 4 0
12 10 0.037 4 2
123 100 0.728 4 3
11 30 0.051 4 1
190 15 1.250 4 2
13 40 0.043 4 3
26 22 0.079 4 3
20 40 0.079 4 2
15 5 0.053 4 1
121 100 0.490 4 0
89 100 0.405 4 1
22 52 0.076 4 1
69 30 0.276 4 1
128 30 0.396 4 1
74 100 0.359 4 2
13 70 0.040 4 1
199 10 0.691 4 1
73 22 0.335 4 0
87 22 0.401 4 2
183 40 0.953 4 2
85 5 0.286 4 3
17 5 0.055 4 0
42 5 0.151 4 0
163 70 0.685 4 3
78 10 0.413 4 0
29 70 0.119 4 1
51 70 0.211 4 3
155 15 0.686 4 0
95 5 0.586 4 0
43 100 0.216 4 3
56 30 0.242 4 3
19 100 0.096 4 2
33 15 0.113 4 0
11 100 0.057 4 0
127 10 0.498 4 2
109 40 0.363 4 0
18 10 0.089 4 0
73 15 0.279 4 2
26 70 0.091 4 0
39 100 0.155 4 3
13 15 0.083 4 0
11 10 0.034 4 3
18 22 0.070 4 2
58 15 0.384 4 1
101 15 0.302 4 0
130 70 0.756 4 0
61 30 0.221 4 1
189 22 1.000 4 1
147 15 0.521 4 0
101 100 0.479 4 2
150 100 0.453 4 1
105 30 0.621 4 3
179 40 0.609 4 2
123 70 0.504 4 0
68 22 0.283 4 2
40 52 0.164 4 0
38 30 0.125 4 3
79 100 0.451 4 0
22 40 0.073 4 3
85 70 0.340 4 2
116 40 0.659 4 3
245 10 0.863 4 3
12 100 0.042 4 1
75 70 0.446 4 1
44 5 0.158 4 0
55 40 0.181 4 0
305 10 1.235 4 0
164 52 0.719 4 2
49 30 0.164 4 3
41 40 0.215 4 0
210 52 0.747 4 3
14 100 0.043 4 1
191 52 0.830 4 0
