100 100 0.667 0 1
14 22 0.060 0 1
148 10 0.871 0 2
35 100 0.210 0 1
132 100 0.541 0 1
57 40 0.177 0 2
161 52 0.531 0 2
13 22 0.042 0 2
97 52 0.311 0 1
193 10 1.177 0 1
18 70 0.086 0 1
38 52 0.194 0 1
26 70 0.083 0 2
11 30 0.044 0 1
28 10 0.104 0 2
92 40 0.304 0 2
17 15 0.073 0 2
35 70 0.210 0 1
22 52 0.066 0 2
19 100 0.079 0 1
29 100 0.163 0 1
44 22 0.131 0 1
78 30 0.289 0 2
18 5 0.105 0 2
13 40 0.043 0 2
100 15 0.333 0 1
14 5 0.092 0 2
155 15 0.957 0 2
26 30 0.171 0 2
137 22 0.454 0 1
16 22 0.063 0 1
57 52 0.229 0 1
12 30 0.036 0 1
21 40 0.064 0 1
51 22 0.234 0 1
22 10 0.080 0 2
234 15 1.104 0 1
20 30 0.060 0 1
181 10 1.065 0 2
75 30 0.299 0 2
59 22 0.195 0 1
38 5 0.112 0 1
32 30 0.121 0 2
47 100 0.247 0 2
12 15 0.078 0 1
18 52 0.083 0 2
34 52 0.112 0 2
135 52 0.646 0 2
18 5 0.054 0 2
39 52 0.127 0 2
27 52 0.130 0 2
156 40 0.872 0 1
36 5 0.124 0 2
61 22 0.251 0 1
10 30 0.029 0 2
19 5 0.069 0 1
40 30 0.151 0 2
284 40 0.861 0 2
17 22 0.071 0 2
175 100 0.585 0 2
155 52 0.542 0 1
60 40 0.291 0 2
41 52 0.127 0 1
64 40 0.290 0 2
61 30 0.285 0 2
118 10 0.386 0 2
139 5 0.772 0 2
35 5 0.158 0 2
71 30 0.420 0 1
19 30 0.058 0 1
77 30 0.316 0 1
68 40 0.442 0 1
105 30 0.695 0 1
102 100 0.557 0 2
138 40 0.896 0 1
32 30 0.178 0 2
22 10 0.066 0 2
72 52 0.229 0 1
78 40 0.484 0 1
18 30 0.099 0 2
67 15 0.356 0 1
16 5 0.075 0 2
12 70 0.067 0 2
56 52 0.324 0 1
66 22 0.400 0 1
253 40 1.182 0 1
17 15 0.050 0 1
192 40 1.021 0 1
19 10 0.101 0 2
44 52 0.177 0 1
23 40 0.074 0 1
189 10 0.974 0 1
15 100 0.075 0 2
17 10 0.110 0 2
28 52 0.158 0 1
137 5 0.420 0 1
79 100 0.256 0 2
53 15 0.209 0 1
35 40 0.216 0 2
31 22 0.151 0 1
200 30 1.227 0 1
23 40 0.093 0 2
12 100 0.056 0 2
18 5 0.088 0 1
31 5 0.110 0 1
137 100 0.825 0 1
69 10 0.300 0 1
75 52 0.228 0 2
53 100 0.196 0 1
11 40 0.034 0 1
195 22 1.083 0 1
333 15 1.037 0 2
339 15 1.130 0 1
33 100 0.117 0 2
28 10 0.110 0 1
21 22 0.136 0 1
339 40 1.006 0 2
54 15 0.212 0 2
27 40 0.105 0 1
167 100 0.977 0 1
57 100 0.171 0 1
12 100 0.076 0 1
19 15 0.080 0 1
13 10 0.076 0 2
16 70 0.061 0 2
162 40 1.087 0 1
44 15 0.168 0 2
50 15 0.180 0 2
88 5 0.289 0 2
64 5 0.303 0 1
15 5 0.051 0 1
279 100 0.979 0 1
148 70 0.967 0 1
38 15 0.152 0 1
11 10 0.037 0 1
68 52 0.252 0 1
45 100 0.143 0 2
35 15 0.103 0 1
10 5 0.059 0 2
19 10 0.091 0 1
58 30 0.296 0 2
37 52 0.109 0 1
56 10 0.194 0 2
150 22 0.794 0 2
18 40 0.071 0 2
12 10 0.074 0 1
59 100 0.328 0 2
114 100 0.479 0 2
94 30 0.480 0 1
15 15 0.049 0 2
37 15 0.177 0 2
35 70 0.207 0 2
17 100 0.063 0 1
15 40 0.044 0 2
168 52 0.649 0 1
23 15 0.091 0 2
112 30 0.473 0 2
28 70 0.103 0 2
237 15 1.339 0 1
40 100 0.153 0 2
317 5 1.183 0 2
71 22 0.236 0 1
226 22 0.693 0 2
14 52 0.090 0 1
121 70 0.389 0 1
95 70 0.543 0 2
21 70 0.136 0 2
238 52 1.308 0 2
15 70 0.098 0 2
199 5 1.144 0 2
15 100 0.046 0 1
13 10 0.053 0 1
239 40 0.724 0 2
31 40 0.095 0 1
19 70 0.101 0 1
13 5 0.046 0 1
22 52 0.131 0 1
11 100 0.053 0 2
151 15 0.629 0 1
11 10 0.038 0 1
30 70 0.154 0 2
310 22 1.856 0 1
76 10 0.484 0 1
34 10 0.200 0 2
46 40 0.150 0 2
16 10 0.050 0 2
38 15 0.162 0 2
83 5 0.361 0 1
16 40 0.057 0 2
78 15 0.402 0 1
254 5 1.608 0 1
30 70 0.098 0 2
23 15 0.126 0 2
10 100 0.065 0 1
239 5 1.067 0 2
19 52 0.058 0 1
19 10 0.094 0 2
278 40 0.837 0 1
186 5 0.542 0 2
13 30 0.074 0 2
70 40 0.324 0 2
90 15 0.391 0 1
279 100 1.508 0 2
71 10 0.225 0 2
15 22 0.090 0 1
258 52 0.996 0 1
15 22 0.083 0 1
46 15 0.154 0 2
24 10 0.095 0 2
22 100 0.129 0 1
17 22 0.055 0 2
94 10 0.398 0 1
142 5 0.703 0 1
140 22 0.737 0 1
78 100 0.348 0 1
114 70 0.640 0 1
100 100 0.538 0 2
18 52 0.056 0 1
175 40 0.931 0 1
36 10 0.110 0 2
19 15 0.060 0 1
15 40 0.062 0 1
15 10 0.074 0 2
12 100 0.060 0 2
72 10 0.226 0 2
48 70 0.167 0 2
78 10 0.282 0 1
60 100 0.216 0 1
111 70 0.352 0 1
66 10 0.222 0 2
26 70 0.138 0 2
21 22 0.071 0 1
326 52 1.331 0 1
11 40 0.046 0 1
22 100 0.115 0 1
45 52 0.256 0 2
49 10 0.263 0 2
14 70 0.043 0 2
10 100 0.033 0 1
292 22 1.973 0 2
32 15 0.108 0 2
85 40 0.341 0 2
104 52 0.498 0 1
31 52 0.150 0 1
31 10 0.114 0 2
148 100 0.530 0 1
194 10 0.946 0 2
12 52 0.063 0 1
18 40 0.091 0 2
19 10 0.058 0 1
137 10 0.753 0 1
39 70 0.119 0 2
33 100 0.105 0 1
59 22 0.306 0 1
14 70 0.058 0 1
34 30 0.139 0 1
50 15 0.230 0 2
79 30 0.407 0 1
199 100 1.137 0 2
27 10 0.094 0 2
123 5 0.672 0 2
258 10 1.127 0 1
14 40 0.049 0 2
153 100 0.624 0 2
17 15 0.053 0 1
140 70 0.490 0 2
70 10 0.374 0 1
42 52 0.263 0 1
57 22 0.297 0 1
32 15 0.110 0 2
148 52 0.534 0 1
326 10 1.680 0 2
148 30 0.567 0 1
219 52 0.782 0 2
12 100 0.075 0 2
244 22 0.942 0 2
21 100 0.088 0 2
109 22 0.493 0 2
54 40 0.160 0 1
227 30 1.141 0 2
107 52 0.588 0 2
27 30 0.117 0 1
166 70 0.624 0 2
70 30 0.222 0 2
62 5 0.246 0 2
22 22 0.074 0 2
56 52 0.295 0 2
27 70 0.081 0 2
111 70 0.394 0 2
169 10 0.894 0 1
52 40 0.349 0 1
11 100 0.055 0 2
229 40 0.698 0 2
49 30 0.145 0 1
131 40 0.642 0 2
332 70 1.775 0 2
312 100 1.677 0 1
199 40 1.131 0 1
24 40 0.105 0 2
338 52 1.090 0 2
138 5 0.754 0 1
258 15 1.234 0 1
14 40 0.066 0 1
148 70 0.804 0 1
60 22 0.181 0 2
299 5 1.769 0 2
44 22 0.143 0 2
155 10 0.478 0 1
72 40 0.223 0 2
70 40 0.258 0 2
118 100 0.702 0 2
98 40 0.374 0 2
19 30 0.117 0 1
186 30 1.224 0 1
37 40 0.113 0 2
15 5 0.077 0 2
20 40 0.092 0 2
92 10 0.561 0 1
21 100 0.074 0 2
133 70 0.869 0 1
54 22 0.269 0 2
76 10 0.272 0 1
53 22 0.158 0 2
78 22 0.237 0 2
212 5 1.184 0 2
125 40 0.450 0 2
14 70 0.047 0 2
51 15 0.158 0 2
27 10 0.173 0 2
338 100 2.099 0 1
17 52 0.103 0 1
193 22 0.670 0 1
72 52 0.369 0 1
125 10 0.378 0 2
66 30 0.245 0 1
38 30 0.160 0 1
19 15 0.064 0 2
75 100 0.287 0 1
196 10 0.899 0 2
78 15 0.294 0 1
157 70 0.813 0 1
166 5 0.559 0 1
30 10 0.178 0 1
53 15 0.157 0 1
64 22 0.234 0 2
15 52 0.049 0 1
77 22 0.503 0 2
85 40 0.259 0 2
68 15 0.276 0 2
60 30 0.302 0 1
12 15 0.049 0 1
79 40 0.356 0 2
173 100 0.856 0 1
10 22 0.031 0 1
52 30 0.297 0 2
55 30 0.258 0 2
182 70 0.548 0 2
101 30 0.407 0 2
95 70 0.314 0 1
39 10 0.147 0 2
14 100 0.059 0 1
58 52 0.302 0 2
38 22 0.193 0 1
64 15 0.223 0 2
85 30 0.279 0 1
173 10 0.534 0 1
31 5 0.124 0 1
33 100 0.108 0 2
243 22 0.779 0 2
17 40 0.094 0 1
197 70 0.904 0 1
38 22 0.128 0 1
68 70 0.439 0 1
220 70 1.033 0 2
10 10 0.038 0 2
29 40 0.185 0 2
11 100 0.061 0 2
75 70 0.373 0 2
20 15 0.071 0 2
38 70 0.162 0 2
83 22 0.269 0 1
123 70 0.486 0 1
24 5 0.161 0 2
11 10 0.038 0 2
47 100 0.292 0 1
17 10 0.078 0 1
72 22 0.419 0 2
41 15 0.218 0 2
125 52 0.523 0 2
12 52 0.039 0 1
35 30 0.119 0 1
38 10 0.154 0 2
49 30 0.182 0 2
40 52 0.152 0 1
64 70 0.221 0 2
22 22 0.083 0 1
68 5 0.309 0 2
11 15 0.038 0 1
283 40 1.538 0 2
22 10 0.087 0 1
142 100 0.602 0 1
118 70 0.581 0 2
197 22 0.621 0 2
41 15 0.205 0 1
68 22 0.297 0 1
25 100 0.148 0 1
38 100 0.247 0 2
292 30 1.127 0 2
207 52 0.920 0 1
74 70 0.278 0 1
20 40 0.097 0 2
252 70 0.913 0 2
148 70 0.865 0 1
10 22 0.042 0 1
16 30 0.071 0 1
119 30 0.569 0 2
12 10 0.038 0 2
65 10 0.430 0 2
148 22 0.594 0 1
18 22 0.087 0 2
33 52 0.163 0 2
78 52 0.271 0 1
44 10 0.178 0 2
13 100 0.038 0 1
28 100 0.123 0 1
183 40 0.989 0 2
154 30 0.467 0 2
33 10 0.148 0 1
201 40 0.824 0 1
16 70 0.053 0 1
221 22 1.256 0 2
118 5 0.364 0 2
17 22 0.051 0 1
50 5 0.237 0 2
34 10 0.113 0 1
113 40 0.388 0 1
37 15 0.145 0 2
36 40 0.147 0 2
143 15 0.447 0 1
10 100 0.046 0 1
197 52 0.599 0 1
15 10 0.046 0 2
44 100 0.158 0 2
12 100 0.041 0 2
66 5 0.199 0 2
53 52 0.208 0 2
76 22 0.224 0 2
47 5 0.211 0 2
44 10 0.246 0 1
99 10 0.365 0 1
14 30 0.080 0 1
151 52 0.526 0 1
176 40 0.642 0 2
71 52 0.243 0 2
97 52 0.300 0 2
34 10 0.175 0 2
28 52 0.181 0 1
32 30 0.174 0 2
43 30 0.200 0 1
13 40 0.073 0 1
43 15 0.206 0 2
17 10 0.054 0 1
93 10 0.388 0 1
10 52 0.046 0 1
14 100 0.055 0 1
15 15 0.048 0 2
82 100 0.314 0 1
77 10 0.322 0 1
21 40 0.124 0 1
28 22 0.103 0 1
19 40 0.057 0 2
17 40 0.079 0 2
160 70 0.952 0 1
90 100 0.327 0 1
173 100 0.911 0 2
23 70 0.155 0 2
31 10 0.155 0 1
137 52 0.525 0 1
142 10 0.570 0 1
166 15 1.031 0 2
12 100 0.037 0 2
57 10 0.234 0 1
17 40 0.050 0 1
120 70 0.545 0 2
17 10 0.092 0 1
214 10 1.321 0 1
38 52 0.178 0 1
66 100 0.258 0 1
163 15 0.676 0 2
53 30 0.189 0 1
18 52 0.081 0 2
151 100 0.812 0 1
15 40 0.050 0 1
31 40 0.098 0 2
11 52 0.038 0 2
125 5 0.442 0 2
12 52 0.036 0 2
74 30 0.243 0 1
24 70 0.124 0 1
13 15 0.077 0 2
253 52 0.977 0 2
26 10 0.087 0 1
34 10 0.147 0 1
120 5 0.690 0 1
19 5 0.095 0 2
149 10 0.503 0 2
11 10 0.036 0 1
77 100 0.306 0 1
16 30 0.066 0 1
34 5 0.149 0 2
132 70 0.868 0 2
49 100 0.146 0 1
25 22 0.148 0 2
53 22 0.235 0 2
24 100 0.075 0 1
280 30 0.976 0 1
181 5 0.644 0 2
57 100 0.245 0 1
15 5 0.056 0 1
15 5 0.056 0 1
232 15 1.406 0 1
73 5 0.217 0 2
59 100 0.192 0 2
17 15 0.057 0 2
15 70 0.045 0 1
68 100 0.233 0 2
184 15 0.570 0 1
12 52 0.072 0 2
36 70 0.201 0 2
170 30 0.776 0 1
17 5 0.071 0 1
13 15 0.055 0 2
21 70 0.062 0 2
104 100 0.591 0 1
79 5 0.485 0 1
181 100 0.794 1 0
78 5 0.366 1 0
79 70 0.449 1 0
20 15 0.077 1 2
12 22 0.055 1 0
62 22 0.183 1 0
101 30 0.643 1 2
114 15 0.430 1 0
47 30 0.172 1 0
19 70 0.088 1 2
67 52 0.228 1 0
18 70 0.113 1 2
144 100 0.689 1 0
36 40 0.138 1 2
251 5 0.996 1 2
185 70 0.617 1 2
31 52 0.173 1 2
45 100 0.146 1 0
53 30 0.165 1 0
169 5 0.643 1 0
90 5 0.503 1 2
47 30 0.299 1 0
20 15 0.067 1 0
50 100 0.279 1 0
235 70 1.257 1 0
31 15 0.157 1 2
174 52 0.659 1 0
172 100 0.593 1 2
18 70 0.059 1 0
21 5 0.073 1 0
32 40 0.155 1 0
65 40 0.207 1 2
38 70 0.173 1 0
19 30 0.085 1 0
163 10 0.668 1 2
47 22 0.283 1 0
183 22 1.116 1 0
189 40 0.685 1 2
28 5 0.151 1 0
26 15 0.082 1 2
19 52 0.061 1 0
29 100 0.130 1 2
60 15 0.275 1 0
15 15 0.051 1 2
26 70 0.142 1 0
305 30 1.943 1 0
112 15 0.337 1 2
17 10 0.072 1 0
23 15 0.096 1 0
186 52 0.705 1 0
29 40 0.112 1 2
10 40 0.034 1 0
25 40 0.074 1 2
90 70 0.455 1 2
23 100 0.071 1 0
23 10 0.090 1 0
178 15 1.011 1 0
21 22 0.097 1 2
81 70 0.342 1 0
70 30 0.424 1 0
328 5 1.155 1 0
29 10 0.093 1 0
31 5 0.158 1 0
75 70 0.234 1 0
298 100 1.483 1 0
15 40 0.079 1 2
89 100 0.372 1 0
15 70 0.085 1 2
78 100 0.332 1 0
31 40 0.102 1 0
11 10 0.066 1 2
88 70 0.340 1 0
113 40 0.471 1 0
56 40 0.218 1 2
43 70 0.279 1 2
245 10 0.809 1 0
32 22 0.136 1 0
161 100 0.931 1 2
10 100 0.037 1 0
143 5 0.822 1 0
176 22 0.804 1 0
119 5 0.561 1 0
126 100 0.378 1 2
53 70 0.338 1 0
72 40 0.269 1 2
42 30 0.160 1 2
19 30 0.086 1 0
328 10 1.127 1 0
180 5 0.874 1 0
10 70 0.034 1 0
44 10 0.242 1 2
106 52 0.573 1 2
34 52 0.117 1 0
69 10 0.348 1 0
220 22 0.928 1 0
181 10 0.733 1 0
34 15 0.105 1 0
39 40 0.166 1 0
171 40 0.695 1 2
13 22 0.040 1 0
90 5 0.292 1 0
26 5 0.091 1 0
152 30 0.494 1 2
11 5 0.038 1 0
19 22 0.059 1 0
70 100 0.317 1 0
26 10 0.169 1 2
12 30 0.037 1 0
178 52 0.718 1 2
35 40 0.172 1 0
50 100 0.273 1 2
94 15 0.321 1 0
230 22 1.264 1 2
54 5 0.201 1 0
36 30 0.109 1 0
112 10 0.396 1 0
31 5 0.200 1 0
18 22 0.070 1 0
186 52 0.544 1 2
14 52 0.047 1 2
21 30 0.100 1 0
78 22 0.311 1 2
61 100 0.215 1 2
15 22 0.060 1 0
40 5 0.130 1 0
56 5 0.191 1 2
11 100 0.042 1 0
31 30 0.186 1 0
298 22 0.890 1 2
28 10 0.088 1 0
165 100 1.038 1 2
22 22 0.133 1 0
16 5 0.092 1 0
145 40 0.455 1 0
45 40 0.180 1 0
10 70 0.041 1 2
16 100 0.063 1 0
15 5 0.052 1 2
192 40 0.893 1 0
27 52 0.111 1 0
151 10 0.729 1 0
16 40 0.089 1 0
55 5 0.231 1 2
203 15 0.829 1 0
35 5 0.115 1 0
308 22 1.149 1 0
12 40 0.041 1 0
153 10 0.654 1 0
30 15 0.126 1 0
280 5 0.848 1 2
289 15 1.214 1 0
90 70 0.413 1 2
11 15 0.034 1 0
157 100 0.665 1 2
184 15 0.611 1 0
38 40 0.186 1 2
27 15 0.114 1 0
15 10 0.060 1 0
17 15 0.056 1 0
11 15 0.055 1 0
23 22 0.109 1 0
24 30 0.089 1 0
116 70 0.399 1 2
55 5 0.160 1 0
71 52 0.458 1 0
305 22 2.020 1 2
11 5 0.065 1 0
19 22 0.069 1 2
14 15 0.044 1 0
28 10 0.176 1 2
30 70 0.117 1 0
31 100 0.112 1 0
178 40 1.085 1 0
12 22 0.036 1 2
15 30 0.093 1 2
62 40 0.270 1 0
34 15 0.119 1 0
33 100 0.149 1 0
35 100 0.141 1 0
36 30 0.135 1 0
147 52 0.967 1 0
135 100 0.894 1 2
21 70 0.078 1 0
82 100 0.263 1 2
48 30 0.274 1 0
127 40 0.819 1 2
110 15 0.378 1 0
68 10 0.407 1 0
59 70 0.330 1 0
68 100 0.298 1 2
10 30 0.059 1 0
67 70 0.257 1 0
21 10 0.062 1 2
14 10 0.080 1 0
183 52 0.720 1 0
70 10 0.294 1 0
111 100 0.689 1 0
34 5 0.101 1 0
11 40 0.034 1 0
31 10 0.157 1 2
48 100 0.159 1 2
19 52 0.096 1 0
13 22 0.049 1 0
128 30 0.627 1 2
19 100 0.125 1 0
13 22 0.051 1 0
59 22 0.286 1 0
10 52 0.058 1 2
10 15 0.050 1 0
11 70 0.071 1 0
34 15 0.173 1 0
21 15 0.104 1 2
19 100 0.058 1 2
94 40 0.588 1 0
16 40 0.086 1 2
46 52 0.140 1 2
85 100 0.445 1 0
13 15 0.067 1 2
46 10 0.293 1 2
146 30 0.461 1 2
308 70 1.257 1 0
104 52 0.588 1 0
70 40 0.210 1 0
33 5 0.152 1 2
100 52 0.459 1 0
73 15 0.399 1 0
114 52 0.507 1 2
15 30 0.060 1 0
149 10 0.446 1 0
21 52 0.080 1 0
15 70 0.052 1 0
59 52 0.319 1 0
15 22 0.051 1 0
73 100 0.445 1 0
11 15 0.042 1 0
11 100 0.063 1 2
14 70 0.046 1 0
78 52 0.513 1 0
37 5 0.190 1 0
173 22 0.641 1 2
162 5 0.701 1 2
40 10 0.260 1 0
189 40 0.576 1 0
67 52 0.199 1 0
66 10 0.195 1 2
15 10 0.082 1 2
20 30 0.114 1 2
65 22 0.240 1 2
21 10 0.098 1 0
134 40 0.469 1 0
109 5 0.537 1 0
35 15 0.124 1 2
41 5 0.250 1 0
265 22 1.082 1 0
157 52 0.538 1 2
57 10 0.216 1 2
15 15 0.062 1 0
62 5 0.315 1 0
95 15 0.594 1 0
184 40 1.203 1 2
38 5 0.204 1 2
14 30 0.046 1 2
58 15 0.319 1 0
90 5 0.369 1 2
288 10 1.309 1 0
256 100 1.045 1 0
42 22 0.141 1 2
308 15 1.791 1 2
14 30 0.077 1 2
32 22 0.145 1 2
166 30 0.589 1 2
106 10 0.558 1 2
186 22 0.596 1 0
117 30 0.422 1 0
22 30 0.107 1 0
38 5 0.138 1 2
11 5 0.042 1 0
89 40 0.266 1 0
12 40 0.042 1 2
17 22 0.061 1 0
117 22 0.342 1 2
16 22 0.084 1 0
14 15 0.071 1 0
28 10 0.090 1 2
27 15 0.116 1 0
27 22 0.080 1 2
111 100 0.487 1 2
72 52 0.314 1 0
172 100 0.726 1 0
28 5 0.160 1 2
127 10 0.376 1 2
26 5 0.079 1 0
12 30 0.061 1 2
15 100 0.066 1 0
12 100 0.075 1 2
170 30 0.895 1 0
27 40 0.148 1 2
138 15 0.730 1 0
200 30 0.922 1 0
36 5 0.226 1 0
281 70 0.852 1 0
45 70 0.238 1 0
13 22 0.065 1 0
63 15 0.248 1 0
132 15 0.444 1 0
207 10 0.645 1 0
28 70 0.137 1 0
164 10 0.638 1 0
18 40 0.085 1 0
22 5 0.096 1 0
32 5 0.196 1 0
43 10 0.203 1 0
13 100 0.062 1 2
11 15 0.051 1 0
38 52 0.151 1 0
63 22 0.394 1 0
28 10 0.158 1 0
10 40 0.067 1 0
91 100 0.583 1 0
101 52 0.417 1 2
13 52 0.047 1 0
10 40 0.038 1 0
47 10 0.211 1 0
19 5 0.077 1 0
10 100 0.043 1 0
289 5 1.199 1 2
22 5 0.109 1 0
18 30 0.054 1 0
134 52 0.694 1 0
28 70 0.151 1 0
10 5 0.044 1 0
38 10 0.112 1 0
50 52 0.292 1 0
67 5 0.364 1 0
145 30 0.569 1 0
77 22 0.285 1 0
222 100 0.766 1 0
35 22 0.112 1 0
23 15 0.067 1 0
25 40 0.109 1 0
133 10 0.550 1 2
26 70 0.176 1 0
34 22 0.147 1 0
32 100 0.098 1 2
14 52 0.087 1 2
28 30 0.114 1 0
135 40 0.487 1 2
79 30 0.373 1 0
55 22 0.312 1 0
98 100 0.293 1 2
12 100 0.081 1 2
71 70 0.280 1 0
179 52 0.768 1 2
21 15 0.071 1 2
43 10 0.215 1 0
87 52 0.283 1 0
34 100 0.215 1 0
33 10 0.104 1 0
71 70 0.280 1 0
36 15 0.132 1 0
16 52 0.048 1 0
59 100 0.176 1 0
38 15 0.148 1 0
167 30 0.601 1 0
248 10 1.107 1 2
134 30 0.580 1 0
59 10 0.316 1 2
127 52 0.494 1 2
164 5 0.804 1 0
303 5 1.894 1 2
54 22 0.203 1 0
78 52 0.491 1 0
61 22 0.262 1 2
330 15 1.774 1 2
13 30 0.051 1 0
161 30 0.942 1 2
176 10 0.615 1 0
31 10 0.133 1 0
32 15 0.129 1 0
11 10 0.040 1 2
156 15 0.780 1 0
162 22 0.750 1 0
20 22 0.080 1 0
54 10 0.199 1 0
39 70 0.143 1 2
42 15 0.227 1 0
57 30 0.201 1 0
305 30 1.350 1 0
20 10 0.074 1 2
52 52 0.252 1 0
11 15 0.060 1 0
11 100 0.038 1 2
27 10 0.085 1 0
18 15 0.054 1 2
136 10 0.535 1 2
29 10 0.104 1 0
50 22 0.186 1 0
31 100 0.130 1 2
50 22 0.152 1 0
29 100 0.176 1 0
67 100 0.353 1 0
10 40 0.046 1 0
48 100 0.154 1 0
13 70 0.082 1 0
255 5 1.308 1 0
56 52 0.357 1 0
122 5 0.363 1 0
74 5 0.224 1 0
74 70 0.233 1 0
72 100 0.338 1 0
27 70 0.117 1 0
48 30 0.253 1 0
45 30 0.158 1 0
19 5 0.094 1 0
55 22 0.221 1 2
47 5 0.173 1 2
60 70 0.306 1 2
27 5 0.100 1 2
30 30 0.109 1 2
13 70 0.086 1 0
21 30 0.130 1 0
182 5 0.611 1 0
37 5 0.118 1 2
278 70 0.877 1 2
18 40 0.072 1 0
33 70 0.106 1 0
49 40 0.156 1 0
120 52 0.448 1 0
105 100 0.686 1 2
13 10 0.063 1 0
12 70 0.060 1 0
23 70 0.092 1 0
192 15 0.736 1 0
18 10 0.069 1 2
10 70 0.047 1 0
138 70 0.427 1 2
218 40 0.649 1 2
13 30 0.041 1 0
13 15 0.045 1 2
12 5 0.040 1 0
21 52 0.062 1 2
48 52 0.209 1 0
168 10 0.618 1 0
188 22 0.671 1 0
34 10 0.106 1 2
21 40 0.077 1 0
44 22 0.159 1 0
34 100 0.142 1 2
11 5 0.065 1 0
285 100 0.836 1 2
36 70 0.181 1 0
310 22 1.188 1 0
30 30 0.145 1 2
39 15 0.139 1 2
21 52 0.065 1 0
235 100 1.224 1 0
12 10 0.051 1 2
69 70 0.312 1 0
58 10 0.290 1 0
41 15 0.179 1 0
190 30 0.572 1 0
22 70 0.100 1 0
198 70 1.145 1 2
69 100 0.292 1 0
57 15 0.198 1 0
28 70 0.086 1 0
14 5 0.066 1 0
41 5 0.179 1 0
30 15 0.093 1 0
27 52 0.118 1 0
51 22 0.264 1 2
190 15 0.900 1 0
13 70 0.043 1 2
71 40 0.447 1 0
34 70 0.116 1 0
189 70 0.959 1 0
26 52 0.095 1 0
130 10 0.560 1 0
283 10 0.855 1 2
185 100 0.552 1 0
143 22 0.668 1 0
28 5 0.151 1 0
58 30 0.269 1 0
300 52 1.327 1 0
141 52 0.566 1 0
78 15 0.239 1 0
230 70 0.693 1 2
129 15 0.782 1 2
296 30 1.039 1 0
183 10 0.738 1 2
13 10 0.075 1 2
53 70 0.260 1 0
13 22 0.046 1 2
53 10 0.346 1 0
56 10 0.204 1 0
58 5 0.259 1 0
92 40 0.432 1 0
73 40 0.445 1 0
30 30 0.111 1 2
18 5 0.063 1 2
25 10 0.102 1 0
16 70 0.056 1 0
29 40 0.151 1 0
10 22 0.049 1 0
11 100 0.048 1 2
16 15 0.051 1 0
24 52 0.070 1 0
12 100 0.040 1 2
55 10 0.229 1 2
26 52 0.077 1 0
55 52 0.355 1 0
276 70 0.826 1 0
78 5 0.332 1 0
24 22 0.082 1 2
35 5 0.114 1 0
22 40 0.092 1 2
18 10 0.075 1 2
194 40 0.703 1 0
18 5 0.101 1 2
11 52 0.048 1 2
68 70 0.291 1 0
12 70 0.040 1 0
10 5 0.030 1 0
69 70 0.361 1 0
12 22 0.059 1 2
11 22 0.045 1 0
22 5 0.092 1 0
61 22 0.341 1 0
219 15 0.689 1 0
10 10 0.044 1 2
149 70 0.552 1 0
199 52 0.582 1 0
18 40 0.077 1 0
19 10 0.081 1 0
75 22 0.335 1 0
298 30 1.151 1 2
133 10 0.422 1 0
193 100 0.699 1 2
29 52 0.152 1 2
66 15 0.278 1 0
12 15 0.048 1 0
46 10 0.224 1 0
276 70 1.445 1 0
13 52 0.066 1 0
282 100 0.879 1 0
12 30 0.063 1 0
125 22 0.536 1 0
25 100 0.078 1 0
197 40 0.732 1 0
67 52 0.278 1 2
38 15 0.143 1 2
39 100 0.238 1 0
39 70 0.133 1 0
19 10 0.101 1 2
206 52 0.792 1 2
100 30 0.676 1 0
87 22 0.277 1 2
10 70 0.055 1 0
59 70 0.236 1 0
15 22 0.047 1 2
111 52 0.358 1 0
137 10 0.533 1 0
232 40 0.771 1 0
114 52 0.452 1 0
18 52 0.089 1 2
77 70 0.314 1 0
47 52 0.148 1 0
105 10 0.355 1 2
29 5 0.095 1 0
207 22 0.828 1 0
126 30 0.624 2 0
18 30 0.093 2 0
10 10 0.061 2 0
168 5 0.840 2 0
18 40 0.119 2 0
67 52 0.300 2 0
40 30 0.145 2 0
35 100 0.106 2 0
19 10 0.083 2 0
58 10 0.309 2 1
23 15 0.088 2 1
177 70 0.937 2 0
73 10 0.378 2 0
40 10 0.132 2 1
33 100 0.102 2 1
29 40 0.124 2 1
21 40 0.064 2 0
332 52 2.088 2 1
198 30 1.059 2 1
20 5 0.084 2 0
46 30 0.197 2 0
14 70 0.086 2 1
156 15 0.484 2 0
178 100 0.553 2 0
19 10 0.075 2 0
12 5 0.050 2 0
11 40 0.036 2 0
13 5 0.045 2 0
160 22 0.870 2 0
53 10 0.167 2 0
24 52 0.114 2 1
72 40 0.459 2 0
15 15 0.051 2 0
158 52 0.653 2 1
54 15 0.278 2 0
209 30 0.959 2 1
31 10 0.150 2 0
13 40 0.070 2 1
54 5 0.173 2 0
46 22 0.287 2 0
13 52 0.076 2 0
111 30 0.561 2 0
67 5 0.211 2 0
42 30 0.137 2 0
34 52 0.181 2 0
103 10 0.518 2 0
13 100 0.056 2 0
18 52 0.053 2 0
23 5 0.128 2 1
80 100 0.476 2 0
65 52 0.243 2 0
33 5 0.176 2 0
52 100 0.195 2 1
35 40 0.194 2 0
14 10 0.051 2 1
126 40 0.426 2 0
62 15 0.183 2 1
32 100 0.196 2 0
169 100 0.707 2 0
15 70 0.045 2 0
154 70 0.537 2 0
57 100 0.233 2 0
46 5 0.185 2 0
60 100 0.199 2 0
34 22 0.148 2 0
27 5 0.113 2 1
17 100 0.067 2 1
210 100 0.656 2 0
20 5 0.092 2 0
54 22 0.351 2 1
175 30 0.574 2 0
53 22 0.301 2 0
55 22 0.166 2 0
94 70 0.281 2 0
59 30 0.337 2 1
18 30 0.110 2 0
21 22 0.099 2 0
296 22 1.084 2 0
69 52 0.252 2 0
193 100 1.097 2 0
77 100 0.241 2 0
27 40 0.129 2 1
55 5 0.174 2 0
72 40 0.269 2 0
300 10 0.915 2 1
171 22 0.499 2 0
112 100 0.533 2 1
18 100 0.101 2 0
74 70 0.264 2 1
16 15 0.059 2 0
124 22 0.729 2 0
13 22 0.064 2 1
45 52 0.294 2 0
14 15 0.050 2 0
50 70 0.177 2 0
109 22 0.341 2 0
37 70 0.116 2 0
19 52 0.061 2 0
93 70 0.557 2 0
44 70 0.214 2 0
237 100 1.331 2 1
68 40 0.358 2 1
55 70 0.186 2 0
333 5 2.006 2 0
196 70 0.592 2 0
215 70 0.846 2 1
338 10 1.502 2 0
188 15 0.627 2 0
156 52 0.622 2 0
12 22 0.037 2 1
45 15 0.155 2 0
59 100 0.182 2 0
156 22 0.951 2 0
45 70 0.200 2 1
39 40 0.115 2 1
15 5 0.064 2 0
11 30 0.036 2 0
15 5 0.087 2 1
302 5 1.135 2 0
35 22 0.181 2 1
163 30 0.721 2 0
60 100 0.343 2 0
12 10 0.053 2 0
18 30 0.053 2 0
314 5 1.805 2 1
31 10 0.108 2 1
33 10 0.144 2 0
13 40 0.059 2 0
64 15 0.202 2 1
69 15 0.463 2 0
12 100 0.043 2 0
66 5 0.398 2 1
182 52 0.619 2 1
23 5 0.129 2 0
85 10 0.436 2 0
190 30 0.779 2 0
45 5 0.160 2 1
34 70 0.143 2 1
12 10 0.053 2 0
38 22 0.118 2 1
15 22 0.093 2 0
264 10 1.368 2 0
75 52 0.434 2 0
49 5 0.214 2 1
307 22 1.070 2 0
69 22 0.239 2 0
16 10 0.048 2 1
196 10 1.089 2 1
75 30 0.227 2 0
46 70 0.155 2 1
23 100 0.103 2 0
77 30 0.255 2 0
130 5 0.788 2 0
139 15 0.921 2 1
14 5 0.086 2 0
18 10 0.087 2 1
19 70 0.055 2 0
97 100 0.304 2 0
149 22 0.810 2 1
33 22 0.137 2 1
50 22 0.199 2 0
50 15 0.286 2 1
138 70 0.570 2 0
74 5 0.259 2 0
20 10 0.118 2 0
36 52 0.122 2 0
11 40 0.045 2 1
23 52 0.076 2 0
61 5 0.185 2 0
15 15 0.045 2 0
118 100 0.388 2 1
314 100 1.570 2 0
73 52 0.225 2 0
12 10 0.049 2 0
15 40 0.059 2 1
73 10 0.356 2 0
13 5 0.058 2 0
186 30 0.565 2 1
181 70 0.545 2 1
72 70 0.393 2 0
134 22 0.779 2 0
18 10 0.094 2 1
27 22 0.163 2 1
63 5 0.211 2 0
20 52 0.085 2 0
57 30 0.184 2 1
16 70 0.057 2 0
117 15 0.377 2 1
324 10 2.000 2 0
11 15 0.058 2 0
51 10 0.176 2 1
18 5 0.056 2 1
40 100 0.198 2 1
17 52 0.065 2 0
31 22 0.163 2 1
198 100 0.653 2 0
20 52 0.127 2 0
24 100 0.074 2 0
159 70 0.815 2 0
53 30 0.252 2 0
197 5 0.627 2 0
26 100 0.135 2 1
314 70 1.276 2 0
19 5 0.123 2 0
20 15 0.074 2 0
160 5 1.060 2 0
10 30 0.061 2 0
18 40 0.086 2 0
19 5 0.068 2 0
58 40 0.172 2 0
29 10 0.109 2 0
10 52 0.065 2 0
139 15 0.720 2 0
189 40 0.781 2 0
142 22 0.566 2 0
39 40 0.197 2 1
23 22 0.087 2 0
56 70 0.320 2 1
24 22 0.127 2 0
15 5 0.068 2 0
19 52 0.098 2 0
81 40 0.468 2 1
79 70 0.335 2 0
19 30 0.060 2 1
11 52 0.059 2 0
26 70 0.114 2 0
105 100 0.385 2 1
16 15 0.067 2 0
73 70 0.322 2 1
36 10 0.132 2 1
13 22 0.039 2 0
13 15 0.050 2 0
184 52 0.920 2 0
168 10 0.579 2 1
127 10 0.756 2 1
13 30 0.084 2 0
52 10 0.164 2 1
12 30 0.056 2 1
184 70 0.573 2 0
127 15 0.747 2 1
171 70 0.520 2 0
34 10 0.148 2 0
19 52 0.104 2 1
49 15 0.210 2 0
177 10 1.120 2 0
15 70 0.049 2 0
77 15 0.383 2 1
15 15 0.051 2 1
45 5 0.281 2 1
12 100 0.043 2 0
22 30 0.094 2 0
35 22 0.163 2 1
193 52 0.873 2 0
22 22 0.120 2 1
102 40 0.370 2 0
18 70 0.073 2 1
32 70 0.127 2 0
309 15 1.055 2 1
25 5 0.088 2 0
167 10 0.684 2 0
191 30 1.005 2 0
15 22 0.071 2 1
79 100 0.302 2 1
45 70 0.239 2 1
45 22 0.169 2 0
182 52 0.743 2 0
10 22 0.033 2 0
48 5 0.175 2 1
39 30 0.218 2 1
60 15 0.195 2 1
73 40 0.358 2 0
68 15 0.218 2 1
178 5 0.932 2 0
13 10 0.061 2 0
135 22 0.523 2 0
16 52 0.073 2 0
10 52 0.058 2 0
36 52 0.136 2 0
14 52 0.060 2 0
11 40 0.060 2 1
18 40 0.059 2 0
43 5 0.253 2 1
23 100 0.118 2 1
20 52 0.072 2 0
40 10 0.120 2 1
19 30 0.119 2 0
19 70 0.056 2 0
104 40 0.464 2 1
33 40 0.140 2 0
68 22 0.327 2 0
12 100 0.058 2 0
129 100 0.713 2 1
205 5 0.817 2 0
13 30 0.073 2 0
36 10 0.177 2 1
15 5 0.074 2 0
23 10 0.142 2 0
10 30 0.031 2 1
251 15 0.940 2 0
127 30 0.538 2 1
46 30 0.163 2 0
198 22 0.669 2 1
17 100 0.059 2 0
72 30 0.411 2 0
13 15 0.067 2 0
33 10 0.101 2 1
77 15 0.266 2 0
147 100 0.626 2 0
44 52 0.286 2 0
18 5 0.094 2 0
76 40 0.261 2 0
32 100 0.211 2 0
36 100 0.188 2 0
36 30 0.190 2 0
78 100 0.229 2 1
118 70 0.496 2 0
19 22 0.069 2 0
107 22 0.457 2 1
29 15 0.102 2 0
10 10 0.037 2 0
55 10 0.340 2 1
27 70 0.158 2 0
13 5 0.041 2 0
16 30 0.058 2 1
13 22 0.043 2 0
195 10 0.844 2 0
125 10 0.425 2 1
32 30 0.143 2 0
18 30 0.086 2 1
53 40 0.214 2 0
73 40 0.298 2 0
22 5 0.133 2 0
178 70 0.541 2 0
11 15 0.050 2 0
95 22 0.396 2 0
14 15 0.081 2 0
29 52 0.094 2 0
305 10 0.962 2 0
164 15 0.812 2 1
16 22 0.103 2 0
13 5 0.045 2 0
157 100 0.887 2 0
109 15 0.366 2 0
77 30 0.339 2 0
20 40 0.066 2 0
106 22 0.679 2 0
121 15 0.455 2 0
37 30 0.116 2 1
189 15 0.632 2 0
130 70 0.539 2 0
73 5 0.332 2 1
62 100 0.321 2 0
66 30 0.367 2 0
20 22 0.060 2 0
79 15 0.277 2 1
19 70 0.066 2 1
53 40 0.353 2 1
140 22 0.567 2 0
16 30 0.049 2 0
78 10 0.320 2 0
27 70 0.105 2 1
57 40 0.179 2 0
112 70 0.359 2 0
70 40 0.432 2 1
130 100 0.677 2 0
34 52 0.118 2 1
152 52 1.020 2 1
145 30 0.522 2 1
106 5 0.412 2 1
173 15 0.531 2 0
136 5 0.615 2 0
152 30 0.486 2 1
64 22 0.400 2 1
11 15 0.065 2 1
132 5 0.595 2 1
129 15 0.384 2 0
101 70 0.328 2 0
32 22 0.120 2 0
72 52 0.462 2 0
15 40 0.075 2 0
186 22 0.984 2 0
13 15 0.047 2 1
67 100 0.209 2 0
304 40 1.575 2 1
16 22 0.072 2 0
327 5 1.035 2 0
36 40 0.235 2 1
73 40 0.265 2 0
187 30 1.005 2 0
65 5 0.235 2 0
34 70 0.102 2 1
202 15 0.874 2 1
28 70 0.142 2 1
11 10 0.035 2 1
284 100 0.887 2 1
34 22 0.106 2 0
68 22 0.459 2 0
17 5 0.062 2 0
29 100 0.144 2 1
35 40 0.236 2 0
48 5 0.281 2 1
32 30 0.148 2 1
217 40 1.048 2 0
16 30 0.056 2 0
42 40 0.194 2 0
46 30 0.148 2 0
68 100 0.340 2 1
46 10 0.183 2 0
147 22 0.429 2 0
172 52 0.612 2 1
44 100 0.189 2 0
68 22 0.231 2 1
64 40 0.327 2 1
59 52 0.251 2 0
46 5 0.289 2 1
34 22 0.182 2 0
186 22 0.592 2 0
304 22 1.310 2 0
50 40 0.146 2 0
35 100 0.144 2 0
107 70 0.360 2 0
16 15 0.055 2 0
175 5 0.921 2 0
265 40 0.875 2 0
16 52 0.048 2 1
215 70 0.731 2 0
47 15 0.242 2 0
89 70 0.382 2 1
87 5 0.321 2 1
34 70 0.158 2 0
94 15 0.450 2 0
34 100 0.171 2 1
43 100 0.250 2 0
195 15 0.627 2 0
24 52 0.102 2 0
15 52 0.061 2 0
101 40 0.449 2 0
284 10 1.297 2 0
24 22 0.111 2 0
58 30 0.341 2 0
48 30 0.158 2 0
58 52 0.202 2 1
100 70 0.324 2 0
108 52 0.671 2 0
170 30 0.548 2 0
277 52 1.639 2 0
74 52 0.274 2 0
36 100 0.176 2 0
38 100 0.112 2 0
26 30 0.138 2 0
47 52 0.144 2 0
189 100 1.011 2 0
153 52 0.466 2 0
13 15 0.084 2 1
285 22 1.223 2 1
114 5 0.740 2 0
14 52 0.065 2 0
129 40 0.754 2 0
75 40 0.237 2 0
44 5 0.295 2 0
39 70 0.161 2 1
164 52 0.906 2 1
10 100 0.032 2 0
10 10 0.059 2 0
52 30 0.267 2 1
27 30 0.118 2 0
20 22 0.094 2 0
17 100 0.108 2 0
179 15 0.546 2 1
336 10 2.074 2 0
10 15 0.033 2 0
35 30 0.123 2 1
29 40 0.126 2 0
49 30 0.238 2 0
14 5 0.044 2 1
60 100 0.377 2 0
43 15 0.135 2 1
18 30 0.103 2 0
39 100 0.146 2 0
58 40 0.192 2 0
18 22 0.087 2 0
105 15 0.389 2 1
15 100 0.066 2 1
23 70 0.136 2 1
18 10 0.055 2 0
270 52 1.011 2 0
63 70 0.426 2 0
94 5 0.316 2 0
63 10 0.280 2 1
246 52 1.491 2 1
39 10 0.138 2 0
70 5 0.330 2 1
17 10 0.090 2 0
55 30 0.164 2 0
134 10 0.609 2 1
54 40 0.181 2 1
200 15 0.699 2 0
77 22 0.345 2 1
159 10 0.754 2 0
10 70 0.034 2 1
14 52 0.048 2 0
288 40 1.485 2 0
317 15 0.924 2 1
23 22 0.148 2 0
178 10 0.967 2 0
58 100 0.258 2 0
53 5 0.216 2 0
220 52 0.733 2 1
24 100 0.074 2 1
276 15 0.809 2 1
27 10 0.117 2 1
69 100 0.431 2 0
232 22 1.349 2 1
120 52 0.645 2 0
17 30 0.056 2 0
33 70 0.217 2 1
13 10 0.042 2 1
36 10 0.108 2 0
187 15 0.568 2 0
41 30 0.150 2 0
87 40 0.274 2 1
60 100 0.212 2 0
18 10 0.069 2 1
51 70 0.192 2 0
310 15 0.978 2 0
185 30 1.121 2 0
77 100 0.231 2 0
62 100 0.231 2 0
63 15 0.199 2 0
134 10 0.536 2 0
49 52 0.209 2 0
269 22 1.093 2 1
158 100 0.485 2 1
39 22 0.205 2 0
233 70 0.759 2 0
14 52 0.055 2 0
282 30 1.312 2 0
