36 100 0.178 0 1
130 40 0.560 0 2
33 22 0.151 0 1
193 30 0.739 0 2
71 22 0.470 0 2
41 52 0.229 0 4
118 22 0.428 0 1
38 15 0.123 0 2
15 22 0.053 0 2
254 52 1.165 0 3
134 40 0.766 0 3
182 40 1.137 0 3
181 52 1.011 0 4
14 30 0.049 0 2
58 52 0.231 0 4
15 70 0.097 0 2
89 70 0.352 0 2
109 10 0.352 0 4
39 5 0.200 0 3
33 10 0.126 0 1
15 5 0.057 0 3
14 15 0.053 0 4
28 5 0.127 0 3
20 15 0.101 0 3
37 100 0.226 0 4
16 40 0.049 0 3
27 22 0.133 0 2
32 100 0.123 0 3
59 70 0.291 0 1
152 22 0.921 0 3
39 40 0.173 0 2
278 15 1.878 0 1
13 30 0.050 0 4
43 40 0.151 0 1
11 30 0.070 0 1
30 30 0.144 0 3
185 5 0.849 0 4
146 5 0.537 0 3
13 5 0.054 0 3
37 15 0.207 0 4
63 15 0.384 0 2
22 10 0.095 0 1
14 10 0.092 0 2
42 100 0.164 0 4
127 70 0.472 0 3
56 40 0.268 0 2
10 40 0.034 0 4
199 22 0.589 0 4
75 5 0.319 0 2
177 52 0.621 0 3
11 40 0.054 0 1
314 70 0.935 0 3
23 22 0.080 0 4
163 30 0.522 0 4
196 22 0.797 0 1
320 100 1.385 0 4
104 22 0.528 0 2
42 15 0.130 0 1
12 40 0.040 0 3
22 70 0.081 0 3
328 10 1.271 0 1
45 10 0.197 0 1
106 10 0.477 0 3
225 22 0.926 0 3
65 70 0.291 0 2
150 5 0.843 0 4
69 5 0.454 0 4
54 15 0.307 0 4
41 100 0.156 0 3
178 22 1.072 0 2
17 100 0.074 0 4
18 70 0.061 0 1
13 52 0.046 0 4
10 30 0.032 0 2
19 30 0.088 0 3
211 30 0.818 0 2
12 5 0.036 0 2
24 30 0.078 0 2
65 5 0.251 0 4
35 5 0.126 0 1
170 30 0.756 0 1
143 22 0.929 0 1
17 5 0.074 0 1
157 10 0.586 0 3
150 100 0.968 0 2
22 52 0.084 0 4
61 5 0.333 0 4
41 70 0.128 0 3
54 52 0.167 0 1
135 70 0.813 0 2
54 52 0.159 0 1
30 22 0.109 0 2
18 5 0.054 0 4
263 70 1.529 0 3
108 22 0.730 0 2
41 10 0.265 0 4
13 30 0.054 0 3
14 52 0.090 0 4
112 52 0.333 0 1
339 70 1.401 0 1
18 40 0.085 0 3
84 70 0.418 0 4
252 70 0.739 0 2
36 30 0.170 0 4
131 5 0.736 0 3
83 10 0.271 0 3
299 100 1.503 0 2
20 100 0.087 0 2
104 70 0.326 0 4
337 52 1.073 0 4
78 52 0.266 0 2
135 10 0.407 0 4
25 100 0.097 0 1
32 30 0.133 0 2
105 30 0.533 0 4
15 52 0.048 0 4
41 22 0.129 0 2
13 70 0.042 0 3
28 15 0.101 0 3
18 15 0.091 0 1
50 52 0.244 0 3
54 40 0.278 0 3
54 15 0.245 0 4
41 15 0.252 0 1
26 15 0.107 0 1
40 52 0.124 0 1
76 5 0.400 0 1
39 22 0.171 0 2
30 30 0.155 0 3
70 70 0.385 0 3
10 100 0.036 0 2
64 22 0.294 0 3
17 40 0.051 0 1
24 22 0.087 0 1
18 40 0.061 0 3
250 5 0.919 0 3
49 5 0.174 0 4
39 100 0.238 0 2
17 40 0.110 0 3
45 30 0.136 0 4
16 100 0.054 0 4
45 40 0.179 0 1
194 30 0.634 0 2
139 30 0.589 0 3
52 5 0.325 0 2
59 15 0.261 0 3
165 30 0.873 0 3
56 22 0.207 0 4
43 100 0.244 0 4
60 52 0.263 0 1
76 52 0.341 0 1
334 15 2.049 0 4
10 100 0.053 0 2
226 30 1.023 0 2
22 100 0.088 0 2
18 52 0.083 0 1
135 30 0.458 0 2
230 30 0.757 0 3
149 5 0.458 0 1
63 10 0.231 0 1
50 15 0.233 0 2
13 40 0.070 0 3
137 22 0.529 0 4
17 70 0.056 0 2
45 22 0.292 0 4
20 30 0.082 0 4
131 15 0.672 0 1
38 52 0.143 0 2
21 70 0.066 0 2
29 70 0.097 0 2
36 40 0.191 0 2
153 70 0.624 0 4
47 70 0.224 0 2
332 30 0.982 0 4
12 52 0.046 0 1
132 30 0.663 0 3
32 100 0.114 0 4
19 5 0.111 0 1
146 70 0.737 0 3
23 100 0.082 0 1
182 52 0.888 0 3
283 30 1.252 0 3
171 10 0.900 0 4
107 22 0.578 0 2
67 52 0.198 0 4
14 100 0.063 0 4
39 15 0.136 0 2
290 5 1.629 0 3
57 10 0.331 0 2
59 40 0.174 0 2
189 52 0.571 0 4
27 5 0.100 0 2
22 30 0.137 0 2
34 30 0.204 0 4
57 52 0.363 0 1
141 15 0.417 0 1
151 70 0.766 0 1
199 30 0.768 0 3
22 15 0.098 0 3
176 70 0.519 0 1
22 100 0.094 0 2
25 22 0.097 0 4
146 100 0.452 0 3
11 70 0.041 0 3
275 5 0.859 0 1
322 40 1.197 0 4
129 22 0.398 0 3
119 5 0.543 0 4
115 15 0.587 0 2
60 100 0.197 0 3
16 52 0.047 0 4
29 40 0.116 0 3
153 40 0.773 0 3
63 100 0.399 0 2
190 100 0.984 0 2
36 10 0.224 0 2
192 5 0.676 0 2
20 40 0.100 0 2
63 30 0.296 0 3
57 10 0.373 0 1
57 5 0.377 0 2
54 5 0.168 0 2
291 5 0.887 0 3
70 22 0.449 0 4
294 10 1.690 0 3
13 22 0.067 0 1
39 5 0.115 0 3
21 10 0.077 0 1
31 5 0.135 0 3
136 10 0.495 0 4
14 40 0.058 0 1
141 70 0.551 0 1
29 5 0.128 0 4
18 70 0.108 0 1
75 30 0.282 0 3
41 15 0.149 0 4
33 30 0.205 0 3
46 70 0.143 0 4
34 22 0.106 0 2
171 5 0.564 0 4
16 52 0.047 0 3
232 10 1.536 0 2
135 30 0.785 0 2
32 52 0.166 0 1
89 52 0.297 0 2
42 30 0.192 0 2
151 70 0.588 0 2
18 52 0.060 0 2
64 22 0.386 0 3
11 22 0.050 0 4
30 70 0.158 0 4
303 70 1.772 0 1
11 70 0.061 0 4
174 15 0.798 0 2
27 22 0.125 0 3
39 30 0.190 0 3
26 40 0.090 0 3
16 10 0.052 0 3
39 10 0.115 0 4
92 40 0.305 0 1
71 22 0.272 0 4
16 15 0.062 0 2
220 70 0.667 0 4
108 40 0.321 0 4
23 100 0.093 0 1
36 5 0.120 0 3
273 5 0.935 0 2
19 40 0.117 0 2
185 5 0.856 0 3
52 40 0.182 0 3
337 70 1.982 0 3
41 70 0.138 0 2
56 22 0.179 0 3
37 40 0.140 0 4
10 22 0.042 0 1
36 22 0.231 0 1
16 10 0.082 0 3
142 10 0.513 0 4
68 10 0.324 0 3
275 52 1.228 0 4
97 70 0.326 0 1
12 5 0.043 0 2
99 100 0.450 0 4
27 70 0.085 0 4
102 100 0.486 0 2
17 100 0.081 0 4
14 22 0.046 0 3
16 100 0.071 0 3
138 100 0.767 0 2
14 100 0.062 0 3
11 52 0.060 0 2
14 22 0.084 0 4
249 15 0.980 0 3
29 30 0.087 0 2
42 22 0.142 0 4
14 52 0.057 0 4
16 30 0.056 0 2
47 52 0.139 0 2
52 70 0.245 0 2
13 30 0.080 0 1
262 40 0.967 0 2
125 52 0.668 0 2
40 30 0.147 0 4
47 10 0.257 0 1
68 100 0.316 0 2
22 52 0.104 0 1
10 15 0.037 0 1
170 5 0.642 0 1
119 40 0.536 0 2
329 100 1.838 0 4
49 22 0.277 0 3
298 15 1.187 0 4
16 22 0.103 0 1
267 30 1.151 0 2
16 22 0.061 0 4
198 22 0.712 0 4
73 70 0.410 0 2
27 22 0.152 0 3
270 10 1.343 0 3
244 15 0.753 0 3
71 22 0.441 0 3
36 70 0.186 0 4
11 52 0.038 0 4
186 52 1.045 0 1
44 5 0.180 0 2
21 100 0.065 0 3
10 22 0.030 0 2
10 70 0.035 0 3
25 100 0.137 0 4
20 100 0.069 0 2
135 100 0.509 0 1
23 52 0.148 0 2
64 100 0.190 0 4
14 10 0.045 0 1
107 22 0.446 0 1
15 30 0.080 0 4
54 10 0.240 0 4
284 5 1.642 0 4
18 30 0.058 0 4
159 5 0.795 0 1
24 30 0.086 0 1
44 10 0.191 0 4
15 10 0.085 0 1
17 5 0.109 0 4
42 22 0.125 0 2
18 10 0.091 0 3
79 10 0.520 0 4
27 5 0.156 0 4
118 52 0.418 0 4
10 70 0.032 0 4
13 22 0.061 0 1
15 70 0.046 0 4
11 30 0.052 0 3
10 22 0.034 0 3
19 10 0.094 0 4
27 100 0.087 0 3
85 5 0.491 0 3
115 100 0.762 0 4
20 22 0.098 0 2
320 5 1.164 0 2
257 30 1.158 0 4
14 22 0.054 0 2
171 5 0.803 0 1
20 52 0.063 0 4
279 70 1.492 0 4
35 10 0.182 0 2
13 52 0.082 0 4
17 52 0.085 0 1
16 15 0.101 0 1
63 22 0.215 0 3
311 15 1.307 0 4
272 70 0.904 0 4
20 40 0.075 0 3
22 30 0.148 0 4
59 70 0.177 0 1
10 30 0.030 0 3
76 40 0.458 0 1
18 5 0.073 0 1
67 70 0.252 0 2
73 22 0.311 0 4
91 10 0.317 0 3
177 30 0.753 0 1
33 70 0.156 0 3
10 10 0.036 0 3
257 10 0.803 0 2
10 5 0.040 0 3
279 40 1.158 0 4
173 40 1.006 0 4
68 15 0.207 0 3
11 22 0.041 0 3
169 10 0.655 0 2
20 52 0.070 0 1
76 30 0.270 0 2
304 15 1.052 0 1
68 5 0.293 0 1
53 22 0.183 0 3
18 70 0.107 0 4
115 40 0.622 0 1
77 5 0.317 0 4
110 22 0.359 0 2
73 15 0.477 0 2
196 40 0.781 0 3
202 5 0.838 0 2
34 70 0.147 0 4
154 5 0.933 0 2
13 30 0.088 0 3
44 70 0.229 0 4
66 100 0.248 0 3
60 52 0.276 0 1
45 15 0.174 0 3
18 5 0.059 0 1
35 70 0.152 0 3
133 22 0.528 0 4
11 30 0.051 0 3
38 22 0.151 0 2
67 30 0.399 0 1
38 5 0.184 0 3
14 30 0.051 0 2
30 52 0.101 0 3
18 70 0.064 0 3
26 52 0.095 0 1
74 40 0.474 0 4
28 40 0.123 0 4
10 40 0.061 0 2
21 5 0.063 0 3
94 70 0.409 0 2
82 100 0.249 0 3
14 40 0.053 0 2
79 40 0.326 0 3
28 30 0.165 0 4
34 10 0.103 0 1
149 10 0.472 0 2
91 40 0.332 0 1
70 52 0.221 0 1
31 40 0.115 0 1
59 100 0.281 0 3
22 40 0.072 0 3
118 5 0.396 0 4
23 30 0.123 0 3
15 52 0.060 0 1
293 5 1.268 0 4
107 15 0.535 0 3
77 100 0.307 0 2
28 10 0.156 0 3
54 15 0.158 0 4
35 30 0.116 0 4
40 40 0.151 0 4
53 52 0.191 0 1
98 40 0.356 0 2
77 5 0.348 0 3
96 40 0.281 0 1
15 30 0.060 0 2
25 5 0.076 0 3
38 40 0.245 0 4
44 52 0.175 0 4
10 30 0.042 0 2
28 5 0.098 0 3
48 40 0.151 0 3
11 100 0.039 0 3
307 15 1.093 0 1
10 40 0.036 0 1
12 70 0.070 0 2
26 40 0.156 0 4
111 30 0.404 0 2
70 30 0.345 0 3
68 52 0.268 0 3
39 5 0.123 0 4
23 70 0.099 0 2
76 52 0.367 0 2
18 5 0.061 0 4
15 22 0.078 0 1
50 10 0.172 0 4
176 30 0.822 0 2
15 40 0.047 0 1
18 40 0.071 0 3
19 5 0.069 0 2
54 30 0.175 0 3
156 52 0.607 0 4
86 30 0.354 0 1
62 52 0.339 0 2
151 30 0.834 0 4
33 15 0.133 0 4
22 15 0.107 0 1
71 70 0.392 0 1
48 52 0.215 0 4
19 10 0.058 0 3
11 40 0.066 0 2
161 22 0.506 0 1
11 10 0.048 0 2
11 5 0.033 0 4
23 30 0.120 0 1
31 15 0.097 0 1
182 10 1.071 0 4
78 40 0.424 0 3
196 22 0.571 0 3
60 52 0.208 0 1
72 30 0.217 0 1
134 30 0.436 0 1
108 22 0.524 0 1
119 15 0.351 0 4
28 15 0.094 0 1
314 52 1.342 0 3
303 100 1.554 0 2
29 52 0.137 0 2
298 52 1.513 0 3
28 52 0.153 0 2
18 22 0.075 0 1
307 100 1.806 0 4
321 10 1.016 0 3
13 5 0.083 0 4
22 70 0.074 0 3
35 40 0.124 0 4
11 15 0.036 0 1
30 5 0.139 0 3
142 5 0.798 0 4
82 30 0.539 0 2
13 40 0.071 0 2
145 15 0.694 0 2
54 70 0.204 0 1
13 100 0.040 0 3
60 70 0.341 0 4
27 70 0.079 0 3
10 70 0.031 0 2
48 30 0.143 0 3
67 22 0.290 0 2
27 5 0.142 0 1
215 70 0.672 0 3
15 40 0.045 0 3
23 30 0.115 0 4
11 5 0.045 0 4
33 100 0.134 0 3
197 52 1.159 0 3
137 100 0.566 0 1
28 5 0.091 0 1
22 40 0.081 0 2
37 30 0.124 0 4
192 10 0.914 0 1
176 100 0.917 0 1
15 15 0.050 0 2
85 40 0.480 0 3
337 22 1.711 0 3
31 52 0.098 0 2
36 52 0.242 0 2
33 5 0.117 0 1
114 22 0.361 0 4
67 10 0.307 0 4
70 30 0.219 0 1
10 10 0.030 0 3
12 100 0.052 0 2
43 22 0.207 0 2
319 100 1.056 0 2
10 52 0.047 0 4
126 100 0.500 0 3
166 40 0.654 0 2
19 100 0.081 0 3
18 70 0.107 0 1
13 52 0.053 0 2
65 5 0.191 0 3
250 52 0.753 0 3
16 30 0.083 0 3
17 10 0.060 0 1
170 40 0.846 0 3
17 30 0.065 0 4
185 30 0.856 0 3
27 52 0.180 0 4
60 100 0.359 0 3
69 52 0.408 0 2
158 100 0.725 0 2
111 10 0.407 0 4
14 52 0.042 0 1
111 100 0.432 0 4
31 40 0.101 0 4
64 10 0.405 0 1
19 70 0.061 0 2
153 30 0.541 0 2
69 70 0.431 0 3
11 100 0.036 0 1
24 30 0.108 0 2
142 70 0.467 0 3
19 100 0.110 0 1
12 10 0.040 0 4
14 30 0.064 0 4
101 30 0.447 0 2
69 10 0.377 0 4
17 100 0.068 0 3
257 70 1.218 0 2
34 52 0.114 0 4
114 30 0.383 0 4
36 5 0.191 0 4
244 30 1.435 0 4
23 22 0.087 0 4
11 22 0.034 0 2
29 30 0.099 0 1
302 52 1.961 0 1
32 15 0.125 0 2
77 52 0.276 0 3
61 15 0.349 0 3
75 10 0.503 0 1
71 5 0.207 0 4
122 22 0.535 0 1
39 5 0.143 0 4
46 70 0.204 0 2
79 52 0.409 0 2
297 100 1.042 0 2
78 70 0.281 0 2
114 22 0.530 0 3
67 40 0.298 0 1
26 70 0.122 0 3
63 22 0.238 0 1
79 100 0.300 0 1
42 22 0.240 0 2
12 15 0.063 0 2
77 40 0.342 0 2
216 30 0.844 0 4
19 22 0.096 0 2
89 15 0.307 0 1
35 70 0.126 0 4
171 5 0.564 0 3
257 40 1.298 0 3
51 100 0.194 0 2
16 70 0.107 0 1
47 10 0.149 0 3
36 100 0.187 0 3
41 30 0.173 0 4
53 15 0.353 0 3
170 52 0.642 0 3
15 15 0.049 0 2
34 70 0.201 0 3
44 52 0.240 0 2
62 30 0.341 0 3
14 10 0.050 0 4
18 15 0.114 0 3
127 5 0.396 0 4
59 100 0.267 0 2
101 70 0.322 0 1
204 52 1.025 0 2
14 52 0.069 0 2
19 52 0.096 0 2
227 70 0.672 0 3
21 30 0.101 0 4
197 70 0.956 0 3
20 30 0.062 0 4
16 10 0.048 0 4
29 22 0.158 0 2
10 15 0.038 0 2
16 5 0.084 0 3
163 10 0.494 0 1
20 22 0.072 0 4
165 40 0.897 0 1
44 15 0.244 0 1
167 5 0.555 0 4
22 5 0.091 0 3
38 70 0.122 0 4
169 100 0.779 0 3
93 30 0.482 0 3
12 5 0.039 0 2
84 22 0.414 0 4
97 70 0.307 0 2
53 10 0.176 0 3
56 40 0.198 0 4
168 10 0.774 0 2
25 52 0.132 0 4
11 5 0.034 0 2
18 10 0.090 0 3
17 5 0.101 0 3
12 10 0.055 0 3
32 100 0.107 0 1
274 30 1.038 0 1
253 30 1.383 0 2
14 52 0.056 0 1
65 5 0.310 0 3
16 10 0.054 0 3
267 52 0.918 0 4
159 15 0.562 0 4
182 5 0.781 0 3
199 100 1.042 0 1
19 10 0.067 0 3
15 100 0.059 0 1
85 30 0.409 0 1
16 100 0.057 0 2
34 30 0.123 0 3
10 70 0.032 0 2
100 10 0.300 0 4
11 5 0.040 0 3
85 15 0.443 0 4
67 10 0.234 0 4
32 10 0.100 0 4
178 52 0.530 0 4
276 100 0.986 0 4
36 22 0.164 0 4
183 52 0.712 0 3
62 30 0.256 0 2
11 22 0.035 0 3
18 52 0.095 0 3
26 5 0.108 0 2
40 22 0.134 0 2
52 100 0.249 0 2
10 100 0.038 0 2
66 70 0.258 0 3
20 30 0.068 0 1
157 5 0.840 0 4
75 5 0.291 0 1
56 15 0.286 0 3
27 22 0.109 0 2
123 52 0.831 0 2
28 15 0.131 0 3
15 52 0.098 0 1
32 52 0.113 0 3
158 22 0.610 0 3
78 15 0.283 0 1
11 22 0.045 0 3
40 40 0.128 0 3
18 30 0.074 0 2
11 30 0.035 0 1
18 10 0.064 0 4
19 10 0.097 0 2
61 40 0.240 0 3
98 22 0.628 0 3
137 100 0.856 0 1
20 10 0.058 0 4
18 10 0.062 0 3
14 10 0.085 0 1
13 30 0.045 0 4
30 10 0.095 0 4
13 5 0.058 0 1
19 5 0.060 0 1
193 10 0.598 0 4
58 52 0.317 0 4
11 52 0.043 0 4
14 100 0.064 0 4
25 5 0.089 0 4
79 10 0.315 0 2
26 10 0.089 0 4
37 10 0.124 0 3
13 40 0.051 0 1
19 40 0.061 0 3
235 30 1.175 0 2
32 15 0.099 0 4
77 70 0.435 0 3
65 40 0.247 0 2
297 10 1.017 0 1
15 30 0.061 0 2
26 40 0.139 0 4
68 22 0.256 0 3
12 70 0.067 0 3
12 40 0.050 0 4
40 5 0.165 0 1
53 100 0.220 0 4
13 40 0.064 0 4
205 22 0.712 0 4
28 15 0.178 0 4
121 5 0.417 0 4
82 70 0.432 0 3
75 70 0.229 0 3
50 52 0.181 0 4
53 10 0.202 0 4
54 15 0.222 0 2
27 10 0.121 0 2
96 30 0.440 0 1
34 22 0.117 0 1
145 30 0.829 0 4
118 100 0.355 0 4
176 40 1.067 0 4
37 70 0.162 0 4
49 5 0.195 0 4
12 52 0.040 0 3
65 15 0.288 0 2
21 15 0.062 0 1
41 5 0.207 0 3
24 70 0.099 0 2
28 15 0.087 0 2
17 22 0.069 0 4
16 30 0.056 0 2
128 100 0.457 0 3
60 22 0.185 0 3
16 5 0.079 0 3
78 30 0.446 0 3
253 5 0.827 0 4
68 30 0.205 0 1
119 30 0.474 0 3
26 70 0.161 0 2
42 70 0.204 0 1
146 40 0.427 0 2
27 100 0.101 0 1
23 5 0.101 0 4
146 30 0.549 0 1
189 70 1.204 0 3
19 40 0.059 0 4
102 5 0.520 0 2
60 10 0.244 0 3
44 5 0.215 0 2
10 10 0.041 0 2
13 15 0.057 0 2
164 15 0.845 0 4
35 5 0.207 0 4
317 22 1.811 0 4
52 70 0.221 0 2
245 22 0.740 0 4
52 52 0.302 0 2
149 100 0.656 0 3
26 70 0.166 0 4
62 10 0.346 0 3
223 10 0.826 0 1
18 70 0.120 0 1
58 52 0.201 0 4
94 100 0.584 0 1
143 30 0.509 0 4
187 70 0.754 0 4
65 22 0.204 0 3
58 15 0.184 0 3
56 100 0.224 0 1
182 10 0.679 0 1
62 10 0.210 0 3
59 70 0.306 0 2
143 40 0.469 0 2
29 100 0.193 0 1
47 70 0.222 0 1
136 52 0.411 0 1
21 15 0.137 0 3
32 40 0.111 0 2
14 5 0.069 0 1
170 15 1.012 0 1
37 15 0.159 0 2
59 70 0.222 0 2
158 15 0.908 0 2
14 22 0.050 0 2
273 15 1.066 0 3
165 70 0.613 0 1
66 100 0.204 0 4
13 52 0.040 0 1
39 100 0.119 0 1
50 22 0.195 0 4
143 100 0.923 0 4
102 100 0.498 0 4
31 10 0.121 0 4
27 22 0.103 0 4
40 52 0.235 0 1
191 70 0.872 0 4
15 22 0.058 0 2
41 100 0.159 0 1
43 52 0.179 0 1
12 52 0.036 0 2
17 5 0.089 0 4
24 30 0.162 0 2
60 10 0.201 0 1
47 15 0.250 0 4
24 10 0.081 0 1
138 15 0.648 0 1
71 10 0.243 0 1
214 52 0.743 0 1
16 70 0.051 0 1
234 5 1.031 0 2
11 100 0.056 0 1
21 10 0.073 0 2
64 70 0.221 0 4
118 100 0.439 0 2
23 5 0.155 0 1
141 15 0.727 0 2
35 70 0.141 0 1
32 22 0.189 0 2
35 70 0.154 0 3
104 10 0.315 0 1
158 70 0.935 0 2
127 30 0.510 0 1
16 10 0.058 0 1
17 22 0.063 0 3
34 5 0.183 0 2
13 70 0.043 0 1
64 52 0.287 0 2
33 30 0.159 0 1
54 5 0.203 0 1
11 10 0.044 0 1
53 70 0.240 0 1
17 5 0.088 0 3
22 22 0.078 0 2
22 30 0.084 0 3
10 10 0.039 0 4
34 10 0.131 0 1
85 40 0.248 0 1
96 5 0.303 0 4
42 100 0.246 0 2
36 70 0.122 0 3
64 15 0.220 0 3
129 10 0.581 0 4
197 5 0.929 0 3
328 5 1.445 0 3
35 10 0.174 0 4
22 10 0.084 0 1
58 22 0.199 0 1
50 100 0.228 0 4
18 52 0.110 0 1
70 5 0.389 0 1
16 70 0.048 0 4
55 100 0.177 0 4
12 22 0.045 0 3
12 30 0.054 0 3
17 10 0.106 0 3
202 15 0.831 0 2
329 15 1.183 0 3
56 70 0.189 0 2
34 40 0.195 0 4
191 30 0.941 0 1
165 100 0.902 0 1
18 15 0.065 0 1
170 15 0.752 0 1
155 70 0.689 0 1
13 22 0.086 0 4
16 100 0.077 0 4
136 52 0.861 0 2
154 40 0.730 0 3
27 10 0.090 0 1
139 30 0.794 0 3
40 30 0.119 0 3
74 70 0.240 0 3
62 70 0.352 0 4
24 52 0.117 0 1
44 22 0.229 0 2
18 70 0.059 0 2
184 52 0.713 0 2
178 40 0.784 0 3
18 22 0.067 0 2
16 70 0.086 0 4
18 100 0.098 0 1
163 5 1.025 0 4
189 70 0.562 0 3
33 30 0.110 0 1
223 52 0.888 0 2
14 70 0.076 0 4
41 70 0.126 0 1
19 52 0.061 0 1
70 10 0.280 0 2
96 70 0.442 0 2
129 22 0.632 0 3
18 52 0.058 0 1
32 40 0.134 0 1
15 100 0.051 0 4
184 40 0.568 0 3
13 100 0.061 0 2
33 40 0.098 0 2
28 15 0.119 0 2
55 5 0.316 0 2
22 70 0.079 0 1
12 70 0.039 0 4
156 5 0.582 0 2
28 15 0.108 0 4
12 100 0.037 0 2
38 52 0.179 0 2
74 52 0.329 0 1
39 10 0.150 0 4
46 10 0.138 0 3
12 15 0.044 0 4
35 30 0.193 0 2
128 100 0.444 0 2
12 52 0.081 0 2
120 70 0.446 0 1
10 70 0.041 0 4
106 5 0.373 0 1
18 30 0.103 0 1
82 30 0.239 0 1
18 15 0.064 0 4
16 22 0.049 0 2
26 100 0.107 0 3
73 52 0.253 0 3
109 40 0.460 0 2
24 10 0.085 0 4
30 52 0.099 0 1
72 5 0.419 0 2
78 5 0.336 0 4
13 30 0.076 0 3
11 100 0.041 0 1
15 40 0.082 0 4
22 70 0.107 0 1
175 22 0.610 0 3
22 22 0.077 0 2
56 40 0.215 0 1
191 100 0.558 0 1
55 30 0.192 0 2
16 10 0.084 0 3
42 40 0.158 0 3
20 70 0.112 0 1
22 5 0.142 0 2
40 15 0.142 0 3
125 40 0.498 0 3
158 22 0.498 0 2
16 52 0.051 0 4
50 15 0.227 0 3
46 10 0.211 0 4
23 5 0.073 0 2
161 52 0.629 0 2
10 70 0.034 0 2
55 10 0.211 0 1
29 10 0.149 0 3
37 5 0.124 0 1
41 70 0.259 0 1
31 40 0.169 0 1
14 22 0.052 0 4
10 10 0.033 0 4
193 5 0.898 0 4
19 70 0.057 0 3
15 100 0.080 0 4
28 5 0.110 0 4
16 22 0.047 0 1
12 100 0.043 0 2
27 52 0.086 0 1
122 5 0.462 0 4
211 10 0.751 0 2
19 30 0.056 0 1
11 22 0.057 0 2
15 70 0.061 0 1
97 15 0.344 0 2
72 22 0.290 0 2
26 52 0.101 0 3
32 100 0.101 0 2
15 5 0.051 0 1
240 22 1.048 0 4
67 15 0.280 0 4
33 10 0.099 0 3
68 70 0.428 0 4
253 100 0.757 0 1
69 30 0.275 0 2
35 22 0.208 0 2
148 40 0.523 0 4
13 40 0.044 0 1
64 52 0.189 0 4
22 22 0.129 0 1
284 30 1.680 0 2
19 30 0.084 0 4
56 22 0.248 0 4
135 30 0.475 0 2
36 22 0.148 1 0
106 10 0.488 1 0
17 10 0.054 1 2
171 40 0.715 1 0
16 22 0.069 1 0
28 10 0.114 1 2
18 40 0.117 1 0
13 40 0.050 1 0
146 30 0.543 1 4
81 5 0.409 1 2
93 5 0.423 1 2
68 15 0.354 1 4
17 15 0.084 1 4
120 10 0.632 1 3
75 5 0.330 1 3
41 52 0.236 1 4
143 10 0.427 1 0
105 5 0.633 1 3
55 70 0.348 1 2
38 22 0.244 1 3
16 15 0.097 1 0
23 100 0.125 1 3
10 40 0.030 1 2
319 100 1.619 1 3
18 15 0.059 1 2
16 15 0.057 1 0
69 15 0.223 1 0
37 22 0.204 1 4
15 52 0.057 1 2
41 70 0.200 1 0
42 52 0.124 1 0
277 15 1.574 1 0
60 52 0.255 1 4
10 100 0.030 1 3
50 15 0.162 1 2
19 30 0.060 1 4
116 22 0.450 1 3
61 5 0.269 1 3
15 100 0.080 1 0
15 5 0.055 1 2
174 22 1.036 1 0
33 30 0.119 1 4
14 52 0.062 1 0
67 30 0.237 1 0
36 40 0.110 1 3
18 70 0.055 1 0
141 5 0.468 1 4
18 70 0.086 1 0
66 22 0.247 1 3
37 100 0.190 1 0
98 70 0.560 1 2
132 22 0.725 1 3
40 10 0.199 1 0
22 40 0.106 1 3
31 10 0.159 1 3
19 22 0.095 1 3
172 70 0.577 1 2
182 10 0.555 1 4
56 100 0.269 1 0
68 100 0.279 1 0
191 15 1.282 1 2
47 100 0.315 1 0
234 15 0.836 1 4
21 70 0.073 1 0
34 10 0.108 1 0
68 52 0.405 1 3
78 5 0.411 1 3
14 30 0.046 1 2
36 40 0.181 1 0
60 15 0.284 1 2
172 100 0.667 1 0
29 15 0.094 1 3
14 70 0.046 1 0
163 70 0.488 1 0
26 40 0.148 1 0
85 10 0.503 1 2
47 30 0.303 1 0
17 40 0.073 1 2
209 22 0.771 1 0
78 30 0.336 1 0
34 40 0.121 1 4
129 15 0.652 1 4
180 52 0.833 1 4
16 22 0.054 1 0
11 15 0.064 1 2
15 5 0.082 1 2
204 30 1.166 1 2
36 70 0.107 1 4
267 15 0.940 1 4
20 5 0.092 1 3
198 22 0.835 1 3
78 70 0.361 1 4
12 30 0.043 1 4
34 30 0.186 1 2
147 15 0.480 1 3
145 5 0.954 1 4
26 100 0.153 1 3
263 22 1.048 1 0
34 100 0.107 1 3
180 22 0.968 1 4
67 70 0.241 1 3
212 10 0.819 1 0
74 40 0.237 1 2
25 10 0.123 1 2
75 15 0.368 1 3
34 15 0.153 1 4
20 15 0.063 1 4
98 15 0.336 1 0
18 100 0.053 1 4
60 70 0.308 1 0
19 15 0.091 1 4
182 40 0.734 1 0
81 40 0.342 1 0
44 40 0.260 1 2
75 15 0.338 1 3
103 70 0.563 1 2
12 30 0.051 1 0
29 10 0.155 1 4
49 5 0.187 1 2
12 15 0.059 1 0
52 52 0.234 1 0
34 100 0.107 1 0
32 30 0.194 1 0
66 70 0.346 1 4
28 30 0.097 1 3
31 15 0.165 1 2
334 100 1.942 1 0
158 10 1.000 1 4
45 15 0.190 1 4
116 30 0.360 1 4
126 15 0.527 1 2
173 22 0.746 1 0
180 30 1.017 1 0
72 70 0.305 1 4
17 10 0.104 1 4
135 5 0.434 1 0
18 30 0.054 1 3
41 70 0.261 1 0
29 70 0.094 1 3
101 22 0.623 1 0
126 10 0.492 1 2
135 70 0.634 1 4
286 5 1.212 1 0
147 70 0.516 1 0
10 22 0.045 1 3
11 70 0.041 1 3
172 10 0.662 1 2
99 70 0.521 1 3
52 70 0.206 1 3
107 70 0.413 1 4
11 30 0.045 1 0
13 15 0.048 1 0
145 10 0.441 1 0
118 40 0.611 1 2
39 100 0.165 1 2
160 70 0.483 1 2
139 52 0.463 1 0
45 52 0.273 1 4
69 10 0.259 1 0
19 10 0.057 1 0
70 5 0.240 1 0
25 70 0.083 1 0
246 100 1.188 1 4
36 52 0.174 1 0
13 70 0.061 1 3
12 52 0.075 1 0
28 70 0.128 1 3
98 10 0.456 1 3
87 52 0.309 1 0
26 52 0.126 1 2
35 30 0.106 1 0
78 40 0.238 1 2
95 70 0.352 1 2
18 70 0.118 1 0
70 22 0.248 1 2
73 70 0.361 1 0
31 100 0.166 1 0
63 15 0.228 1 2
25 100 0.090 1 0
64 10 0.239 1 2
26 10 0.171 1 4
62 5 0.217 1 0
146 22 0.435 1 3
114 22 0.760 1 3
28 30 0.144 1 4
12 70 0.039 1 3
303 40 1.106 1 0
42 10 0.168 1 3
157 22 0.505 1 0
46 40 0.189 1 0
120 70 0.719 1 3
53 40 0.161 1 0
112 70 0.629 1 0
189 22 0.750 1 0
29 40 0.163 1 0
17 52 0.073 1 0
70 70 0.391 1 0
196 22 1.005 1 2
147 22 0.444 1 4
319 10 1.463 1 3
53 22 0.231 1 2
17 30 0.077 1 0
19 15 0.076 1 0
16 10 0.093 1 2
18 5 0.064 1 2
35 40 0.198 1 0
275 5 1.599 1 0
19 30 0.111 1 3
17 52 0.090 1 0
22 40 0.124 1 0
13 30 0.039 1 2
36 5 0.106 1 0
199 100 1.157 1 0
45 5 0.206 1 2
204 10 0.630 1 3
58 100 0.216 1 3
83 70 0.491 1 0
182 40 0.943 1 0
174 52 0.813 1 0
22 70 0.067 1 2
320 52 1.860 1 0
13 5 0.074 1 3
338 10 1.402 1 2
142 10 0.454 1 0
27 5 0.080 1 0
13 5 0.043 1 4
101 52 0.409 1 0
160 22 0.500 1 2
17 10 0.057 1 4
41 100 0.139 1 2
105 40 0.326 1 3
19 52 0.079 1 2
301 5 1.584 1 0
77 30 0.383 1 3
118 100 0.567 1 2
14 30 0.043 1 2
190 30 0.590 1 4
71 30 0.449 1 4
22 10 0.102 1 2
45 5 0.134 1 0
75 10 0.248 1 2
43 30 0.161 1 4
67 10 0.266 1 4
123 70 0.369 1 2
18 52 0.056 1 3
173 100 0.896 1 4
22 70 0.100 1 0
45 70 0.192 1 3
108 40 0.450 1 4
136 70 0.484 1 4
118 52 0.371 1 4
35 10 0.219 1 0
31 70 0.141 1 4
252 40 0.816 1 2
59 22 0.262 1 0
39 70 0.126 1 0
64 70 0.261 1 0
18 22 0.056 1 0
75 52 0.237 1 2
21 30 0.109 1 0
155 15 0.923 1 2
92 30 0.321 1 0
144 70 0.425 1 4
14 40 0.049 1 4
15 40 0.049 1 2
211 70 1.159 1 0
50 10 0.235 1 0
51 22 0.236 1 2
74 5 0.306 1 4
55 40 0.324 1 3
263 30 1.087 1 4
20 30 0.100 1 3
24 5 0.138 1 0
35 52 0.198 1 4
23 15 0.111 1 2
91 100 0.358 1 0
304 30 1.241 1 4
68 15 0.308 1 3
49 5 0.191 1 0
63 30 0.283 1 3
76 30 0.279 1 4
72 15 0.299 1 4
68 22 0.212 1 2
94 70 0.293 1 0
181 52 0.593 1 3
132 22 0.810 1 2
18 30 0.064 1 0
72 5 0.221 1 0
18 22 0.102 1 4
126 22 0.475 1 0
13 5 0.061 1 4
188 30 0.774 1 3
12 22 0.037 1 4
48 52 0.208 1 0
29 10 0.090 1 0
20 10 0.067 1 0
23 100 0.106 1 2
23 70 0.110 1 4
68 52 0.231 1 0
162 15 0.519 1 0
53 100 0.183 1 3
24 30 0.132 1 3
318 100 1.728 1 0
302 5 1.650 1 3
310 22 1.449 1 4
70 15 0.387 1 3
15 30 0.076 1 3
141 52 0.438 1 0
17 5 0.074 1 3
147 10 0.662 1 3
37 100 0.154 1 2
168 10 0.520 1 0
12 30 0.043 1 2
13 40 0.042 1 0
13 22 0.040 1 0
73 10 0.330 1 0
19 30 0.109 1 3
43 52 0.195 1 0
15 22 0.080 1 4
49 10 0.265 1 0
185 40 0.826 1 0
10 100 0.042 1 2
59 52 0.366 1 0
153 10 0.512 1 3
36 52 0.151 1 2
52 15 0.156 1 4
18 40 0.070 1 0
150 40 0.943 1 4
30 30 0.098 1 2
11 40 0.045 1 4
17 10 0.106 1 2
16 22 0.087 1 0
74 30 0.336 1 3
187 40 1.062 1 4
293 70 1.114 1 0
16 30 0.047 1 4
24 100 0.089 1 3
74 30 0.240 1 0
95 5 0.286 1 0
30 30 0.144 1 0
71 30 0.214 1 2
315 5 1.458 1 0
227 30 1.359 1 2
72 22 0.351 1 0
78 5 0.298 1 4
147 40 0.803 1 3
40 100 0.132 1 3
19 100 0.062 1 3
24 52 0.136 1 3
45 52 0.193 1 3
164 5 0.877 1 0
69 30 0.204 1 4
19 30 0.111 1 0
303 70 1.071 1 0
28 30 0.100 1 0
23 10 0.089 1 2
314 30 1.434 1 0
43 40 0.132 1 3
152 22 0.950 1 2
107 40 0.723 1 0
155 22 0.963 1 2
166 30 0.667 1 0
52 15 0.164 1 4
68 70 0.398 1 2
19 30 0.068 1 3
68 40 0.223 1 3
12 10 0.039 1 0
153 52 0.483 1 4
19 40 0.081 1 2
16 15 0.050 1 0
51 30 0.165 1 2
37 5 0.152 1 3
42 5 0.184 1 0
47 40 0.150 1 0
44 100 0.159 1 0
55 52 0.263 1 0
246 22 0.854 1 4
10 30 0.030 1 4
19 30 0.075 1 0
105 40 0.541 1 3
14 70 0.060 1 0
167 22 0.746 1 0
20 100 0.080 1 0
11 5 0.043 1 0
50 15 0.256 1 4
106 70 0.599 1 3
39 40 0.144 1 0
27 22 0.166 1 0
23 5 0.106 1 3
10 30 0.043 1 4
88 22 0.268 1 0
43 15 0.167 1 0
34 70 0.102 1 3
182 15 1.213 1 4
311 15 1.239 1 4
23 52 0.119 1 0
133 100 0.412 1 3
89 15 0.307 1 3
314 22 1.524 1 0
314 15 0.975 1 4
33 100 0.213 1 0
65 70 0.257 1 3
12 100 0.062 1 0
15 10 0.090 1 3
37 22 0.166 1 2
124 100 0.390 1 4
13 30 0.084 1 4
15 100 0.054 1 0
137 100 0.601 1 2
131 52 0.609 1 3
77 5 0.261 1 0
12 70 0.061 1 0
46 5 0.232 1 4
52 10 0.189 1 2
171 70 0.561 1 0
49 40 0.181 1 0
22 10 0.085 1 0
97 40 0.401 1 4
31 70 0.121 1 0
13 15 0.040 1 0
69 100 0.317 1 2
10 52 0.033 1 4
181 100 0.887 1 4
64 5 0.403 1 4
23 15 0.130 1 0
52 10 0.164 1 2
17 70 0.054 1 3
40 70 0.255 1 0
245 15 1.225 1 2
25 5 0.105 1 0
124 40 0.399 1 3
11 30 0.039 1 3
22 52 0.140 1 2
170 40 0.584 1 0
22 5 0.068 1 3
52 10 0.317 1 3
45 70 0.225 1 0
39 70 0.125 1 4
218 70 0.741 1 2
39 5 0.135 1 2
185 30 1.194 1 2
14 5 0.044 1 0
18 10 0.059 1 3
104 100 0.354 1 2
10 52 0.060 1 0
284 10 0.953 1 3
65 5 0.227 1 2
10 52 0.033 1 4
10 30 0.032 1 4
189 10 0.879 1 3
18 30 0.099 1 3
183 5 0.575 1 2
62 30 0.191 1 4
43 70 0.230 1 4
35 15 0.107 1 0
111 15 0.362 1 4
212 15 1.158 1 0
83 100 0.469 1 3
299 40 1.294 1 0
234 5 0.929 1 2
39 52 0.147 1 0
119 22 0.408 1 2
18 30 0.065 1 0
24 100 0.087 1 0
14 52 0.075 1 2
34 10 0.128 1 2
54 22 0.178 1 0
92 52 0.444 1 2
200 70 0.631 1 0
201 100 1.041 1 2
17 30 0.090 1 4
243 15 0.856 1 3
12 5 0.060 1 2
61 5 0.260 1 0
13 52 0.077 1 3
208 10 0.712 1 0
16 22 0.086 1 2
212 30 0.968 1 4
65 10 0.353 1 0
122 52 0.622 1 4
186 5 0.984 1 4
12 70 0.040 1 4
72 52 0.316 1 4
65 52 0.240 1 0
58 30 0.196 1 3
47 52 0.226 1 3
135 15 0.579 1 0
33 30 0.200 1 2
50 22 0.166 1 0
77 22 0.302 1 2
49 70 0.153 1 3
10 70 0.058 1 0
85 15 0.251 1 3
13 30 0.038 1 2
25 22 0.161 1 2
108 10 0.344 1 4
18 52 0.061 1 2
25 52 0.145 1 0
147 15 0.470 1 3
105 10 0.614 1 0
13 15 0.052 1 2
75 40 0.344 1 0
17 10 0.065 1 3
112 5 0.574 1 2
25 15 0.091 1 4
86 100 0.541 1 0
16 52 0.048 1 2
31 10 0.104 1 4
38 22 0.173 1 3
20 100 0.093 1 3
10 15 0.037 1 2
290 100 0.935 1 3
36 100 0.152 1 0
71 30 0.346 1 2
40 10 0.203 1 2
11 5 0.052 1 4
71 15 0.220 1 0
17 70 0.059 1 2
25 70 0.101 1 0
90 52 0.327 1 0
134 30 0.525 1 2
16 15 0.073 1 4
36 100 0.176 1 4
18 52 0.065 1 3
59 22 0.266 1 4
199 10 1.144 1 0
19 22 0.128 1 2
146 10 0.568 1 0
153 22 0.927 1 3
10 40 0.045 1 3
247 70 1.614 1 2
60 22 0.303 1 4
35 100 0.160 1 2
13 100 0.058 1 2
132 15 0.815 1 0
63 30 0.211 1 3
42 70 0.176 1 0
12 70 0.043 1 4
107 10 0.478 1 0
11 40 0.050 1 4
36 70 0.113 1 0
178 70 0.805 1 2
93 30 0.276 1 0
79 52 0.261 1 0
129 100 0.549 1 3
69 22 0.220 1 0
111 5 0.600 1 3
53 5 0.353 1 3
162 52 0.640 1 2
15 10 0.049 1 4
96 70 0.425 1 0
50 5 0.316 1 2
111 15 0.342 1 4
33 15 0.102 1 0
17 40 0.092 1 3
13 100 0.039 1 2
119 22 0.488 1 3
21 10 0.084 1 3
18 40 0.056 1 4
58 22 0.250 1 4
284 100 0.916 1 0
69 5 0.225 1 2
30 70 0.102 1 2
59 70 0.259 1 0
35 10 0.219 1 2
75 10 0.296 1 0
33 22 0.136 1 0
239 30 1.513 1 2
135 52 0.394 1 0
117 10 0.406 1 3
19 100 0.056 1 4
25 22 0.159 1 4
14 10 0.050 1 3
27 30 0.094 1 0
70 100 0.228 1 2
42 70 0.173 1 0
24 30 0.140 1 4
84 70 0.326 1 3
38 15 0.111 1 0
76 10 0.409 1 2
81 10 0.476 1 0
10 100 0.064 1 2
163 100 0.479 1 0
12 5 0.075 1 4
42 10 0.131 1 4
16 15 0.073 1 0
29 52 0.172 1 3
27 70 0.126 1 0
57 30 0.308 1 2
70 40 0.320 1 3
122 15 0.375 1 0
60 30 0.179 1 0
72 10 0.268 1 4
45 100 0.172 1 4
33 100 0.200 1 4
46 22 0.179 1 3
148 52 0.886 1 0
183 15 1.000 1 2
140 5 0.433 1 3
15 22 0.064 1 0
252 22 0.900 1 0
76 22 0.315 1 0
169 52 0.520 1 3
208 40 1.224 1 4
13 15 0.069 1 3
212 70 0.624 1 3
75 30 0.296 1 0
331 100 1.706 1 0
303 15 0.968 1 2
72 70 0.275 1 3
36 70 0.106 1 0
10 10 0.036 1 3
30 10 0.170 1 4
14 15 0.051 1 0
298 100 1.987 1 2
52 100 0.286 1 4
36 22 0.158 1 2
262 100 1.139 1 0
238 52 1.352 1 4
39 30 0.150 1 0
14 100 0.052 1 4
74 5 0.438 1 4
99 70 0.495 1 2
10 22 0.030 1 3
52 15 0.294 1 2
33 100 0.104 1 3
33 100 0.117 1 0
35 100 0.156 1 0
31 100 0.148 1 3
67 15 0.243 1 3
181 70 0.736 1 3
48 40 0.322 1 2
38 70 0.136 1 4
14 100 0.062 1 0
296 30 1.125 1 4
198 52 0.695 1 0
14 15 0.045 1 4
65 22 0.297 1 2
16 100 0.052 1 3
16 5 0.071 1 2
12 100 0.059 1 3
19 30 0.110 1 2
147 22 0.480 1 0
84 30 0.452 1 4
177 40 0.851 1 2
18 15 0.085 1 3
77 15 0.253 1 4
29 30 0.182 1 3
22 22 0.137 1 0
110 10 0.738 1 0
313 10 1.994 1 2
11 100 0.040 1 4
228 100 0.743 1 4
30 30 0.191 1 0
29 52 0.096 1 2
287 22 0.844 1 0
245 22 1.485 1 2
158 70 0.495 1 0
14 100 0.046 1 0
22 5 0.075 1 0
22 15 0.143 1 0
23 40 0.124 1 3
198 22 0.631 1 3
111 10 0.470 1 2
20 70 0.092 1 0
16 5 0.050 1 0
52 15 0.338 1 2
51 100 0.267 1 4
55 10 0.175 1 3
10 5 0.030 1 2
38 70 0.167 1 0
299 70 1.510 1 3
118 100 0.355 1 0
134 10 0.400 1 0
44 5 0.216 1 0
13 15 0.087 1 4
68 40 0.298 1 0
19 30 0.062 1 4
17 10 0.054 1 0
84 100 0.389 1 2
110 15 0.417 1 0
72 22 0.308 1 4
19 30 0.055 1 0
10 15 0.041 1 3
64 10 0.390 1 2
12 22 0.044 1 0
67 10 0.202 1 0
63 5 0.275 1 0
16 70 0.048 1 4
257 40 1.702 1 4
19 30 0.065 1 4
15 30 0.060 1 0
181 70 1.117 1 2
178 30 0.836 1 4
10 40 0.044 1 4
79 30 0.482 1 0
97 100 0.424 1 3
42 5 0.137 1 2
56 15 0.341 1 0
26 22 0.159 1 4
95 70 0.455 1 0
74 5 0.220 1 3
12 40 0.041 1 2
49 15 0.283 1 4
51 10 0.256 1 0
48 70 0.166 1 2
13 100 0.068 1 3
107 5 0.402 1 2
21 30 0.091 1 0
13 15 0.059 1 4
33 5 0.165 1 2
13 5 0.041 1 0
272 52 0.837 1 4
66 30 0.280 1 2
63 52 0.235 1 4
25 70 0.075 1 4
11 40 0.065 1 0
17 52 0.095 1 3
201 70 0.817 1 3
20 52 0.109 1 2
18 30 0.062 1 3
137 30 0.515 1 0
55 100 0.175 1 0
14 100 0.046 1 3
188 100 0.556 1 0
28 15 0.127 1 3
94 52 0.410 1 4
19 30 0.100 1 3
114 10 0.356 1 0
260 30 0.915 1 0
269 22 0.954 1 0
48 22 0.185 1 3
17 100 0.063 1 4
177 10 1.006 1 0
169 100 0.673 1 2
13 15 0.042 1 4
29 40 0.108 1 0
248 70 1.170 1 0
338 52 1.368 1 3
288 70 1.040 1 0
17 40 0.081 1 3
19 40 0.105 1 4
38 22 0.181 1 0
195 10 0.728 1 3
39 5 0.229 1 4
10 52 0.043 1 2
134 22 0.876 1 0
46 22 0.202 1 0
11 10 0.043 1 0
10 22 0.041 1 4
47 70 0.170 1 3
14 22 0.061 1 3
25 70 0.082 1 0
97 15 0.431 1 0
136 30 0.502 1 0
15 10 0.061 1 0
162 100 0.848 1 2
40 100 0.127 1 3
191 15 0.632 1 3
32 30 0.177 1 3
74 40 0.327 1 4
25 22 0.095 1 2
16 40 0.091 1 2
23 22 0.125 1 3
122 100 0.787 1 3
23 70 0.070 1 3
51 22 0.263 1 3
75 5 0.419 1 0
32 10 0.157 1 2
30 30 0.136 1 0
42 5 0.271 1 0
85 10 0.320 1 2
36 40 0.126 1 2
50 40 0.181 1 3
47 22 0.146 1 0
13 30 0.040 1 0
83 10 0.347 1 4
39 22 0.184 1 0
38 5 0.204 1 4
14 100 0.094 1 0
148 30 0.546 1 3
30 30 0.115 1 2
199 30 0.684 1 0
155 10 0.620 1 0
23 100 0.073 1 4
19 70 0.109 1 2
265 10 1.779 1 0
131 40 0.577 1 3
302 30 0.997 1 0
26 100 0.085 1 3
12 100 0.077 1 2
166 52 0.725 1 2
18 30 0.098 1 2
118 30 0.395 1 0
12 70 0.045 1 0
10 5 0.047 1 0
132 40 0.502 1 4
90 30 0.327 1 0
124 52 0.617 1 4
245 15 1.094 1 0
15 22 0.059 1 3
303 100 1.377 1 0
303 15 0.984 1 4
164 40 0.982 1 4
51 15 0.195 1 4
57 30 0.266 1 2
57 22 0.365 1 4
15 22 0.090 1 4
21 100 0.086 1 2
18 52 0.067 1 0
130 10 0.833 1 2
45 15 0.139 1 0
11 30 0.046 1 2
22 30 0.149 1 0
79 70 0.457 1 0
32 22 0.184 1 0
173 5 0.526 1 4
14 52 0.054 1 4
48 30 0.161 1 0
29 10 0.140 1 2
54 40 0.191 1 0
67 100 0.283 1 0
71 52 0.220 1 0
158 15 0.575 1 3
20 100 0.062 1 2
105 70 0.308 1 0
31 40 0.114 1 4
42 15 0.139 1 4
150 100 0.475 1 0
95 70 0.594 1 0
16 70 0.091 1 3
18 22 0.065 1 0
52 15 0.252 1 3
34 100 0.104 1 0
14 30 0.044 1 4
14 5 0.054 1 2
291 22 1.223 1 0
21 5 0.124 1 3
146 100 0.490 1 0
12 10 0.058 1 2
161 40 0.579 1 0
258 22 1.709 1 0
329 52 1.449 1 0
17 30 0.054 1 3
117 70 0.427 1 4
17 22 0.067 1 0
50 5 0.233 1 4
87 70 0.383 1 0
30 52 0.120 1 2
167 52 0.888 1 0
24 40 0.110 1 3
198 52 0.995 1 3
148 15 0.800 1 3
29 100 0.087 1 3
46 40 0.148 1 0
33 15 0.101 1 0
322 5 1.197 1 4
247 10 0.821 1 0
31 5 0.207 1 4
113 15 0.514 1 0
11 22 0.036 1 2
152 70 0.475 1 4
229 100 1.301 1 0
132 10 0.710 1 3
237 30 0.782 1 0
31 70 0.116 1 3
13 15 0.076 1 2
106 70 0.671 1 4
32 40 0.199 1 4
211 15 0.637 1 2
125 22 0.481 1 2
51 10 0.166 1 3
292 10 1.934 1 4
236 52 0.871 1 3
73 100 0.263 1 0
64 40 0.350 1 0
22 52 0.084 1 4
26 70 0.080 1 0
21 40 0.139 1 2
33 5 0.104 1 2
104 40 0.488 1 3
36 100 0.134 1 0
182 10 0.591 1 0
19 5 0.057 1 0
137 70 0.435 1 0
17 100 0.094 1 4
37 5 0.112 1 0
21 10 0.094 1 3
53 10 0.193 1 3
12 22 0.039 1 0
145 70 0.659 1 4
71 40 0.332 1 0
13 52 0.049 1 4
31 40 0.195 1 4
70 5 0.435 1 4
21 100 0.068 1 0
36 10 0.111 1 0
19 30 0.078 1 2
20 40 0.059 1 4
28 30 0.163 1 4
19 5 0.124 1 2
233 40 0.815 1 0
136 70 0.764 1 2
169 22 0.626 1 3
177 10 0.521 1 4
103 22 0.309 1 0
75 5 0.311 1 3
36 52 0.208 1 0
18 100 0.089 1 0
11 5 0.038 1 2
29 100 0.115 1 0
326 70 1.516 1 3
24 5 0.073 1 0
187 15 0.563 1 0
193 40 0.583 1 3
199 15 0.696 1 3
138 100 0.489 1 0
34 100 0.132 1 4
32 40 0.119 1 0
203 40 0.686 1 2
123 70 0.826 1 3
82 52 0.423 1 4
17 70 0.059 1 4
37 15 0.109 1 2
20 5 0.112 1 0
134 30 0.456 1 4
53 30 0.240 1 0
156 52 0.586 1 0
56 10 0.164 1 4
29 52 0.094 1 2
60 30 0.339 1 4
17 10 0.115 1 0
76 5 0.507 1 3
260 40 1.548 1 3
19 40 0.086 1 3
90 15 0.363 1 4
39 30 0.116 1 3
40 5 0.127 1 3
185 30 0.731 1 4
23 70 0.093 1 2
34 100 0.182 1 2
27 10 0.105 1 2
28 30 0.105 1 2
140 22 0.933 1 3
16 100 0.098 1 2
17 40 0.075 1 3
49 22 0.288 1 4
35 15 0.148 1 3
16 10 0.050 1 4
69 40 0.208 1 3
123 10 0.549 1 2
60 70 0.331 1 2
17 100 0.065 1 0
22 52 0.081 1 3
189 22 0.926 1 3
13 40 0.038 1 0
37 100 0.174 1 3
15 52 0.069 1 0
78 15 0.298 1 0
22 22 0.096 1 0
140 22 0.470 1 4
35 100 0.103 1 2
15 40 0.056 1 0
89 52 0.277 1 0
32 52 0.113 1 0
186 100 0.550 1 0
49 100 0.200 1 3
18 15 0.055 1 4
16 52 0.068 1 3
33 5 0.121 1 3
36 5 0.161 1 4
26 30 0.082 1 0
32 40 0.150 1 2
123 5 0.528 1 0
74 52 0.322 1 3
15 30 0.055 1 2
46 30 0.277 1 4
15 22 0.078 2 1
41 40 0.130 2 1
11 5 0.035 2 0
36 10 0.133 2 3
74 100 0.223 2 0
219 100 0.785 2 4
263 52 0.939 2 3
172 70 0.878 2 1
23 40 0.080 2 0
57 5 0.289 2 3
74 5 0.216 2 0
13 70 0.058 2 1
308 15 0.994 2 0
36 10 0.208 2 3
27 52 0.101 2 3
338 40 1.154 2 0
25 5 0.097 2 4
67 40 0.307 2 1
31 30 0.197 2 4
242 22 1.021 2 1
148 15 0.733 2 1
29 52 0.147 2 4
13 10 0.047 2 0
140 70 0.660 2 0
156 70 0.468 2 0
149 30 0.500 2 3
17 52 0.058 2 0
21 15 0.078 2 0
10 30 0.038 2 1
27 40 0.108 2 4
107 10 0.361 2 1
35 100 0.142 2 3
17 70 0.058 2 3
64 5 0.195 2 3
111 30 0.740 2 3
50 100 0.172 2 0
82 5 0.353 2 0
44 100 0.260 2 4
42 30 0.177 2 3
37 52 0.129 2 0
62 40 0.218 2 0
19 5 0.065 2 0
109 15 0.487 2 0
72 52 0.269 2 0
62 15 0.208 2 0
63 40 0.414 2 0
22 15 0.085 2 0
105 30 0.425 2 1
251 30 0.988 2 3
106 40 0.379 2 1
35 40 0.219 2 1
28 5 0.167 2 3
122 10 0.418 2 0
164 70 0.859 2 3
11 30 0.038 2 1
10 5 0.030 2 0
79 70 0.441 2 1
70 22 0.224 2 3
50 5 0.163 2 1
25 22 0.140 2 3
102 10 0.413 2 1
62 15 0.367 2 0
38 15 0.170 2 3
10 100 0.040 2 3
52 40 0.249 2 0
152 10 0.691 2 1
18 15 0.054 2 4
59 70 0.201 2 1
83 52 0.267 2 0
27 10 0.088 2 0
16 30 0.075 2 0
252 15 1.500 2 4
92 5 0.341 2 0
11 15 0.061 2 1
26 70 0.085 2 0
141 5 0.898 2 0
14 100 0.084 2 0
31 22 0.116 2 0
106 22 0.662 2 3
16 52 0.059 2 0
73 70 0.232 2 1
26 30 0.094 2 4
235 52 1.181 2 0
16 70 0.070 2 1
42 5 0.135 2 1
69 5 0.454 2 0
26 10 0.123 2 4
159 100 0.685 2 0
69 52 0.258 2 4
142 5 0.776 2 3
60 52 0.200 2 4
35 10 0.141 2 1
33 30 0.097 2 0
165 100 0.545 2 0
112 100 0.536 2 1
17 5 0.111 2 3
187 70 1.039 2 0
128 15 0.391 2 4
11 5 0.067 2 3
26 5 0.084 2 1
19 22 0.056 2 1
11 100 0.037 2 1
72 52 0.242 2 4
10 10 0.056 2 0
203 70 0.663 2 1
12 15 0.040 2 4
36 70 0.153 2 3
18 5 0.103 2 0
49 52 0.277 2 3
15 15 0.091 2 0
191 100 0.622 2 3
12 10 0.036 2 1
20 70 0.070 2 1
224 52 0.661 2 0
78 15 0.246 2 1
23 100 0.111 2 0
154 10 0.770 2 3
95 100 0.302 2 1
29 10 0.159 2 3
54 70 0.165 2 4
13 40 0.039 2 3
335 5 1.426 2 0
16 22 0.067 2 0
61 30 0.186 2 4
152 52 0.591 2 4
13 70 0.049 2 0
166 100 0.838 2 0
251 22 1.178 2 0
282 52 0.895 2 0
34 15 0.152 2 0
21 5 0.140 2 0
135 10 0.397 2 3
314 10 0.975 2 1
11 30 0.036 2 0
45 30 0.166 2 3
199 10 1.221 2 0
118 70 0.470 2 1
68 52 0.329 2 4
24 15 0.088 2 1
19 52 0.109 2 3
54 100 0.230 2 0
10 100 0.058 2 1
138 5 0.573 2 3
10 100 0.035 2 4
11 40 0.064 2 1
24 15 0.076 2 4
65 100 0.439 2 4
78 70 0.497 2 0
66 40 0.295 2 3
85 15 0.429 2 0
115 100 0.689 2 4
31 70 0.157 2 4
58 52 0.283 2 3
20 70 0.074 2 1
16 22 0.086 2 1
109 22 0.612 2 0
10 40 0.035 2 0
177 5 0.646 2 1
33 100 0.200 2 4
129 15 0.403 2 0
187 5 0.716 2 1
19 70 0.117 2 0
203 30 0.627 2 3
49 22 0.196 2 0
20 52 0.068 2 4
156 15 0.538 2 0
176 22 0.521 2 4
53 30 0.159 2 0
63 30 0.203 2 3
12 30 0.057 2 4
43 30 0.184 2 0
112 30 0.331 2 3
38 52 0.167 2 3
170 15 0.885 2 0
73 5 0.223 2 0
55 30 0.187 2 0
11 5 0.060 2 0
167 40 0.676 2 4
223 100 1.439 2 1
11 5 0.053 2 1
19 52 0.072 2 4
64 15 0.210 2 0
19 10 0.066 2 3
134 52 0.549 2 0
70 70 0.318 2 3
175 70 0.706 2 4
113 10 0.661 2 3
131 15 0.476 2 3
68 52 0.293 2 0
31 52 0.093 2 1
31 40 0.123 2 4
63 30 0.341 2 0
20 5 0.059 2 4
17 15 0.101 2 1
79 100 0.343 2 4
59 5 0.194 2 1
12 5 0.037 2 0
32 5 0.162 2 0
165 70 0.740 2 3
11 5 0.042 2 3
13 15 0.073 2 1
152 40 0.974 2 4
36 30 0.176 2 0
71 10 0.346 2 0
22 40 0.067 2 4
17 100 0.090 2 4
50 52 0.269 2 1
10 15 0.062 2 0
37 30 0.108 2 0
69 40 0.208 2 4
23 40 0.103 2 0
209 52 1.118 2 4
252 52 0.866 2 1
21 22 0.071 2 0
15 100 0.053 2 4
44 22 0.136 2 3
126 22 0.829 2 0
70 52 0.359 2 3
53 10 0.216 2 0
22 5 0.074 2 3
132 5 0.530 2 3
58 22 0.293 2 0
19 10 0.061 2 3
51 10 0.313 2 1
23 70 0.093 2 0
132 40 0.608 2 0
13 5 0.046 2 4
16 100 0.047 2 0
63 22 0.389 2 0
24 100 0.084 2 0
323 30 1.223 2 0
19 22 0.073 2 3
76 70 0.264 2 4
191 15 0.593 2 1
105 15 0.318 2 1
33 5 0.123 2 1
57 100 0.196 2 3
91 70 0.448 2 0
73 40 0.279 2 1
58 10 0.239 2 3
17 40 0.053 2 0
16 22 0.090 2 3
67 70 0.209 2 4
168 40 0.551 2 0
66 10 0.210 2 0
69 52 0.230 2 3
49 5 0.287 2 3
52 52 0.254 2 3
14 22 0.048 2 3
24 70 0.125 2 0
39 100 0.138 2 3
70 10 0.315 2 1
256 10 0.785 2 1
163 40 0.545 2 3
10 10 0.032 2 0
327 70 0.953 2 0
18 22 0.058 2 0
272 5 1.295 2 0
174 5 0.526 2 4
239 70 0.766 2 0
140 15 0.725 2 0
10 40 0.053 2 4
46 40 0.147 2 4
13 30 0.046 2 3
12 5 0.077 2 1
63 30 0.288 2 1
10 40 0.042 2 0
41 70 0.142 2 0
57 10 0.322 2 0
14 15 0.068 2 1
75 22 0.298 2 4
48 5 0.213 2 3
26 15 0.084 2 4
34 100 0.120 2 0
74 40 0.322 2 0
182 70 0.824 2 1
12 22 0.044 2 1
149 52 0.871 2 1
15 40 0.101 2 4
217 30 1.043 2 4
12 70 0.053 2 3
42 5 0.157 2 3
180 40 0.807 2 0
11 100 0.045 2 4
57 10 0.239 2 1
49 5 0.152 2 3
16 5 0.077 2 3
111 10 0.610 2 3
11 40 0.049 2 0
24 70 0.085 2 0
251 100 1.121 2 4
20 15 0.062 2 0
29 10 0.124 2 0
157 15 1.033 2 0
24 22 0.091 2 3
18 22 0.067 2 0
63 52 0.200 2 3
141 52 0.770 2 3
17 30 0.101 2 0
15 10 0.062 2 0
121 15 0.467 2 1
38 10 0.228 2 1
13 30 0.070 2 0
28 10 0.185 2 1
62 40 0.304 2 1
294 70 1.434 2 4
72 15 0.245 2 0
180 10 0.529 2 1
48 52 0.181 2 1
35 30 0.109 2 0
15 40 0.069 2 1
45 5 0.156 2 0
262 22 0.814 2 1
15 52 0.079 2 4
165 5 1.019 2 0
13 10 0.041 2 0
65 100 0.285 2 0
13 40 0.054 2 0
215 52 0.951 2 0
41 40 0.244 2 0
10 22 0.035 2 0
13 52 0.050 2 0
192 15 1.185 2 1
11 52 0.033 2 1
25 22 0.074 2 1
13 52 0.061 2 1
263 70 1.252 2 0
53 100 0.185 2 4
197 30 0.672 2 1
11 100 0.043 2 0
18 100 0.053 2 1
336 15 1.307 2 0
65 70 0.278 2 3
38 15 0.160 2 4
52 5 0.158 2 1
142 70 0.505 2 0
42 5 0.172 2 4
56 22 0.164 2 3
11 15 0.042 2 4
46 40 0.135 2 3
181 70 0.858 2 3
35 15 0.136 2 0
241 22 0.780 2 4
81 100 0.468 2 1
287 15 1.018 2 3
35 100 0.152 2 0
49 70 0.159 2 3
14 70 0.064 2 1
339 52 1.654 2 0
27 52 0.116 2 0
105 70 0.510 2 0
50 22 0.147 2 1
58 5 0.345 2 3
12 5 0.067 2 1
67 70 0.396 2 0
20 10 0.085 2 1
82 22 0.369 2 3
32 70 0.161 2 1
256 15 0.773 2 1
13 40 0.054 2 0
185 10 0.881 2 0
311 70 1.433 2 4
14 100 0.061 2 3
38 15 0.132 2 1
43 70 0.231 2 0
25 5 0.092 2 0
53 5 0.270 2 0
143 40 0.504 2 4
70 30 0.278 2 0
12 5 0.035 2 0
87 40 0.343 2 0
14 70 0.067 2 0
13 10 0.041 2 3
244 5 1.089 2 0
46 40 0.295 2 3
280 15 1.148 2 3
66 22 0.216 2 3
24 70 0.140 2 1
49 52 0.255 2 0
19 15 0.062 2 4
78 15 0.479 2 0
17 10 0.087 2 0
39 10 0.176 2 3
59 5 0.230 2 4
69 70 0.275 2 1
77 5 0.317 2 1
17 52 0.054 2 1
99 15 0.467 2 1
13 15 0.048 2 0
105 52 0.571 2 0
18 5 0.069 2 4
74 22 0.282 2 0
70 10 0.294 2 1
12 10 0.055 2 0
48 22 0.208 2 4
24 70 0.133 2 4
121 40 0.397 2 0
16 10 0.072 2 0
299 70 1.027 2 1
21 22 0.089 2 3
18 22 0.119 2 0
38 70 0.164 2 1
77 30 0.288 2 4
155 5 0.471 2 0
192 15 1.289 2 1
42 10 0.218 2 0
107 52 0.540 2 1
186 40 1.045 2 0
259 100 0.985 2 1
127 10 0.402 2 0
296 10 1.458 2 0
88 40 0.332 2 3
166 100 0.494 2 0
41 22 0.142 2 0
47 100 0.251 2 1
13 22 0.038 2 3
160 15 0.630 2 3
11 70 0.038 2 0
28 22 0.083 2 4
44 52 0.183 2 1
10 10 0.040 2 4
74 22 0.493 2 1
13 40 0.056 2 0
20 22 0.092 2 0
115 30 0.464 2 1
12 10 0.071 2 0
32 40 0.125 2 0
23 15 0.124 2 0
156 22 0.457 2 0
65 30 0.205 2 1
159 100 0.564 2 4
37 5 0.125 2 4
24 22 0.097 2 0
50 15 0.205 2 0
18 15 0.067 2 0
322 52 2.077 2 0
71 22 0.332 2 0
64 52 0.206 2 1
15 70 0.050 2 3
19 15 0.064 2 1
34 30 0.134 2 0
19 15 0.082 2 4
155 100 0.714 2 4
322 10 1.000 2 0
199 15 0.599 2 0
15 52 0.055 2 3
77 30 0.412 2 1
79 15 0.304 2 0
19 22 0.073 2 0
338 40 1.300 2 0
196 22 0.817 2 3
11 40 0.053 2 0
90 52 0.474 2 3
125 70 0.436 2 0
11 5 0.033 2 4
293 100 1.014 2 0
11 10 0.043 2 3
136 15 0.519 2 0
71 100 0.219 2 4
180 40 0.568 2 0
37 22 0.142 2 0
19 10 0.069 2 0
65 52 0.401 2 0
74 5 0.223 2 0
168 52 0.651 2 4
145 40 0.477 2 0
16 100 0.061 2 1
37 52 0.247 2 1
24 15 0.161 2 3
31 15 0.191 2 3
21 40 0.070 2 0
69 52 0.375 2 1
45 10 0.150 2 0
323 22 1.052 2 4
12 40 0.041 2 0
42 100 0.230 2 0
36 15 0.216 2 3
14 30 0.051 2 0
169 10 1.127 2 4
25 100 0.094 2 1
38 15 0.190 2 1
63 30 0.263 2 1
20 22 0.071 2 3
55 15 0.179 2 1
251 22 1.126 2 0
194 15 0.919 2 1
22 52 0.144 2 4
82 30 0.434 2 4
36 22 0.240 2 4
91 10 0.302 2 4
104 40 0.325 2 1
36 15 0.129 2 0
60 52 0.328 2 4
185 100 0.566 2 3
79 40 0.254 2 0
184 52 0.650 2 0
34 52 0.121 2 0
34 22 0.125 2 4
19 40 0.058 2 0
49 100 0.325 2 1
176 22 0.859 2 1
15 22 0.080 2 0
11 70 0.059 2 1
196 40 0.671 2 1
233 22 0.947 2 0
36 40 0.179 2 3
14 10 0.043 2 3
60 30 0.214 2 3
114 22 0.603 2 0
35 70 0.222 2 3
73 5 0.254 2 4
41 30 0.123 2 4
14 70 0.057 2 1
34 5 0.130 2 4
268 70 1.740 2 0
74 100 0.471 2 0
327 15 1.374 2 0
17 100 0.051 2 3
22 22 0.077 2 0
115 40 0.669 2 4
171 15 1.006 2 3
95 10 0.373 2 0
196 40 0.705 2 0
89 10 0.436 2 4
47 15 0.269 2 0
59 52 0.243 2 3
68 22 0.330 2 1
59 15 0.236 2 0
27 40 0.093 2 0
51 5 0.255 2 1
22 40 0.135 2 0
38 10 0.158 2 0
17 15 0.086 2 0
24 22 0.104 2 1
179 100 0.538 2 3
96 22 0.552 2 0
59 52 0.255 2 0
67 22 0.206 2 4
17 5 0.094 2 0
225 30 0.818 2 1
11 40 0.047 2 4
116 10 0.630 2 0
21 5 0.081 2 1
285 30 1.411 2 0
50 100 0.182 2 3
198 10 0.792 2 4
18 15 0.102 2 0
54 100 0.170 2 0
18 40 0.122 2 0
13 15 0.070 2 1
225 15 0.974 2 1
134 100 0.556 2 1
27 5 0.134 2 4
11 52 0.049 2 3
10 30 0.059 2 4
34 22 0.136 2 4
172 30 1.012 2 3
294 5 1.782 2 0
27 70 0.127 2 4
39 22 0.165 2 0
45 40 0.217 2 4
139 52 0.558 2 0
29 40 0.085 2 0
28 52 0.132 2 1
37 5 0.171 2 3
38 40 0.155 2 0
62 100 0.198 2 0
26 15 0.082 2 3
215 10 0.785 2 1
177 52 0.524 2 1
10 10 0.048 2 4
26 10 0.097 2 0
15 5 0.047 2 0
118 5 0.442 2 4
108 15 0.370 2 3
158 15 0.878 2 0
14 10 0.053 2 4
11 10 0.059 2 0
10 15 0.053 2 0
29 5 0.085 2 0
20 22 0.091 2 0
65 40 0.262 2 0
56 22 0.313 2 4
75 5 0.373 2 0
18 40 0.058 2 0
13 100 0.048 2 4
12 10 0.067 2 4
104 40 0.361 2 1
16 22 0.075 2 0
162 5 0.880 2 0
17 70 0.063 2 0
177 70 0.550 2 4
191 30 1.130 2 0
21 100 0.091 2 0
41 70 0.125 2 0
36 15 0.193 2 4
12 22 0.036 2 0
184 5 0.844 2 4
16 40 0.060 2 1
189 22 0.931 2 0
132 30 0.863 2 0
25 22 0.109 2 1
178 30 0.868 2 0
153 40 0.754 2 1
58 100 0.195 2 3
16 10 0.047 2 1
147 52 0.510 2 3
204 22 0.602 2 0
35 100 0.127 2 1
93 100 0.624 2 3
150 52 0.829 2 4
134 5 0.421 2 3
196 5 0.734 2 3
13 40 0.045 2 3
56 100 0.168 2 0
20 52 0.133 2 1
15 22 0.049 2 0
33 30 0.135 2 4
305 40 1.784 2 0
161 40 0.474 2 4
73 22 0.490 2 0
54 70 0.353 2 4
34 5 0.180 2 0
230 22 0.699 2 0
156 22 0.455 2 0
11 30 0.039 2 1
17 100 0.069 2 3
115 52 0.381 2 0
42 100 0.178 2 4
37 22 0.227 2 3
249 40 1.016 2 1
66 100 0.418 2 3
288 10 1.398 2 0
47 40 0.203 2 4
17 10 0.065 2 1
220 40 0.736 2 3
50 30 0.192 2 0
73 22 0.272 2 1
309 22 1.577 2 0
11 5 0.039 2 4
12 70 0.066 2 0
17 52 0.078 2 3
150 10 0.510 2 0
71 40 0.255 2 0
63 30 0.333 2 1
62 100 0.198 2 1
205 5 0.795 2 3
226 22 1.061 2 1
194 5 0.894 2 4
40 5 0.166 2 0
127 5 0.414 2 4
19 5 0.113 2 0
12 15 0.043 2 0
304 5 1.575 2 1
11 10 0.055 2 3
40 15 0.195 2 1
181 15 1.183 2 4
13 52 0.059 2 0
78 22 0.388 2 1
11 22 0.062 2 1
56 100 0.264 2 3
176 40 0.822 2 1
193 15 0.881 2 0
78 22 0.353 2 0
316 15 1.105 2 1
59 30 0.177 2 3
70 15 0.249 2 4
10 52 0.051 2 4
11 15 0.037 2 3
41 52 0.149 2 3
66 52 0.292 2 0
27 100 0.156 2 0
16 52 0.071 2 1
52 5 0.338 2 4
12 5 0.046 2 3
14 30 0.056 2 0
19 22 0.104 2 4
27 52 0.080 2 0
29 15 0.094 2 4
128 52 0.438 2 0
181 70 0.989 2 0
13 10 0.082 2 0
89 10 0.331 2 3
261 70 1.728 2 0
203 15 0.733 2 1
16 70 0.076 2 1
37 5 0.124 2 3
154 22 0.623 2 0
157 15 0.529 2 0
13 30 0.073 2 4
59 100 0.222 2 4
11 22 0.059 2 4
11 30 0.038 2 0
46 40 0.228 2 1
184 15 1.045 2 0
75 30 0.338 2 1
38 15 0.125 2 0
81 5 0.488 2 1
20 5 0.109 2 4
192 70 1.021 2 1
38 52 0.155 2 4
61 52 0.185 2 0
198 22 0.673 2 0
243 5 0.711 2 0
18 22 0.063 2 0
105 22 0.332 2 4
185 15 1.005 2 1
158 10 0.603 2 4
17 52 0.097 2 3
17 100 0.078 2 0
78 5 0.320 2 4
25 15 0.079 2 1
127 52 0.428 2 0
89 40 0.390 2 1
138 40 0.597 2 3
19 100 0.068 2 3
90 52 0.462 2 0
334 22 1.223 2 0
40 40 0.118 2 0
152 5 0.469 2 4
37 100 0.139 2 0
101 5 0.555 2 1
13 70 0.061 2 3
16 70 0.080 2 0
39 100 0.241 2 3
45 10 0.207 2 0
161 15 0.654 2 3
62 22 0.211 2 1
218 70 1.246 2 0
12 30 0.038 2 0
43 100 0.270 2 1
100 30 0.508 2 0
183 52 0.715 2 0
184 40 0.549 2 4
119 22 0.730 2 0
127 100 0.438 2 3
18 40 0.064 2 0
58 70 0.253 2 0
165 15 0.994 2 1
10 15 0.034 2 0
226 100 1.177 2 0
37 40 0.113 2 0
172 52 0.589 2 1
11 5 0.036 2 1
244 10 1.595 2 3
58 100 0.272 2 3
185 40 0.889 2 4
11 40 0.046 2 0
46 70 0.148 2 1
65 5 0.285 2 3
63 70 0.246 2 0
16 30 0.055 2 0
301 15 1.127 2 1
15 30 0.056 2 3
51 70 0.215 2 0
34 30 0.142 2 1
164 70 0.704 2 4
186 10 0.602 2 0
98 10 0.495 2 0
18 5 0.087 2 0
11 52 0.040 2 4
48 22 0.219 2 4
17 5 0.100 2 3
70 52 0.231 2 4
241 30 1.017 2 0
76 70 0.270 2 0
27 70 0.092 2 0
123 30 0.473 2 0
25 70 0.076 2 4
15 5 0.048 2 3
102 40 0.442 2 4
61 15 0.185 2 3
255 70 1.294 2 0
65 100 0.264 2 1
38 15 0.145 2 0
36 5 0.231 2 3
66 52 0.200 2 0
115 52 0.757 2 4
278 100 0.866 2 1
79 30 0.255 2 1
287 10 1.373 2 3
35 100 0.137 2 1
71 15 0.336 2 0
14 30 0.057 2 0
167 100 0.491 2 0
10 40 0.061 2 0
61 70 0.245 2 1
300 40 1.031 2 1
29 40 0.153 2 0
33 40 0.205 2 1
140 100 0.458 2 3
31 30 0.177 2 4
30 40 0.106 2 1
50 40 0.311 2 4
140 30 0.530 2 1
17 70 0.065 2 1
246 5 0.885 2 0
37 100 0.129 2 4
314 52 1.113 2 3
222 22 1.227 2 3
22 70 0.135 2 0
337 52 1.234 2 4
14 5 0.071 2 0
12 40 0.051 2 1
44 22 0.179 2 0
35 100 0.158 2 0
199 10 1.327 2 3
13 40 0.068 2 3
328 15 2.116 2 0
15 70 0.053 2 0
92 40 0.440 2 0
13 100 0.043 2 0
31 22 0.097 2 1
44 5 0.235 2 0
116 30 0.707 2 1
314 40 1.110 2 0
72 22 0.290 2 0
181 5 0.555 2 3
10 10 0.029 2 0
224 70 1.062 2 0
45 30 0.177 2 0
31 22 0.142 2 3
10 100 0.032 2 3
99 52 0.338 2 3
22 10 0.078 2 1
212 5 0.682 2 1
28 100 0.111 2 0
32 10 0.104 2 4
50 100 0.329 2 3
35 10 0.199 2 1
136 70 0.502 2 0
119 100 0.416 2 1
90 52 0.340 2 0
71 22 0.218 2 1
183 100 0.759 2 0
18 15 0.052 2 3
150 52 0.798 2 1
14 52 0.053 2 0
43 40 0.150 2 0
42 100 0.247 2 3
85 15 0.403 2 0
30 70 0.105 2 3
24 10 0.110 2 1
13 15 0.052 2 0
24 100 0.110 2 0
275 22 1.011 2 3
15 70 0.047 2 3
105 30 0.340 2 4
21 15 0.082 2 0
58 10 0.297 2 0
211 10 0.678 2 4
94 15 0.287 2 1
103 22 0.344 2 1
73 10 0.408 2 1
158 5 0.642 2 4
12 15 0.075 2 4
332 30 1.312 2 3
38 10 0.174 2 1
175 100 0.866 2 3
129 70 0.462 2 0
43 100 0.126 2 0
16 40 0.051 2 1
26 10 0.087 2 0
77 40 0.412 2 0
61 22 0.188 2 3
97 15 0.354 2 0
56 100 0.184 2 0
38 40 0.224 2 4
131 5 0.452 2 1
29 30 0.103 2 0
19 40 0.082 2 0
26 15 0.138 2 4
18 22 0.113 2 3
58 52 0.282 2 3
34 22 0.116 2 3
21 5 0.095 2 0
16 100 0.064 2 0
23 70 0.128 2 1
42 70 0.263 2 4
21 52 0.114 2 3
43 100 0.149 2 1
101 40 0.435 2 0
33 30 0.214 2 0
16 40 0.052 2 4
39 40 0.189 2 4
66 15 0.275 2 0
55 52 0.289 2 3
24 40 0.128 2 3
18 70 0.080 2 3
20 52 0.074 2 0
12 70 0.068 2 0
61 70 0.384 2 3
25 100 0.102 2 4
27 70 0.095 2 4
112 30 0.443 2 0
18 52 0.068 2 1
49 15 0.169 2 0
20 70 0.096 2 4
68 5 0.204 2 0
170 100 0.994 2 4
142 15 0.442 2 1
14 40 0.052 2 3
176 30 0.547 2 0
65 52 0.266 2 0
34 52 0.128 2 0
24 30 0.152 2 0
55 40 0.248 2 1
40 40 0.165 2 4
69 5 0.445 2 0
19 100 0.123 2 4
43 5 0.281 2 3
35 70 0.207 2 4
139 30 0.422 2 4
38 10 0.146 2 0
59 40 0.351 2 0
47 100 0.173 2 1
131 15 0.508 2 4
61 15 0.195 2 0
258 5 0.830 2 0
11 30 0.041 2 3
20 30 0.092 2 0
17 30 0.104 2 1
15 52 0.051 2 0
15 22 0.091 2 0
61 52 0.240 2 3
12 100 0.071 2 4
16 100 0.093 2 1
76 100 0.288 2 3
18 10 0.071 2 3
18 100 0.087 2 4
260 10 1.461 2 0
147 52 0.948 2 3
13 15 0.051 2 3
206 100 0.789 2 0
50 30 0.207 2 0
24 5 0.074 2 3
15 30 0.070 2 0
44 40 0.138 2 0
126 5 0.419 2 1
23 22 0.086 2 4
34 30 0.127 2 3
37 22 0.203 2 0
199 100 0.762 2 3
57 100 0.285 2 0
37 52 0.134 2 0
11 5 0.059 2 4
33 70 0.146 2 0
19 100 0.117 2 0
142 15 0.830 2 0
74 10 0.271 2 1
52 70 0.304 2 0
147 22 0.766 2 0
60 52 0.335 2 0
260 22 1.156 2 1
278 5 1.086 2 1
13 40 0.052 2 0
36 52 0.118 2 3
26 15 0.097 2 1
38 15 0.151 2 4
78 10 0.510 2 4
35 10 0.210 2 3
18 52 0.110 2 0
27 70 0.178 2 4
16 40 0.058 2 4
32 5 0.101 2 0
241 10 0.996 2 0
24 15 0.114 2 4
20 15 0.071 2 3
19 5 0.060 2 3
22 10 0.138 2 3
14 22 0.077 2 0
36 40 0.129 2 1
329 22 1.015 2 4
19 30 0.060 2 0
51 52 0.187 2 0
16 70 0.062 2 1
187 30 0.782 2 0
72 15 0.265 2 1
18 22 0.090 2 3
36 52 0.107 2 0
13 40 0.076 2 0
27 70 0.104 2 1
128 22 0.457 2 4
28 70 0.091 2 3
11 10 0.032 2 3
14 10 0.049 2 1
18 15 0.065 2 3
127 5 0.518 2 0
11 70 0.048 2 4
23 15 0.108 2 0
70 100 0.214 2 0
64 15 0.235 2 1
22 5 0.073 2 0
11 100 0.067 2 1
18 52 0.061 2 4
301 30 0.941 2 3
55 40 0.235 2 4
94 40 0.500 2 3
79 100 0.275 3 0
14 5 0.043 3 0
28 52 0.133 3 0
14 5 0.064 3 2
11 70 0.053 3 2
185 52 0.898 3 2
47 30 0.187 3 2
10 10 0.037 3 0
338 30 1.565 3 1
52 30 0.160 3 0
12 40 0.038 3 4
170 10 0.572 3 0
42 100 0.203 3 4
49 30 0.312 3 1
145 40 0.471 3 0
89 30 0.285 3 1
328 100 1.012 3 0
134 40 0.827 3 1
29 40 0.137 3 2
319 70 1.111 3 4
26 5 0.131 3 2
23 30 0.111 3 4
57 30 0.227 3 0
11 15 0.042 3 2
260 30 0.793 3 1
11 22 0.055 3 4
132 30 0.562 3 1
47 40 0.281 3 0
32 5 0.104 3 0
60 100 0.306 3 0
11 15 0.068 3 4
184 70 0.597 3 1
179 70 0.561 3 4
61 52 0.226 3 4
16 10 0.096 3 2
28 52 0.109 3 0
153 100 0.462 3 4
105 70 0.449 3 2
164 70 1.019 3 0
38 70 0.113 3 0
63 30 0.184 3 2
19 70 0.087 3 2
56 22 0.211 3 4
167 40 0.732 3 1
17 40 0.063 3 0
14 40 0.046 3 1
25 40 0.091 3 0
136 5 0.525 3 0
14 52 0.089 3 0
37 100 0.201 3 1
21 30 0.102 3 0
63 52 0.404 3 0
15 52 0.055 3 0
33 15 0.192 3 0
11 22 0.034 3 4
34 10 0.140 3 0
19 52 0.115 3 0
134 22 0.450 3 4
69 22 0.257 3 0
98 22 0.337 3 4
21 15 0.064 3 2
16 100 0.056 3 0
99 22 0.600 3 1
104 5 0.322 3 1
207 10 1.225 3 2
83 5 0.289 3 1
121 5 0.402 3 0
135 15 0.692 3 4
96 10 0.615 3 1
10 15 0.060 3 0
199 70 0.921 3 0
154 22 0.730 3 4
25 100 0.098 3 0
161 30 0.890 3 0
172 52 0.568 3 0
26 100 0.145 3 4
108 40 0.454 3 0
72 40 0.245 3 0
26 30 0.132 3 4
48 15 0.224 3 0
12 30 0.065 3 0
13 70 0.085 3 1
50 100 0.273 3 4
157 70 0.581 3 4
17 40 0.078 3 0
38 22 0.169 3 4
66 5 0.437 3 0
10 70 0.031 3 0
10 70 0.036 3 0
45 30 0.154 3 2
106 100 0.381 3 4
211 10 0.754 3 0
128 5 0.516 3 2
14 15 0.053 3 0
250 15 1.055 3 1
17 30 0.054 3 1
10 70 0.037 3 2
11 40 0.032 3 4
272 30 1.054 3 1
27 52 0.090 3 1
17 30 0.097 3 0
64 5 0.400 3 1
34 15 0.111 3 2
64 52 0.244 3 0
19 30 0.075 3 2
46 100 0.241 3 4
16 40 0.103 3 0
78 52 0.270 3 0
32 15 0.153 3 1
67 70 0.238 3 0
18 10 0.122 3 0
32 10 0.169 3 0
112 100 0.546 3 0
39 70 0.145 3 0
13 15 0.054 3 0
31 15 0.130 3 4
22 70 0.070 3 2
19 40 0.096 3 0
179 10 0.909 3 2
55 30 0.194 3 0
25 30 0.079 3 2
37 22 0.108 3 1
14 30 0.052 3 1
35 30 0.217 3 4
39 10 0.232 3 0
17 15 0.088 3 2
55 100 0.250 3 1
74 100 0.252 3 1
35 22 0.146 3 0
29 40 0.088 3 1
15 40 0.056 3 0
240 30 1.182 3 2
15 10 0.056 3 2
17 70 0.076 3 0
28 22 0.167 3 2
54 52 0.173 3 0
11 22 0.048 3 1
171 40 0.507 3 4
50 10 0.259 3 0
86 10 0.387 3 0
52 40 0.211 3 1
56 15 0.262 3 1
65 100 0.259 3 4
38 15 0.126 3 0
22 5 0.144 3 0
81 100 0.268 3 0
12 70 0.044 3 1
132 5 0.398 3 0
69 40 0.255 3 2
68 10 0.447 3 0
159 10 0.602 3 2
81 15 0.500 3 4
40 100 0.186 3 4
13 70 0.085 3 0
100 10 0.339 3 0
19 5 0.067 3 2
15 5 0.081 3 4
12 100 0.061 3 2
25 52 0.102 3 1
14 52 0.085 3 2
26 22 0.160 3 2
101 10 0.380 3 4
35 30 0.167 3 2
184 5 0.889 3 2
31 40 0.150 3 4
37 5 0.157 3 4
15 22 0.057 3 0
12 15 0.069 3 4
294 40 1.922 3 4
52 15 0.155 3 0
118 10 0.509 3 0
71 10 0.390 3 4
16 30 0.052 3 4
12 30 0.037 3 4
14 22 0.042 3 0
12 5 0.047 3 1
159 10 0.503 3 1
37 5 0.124 3 4
107 22 0.314 3 0
23 70 0.078 3 4
304 10 0.974 3 0
180 52 0.800 3 0
45 10 0.227 3 2
27 10 0.086 3 4
73 15 0.308 3 0
38 5 0.172 3 0
49 15 0.201 3 4
71 5 0.215 3 4
29 100 0.111 3 4
147 30 0.595 3 0
50 40 0.207 3 0
106 52 0.646 3 4
32 52 0.122 3 0
215 22 0.760 3 4
10 15 0.032 3 4
79 22 0.266 3 1
13 10 0.070 3 1
73 100 0.324 3 0
29 10 0.121 3 0
145 70 0.560 3 2
13 15 0.059 3 1
20 5 0.086 3 2
81 100 0.405 3 2
42 22 0.226 3 0
12 5 0.059 3 4
164 15 0.739 3 2
16 100 0.093 3 2
177 40 0.617 3 2
13 30 0.060 3 1
228 10 0.800 3 2
13 15 0.078 3 4
59 30 0.261 3 2
17 10 0.061 3 1
61 5 0.229 3 2
25 15 0.076 3 4
121 15 0.360 3 1
169 5 1.043 3 2
17 70 0.062 3 1
14 15 0.042 3 2
22 15 0.075 3 0
25 100 0.106 3 1
10 70 0.057 3 0
205 10 0.915 3 1
24 22 0.128 3 0
30 40 0.118 3 2
269 52 1.671 3 0
38 52 0.196 3 0
50 30 0.208 3 0
25 10 0.087 3 1
11 10 0.053 3 4
137 15 0.787 3 0
12 5 0.074 3 0
13 15 0.054 3 4
103 15 0.545 3 0
181 100 1.104 3 0
12 30 0.046 3 1
13 100 0.049 3 2
29 10 0.177 3 0
41 40 0.241 3 4
61 10 0.251 3 0
16 22 0.062 3 1
145 52 0.541 3 4
35 10 0.164 3 4
30 10 0.102 3 0
152 70 0.598 3 4
12 70 0.043 3 4
61 100 0.247 3 0
19 52 0.110 3 2
75 22 0.304 3 2
13 15 0.061 3 1
56 100 0.341 3 4
164 22 0.824 3 0
183 22 0.649 3 1
24 52 0.131 3 1
33 70 0.213 3 0
108 100 0.543 3 4
295 5 0.970 3 2
27 22 0.085 3 2
191 10 0.670 3 1
261 100 0.781 3 4
72 22 0.246 3 4
91 10 0.373 3 0
75 30 0.463 3 0
20 10 0.058 3 1
161 10 0.471 3 1
71 52 0.212 3 1
13 22 0.049 3 2
189 5 0.863 3 0
160 10 0.702 3 4
27 52 0.122 3 2
81 52 0.236 3 4
14 30 0.057 3 4
61 40 0.235 3 2
64 52 0.330 3 4
198 22 0.639 3 0
226 15 0.700 3 4
284 10 1.068 3 1
78 100 0.316 3 4
146 22 0.598 3 1
187 10 0.668 3 1
56 10 0.199 3 4
88 30 0.284 3 0
64 10 0.213 3 0
150 100 0.781 3 2
158 30 0.470 3 1
17 22 0.052 3 0
169 40 0.535 3 4
18 5 0.081 3 0
167 15 0.759 3 0
181 30 0.707 3 0
34 40 0.103 3 0
118 15 0.559 3 0
62 15 0.365 3 0
217 30 0.636 3 0
85 15 0.497 3 1
27 15 0.148 3 4
12 5 0.037 3 4
10 22 0.040 3 2
11 70 0.056 3 1
12 10 0.043 3 0
141 100 0.473 3 1
16 100 0.079 3 4
13 100 0.039 3 2
124 52 0.510 3 0
29 15 0.128 3 1
14 22 0.045 3 1
25 22 0.168 3 4
59 52 0.236 3 0
15 52 0.045 3 2
82 100 0.371 3 4
61 70 0.189 3 2
74 22 0.315 3 4
182 30 0.569 3 4
107 5 0.335 3 0
106 30 0.688 3 1
68 40 0.258 3 1
11 30 0.048 3 0
23 30 0.100 3 4
16 10 0.057 3 4
305 30 1.794 3 1
17 70 0.076 3 1
74 10 0.379 3 0
28 70 0.092 3 2
23 70 0.077 3 4
59 15 0.376 3 1
22 100 0.144 3 4
30 15 0.095 3 0
129 30 0.558 3 0
14 40 0.068 3 1
31 40 0.097 3 4
149 10 0.629 3 0
173 70 0.779 3 0
17 10 0.054 3 1
53 15 0.179 3 0
176 52 0.838 3 4
223 22 0.949 3 2
74 70 0.275 3 1
75 22 0.342 3 2
12 22 0.070 3 2
15 52 0.056 3 2
296 40 1.113 3 2
72 70 0.436 3 4
16 30 0.061 3 0
186 10 0.732 3 2
25 5 0.092 3 0
31 40 0.097 3 4
15 70 0.044 3 0
64 70 0.350 3 0
94 40 0.333 3 0
24 22 0.085 3 2
22 70 0.072 3 1
12 10 0.075 3 2
18 15 0.084 3 0
63 52 0.186 3 4
75 5 0.290 3 2
215 100 0.808 3 4
41 22 0.164 3 4
72 100 0.238 3 0
118 22 0.405 3 4
43 100 0.244 3 1
18 5 0.075 3 1
17 30 0.064 3 0
40 15 0.125 3 0
28 52 0.092 3 4
186 70 0.596 3 0
12 40 0.042 3 4
63 100 0.215 3 2
52 22 0.152 3 0
139 15 0.644 3 4
30 30 0.172 3 0
187 10 0.989 3 1
50 52 0.176 3 1
66 5 0.369 3 0
54 22 0.335 3 0
59 15 0.314 3 1
16 100 0.061 3 4
35 52 0.119 3 4
30 30 0.179 3 4
16 100 0.100 3 1
46 10 0.269 3 2
305 70 1.773 3 4
19 5 0.075 3 4
45 22 0.208 3 1
333 52 1.376 3 1
73 70 0.213 3 1
15 40 0.079 3 1
39 30 0.120 3 1
164 70 1.093 3 2
10 5 0.036 3 1
46 40 0.246 3 4
13 22 0.075 3 4
30 100 0.137 3 2
137 22 0.515 3 2
233 15 1.294 3 1
48 10 0.209 3 2
105 52 0.441 3 4
199 30 0.836 3 1
215 22 1.327 3 1
13 5 0.048 3 0
86 30 0.254 3 0
23 40 0.139 3 2
60 30 0.214 3 4
21 22 0.128 3 0
59 5 0.221 3 2
331 30 1.576 3 1
57 70 0.180 3 4
113 22 0.743 3 1
10 40 0.062 3 1
85 10 0.256 3 4
91 40 0.353 3 4
55 22 0.335 3 4
12 30 0.040 3 1
44 40 0.187 3 2
301 52 1.071 3 4
175 15 0.663 3 4
64 10 0.358 3 1
20 100 0.117 3 0
30 10 0.101 3 4
247 70 0.740 3 4
48 70 0.261 3 4
69 70 0.255 3 4
140 30 0.722 3 1
14 30 0.056 3 1
24 22 0.108 3 0
16 30 0.063 3 4
144 22 0.491 3 1
49 5 0.194 3 0
269 5 1.072 3 1
14 100 0.045 3 0
326 10 1.436 3 0
69 52 0.304 3 0
32 30 0.104 3 0
110 22 0.601 3 0
25 15 0.074 3 4
23 5 0.106 3 0
316 52 1.043 3 4
10 30 0.063 3 4
92 5 0.418 3 0
128 40 0.790 3 1
57 10 0.328 3 0
155 5 0.721 3 0
191 5 0.572 3 2
65 52 0.333 3 2
12 15 0.041 3 0
33 10 0.135 3 0
12 40 0.067 3 1
68 100 0.417 3 2
22 70 0.072 3 1
70 10 0.297 3 4
190 10 0.583 3 1
27 40 0.119 3 4
15 70 0.051 3 4
122 40 0.386 3 2
201 100 0.731 3 4
216 100 0.747 3 2
33 40 0.103 3 2
15 10 0.051 3 1
170 70 0.846 3 0
76 30 0.247 3 0
187 52 0.550 3 1
91 10 0.343 3 1
27 100 0.096 3 4
71 100 0.234 3 4
62 30 0.184 3 2
14 100 0.048 3 0
56 10 0.171 3 1
26 40 0.077 3 4
58 70 0.173 3 4
138 30 0.841 3 1
62 100 0.194 3 1
19 10 0.090 3 0
10 100 0.037 3 1
22 52 0.134 3 1
38 30 0.257 3 2
65 52 0.199 3 2
22 5 0.089 3 1
18 40 0.070 3 1
17 30 0.110 3 4
189 10 0.753 3 4
29 52 0.141 3 0
130 40 0.640 3 0
68 22 0.207 3 0
27 15 0.167 3 0
48 30 0.300 3 1
167 30 0.493 3 2
13 52 0.057 3 0
17 52 0.099 3 4
78 10 0.503 3 0
19 40 0.086 3 0
19 100 0.113 3 4
42 15 0.127 3 0
57 40 0.286 3 0
12 30 0.052 3 2
93 100 0.449 3 2
174 40 0.530 3 1
172 22 0.539 3 0
73 22 0.291 3 2
76 40 0.360 3 2
64 40 0.193 3 2
20 100 0.079 3 2
327 30 1.097 3 1
62 15 0.203 3 4
24 52 0.107 3 4
60 10 0.290 3 0
293 70 1.495 3 0
23 5 0.087 3 1
37 5 0.243 3 0
67 30 0.233 3 0
74 52 0.260 3 2
117 5 0.419 3 4
19 5 0.114 3 0
19 15 0.079 3 2
182 22 0.669 3 2
38 100 0.244 3 4
17 30 0.090 3 1
34 52 0.128 3 4
12 40 0.067 3 0
26 5 0.112 3 0
144 30 0.900 3 4
41 30 0.141 3 4
18 100 0.053 3 4
74 15 0.272 3 2
16 5 0.061 3 2
100 15 0.524 3 4
241 30 0.772 3 1
43 70 0.167 3 2
13 10 0.054 3 0
79 5 0.242 3 4
257 15 1.168 3 1
48 30 0.156 3 0
130 70 0.563 3 2
18 10 0.069 3 1
18 15 0.056 3 4
209 10 0.670 3 4
159 100 0.476 3 0
70 5 0.292 3 4
74 5 0.319 3 2
34 5 0.121 3 2
46 22 0.279 3 0
19 5 0.086 3 1
105 52 0.477 3 0
69 22 0.230 3 2
12 10 0.053 3 0
111 30 0.344 3 1
69 22 0.249 3 2
78 100 0.302 3 4
89 70 0.392 3 0
16 15 0.055 3 0
164 5 0.488 3 2
12 70 0.047 3 0
12 15 0.056 3 2
12 70 0.053 3 2
14 70 0.045 3 2
29 52 0.088 3 2
19 10 0.077 3 0
11 70 0.070 3 1
103 30 0.632 3 0
27 70 0.156 3 2
15 100 0.090 3 2
198 5 1.172 3 0
51 5 0.224 3 0
79 22 0.257 3 0
276 10 1.091 3 4
41 52 0.127 3 0
39 22 0.134 3 2
11 70 0.059 3 1
14 40 0.078 3 0
26 52 0.165 3 2
144 52 0.447 3 0
15 40 0.048 3 2
276 15 0.817 3 0
15 5 0.052 3 1
231 52 1.216 3 0
43 100 0.253 3 4
322 52 1.077 3 0
78 40 0.380 3 2
241 15 1.000 3 1
12 100 0.052 3 2
35 40 0.188 3 0
59 10 0.260 3 4
128 40 0.627 3 0
56 70 0.231 3 0
31 5 0.104 3 0
13 70 0.047 3 2
205 70 0.700 3 0
48 10 0.150 3 4
42 22 0.273 3 0
11 22 0.033 3 0
12 52 0.038 3 2
48 22 0.179 3 2
93 22 0.336 3 4
25 100 0.074 3 0
18 52 0.055 3 4
36 22 0.123 3 2
143 22 0.466 3 0
61 52 0.351 3 0
150 40 0.439 3 1
10 22 0.045 3 2
12 30 0.041 3 0
29 52 0.086 3 0
36 5 0.159 3 0
271 10 1.054 3 0
80 30 0.374 3 0
22 10 0.109 3 4
46 15 0.170 3 1
26 15 0.079 3 2
22 70 0.129 3 4
18 10 0.095 3 0
27 70 0.175 3 0
73 10 0.244 3 4
19 52 0.092 3 0
18 40 0.059 3 0
133 5 0.679 3 4
100 15 0.599 3 4
31 10 0.148 3 0
284 10 0.979 3 0
25 10 0.099 3 0
66 15 0.232 3 4
16 52 0.098 3 0
23 15 0.079 3 0
58 30 0.333 3 4
38 52 0.119 3 0
136 5 0.610 3 0
16 22 0.068 3 2
20 40 0.115 3 0
45 22 0.147 3 1
141 5 0.555 3 0
62 15 0.229 3 1
55 40 0.169 3 4
27 70 0.127 3 4
79 5 0.436 3 2
12 100 0.044 3 0
115 40 0.372 3 1
13 40 0.062 3 0
10 70 0.053 3 0
14 10 0.070 3 0
29 10 0.157 3 0
143 40 0.469 3 4
56 40 0.311 3 0
42 100 0.139 3 4
31 70 0.092 3 0
117 10 0.450 3 0
57 40 0.196 3 0
10 100 0.032 3 4
104 22 0.454 3 2
177 30 0.668 3 0
127 22 0.464 3 1
57 22 0.343 3 1
46 40 0.225 3 2
36 30 0.206 3 0
156 10 0.667 3 4
127 15 0.770 3 0
111 5 0.610 3 0
31 52 0.095 3 0
63 22 0.373 3 0
12 10 0.054 3 2
35 70 0.222 3 0
17 5 0.079 3 0
62 22 0.194 3 4
300 40 1.500 3 1
69 52 0.337 3 1
12 52 0.036 3 2
14 52 0.070 3 0
18 22 0.055 3 1
17 52 0.071 3 0
39 5 0.264 3 4
57 40 0.328 3 4
92 30 0.292 3 0
25 52 0.153 3 4
28 10 0.167 3 2
18 15 0.056 3 1
77 30 0.397 3 0
19 40 0.063 3 4
39 40 0.128 3 1
10 10 0.039 3 4
51 5 0.162 3 0
26 15 0.077 3 1
16 5 0.051 3 1
30 70 0.114 3 0
10 5 0.063 3 2
195 15 0.911 3 0
11 70 0.039 3 1
36 52 0.237 3 4
267 5 1.580 3 0
15 40 0.090 3 2
214 22 0.748 3 4
140 100 0.940 3 0
18 5 0.105 3 0
72 52 0.393 3 4
54 22 0.211 3 0
111 100 0.356 3 1
104 5 0.598 3 0
291 10 0.964 3 1
39 70 0.252 3 1
63 30 0.423 3 1
55 52 0.247 3 1
43 70 0.178 3 1
92 22 0.312 3 2
257 22 0.941 3 0
92 52 0.371 3 1
37 10 0.109 3 2
11 22 0.038 3 1
61 70 0.324 3 0
24 30 0.161 3 0
25 30 0.092 3 0
25 15 0.093 3 1
39 5 0.264 3 2
56 10 0.164 3 1
50 100 0.294 3 0
245 40 1.400 3 4
13 10 0.042 3 0
44 30 0.246 3 2
12 30 0.059 3 1
58 52 0.193 3 1
14 22 0.043 3 0
35 5 0.119 3 1
27 30 0.149 3 0
78 22 0.273 3 0
42 40 0.125 3 1
91 40 0.308 3 0
19 30 0.061 3 2
21 10 0.065 3 1
22 5 0.120 3 1
188 52 0.635 3 4
317 70 1.039 3 1
15 5 0.048 3 0
76 70 0.275 3 1
255 10 1.314 3 0
186 22 0.735 3 2
21 100 0.101 3 2
32 40 0.216 3 2
21 100 0.126 3 1
29 10 0.150 3 0
77 5 0.395 3 1
14 5 0.041 3 1
34 5 0.150 3 4
50 22 0.275 3 0
37 22 0.236 3 1
22 70 0.065 3 2
54 40 0.283 3 0
17 52 0.102 3 4
26 15 0.096 3 0
121 5 0.508 3 1
57 100 0.174 3 1
110 5 0.389 3 0
18 15 0.061 3 4
22 10 0.129 3 0
117 15 0.379 3 0
111 22 0.359 3 1
313 10 1.138 3 0
36 70 0.122 3 4
75 52 0.344 3 0
59 52 0.284 3 0
38 22 0.121 3 4
13 70 0.047 3 4
31 70 0.183 3 1
137 100 0.787 3 1
152 52 0.512 3 0
194 30 1.043 3 1
204 52 0.673 3 0
55 22 0.329 3 1
40 100 0.227 3 0
14 40 0.078 3 2
155 15 0.508 3 0
36 70 0.186 3 4
14 70 0.064 3 0
12 5 0.049 3 4
65 10 0.198 3 0
119 30 0.643 3 0
66 40 0.229 3 0
147 5 0.452 3 4
38 40 0.239 3 1
69 30 0.329 3 1
181 15 0.887 3 2
189 70 0.797 3 1
73 40 0.271 3 0
17 40 0.087 3 0
197 30 1.037 3 4
58 22 0.221 3 2
24 5 0.110 3 2
22 52 0.128 3 1
40 100 0.152 3 0
143 70 0.552 3 2
46 30 0.139 3 0
131 100 0.384 3 4
22 100 0.067 3 1
42 100 0.126 3 0
163 5 1.025 3 2
14 52 0.056 3 2
10 22 0.036 3 1
116 70 0.586 3 0
11 5 0.051 3 4
76 22 0.270 3 2
168 10 0.848 3 0
53 30 0.208 3 1
123 70 0.804 3 2
17 70 0.053 3 2
195 100 1.250 3 4
214 15 0.656 3 2
303 22 1.471 3 0
195 15 0.666 3 2
109 70 0.562 3 2
43 5 0.172 3 2
18 10 0.091 3 4
39 40 0.222 3 4
61 22 0.310 3 0
279 30 1.508 3 0
15 40 0.052 3 2
11 30 0.035 3 0
18 52 0.064 3 1
12 5 0.049 3 4
95 15 0.556 3 1
14 52 0.078 3 2
28 52 0.135 3 2
14 15 0.067 3 1
46 52 0.135 3 0
15 70 0.082 3 0
57 30 0.235 3 0
89 100 0.279 3 2
16 22 0.050 3 1
32 22 0.105 3 0
18 15 0.079 3 1
47 30 0.138 3 0
35 100 0.105 3 0
62 5 0.405 3 0
32 30 0.113 3 0
18 15 0.068 3 0
146 100 0.476 3 0
66 22 0.193 3 0
199 30 1.268 3 4
13 70 0.065 3 2
18 15 0.079 3 1
33 30 0.098 3 0
35 100 0.144 3 1
19 22 0.066 3 0
190 30 0.562 3 1
31 22 0.097 3 1
13 52 0.082 3 1
65 30 0.204 3 2
15 10 0.099 3 0
128 30 0.842 3 4
78 100 0.312 3 0
37 100 0.231 3 2
42 15 0.219 3 4
14 5 0.073 3 0
37 10 0.127 3 0
14 70 0.044 3 1
171 52 0.770 3 2
20 5 0.096 3 0
79 5 0.369 3 0
49 30 0.214 3 4
148 30 0.607 3 2
10 40 0.034 3 0
95 30 0.365 3 0
19 22 0.056 3 2
16 100 0.051 3 4
175 70 0.694 3 4
155 15 0.531 3 0
122 70 0.670 3 0
30 52 0.136 3 2
52 52 0.180 3 0
38 22 0.128 3 4
15 22 0.062 3 1
23 70 0.088 3 0
24 10 0.078 3 0
31 52 0.124 3 0
14 15 0.060 3 2
175 100 0.557 3 1
114 70 0.573 3 2
48 40 0.180 3 4
63 40 0.251 3 0
156 100 0.902 3 0
32 70 0.159 3 4
63 5 0.352 3 4
218 22 1.363 3 1
12 30 0.056 3 0
39 100 0.188 3 1
75 30 0.231 3 4
13 30 0.041 3 2
34 10 0.128 3 0
113 70 0.380 3 4
91 15 0.464 3 4
49 10 0.182 3 4
65 52 0.349 3 0
53 15 0.233 3 0
66 70 0.440 3 0
21 5 0.063 3 1
71 5 0.397 3 4
20 10 0.070 3 2
24 52 0.124 3 1
16 100 0.094 3 0
17 100 0.052 3 1
67 40 0.218 3 4
289 15 1.219 3 0
10 40 0.054 3 0
122 10 0.619 3 1
48 40 0.214 3 0
38 100 0.144 3 1
64 70 0.290 3 0
47 70 0.171 3 1
139 52 0.441 3 0
44 30 0.201 3 1
110 5 0.430 3 4
75 30 0.478 3 0
43 5 0.139 3 1
60 100 0.337 3 0
17 70 0.069 3 0
103 10 0.486 3 4
26 5 0.091 3 4
31 100 0.101 3 4
63 15 0.272 3 2
78 5 0.240 3 0
169 5 0.918 3 0
255 52 1.509 3 2
258 22 0.872 3 1
28 10 0.104 3 4
32 40 0.105 3 2
77 100 0.399 3 1
61 22 0.208 3 0
17 22 0.056 3 0
86 30 0.297 3 1
79 10 0.232 3 4
29 15 0.133 3 0
17 70 0.098 3 0
18 30 0.052 3 4
16 22 0.059 3 1
39 22 0.131 3 0
32 40 0.159 3 1
110 70 0.512 3 4
33 22 0.106 3 2
112 30 0.346 3 0
243 10 0.935 3 1
12 10 0.048 3 0
11 40 0.046 3 0
14 5 0.047 3 0
32 15 0.131 3 0
199 30 0.757 3 2
30 15 0.140 3 2
61 10 0.179 3 0
88 100 0.346 3 4
24 40 0.133 3 2
10 22 0.034 3 4
24 22 0.121 3 2
65 40 0.197 3 4
66 100 0.246 3 0
11 22 0.033 3 2
13 10 0.048 3 4
14 100 0.056 3 4
112 15 0.409 3 1
58 52 0.236 3 1
184 70 0.559 3 1
22 100 0.087 3 4
52 40 0.153 3 4
146 30 0.547 3 0
331 5 1.680 3 0
25 22 0.079 3 4
32 30 0.096 3 0
60 100 0.261 3 0
135 100 0.474 3 0
19 22 0.120 3 4
12 15 0.066 3 1
30 22 0.120 3 4
215 5 0.662 3 0
184 15 0.911 3 0
234 15 0.770 3 4
83 40 0.295 3 2
259 5 1.295 3 0
64 5 0.247 3 4
168 100 0.636 3 1
332 22 1.149 3 0
55 10 0.210 3 0
62 52 0.282 3 0
196 22 0.729 3 0
47 52 0.173 3 4
162 15 0.533 3 1
63 30 0.211 3 2
143 30 0.436 3 0
177 30 0.530 3 0
57 10 0.193 3 0
31 10 0.190 3 1
29 52 0.131 3 2
38 100 0.173 3 2
14 52 0.045 3 4
19 100 0.075 3 0
213 52 1.049 3 0
70 52 0.414 3 0
188 100 0.565 3 1
91 52 0.368 3 4
120 22 0.632 3 2
21 5 0.128 3 0
11 30 0.073 3 1
76 40 0.384 3 2
14 52 0.062 3 1
77 52 0.232 3 1
20 10 0.076 3 4
127 15 0.477 3 1
186 70 0.657 3 1
201 30 0.670 3 2
36 40 0.161 3 2
37 15 0.231 3 2
24 10 0.099 3 4
17 22 0.078 3 1
14 40 0.089 3 4
165 70 0.650 3 0
89 40 0.266 3 1
190 15 0.896 3 0
19 22 0.084 3 0
17 15 0.104 3 4
61 52 0.280 3 0
114 52 0.375 3 4
33 30 0.127 3 1
15 30 0.082 3 4
245 15 0.833 3 1
156 10 0.857 3 1
40 30 0.152 3 2
15 40 0.060 3 4
17 100 0.113 3 0
11 40 0.045 3 1
62 5 0.298 3 2
17 52 0.050 3 2
36 15 0.145 3 0
195 40 0.852 3 1
43 15 0.161 3 4
138 52 0.847 3 4
11 15 0.066 3 1
26 5 0.138 3 0
34 15 0.193 3 0
13 40 0.042 3 1
145 52 0.453 3 0
10 15 0.048 3 4
10 40 0.044 3 2
10 70 0.036 3 0
19 52 0.082 3 1
135 30 0.619 3 1
176 30 0.649 3 0
52 40 0.272 3 4
50 100 0.148 3 2
18 40 0.054 3 0
193 100 1.055 3 1
69 30 0.466 3 0
79 15 0.359 3 2
280 52 1.806 3 0
17 100 0.112 3 0
136 30 0.786 3 2
26 15 0.166 3 1
53 30 0.170 3 4
15 100 0.059 3 1
119 52 0.536 3 4
44 10 0.153 3 2
42 22 0.251 3 0
18 10 0.060 3 0
38 40 0.184 3 4
129 30 0.498 3 0
229 5 1.487 3 0
105 10 0.309 3 2
12 15 0.059 3 4
12 40 0.050 3 0
37 5 0.110 3 2
93 40 0.356 3 0
57 22 0.181 3 2
16 15 0.096 3 0
60 15 0.333 3 0
12 22 0.056 3 1
22 100 0.124 3 2
68 15 0.349 3 0
54 40 0.159 3 1
92 15 0.575 3 2
89 100 0.578 3 4
59 22 0.180 3 1
12 70 0.041 3 1
239 100 1.328 3 2
13 22 0.050 3 0
37 22 0.234 3 4
66 15 0.330 3 0
57 10 0.285 3 0
16 40 0.052 3 1
195 22 0.837 3 0
87 52 0.326 3 2
294 10 1.028 3 2
17 10 0.052 3 2
24 52 0.073 3 1
11 70 0.034 3 4
51 40 0.205 3 2
46 70 0.289 3 0
37 30 0.145 3 0
134 52 0.798 3 0
59 52 0.376 3 4
154 40 0.981 4 2
61 52 0.394 4 0
19 10 0.073 4 3
90 40 0.552 4 3
153 22 0.962 4 0
72 30 0.304 4 0
117 40 0.478 4 0
64 30 0.203 4 0
47 100 0.292 4 3
333 30 1.521 4 1
68 5 0.315 4 0
176 10 0.672 4 0
31 40 0.201 4 1
12 10 0.051 4 3
11 10 0.043 4 1
36 22 0.156 4 0
25 10 0.111 4 0
188 100 0.800 4 0
15 40 0.062 4 2
38 40 0.158 4 0
15 70 0.045 4 2
56 30 0.226 4 3
29 52 0.151 4 3
11 40 0.036 4 1
14 52 0.056 4 0
16 52 0.063 4 0
36 22 0.211 4 0
15 5 0.084 4 0
65 30 0.230 4 3
141 100 0.887 4 1
15 10 0.074 4 0
161 70 0.706 4 2
63 15 0.350 4 0
17 52 0.055 4 3
45 30 0.187 4 3
178 22 0.685 4 0
16 70 0.062 4 0
20 100 0.077 4 0
36 30 0.127 4 1
14 70 0.091 4 0
74 22 0.404 4 0
18 52 0.056 4 0
23 40 0.097 4 0
235 30 0.758 4 0
50 70 0.163 4 3
27 30 0.082 4 2
16 40 0.094 4 0
201 40 0.615 4 2
46 22 0.258 4 2
330 70 2.037 4 3
67 15 0.411 4 2
17 52 0.050 4 2
16 30 0.103 4 2
84 30 0.313 4 1
39 70 0.177 4 3
162 10 0.614 4 3
139 40 0.432 4 3
177 30 0.927 4 0
54 22 0.244 4 0
14 10 0.052 4 1
244 52 0.884 4 0
34 40 0.176 4 1
13 52 0.050 4 2
69 5 0.283 4 3
277 15 0.949 4 0
60 22 0.210 4 2
88 70 0.506 4 1
36 40 0.153 4 1
189 10 0.756 4 3
263 100 1.195 4 0
134 100 0.740 4 3
146 30 0.469 4 1
27 52 0.105 4 0
13 5 0.066 4 0
27 70 0.081 4 1
166 15 0.818 4 1
229 15 0.744 4 0
312 22 1.803 4 0
45 52 0.154 4 2
86 22 0.352 4 3
71 30 0.250 4 2
259 30 1.061 4 3
125 52 0.607 4 2
189 40 0.791 4 1
31 70 0.093 4 0
19 10 0.107 4 1
113 10 0.386 4 2
49 22 0.144 4 3
177 30 0.973 4 0
37 40 0.174 4 3
14 52 0.092 4 0
18 40 0.068 4 0
170 100 0.664 4 3
131 30 0.492 4 2
71 100 0.384 4 0
162 30 0.764 4 0
90 10 0.331 4 1
108 10 0.408 4 1
198 5 0.952 4 3
10 70 0.054 4 2
17 15 0.052 4 0
313 52 0.966 4 0
171 5 0.624 4 2
133 10 0.616 4 3
118 100 0.356 4 2
17 100 0.078 4 0
17 52 0.052 4 0
199 15 1.137 4 0
10 30 0.031 4 0
251 30 1.131 4 0
175 40 0.643 4 1
184 5 0.615 4 1
240 15 1.463 4 2
61 70 0.196 4 0
12 40 0.052 4 1
164 52 0.994 4 3
115 30 0.411 4 2
57 40 0.218 4 0
31 52 0.129 4 2
51 10 0.225 4 0
59 15 0.282 4 3
37 5 0.231 4 3
119 70 0.684 4 3
67 22 0.282 4 3
30 5 0.096 4 1
16 22 0.063 4 2
117 70 0.468 4 2
15 30 0.058 4 3
185 100 1.250 4 3
28 5 0.097 4 0
32 70 0.113 4 2
23 100 0.104 4 1
63 100 0.290 4 1
10 70 0.038 4 3
13 10 0.077 4 1
113 10 0.485 4 2
13 22 0.051 4 3
30 100 0.169 4 0
30 30 0.091 4 0
12 100 0.046 4 0
49 40 0.187 4 3
189 30 0.791 4 2
271 100 1.737 4 2
102 70 0.445 4 1
17 40 0.099 4 1
21 15 0.069 4 3
59 100 0.220 4 0
118 15 0.738 4 1
11 5 0.034 4 0
18 10 0.058 4 1
61 5 0.209 4 2
13 40 0.070 4 0
17 30 0.060 4 2
37 30 0.112 4 0
27 30 0.165 4 2
81 40 0.395 4 2
111 70 0.558 4 1
36 22 0.145 4 1
237 30 1.324 4 3
18 30 0.064 4 1
125 5 0.393 4 0
18 5 0.057 4 2
119 30 0.430 4 0
12 52 0.040 4 0
14 100 0.092 4 3
37 100 0.133 4 1
320 15 1.693 4 0
17 10 0.078 4 2
36 22 0.208 4 3
55 10 0.163 4 3
228 22 0.817 4 0
134 22 0.410 4 3
68 5 0.329 4 0
63 22 0.300 4 0
134 52 0.578 4 1
47 100 0.140 4 2
40 30 0.265 4 3
17 30 0.065 4 3
174 40 0.509 4 0
32 70 0.203 4 3
118 15 0.557 4 0
211 30 1.213 4 0
16 15 0.089 4 3
27 70 0.149 4 1
19 100 0.079 4 3
56 40 0.298 4 1
128 30 0.465 4 3
24 15 0.100 4 3
141 70 0.549 4 3
75 22 0.466 4 1
58 30 0.176 4 3
71 100 0.261 4 2
21 100 0.088 4 0
43 10 0.203 4 3
25 30 0.076 4 0
18 22 0.073 4 3
15 15 0.064 4 3
20 52 0.096 4 0
66 30 0.398 4 0
213 30 0.777 4 0
33 52 0.145 4 2
130 52 0.516 4 2
35 70 0.163 4 3
256 70 0.892 4 0
20 10 0.066 4 2
153 10 0.695 4 1
299 70 1.488 4 3
32 5 0.094 4 0
163 100 0.765 4 1
12 15 0.037 4 3
22 70 0.099 4 2
48 100 0.277 4 1
77 40 0.278 4 1
198 30 0.930 4 2
16 70 0.065 4 0
31 5 0.159 4 3
121 70 0.498 4 1
61 22 0.227 4 0
60 15 0.181 4 1
230 40 0.693 4 0
32 30 0.108 4 0
44 30 0.167 4 1
78 10 0.231 4 2
27 15 0.101 4 2
58 22 0.246 4 2
16 10 0.080 4 0
33 15 0.125 4 0
18 100 0.053 4 0
28 22 0.083 4 1
10 100 0.029 4 0
25 22 0.077 4 1
35 70 0.113 4 0
10 52 0.052 4 3
42 100 0.140 4 0
78 70 0.241 4 0
83 100 0.267 4 1
35 10 0.127 4 0
224 22 0.882 4 1
24 30 0.151 4 0
22 52 0.073 4 0
125 22 0.486 4 1
32 15 0.113 4 0
101 15 0.414 4 0
19 22 0.117 4 0
37 30 0.144 4 3
16 52 0.049 4 3
58 52 0.171 4 1
75 52 0.354 4 0
37 10 0.243 4 0
299 30 0.903 4 0
57 5 0.208 4 0
11 15 0.054 4 2
25 22 0.078 4 3
31 5 0.108 4 3
65 70 0.241 4 1
12 40 0.077 4 2
31 40 0.091 4 3
72 22 0.383 4 2
12 15 0.057 4 0
30 22 0.128 4 0
12 70 0.081 4 3
117 5 0.562 4 1
30 15 0.189 4 1
27 30 0.105 4 3
116 15 0.674 4 1
33 40 0.159 4 3
169 5 0.504 4 1
39 10 0.120 4 3
12 30 0.045 4 0
43 15 0.272 4 0
35 100 0.136 4 0
137 5 0.907 4 3
198 100 1.151 4 0
19 5 0.072 4 0
32 100 0.117 4 1
19 10 0.115 4 1
67 30 0.246 4 2
54 100 0.309 4 0
26 10 0.084 4 0
102 22 0.618 4 2
55 22 0.367 4 2
169 22 0.525 4 3
43 5 0.281 4 0
147 40 0.553 4 2
53 10 0.223 4 3
16 15 0.080 4 0
17 22 0.055 4 0
18 22 0.061 4 3
146 40 0.820 4 0
17 100 0.062 4 3
29 22 0.120 4 0
25 5 0.076 4 0
28 52 0.098 4 1
65 30 0.295 4 0
13 52 0.039 4 0
24 40 0.093 4 0
17 70 0.051 4 0
78 52 0.315 4 2
33 15 0.137 4 3
70 5 0.261 4 0
185 10 0.768 4 3
107 70 0.572 4 3
15 70 0.093 4 0
78 52 0.473 4 3
294 70 1.492 4 0
71 100 0.270 4 0
14 100 0.047 4 0
54 30 0.223 4 1
60 22 0.192 4 3
304 70 1.670 4 1
23 22 0.089 4 3
49 100 0.240 4 1
116 40 0.768 4 1
13 70 0.045 4 0
62 100 0.333 4 0
20 22 0.129 4 0
21 10 0.103 4 0
100 100 0.405 4 2
37 100 0.139 4 3
72 30 0.303 4 2
31 52 0.102 4 1
86 100 0.315 4 1
39 70 0.238 4 0
62 52 0.221 4 0
15 15 0.047 4 0
25 22 0.162 4 2
193 30 1.253 4 0
15 70 0.057 4 2
83 40 0.242 4 0
25 70 0.092 4 2
32 30 0.201 4 3
14 52 0.055 4 2
224 22 0.716 4 2
73 40 0.264 4 3
137 15 0.409 4 0
76 22 0.365 4 0
17 52 0.059 4 3
55 30 0.199 4 0
26 15 0.144 4 1
14 10 0.051 4 1
43 100 0.270 4 3
70 22 0.330 4 3
111 30 0.531 4 0
36 52 0.147 4 0
28 100 0.089 4 0
218 10 1.130 4 2
142 52 0.470 4 0
37 5 0.162 4 0
162 10 0.492 4 3
15 5 0.057 4 2
164 30 0.735 4 3
12 70 0.048 4 0
29 70 0.185 4 2
33 52 0.125 4 1
74 52 0.247 4 2
168 5 0.680 4 0
75 100 0.236 4 3
59 52 0.203 4 2
188 5 0.935 4 1
54 40 0.284 4 0
14 15 0.083 4 0
10 100 0.040 4 2
52 30 0.156 4 0
305 22 1.640 4 1
15 52 0.091 4 1
128 15 0.574 4 2
27 70 0.091 4 1
65 40 0.226 4 0
120 30 0.533 4 3
14 15 0.065 4 2
19 15 0.056 4 0
91 5 0.495 4 2
29 100 0.100 4 1
12 30 0.042 4 3
35 40 0.119 4 0
162 70 0.555 4 1
296 70 1.117 4 0
158 10 0.681 4 2
110 100 0.349 4 0
21 70 0.114 4 0
14 52 0.078 4 2
66 70 0.205 4 1
19 100 0.079 4 0
75 5 0.259 4 0
85 10 0.320 4 0
62 100 0.234 4 0
47 70 0.292 4 1
12 5 0.060 4 3
151 5 0.888 4 2
66 10 0.295 4 0
28 10 0.112 4 1
30 22 0.135 4 1
36 22 0.152 4 1
26 10 0.168 4 0
19 15 0.057 4 0
18 5 0.093 4 2
184 10 1.136 4 0
27 22 0.096 4 2
10 100 0.030 4 1
79 22 0.232 4 1
71 52 0.237 4 1
108 15 0.519 4 0
185 22 0.683 4 0
47 15 0.307 4 2
196 100 0.929 4 3
42 70 0.216 4 0
75 10 0.276 4 0
10 5 0.050 4 0
161 52 1.052 4 3
21 100 0.064 4 2
47 5 0.143 4 0
19 70 0.063 4 0
93 52 0.344 4 1
12 15 0.039 4 3
322 52 1.750 4 3
13 15 0.038 4 0
38 5 0.195 4 1
20 52 0.101 4 0
16 30 0.056 4 2
211 40 0.781 4 3
14 10 0.054 4 3
126 22 0.453 4 0
226 22 0.751 4 1
176 40 0.807 4 0
24 52 0.151 4 0
44 15 0.180 4 3
25 52 0.111 4 0
20 5 0.070 4 0
166 30 0.485 4 3
326 5 1.235 4 1
75 52 0.225 4 1
253 100 0.941 4 2
10 52 0.039 4 0
31 22 0.131 4 2
70 10 0.207 4 1
243 52 0.988 4 0
10 10 0.034 4 1
14 40 0.049 4 1
293 5 0.854 4 3
14 22 0.059 4 1
324 10 1.831 4 0
28 40 0.139 4 0
59 10 0.201 4 0
34 15 0.126 4 1
62 100 0.256 4 1
240 70 1.244 4 0
13 40 0.068 4 0
189 70 0.592 4 0
33 30 0.173 4 0
38 10 0.151 4 3
20 15 0.059 4 0
19 22 0.073 4 3
33 100 0.208 4 1
56 30 0.309 4 1
142 22 0.464 4 1
294 100 0.857 4 0
223 30 1.083 4 0
17 22 0.075 4 2
33 5 0.118 4 0
50 15 0.152 4 0
21 15 0.095 4 0
173 70 0.816 4 0
26 30 0.078 4 0
18 5 0.097 4 3
74 10 0.423 4 0
21 52 0.064 4 2
64 5 0.264 4 1
30 5 0.124 4 0
303 52 1.530 4 1
86 52 0.293 4 3
26 5 0.120 4 2
13 22 0.039 4 1
80 40 0.452 4 1
66 10 0.240 4 3
193 15 0.585 4 3
59 100 0.355 4 1
69 40 0.261 4 1
253 100 1.654 4 2
37 15 0.180 4 0
31 40 0.163 4 1
27 5 0.143 4 0
227 70 0.908 4 1
31 52 0.129 4 2
14 15 0.047 4 2
310 52 0.969 4 2
10 10 0.059 4 2
307 40 1.285 4 2
18 5 0.059 4 0
133 40 0.436 4 0
52 15 0.291 4 2
164 52 0.850 4 0
14 30 0.042 4 0
44 52 0.222 4 1
94 70 0.450 4 2
63 22 0.250 4 0
191 70 0.647 4 1
18 15 0.066 4 0
12 30 0.072 4 0
19 100 0.064 4 2
10 30 0.036 4 3
38 22 0.128 4 1
68 5 0.224 4 1
10 40 0.063 4 2
26 100 0.092 4 0
78 10 0.264 4 0
12 5 0.066 4 3
16 70 0.105 4 0
187 52 0.725 4 0
95 40 0.380 4 3
73 52 0.232 4 3
205 30 0.995 4 3
37 40 0.149 4 0
11 22 0.048 4 2
26 22 0.106 4 0
36 5 0.130 4 1
18 30 0.101 4 3
178 70 1.011 4 2
69 30 0.295 4 1
11 100 0.032 4 2
10 52 0.045 4 0
10 10 0.064 4 2
20 5 0.063 4 0
24 15 0.097 4 0
38 5 0.208 4 1
185 10 0.654 4 2
103 10 0.407 4 1
120 100 0.374 4 3
147 10 0.774 4 1
205 10 1.306 4 0
78 100 0.380 4 0
105 30 0.340 4 3
43 40 0.135 4 1
41 5 0.154 4 1
46 52 0.146 4 3
27 52 0.103 4 0
42 22 0.148 4 2
18 22 0.096 4 2
127 15 0.770 4 0
112 100 0.477 4 2
62 70 0.186 4 0
179 52 0.691 4 0
32 22 0.155 4 0
66 22 0.335 4 2
184 15 1.082 4 1
67 40 0.279 4 3
12 5 0.045 4 0
14 70 0.052 4 0
111 52 0.328 4 1
80 70 0.287 4 0
31 15 0.091 4 0
220 100 0.940 4 0
46 5 0.136 4 1
56 22 0.215 4 1
64 52 0.215 4 0
213 5 0.634 4 3
13 22 0.066 4 3
12 40 0.040 4 0
179 30 0.678 4 3
65 70 0.297 4 0
44 10 0.136 4 0
60 5 0.194 4 0
45 40 0.265 4 2
26 22 0.141 4 0
18 15 0.066 4 1
316 15 1.827 4 1
16 100 0.085 4 1
69 5 0.299 4 0
77 30 0.224 4 1
148 40 0.433 4 2
102 52 0.383 4 3
10 70 0.036 4 2
19 5 0.075 4 0
12 100 0.051 4 0
25 52 0.087 4 3
31 22 0.092 4 0
65 22 0.240 4 3
26 100 0.101 4 2
122 10 0.471 4 2
187 100 0.779 4 1
135 52 0.394 4 3
226 5 1.136 4 2
14 70 0.050 4 0
25 52 0.133 4 0
20 52 0.080 4 0
297 70 1.800 4 0
71 30 0.245 4 1
15 22 0.072 4 3
135 70 0.425 4 0
12 70 0.078 4 0
144 70 0.581 4 3
12 52 0.044 4 2
71 100 0.285 4 2
21 15 0.130 4 3
54 70 0.168 4 0
29 100 0.094 4 1
12 15 0.035 4 2
55 22 0.282 4 3
125 40 0.527 4 1
331 15 1.445 4 0
107 15 0.396 4 2
46 40 0.150 4 2
53 40 0.217 4 0
12 100 0.044 4 2
36 100 0.142 4 3
163 30 0.731 4 3
95 22 0.500 4 0
175 100 0.875 4 1
116 15 0.364 4 0
191 52 0.673 4 0
54 100 0.199 4 2
27 40 0.150 4 2
72 100 0.250 4 1
166 5 0.672 4 0
44 70 0.176 4 2
38 100 0.239 4 0
321 52 1.193 4 2
123 22 0.680 4 0
37 30 0.135 4 0
12 10 0.063 4 3
17 100 0.063 4 1
12 10 0.045 4 3
19 30 0.068 4 3
243 5 1.500 4 0
56 70 0.196 4 0
94 10 0.363 4 2
77 52 0.320 4 1
11 22 0.068 4 0
14 100 0.049 4 0
27 10 0.098 4 0
17 22 0.071 4 2
15 70 0.055 4 1
71 10 0.297 4 2
22 52 0.104 4 0
78 5 0.373 4 2
41 15 0.133 4 2
19 40 0.124 4 2
109 100 0.368 4 0
25 70 0.091 4 0
31 70 0.091 4 1
148 52 0.529 4 2
79 100 0.276 4 1
112 22 0.465 4 0
172 10 0.548 4 0
29 52 0.128 4 2
10 30 0.051 4 0
317 22 0.958 4 3
165 15 0.665 4 2
108 10 0.351 4 0
46 52 0.171 4 2
186 22 0.569 4 3
99 100 0.306 4 0
339 10 1.937 4 0
136 100 0.795 4 1
34 52 0.148 4 1
55 52 0.170 4 1
10 5 0.058 4 3
183 15 0.984 4 0
18 40 0.067 4 2
31 70 0.187 4 3
43 100 0.189 4 0
17 52 0.066 4 3
109 10 0.322 4 0
178 70 0.562 4 1
23 15 0.085 4 0
33 10 0.133 4 3
139 100 0.891 4 0
137 15 0.862 4 0
108 10 0.446 4 0
29 10 0.176 4 2
46 100 0.137 4 2
174 100 1.160 4 0
74 15 0.308 4 0
22 52 0.090 4 0
83 40 0.485 4 0
62 5 0.205 4 0
41 15 0.214 4 0
198 15 0.604 4 0
10 40 0.041 4 1
39 22 0.242 4 0
31 10 0.093 4 0
209 30 0.649 4 3
57 15 0.246 4 0
72 5 0.268 4 0
30 22 0.170 4 0
12 15 0.041 4 3
12 100 0.050 4 0
21 22 0.102 4 1
18 100 0.110 4 1
16 10 0.075 4 3
170 5 0.726 4 0
160 30 0.721 4 1
16 22 0.088 4 0
43 15 0.254 4 0
34 5 0.144 4 0
37 52 0.123 4 1
160 22 0.478 4 0
14 70 0.086 4 0
86 30 0.400 4 3
21 30 0.080 4 0
16 30 0.065 4 0
150 22 0.893 4 3
35 100 0.111 4 2
46 40 0.152 4 1
15 22 0.056 4 0
12 100 0.035 4 2
177 70 0.658 4 2
73 40 0.235 4 3
121 22 0.469 4 0
10 5 0.055 4 3
55 40 0.191 4 0
65 22 0.226 4 2
59 5 0.285 4 2
310 22 0.920 4 0
79 15 0.307 4 3
307 10 1.441 4 0
161 22 0.563 4 1
283 100 0.868 4 3
62 52 0.235 4 2
40 52 0.148 4 2
157 15 0.604 4 0
76 30 0.319 4 1
194 30 0.942 4 0
126 5 0.474 4 0
18 70 0.062 4 2
19 5 0.056 4 1
98 70 0.424 4 0
73 40 0.422 4 0
10 22 0.057 4 0
25 15 0.087 4 2
14 22 0.055 4 1
185 70 0.902 4 1
93 52 0.581 4 0
26 22 0.117 4 0
31 10 0.146 4 0
20 70 0.074 4 3
182 52 0.752 4 3
48 5 0.146 4 0
18 40 0.053 4 0
19 22 0.128 4 1
19 40 0.061 4 3
328 22 1.003 4 0
64 52 0.298 4 1
71 40 0.223 4 1
37 30 0.207 4 3
117 52 0.419 4 2
65 5 0.281 4 2
324 52 1.296 4 1
252 5 1.626 4 2
17 5 0.103 4 2
69 52 0.442 4 0
30 100 0.122 4 0
237 100 1.347 4 3
12 30 0.078 4 1
22 100 0.126 4 1
76 100 0.358 4 2
26 5 0.083 4 2
66 100 0.316 4 0
141 40 0.610 4 0
13 30 0.038 4 3
12 100 0.041 4 2
14 40 0.072 4 1
52 22 0.335 4 2
79 52 0.523 4 0
17 30 0.069 4 2
26 5 0.116 4 2
72 100 0.276 4 3
285 22 0.872 4 0
62 5 0.234 4 3
34 52 0.215 4 0
37 10 0.128 4 0
11 40 0.033 4 0
155 10 0.467 4 0
64 70 0.290 4 2
174 100 0.725 4 1
82 40 0.432 4 2
31 70 0.111 4 0
172 10 0.501 4 0
19 40 0.122 4 2
138 30 0.831 4 1
62 15 0.228 4 0
58 100 0.299 4 2
27 52 0.119 4 3
68 5 0.389 4 3
315 40 1.465 4 0
23 10 0.097 4 2
10 40 0.032 4 0
25 22 0.124 4 3
117 22 0.357 4 2
16 40 0.099 4 0
15 30 0.068 4 0
14 30 0.049 4 2
28 10 0.099 4 0
10 52 0.038 4 3
15 10 0.052 4 2
13 10 0.074 4 2
52 52 0.292 4 0
53 52 0.166 4 3
41 5 0.147 4 0
158 30 0.603 4 1
51 40 0.213 4 1
13 100 0.060 4 3
120 22 0.622 4 3
31 22 0.108 4 2
77 5 0.258 4 0
17 5 0.065 4 0
18 15 0.087 4 1
159 52 0.736 4 0
158 10 0.798 4 2
48 10 0.147 4 0
23 5 0.112 4 2
47 52 0.307 4 1
18 15 0.053 4 1
74 5 0.308 4 2
17 22 0.071 4 1
24 70 0.082 4 0
204 40 0.836 4 2
49 5 0.150 4 1
163 52 0.562 4 3
12 22 0.050 4 2
30 5 0.167 4 0
24 5 0.147 4 2
38 70 0.178 4 2
170 30 0.515 4 2
27 100 0.095 4 2
11 30 0.035 4 0
15 70 0.049 4 1
18 10 0.062 4 0
260 52 0.989 4 2
185 5 0.873 4 2
87 30 0.266 4 0
12 10 0.069 4 0
88 22 0.277 4 3
187 15 0.827 4 0
15 22 0.060 4 2
58 100 0.226 4 0
46 70 0.158 4 0
34 22 0.200 4 0
12 70 0.042 4 3
76 30 0.427 4 0
78 10 0.310 4 3
39 70 0.142 4 3
48 22 0.210 4 3
44 5 0.214 4 1
306 15 1.097 4 0
116 10 0.344 4 0
20 22 0.125 4 0
27 100 0.123 4 0
35 15 0.108 4 0
129 70 0.449 4 0
194 52 0.915 4 0
28 15 0.088 4 1
117 15 0.356 4 1
117 52 0.357 4 3
17 15 0.051 4 0
72 40 0.280 4 2
75 70 0.478 4 0
34 100 0.128 4 0
15 40 0.084 4 3
156 10 0.551 4 2
226 22 0.816 4 3
129 52 0.556 4 3
19 15 0.089 4 2
79 10 0.382 4 0
30 100 0.144 4 0
15 22 0.061 4 0
17 10 0.054 4 0
162 40 0.495 4 3
93 30 0.410 4 0
17 10 0.099 4 3
66 5 0.297 4 0
42 70 0.151 4 1
161 100 0.592 4 0
110 15 0.355 4 0
299 5 1.582 4 1
28 5 0.083 4 3
11 52 0.074 4 0
35 100 0.189 4 2
299 100 1.045 4 1
101 40 0.326 4 3
190 30 1.016 4 0
14 40 0.046 4 2
58 30 0.290 4 3
13 70 0.070 4 0
64 10 0.308 4 0
24 40 0.128 4 0
17 10 0.067 4 2
16 22 0.087 4 3
134 22 0.536 4 0
26 70 0.137 4 2
251 52 1.662 4 0
18 70 0.093 4 2
45 15 0.135 4 1
25 52 0.100 4 0
15 100 0.095 4 2
187 100 0.935 4 2
168 15 0.589 4 3
22 40 0.069 4 3
91 100 0.367 4 2
196 100 1.241 4 3
26 15 0.082 4 0
120 15 0.482 4 0
15 15 0.070 4 0
176 70 0.561 4 1
61 100 0.224 4 2
63 52 0.196 4 2
12 10 0.067 4 0
16 100 0.069 4 0
162 52 0.653 4 3
121 15 0.658 4 0
97 30 0.369 4 2
62 40 0.229 4 0
15 10 0.053 4 1
60 40 0.330 4 3
72 5 0.224 4 0
54 15 0.331 4 3
64 40 0.238 4 1
17 70 0.071 4 1
169 10 0.514 4 1
155 15 0.461 4 0
171 10 0.568 4 0
169 5 0.684 4 0
129 22 0.389 4 2
15 5 0.050 4 0
43 52 0.141 4 0
72 5 0.306 4 1
15 15 0.045 4 0
45 30 0.200 4 1
161 5 0.489 4 3
58 5 0.241 4 3
320 70 1.749 4 0
21 100 0.066 4 0
76 40 0.248 4 2
34 22 0.103 4 2
69 15 0.388 4 0
30 22 0.126 4 1
13 30 0.071 4 0
16 40 0.108 4 3
29 52 0.121 4 2
14 30 0.076 4 1
54 52 0.171 4 0
28 22 0.097 4 2
11 15 0.038 4 0
179 70 0.570 4 3
21 52 0.133 4 2
39 10 0.260 4 1
68 100 0.217 4 0
34 52 0.224 4 1
275 22 0.804 4 3
13 52 0.064 4 0
24 5 0.076 4 0
176 15 0.525 4 0
78 22 0.264 4 0
76 15 0.402 4 2
12 5 0.040 4 3
92 15 0.316 4 0
11 70 0.043 4 2
16 5 0.098 4 2
103 15 0.368 4 0
51 22 0.182 4 3
82 70 0.272 4 0
45 30 0.151 4 0
190 30 0.830 4 3
56 22 0.253 4 3
13 100 0.038 4 3
15 15 0.054 4 2
28 30 0.107 4 3
255 10 0.907 4 2
31 52 0.134 4 2
53 70 0.306 4 1
15 15 0.046 4 0
52 52 0.183 4 0
222 52 0.871 4 3
65 70 0.221 4 0
140 100 0.475 4 0
83 10 0.464 4 1
142 10 0.736 4 0
36 30 0.158 4 2
67 10 0.429 4 0
30 40 0.111 4 0
14 70 0.059 4 0
19 70 0.065 4 1
278 100 0.853 4 2
43 10 0.154 4 0
19 10 0.058 4 0
197 5 1.166 4 1
78 22 0.446 4 2
31 70 0.154 4 0
153 52 0.554 4 3
44 100 0.192 4 0
42 70 0.146 4 2
13 30 0.044 4 3
135 30 0.453 4 0
10 15 0.043 4 0
34 5 0.153 4 2
14 40 0.074 4 0
13 5 0.045 4 2
247 22 0.898 4 3
34 30 0.126 4 0
111 70 0.395 4 1
95 100 0.338 4 0
15 30 0.057 4 2
64 5 0.204 4 0
37 30 0.250 4 3
11 100 0.034 4 3
10 22 0.042 4 2
56 15 0.222 4 0
90 22 0.423 4 2
135 5 0.634 4 3
79 100 0.266 4 0
191 100 0.806 4 2
93 15 0.355 4 3
318 100 1.237 4 2
12 30 0.048 4 1
229 40 1.193 4 0
116 15 0.540 4 3
27 70 0.120 4 1
43 40 0.182 4 1
26 40 0.098 4 2
67 40 0.288 4 0
29 30 0.107 4 0
17 10 0.076 4 2
65 100 0.355 4 2
19 10 0.082 4 3
12 70 0.048 4 1
32 40 0.102 4 0
41 5 0.132 4 1
110 5 0.462 4 3
148 52 0.500 4 3
