69 70 0.301 0 1
199 40 0.682 0 1
206 30 0.680 0 2
41 22 0.162 0 2
48 15 0.194 0 1
25 100 0.118 0 1
71 40 0.211 0 2
122 10 0.670 0 1
68 5 0.205 0 1
19 100 0.095 0 1
62 10 0.276 0 2
54 40 0.234 0 2
20 30 0.064 0 1
11 100 0.033 0 2
120 52 0.441 0 2
27 30 0.109 0 2
50 52 0.201 0 2
70 10 0.287 0 2
155 52 0.630 0 1
36 10 0.122 0 1
39 70 0.130 0 2
175 22 1.067 0 2
132 40 0.392 0 1
38 10 0.122 0 2
48 15 0.143 0 2
33 52 0.102 0 2
24 22 0.148 0 2
258 70 0.963 0 1
43 100 0.158 0 2
167 40 0.519 0 1
72 40 0.243 0 1
49 10 0.266 0 1
72 100 0.383 0 2
152 40 0.962 0 1
307 30 0.953 0 1
11 100 0.044 0 2
49 100 0.265 0 1
147 70 0.464 0 1
191 10 0.632 0 2
16 5 0.049 0 1
16 30 0.084 0 2
68 22 0.215 0 2
25 52 0.101 0 2
44 100 0.190 0 2
59 22 0.176 0 2
38 5 0.124 0 2
261 5 0.989 0 1
44 5 0.155 0 2
18 30 0.115 0 1
13 40 0.051 0 2
13 40 0.047 0 1
85 70 0.308 0 1
149 70 0.479 0 1
41 40 0.124 0 1
27 70 0.099 0 2
14 5 0.056 0 1
177 30 0.978 0 1
37 30 0.169 0 1
70 70 0.440 0 2
31 30 0.134 0 2
136 70 0.553 0 1
240 30 0.757 0 2
41 5 0.121 0 2
283 40 0.850 0 1
46 5 0.282 0 1
58 52 0.184 0 2
67 100 0.370 0 2
67 70 0.302 0 1
54 15 0.162 0 2
50 5 0.168 0 1
108 22 0.480 0 1
87 5 0.399 0 2
15 22 0.062 0 2
95 30 0.605 0 2
50 70 0.151 0 1
19 52 0.079 0 2
117 52 0.606 0 1
18 22 0.115 0 2
39 5 0.150 0 1
135 100 0.491 0 2
13 70 0.049 0 1
210 70 0.739 0 1
18 100 0.114 0 2
14 15 0.046 0 2
91 30 0.404 0 1
23 30 0.124 0 2
171 40 0.606 0 1
67 40 0.261 0 2
34 15 0.139 0 2
266 40 1.132 0 2
15 100 0.056 0 1
19 10 0.061 0 2
89 100 0.332 0 2
54 100 0.167 0 2
34 5 0.100 0 1
33 52 0.106 0 2
74 52 0.218 0 1
314 40 1.231 0 1
47 5 0.309 0 2
34 30 0.115 0 2
17 10 0.059 0 2
89 10 0.276 0 1
36 40 0.188 0 1
57 22 0.297 0 2
13 52 0.064 0 2
142 15 0.648 0 1
34 40 0.165 0 2
72 70 0.330 0 2
79 70 0.324 0 2
16 15 0.065 0 1
63 100 0.207 0 2
39 100 0.149 0 1
17 30 0.105 0 1
143 40 0.528 0 2
51 22 0.159 0 1
15 30 0.047 0 1
82 15 0.328 0 2
17 22 0.093 0 1
117 52 0.654 0 1
76 52 0.349 0 2
43 100 0.138 0 2
24 100 0.076 0 1
129 10 0.533 0 1
116 30 0.362 0 2
132 15 0.393 0 1
295 10 1.261 0 1
33 30 0.117 0 1
222 15 0.700 0 1
62 40 0.294 0 2
27 22 0.110 0 2
85 10 0.327 0 1
160 100 1.032 0 1
58 5 0.174 0 2
105 52 0.498 0 1
22 5 0.097 0 1
109 100 0.348 0 2
34 15 0.121 0 1
33 100 0.096 0 1
25 52 0.088 0 2
13 100 0.050 0 2
11 52 0.052 0 1
60 22 0.222 0 2
19 10 0.076 0 1
127 100 0.538 0 2
10 70 0.037 0 2
72 15 0.217 0 1
28 100 0.137 0 1
35 52 0.118 0 2
168 52 0.691 0 1
34 10 0.164 0 1
218 15 0.727 0 2
53 15 0.188 0 1
14 22 0.048 0 1
77 15 0.228 0 2
36 40 0.164 0 1
26 15 0.096 0 1
164 70 0.643 0 1
184 40 0.963 0 2
13 70 0.048 0 1
258 70 0.945 0 1
23 52 0.073 0 2
54 10 0.245 0 1
20 30 0.130 0 2
11 10 0.045 0 2
137 52 0.770 0 2
14 52 0.067 0 2
36 15 0.179 0 2
12 100 0.074 0 2
64 100 0.405 0 2
56 100 0.240 0 1
85 10 0.567 0 1
14 22 0.087 0 1
145 5 0.446 0 2
57 30 0.220 0 1
14 70 0.042 0 2
15 22 0.077 0 1
16 40 0.053 0 2
27 15 0.084 0 1
308 52 1.176 0 2
63 10 0.193 0 1
130 100 0.563 0 1
238 10 1.392 0 1
46 40 0.277 0 2
21 15 0.067 0 2
38 22 0.141 0 2
21 40 0.086 0 2
27 52 0.151 0 2
79 10 0.485 0 2
32 22 0.196 0 1
73 52 0.399 0 1
48 5 0.170 0 1
121 10 0.397 0 2
11 30 0.049 0 1
168 22 0.644 0 1
28 22 0.144 0 1
19 40 0.098 0 2
66 5 0.361 0 2
26 10 0.123 0 1
61 30 0.201 0 1
17 5 0.057 0 2
284 52 0.925 0 1
13 15 0.057 0 1
41 5 0.169 0 1
78 15 0.400 0 2
54 52 0.172 0 2
12 15 0.078 0 2
274 5 1.442 0 1
55 40 0.291 0 1
105 15 0.515 0 2
20 5 0.068 0 2
83 40 0.282 0 2
22 5 0.079 0 1
197 5 1.101 0 1
68 15 0.214 0 2
19 100 0.082 0 2
23 100 0.148 0 1
189 15 0.818 0 1
171 5 0.653 0 1
116 100 0.655 0 1
44 52 0.166 0 1
154 15 0.969 0 2
59 5 0.237 0 1
44 40 0.155 0 1
174 100 0.545 0 1
326 15 1.304 0 2
36 5 0.121 0 2
40 22 0.118 0 2
78 100 0.252 0 2
34 100 0.160 0 2
33 70 0.119 0 2
49 40 0.170 0 1
39 70 0.242 0 2
24 30 0.093 0 2
18 40 0.101 0 1
82 15 0.443 0 1
22 15 0.077 0 2
99 100 0.372 0 2
134 5 0.545 0 2
26 100 0.171 0 1
26 40 0.168 0 2
26 10 0.141 0 2
65 30 0.365 0 2
18 100 0.083 0 2
106 15 0.449 0 1
20 100 0.099 0 2
51 30 0.164 0 2
73 30 0.365 0 1
247 5 1.488 0 1
31 15 0.114 0 1
170 52 0.677 0 2
62 22 0.356 0 2
14 5 0.044 0 1
32 100 0.131 0 2
24 22 0.077 0 2
53 22 0.224 0 2
39 52 0.120 0 1
13 100 0.072 0 2
29 10 0.175 0 2
177 15 1.035 0 1
199 40 0.609 0 2
79 10 0.427 0 2
12 70 0.042 0 1
67 10 0.283 0 2
113 10 0.349 0 2
58 15 0.175 0 2
176 30 0.626 0 2
49 10 0.163 0 2
194 52 0.713 0 1
59 52 0.199 0 2
10 70 0.031 0 1
42 22 0.169 0 2
35 10 0.167 0 2
16 22 0.081 0 2
131 30 0.590 0 2
15 40 0.056 0 2
46 10 0.267 0 2
138 40 0.486 0 1
176 40 0.525 0 1
17 52 0.067 0 1
13 22 0.042 0 2
73 22 0.384 0 1
30 52 0.173 0 2
29 52 0.106 0 2
331 15 1.054 0 2
166 5 0.522 0 2
33 22 0.113 0 2
206 10 1.084 0 1
159 100 0.491 0 1
52 30 0.256 0 1
28 52 0.096 0 2
15 5 0.065 0 2
12 30 0.059 0 2
14 70 0.041 0 2
57 10 0.190 0 2
113 5 0.362 0 2
21 22 0.127 0 1
65 40 0.417 0 2
14 5 0.093 0 1
15 52 0.100 0 1
221 22 0.853 0 1
165 22 0.616 0 1
29 10 0.124 0 1
55 100 0.213 0 2
16 10 0.094 0 2
16 10 0.049 0 1
226 5 1.421 0 1
114 30 0.600 0 1
32 52 0.094 0 2
13 40 0.041 0 1
13 100 0.042 0 1
96 100 0.307 0 2
38 40 0.160 0 1
24 100 0.090 0 2
120 40 0.603 0 1
30 30 0.105 0 1
120 100 0.622 0 1
152 10 0.589 0 2
37 100 0.127 0 1
50 10 0.192 0 2
299 15 1.177 0 1
148 30 0.442 0 1
23 70 0.107 0 2
289 22 1.209 0 1
61 22 0.179 0 2
163 70 0.634 0 2
14 15 0.073 0 2
270 40 0.900 0 1
15 100 0.054 0 1
259 40 1.551 0 2
31 10 0.158 0 2
30 70 0.104 0 1
125 5 0.437 0 1
58 40 0.274 0 1
239 40 0.773 0 2
141 100 0.566 0 1
188 15 0.669 0 2
31 70 0.173 0 2
33 100 0.110 0 2
65 10 0.346 0 1
151 5 0.572 0 1
22 52 0.067 0 2
63 70 0.297 0 2
16 10 0.101 0 1
48 10 0.161 0 2
73 10 0.297 0 2
131 52 0.468 0 2
107 30 0.405 0 1
36 30 0.123 0 2
79 100 0.457 0 1
126 40 0.512 0 2
51 100 0.280 0 2
22 70 0.073 0 1
10 70 0.035 0 1
13 15 0.075 0 1
15 52 0.057 0 2
35 15 0.108 0 2
112 30 0.546 0 1
20 100 0.075 0 1
76 52 0.472 0 1
28 22 0.144 0 1
30 15 0.146 0 2
30 30 0.149 0 1
50 10 0.269 0 2
160 22 0.970 0 2
17 10 0.114 0 2
74 70 0.277 0 2
63 52 0.321 0 1
73 70 0.224 0 2
25 100 0.148 0 1
170 40 0.756 0 1
34 22 0.156 0 1
17 22 0.105 0 1
37 70 0.119 0 2
195 15 0.871 0 2
36 15 0.125 0 1
17 5 0.062 0 2
30 10 0.133 0 1
14 52 0.085 0 2
23 100 0.083 0 2
300 30 0.909 0 2
14 70 0.046 0 1
279 100 0.851 0 2
20 40 0.065 0 1
197 22 0.618 0 1
30 40 0.106 0 1
13 40 0.048 0 1
16 15 0.062 0 1
18 30 0.096 0 2
36 30 0.112 0 2
77 70 0.279 0 2
186 30 1.057 0 1
193 22 0.661 0 1
21 52 0.142 0 1
39 10 0.210 0 1
36 15 0.149 0 1
38 5 0.115 0 1
19 5 0.076 0 1
12 40 0.037 0 2
263 52 1.143 0 1
35 52 0.137 0 1
89 70 0.331 0 2
26 70 0.093 0 2
28 100 0.168 0 2
11 15 0.035 0 1
160 70 0.632 0 1
85 100 0.370 0 1
67 15 0.390 0 1
184 15 0.639 0 1
11 15 0.047 0 1
146 10 0.664 0 2
216 5 0.715 0 2
21 30 0.070 0 1
13 10 0.057 0 2
56 22 0.211 0 1
206 22 0.774 0 1
54 15 0.224 0 1
10 30 0.033 0 2
15 10 0.082 0 1
42 52 0.263 0 1
14 70 0.045 0 1
16 52 0.103 0 1
78 100 0.415 0 2
10 100 0.061 0 1
13 30 0.051 0 1
211 5 1.055 0 1
18 15 0.075 0 1
16 70 0.088 0 1
246 5 0.925 0 2
193 40 0.873 0 2
54 52 0.204 0 2
277 15 0.882 0 1
47 15 0.205 0 2
190 52 0.585 0 1
254 30 1.316 0 2
116 5 0.511 0 2
37 100 0.145 0 1
10 30 0.038 0 2
234 100 0.682 0 1
43 30 0.145 0 2
129 100 0.578 0 1
21 22 0.130 0 2
14 100 0.042 0 2
44 22 0.220 0 1
17 10 0.087 0 2
63 40 0.268 0 2
205 40 0.823 0 2
48 40 0.238 0 2
91 15 0.306 0 1
101 10 0.367 0 1
77 30 0.253 0 2
50 52 0.270 0 2
28 22 0.108 0 1
70 70 0.215 0 2
30 40 0.181 0 1
330 10 1.387 0 1
76 40 0.264 0 2
75 100 0.226 0 2
103 22 0.554 0 1
14 22 0.052 0 1
33 5 0.109 0 2
319 40 0.988 0 1
188 10 0.761 0 2
71 40 0.290 0 2
148 15 0.602 0 1
179 5 1.119 0 1
10 10 0.037 0 2
14 10 0.061 0 2
34 22 0.110 0 1
35 70 0.152 0 2
68 70 0.267 0 2
136 30 0.720 0 1
125 10 0.710 0 2
180 10 0.600 0 1
15 40 0.061 0 2
90 30 0.419 0 1
58 22 0.230 0 2
43 40 0.133 0 1
78 10 0.264 0 1
11 40 0.044 0 1
204 100 0.872 0 1
76 30 0.507 0 1
15 10 0.095 0 1
233 52 1.429 0 1
75 30 0.282 0 1
129 15 0.466 0 2
11 40 0.044 0 2
34 52 0.104 0 2
99 5 0.390 0 2
13 10 0.047 0 1
15 10 0.047 0 2
17 100 0.079 0 2
39 52 0.193 0 1
57 15 0.195 0 1
14 15 0.080 0 2
38 52 0.205 0 2
82 70 0.298 0 1
32 100 0.133 0 2
32 52 0.097 0 2
62 40 0.392 0 2
43 15 0.173 0 1
35 22 0.109 0 2
173 22 0.808 0 2
16 15 0.057 0 2
151 100 0.786 0 2
25 5 0.099 0 2
80 30 0.500 0 2
253 30 0.793 0 1
130 22 0.596 0 2
28 30 0.126 0 1
33 40 0.098 0 1
55 40 0.205 0 1
183 100 0.901 0 1
335 70 0.982 0 1
64 40 0.198 0 2
160 5 0.569 0 2
179 70 0.568 0 1
293 15 1.526 0 1
135 22 0.738 0 1
35 70 0.130 0 1
101 70 0.305 0 1
27 15 0.083 0 2
87 100 0.584 0 2
16 22 0.058 0 2
33 30 0.219 0 2
40 10 0.147 0 1
14 10 0.065 0 1
18 5 0.097 0 2
168 10 0.535 0 1
13 40 0.061 0 1
11 70 0.053 0 2
57 100 0.234 0 2
11 22 0.034 0 2
61 10 0.311 0 1
73 52 0.254 0 1
75 22 0.300 0 2
24 100 0.091 0 2
68 100 0.351 0 1
17 10 0.059 0 1
67 10 0.198 0 1
55 70 0.171 0 2
181 40 0.748 0 2
13 30 0.055 0 2
12 40 0.052 0 1
62 10 0.326 0 1
13 100 0.046 0 2
311 40 1.318 0 2
295 5 1.490 0 2
53 52 0.219 0 2
25 40 0.091 0 2
66 22 0.437 0 2
22 5 0.066 0 2
102 30 0.315 0 1
52 100 0.227 0 1
107 30 0.660 0 1
32 70 0.121 0 1
19 15 0.125 0 2
13 52 0.044 0 1
48 100 0.154 0 1
326 40 1.353 0 1
262 15 1.170 0 2
18 30 0.102 0 2
93 30 0.366 0 1
301 100 1.536 0 1
77 40 0.423 0 1
58 5 0.301 0 2
41 30 0.272 0 1
14 70 0.062 0 1
61 10 0.180 0 1
66 70 0.246 0 2
132 100 0.663 0 1
72 100 0.360 0 1
311 40 1.829 0 1
25 15 0.074 0 1
18 40 0.062 0 1
28 100 0.120 0 1
178 70 0.560 0 1
302 52 1.313 0 2
177 30 0.750 0 2
32 15 0.117 0 1
121 15 0.553 0 2
162 30 0.555 0 1
17 40 0.078 0 2
61 100 0.231 0 1
40 10 0.124 0 1
44 15 0.134 0 2
59 70 0.388 0 2
250 15 1.397 0 1
25 5 0.150 0 2
194 15 0.819 0 2
10 52 0.065 0 1
63 40 0.250 0 2
40 22 0.143 0 2
50 10 0.198 0 1
143 22 0.694 0 1
44 5 0.175 0 1
13 100 0.052 0 1
18 70 0.054 0 1
38 15 0.151 0 1
11 40 0.073 0 1
143 100 0.644 0 2
154 100 0.811 0 1
31 52 0.168 0 1
10 15 0.031 0 2
13 22 0.062 0 2
21 5 0.100 0 2
16 10 0.050 0 1
16 70 0.071 0 2
156 5 0.650 0 2
275 70 1.599 0 1
29 22 0.177 0 1
67 10 0.201 0 1
23 15 0.079 0 1
45 52 0.205 0 1
185 100 0.654 0 2
31 70 0.092 0 1
21 5 0.123 0 1
17 52 0.101 0 1
24 30 0.133 0 1
17 100 0.056 0 1
29 10 0.123 0 2
33 30 0.099 0 2
15 70 0.060 0 1
16 30 0.069 0 2
59 15 0.200 0 2
20 52 0.061 0 1
60 52 0.208 0 2
147 30 0.510 0 1
69 52 0.399 0 2
40 5 0.168 0 1
10 100 0.034 0 2
45 30 0.137 0 2
39 100 0.201 0 1
16 30 0.079 0 1
140 22 0.431 0 1
126 70 0.409 0 2
66 15 0.228 0 2
52 52 0.260 0 1
12 5 0.048 0 1
18 70 0.057 0 1
30 100 0.094 0 2
151 100 0.786 0 2
109 30 0.337 0 1
91 52 0.460 0 1
146 100 0.529 0 1
29 100 0.141 0 2
54 100 0.205 0 1
49 70 0.219 0 2
87 70 0.468 0 1
32 100 0.102 0 1
10 52 0.033 0 1
37 52 0.181 0 2
42 70 0.227 0 2
275 15 0.982 0 1
29 30 0.177 0 1
43 52 0.168 0 2
48 30 0.140 0 2
170 70 0.837 0 1
65 30 0.196 0 1
136 10 0.440 0 2
110 22 0.531 0 1
53 10 0.232 0 1
42 52 0.139 0 1
72 30 0.218 0 2
20 70 0.068 0 1
63 10 0.296 0 2
68 52 0.456 0 2
73 10 0.296 0 1
47 22 0.264 0 1
11 100 0.062 0 1
13 30 0.058 0 1
185 22 0.984 0 2
101 22 0.378 0 1
12 30 0.066 0 2
168 52 0.515 0 2
68 15 0.378 0 2
185 10 0.580 0 1
69 10 0.373 0 2
15 10 0.055 0 1
72 15 0.324 0 1
309 5 1.609 0 2
11 40 0.047 0 1
33 10 0.176 0 1
34 70 0.143 0 2
40 22 0.222 0 1
14 40 0.042 0 2
77 30 0.292 0 1
98 52 0.375 0 1
73 5 0.456 0 1
53 70 0.229 0 1
69 70 0.236 0 1
99 52 0.330 0 2
61 52 0.264 0 2
50 40 0.209 0 1
27 10 0.152 0 2
20 40 0.076 0 2
19 100 0.078 0 2
36 52 0.214 0 2
110 100 0.733 0 2
115 15 0.447 0 1
92 52 0.411 0 2
69 40 0.232 0 2
51 15 0.327 0 1
67 30 0.356 0 1
32 100 0.125 0 1
123 40 0.724 0 2
22 30 0.066 0 2
81 10 0.262 0 2
213 15 0.742 0 2
21 100 0.084 0 2
59 100 0.187 0 1
16 22 0.067 0 1
36 10 0.110 0 2
49 40 0.301 0 1
56 10 0.339 0 1
56 52 0.373 0 1
62 30 0.286 0 1
79 100 0.407 0 2
13 30 0.044 0 2
275 5 1.087 0 2
32 10 0.094 0 2
10 10 0.056 0 1
13 30 0.083 0 2
75 30 0.335 0 2
48 40 0.170 0 2
125 100 0.651 0 2
261 22 1.517 0 1
204 15 1.030 0 1
193 100 1.214 0 2
79 40 0.255 0 1
58 70 0.224 0 2
15 100 0.086 0 1
115 70 0.381 0 2
43 15 0.247 0 1
162 70 0.653 0 2
65 30 0.239 0 2
50 10 0.187 0 2
23 40 0.073 0 1
49 10 0.292 0 2
26 5 0.140 0 1
38 100 0.200 0 2
162 22 0.684 0 1
51 40 0.315 0 2
18 40 0.087 0 2
98 15 0.386 0 1
14 22 0.048 0 1
38 40 0.165 0 1
10 100 0.041 0 2
54 10 0.178 0 2
60 40 0.183 0 2
20 52 0.127 0 1
45 40 0.222 0 2
140 30 0.411 0 2
293 40 1.665 0 1
72 15 0.383 0 1
18 100 0.087 0 1
11 52 0.039 0 1
18 30 0.061 0 2
36 30 0.170 0 1
12 15 0.045 0 2
265 40 0.923 0 1
144 70 0.427 0 1
35 30 0.198 0 1
13 40 0.061 0 2
37 5 0.227 0 2
18 30 0.090 0 2
174 52 0.644 0 2
167 40 0.663 0 2
268 22 1.043 0 2
50 52 0.152 0 1
75 22 0.267 0 2
180 100 0.682 0 1
10 70 0.055 0 2
65 15 0.199 0 1
76 40 0.394 0 1
29 52 0.138 0 2
174 40 1.152 0 2
175 22 0.595 0 1
205 30 0.629 0 1
126 100 0.594 0 2
25 5 0.142 0 2
11 15 0.042 0 2
110 100 0.625 0 2
18 10 0.057 0 2
72 30 0.264 0 1
24 30 0.119 0 2
44 15 0.156 0 2
52 52 0.349 0 1
14 40 0.094 0 2
17 15 0.112 0 1
17 30 0.060 0 2
31 70 0.091 0 2
10 15 0.032 0 1
19 15 0.056 0 2
11 30 0.058 0 2
159 52 0.494 0 1
21 70 0.108 0 2
27 40 0.103 0 1
65 10 0.198 0 1
27 5 0.169 0 2
141 22 0.898 0 1
41 10 0.165 0 2
21 10 0.075 0 2
76 5 0.328 0 1
16 40 0.105 0 1
13 52 0.083 0 2
32 22 0.185 0 1
199 5 1.064 0 2
239 22 0.754 0 1
16 15 0.060 0 1
82 22 0.357 0 2
26 100 0.090 0 1
180 100 0.571 0 1
94 52 0.283 0 2
25 22 0.073 0 1
169 40 0.506 0 1
116 22 0.748 0 2
19 100 0.074 0 1
30 100 0.105 0 1
88 52 0.413 0 1
151 22 0.505 0 2
17 30 0.085 0 2
181 5 1.011 0 2
20 15 0.079 0 2
15 15 0.048 0 2
70 5 0.273 0 2
15 100 0.053 0 1
122 100 0.598 0 1
183 52 0.920 0 1
327 10 1.324 0 2
15 10 0.055 0 1
297 30 0.914 0 2
105 70 0.418 0 2
67 5 0.243 0 1
66 100 0.293 0 1
54 40 0.358 0 2
38 22 0.160 0 1
12 52 0.057 0 2
33 15 0.103 0 2
10 22 0.051 0 1
65 52 0.255 0 1
286 30 1.571 0 2
19 22 0.061 0 1
46 10 0.135 0 1
11 5 0.036 0 2
15 52 0.046 0 2
27 100 0.113 0 2
274 10 1.593 0 1
124 100 0.479 0 2
28 15 0.112 0 2
182 15 1.058 0 2
55 5 0.177 0 2
24 52 0.140 0 1
14 70 0.048 0 2
13 40 0.066 0 2
14 100 0.048 0 2
83 22 0.283 0 1
24 5 0.089 0 2
18 40 0.112 0 2
46 5 0.284 0 2
17 52 0.067 0 2
207 10 1.107 0 1
111 22 0.335 0 1
14 70 0.048 0 2
10 100 0.039 0 1
74 100 0.284 0 2
37 30 0.117 0 1
16 100 0.057 0 2
57 40 0.176 0 2
178 40 0.761 0 2
49 22 0.202 0 2
12 70 0.073 0 2
53 5 0.182 0 1
266 10 0.902 0 1
190 10 0.757 0 2
305 10 1.860 0 2
66 15 0.219 0 2
23 100 0.098 0 1
126 15 0.640 0 2
11 52 0.037 0 1
266 15 1.095 0 2
79 22 0.378 0 2
86 15 0.291 0 1
22 10 0.131 0 1
128 5 0.569 0 1
55 52 0.271 0 2
89 15 0.311 0 2
12 40 0.055 0 2
24 52 0.107 0 1
38 15 0.116 0 1
22 40 0.071 0 1
107 52 0.338 0 2
69 22 0.413 0 1
19 10 0.098 0 1
45 30 0.178 0 1
11 52 0.056 0 2
194 52 1.236 0 1
17 100 0.092 0 1
23 100 0.137 0 2
153 30 0.769 0 1
144 70 0.543 0 1
175 22 1.048 0 1
45 15 0.152 0 1
73 5 0.349 0 1
30 15 0.107 0 2
48 70 0.225 0 1
83 15 0.319 0 2
99 40 0.467 0 1
75 10 0.271 0 2
13 5 0.047 0 1
65 15 0.363 0 2
167 52 0.601 0 1
46 30 0.142 0 1
125 70 0.392 0 2
185 30 0.920 0 2
15 52 0.045 0 1
15 30 0.047 0 1
13 30 0.086 0 2
61 70 0.210 0 1
17 100 0.093 0 1
10 22 0.045 0 1
16 52 0.100 0 1
184 15 0.860 0 1
23 15 0.075 0 2
18 22 0.110 0 2
18 5 0.089 0 2
18 10 0.061 0 2
53 15 0.222 0 2
58 100 0.345 0 1
182 40 0.643 0 1
198 15 0.615 0 2
17 70 0.056 0 1
265 22 0.981 0 2
23 40 0.072 0 1
198 100 1.207 0 1
10 30 0.056 0 2
66 15 0.210 0 2
18 22 0.081 0 1
36 5 0.151 0 1
31 10 0.130 0 1
74 10 0.231 0 1
14 100 0.070 0 1
10 10 0.030 0 2
19 22 0.100 0 2
77 100 0.241 0 1
50 10 0.157 0 1
334 52 1.136 0 2
186 40 1.114 0 2
102 10 0.564 0 2
68 30 0.202 0 2
181 5 0.963 0 1
19 15 0.117 0 1
302 40 1.082 0 2
10 15 0.060 0 1
10 22 0.036 0 2
39 5 0.164 0 1
17 70 0.065 0 2
190 10 0.709 0 1
41 100 0.236 0 1
50 100 0.205 0 2
27 100 0.086 0 2
138 52 0.447 0 1
77 100 0.231 0 1
82 30 0.288 0 1
71 40 0.237 0 2
16 30 0.050 0 2
37 30 0.239 0 2
48 40 0.146 0 1
64 15 0.368 0 2
12 22 0.036 0 2
12 70 0.038 0 1
27 10 0.151 0 1
32 40 0.188 0 2
56 5 0.180 0 2
33 40 0.149 0 1
68 10 0.322 0 1
14 22 0.045 0 2
12 30 0.063 0 1
34 100 0.163 0 1
166 70 0.582 0 1
24 30 0.098 0 2
34 22 0.119 0 2
27 52 0.122 0 1
51 22 0.290 0 1
23 5 0.085 0 1
16 70 0.060 0 1
32 52 0.105 0 1
43 100 0.167 0 2
115 30 0.642 0 1
24 40 0.098 0 1
54 70 0.266 0 2
62 5 0.326 0 1
40 22 0.152 0 1
20 15 0.103 0 2
32 5 0.180 0 2
39 15 0.165 0 2
56 30 0.275 0 1
24 10 0.137 0 1
66 5 0.241 0 1
184 100 1.115 0 1
60 30 0.221 0 2
49 52 0.148 0 1
17 30 0.067 0 2
63 5 0.318 0 2
43 100 0.135 0 1
278 22 1.455 0 1
26 10 0.084 0 2
21 30 0.127 0 2
34 40 0.228 0 2
107 30 0.395 0 1
24 10 0.121 0 2
21 10 0.108 0 2
27 100 0.080 0 2
153 10 0.586 0 1
234 15 1.272 0 2
126 100 0.545 0 1
47 10 0.299 0 2
39 10 0.146 0 2
67 100 0.256 0 1
73 100 0.382 0 1
46 22 0.210 0 2
17 40 0.096 0 1
337 52 1.031 0 1
10 40 0.033 0 2
18 52 0.054 0 1
12 22 0.050 0 1
167 52 0.908 0 1
29 15 0.123 0 1
31 70 0.109 0 1
11 100 0.068 0 1
12 22 0.049 0 1
18 40 0.054 0 1
50 5 0.171 0 2
61 15 0.233 0 2
19 100 0.116 0 1
334 30 2.212 0 2
29 40 0.097 0 1
11 15 0.048 0 1
73 30 0.235 0 1
75 22 0.493 0 1
55 22 0.163 0 2
21 52 0.067 0 1
14 70 0.052 0 2
48 52 0.151 0 1
161 5 0.474 0 2
16 30 0.073 0 2
13 5 0.047 0 1
199 70 0.609 0 1
52 22 0.170 0 2
45 100 0.134 0 1
112 22 0.347 0 2
166 10 0.535 0 1
31 40 0.187 0 1
74 10 0.363 0 1
68 5 0.340 0 2
75 22 0.296 0 1
20 5 0.061 0 1
24 40 0.087 0 2
120 100 0.795 0 2
32 15 0.098 0 1
16 52 0.071 0 2
27 10 0.091 0 1
16 10 0.062 0 2
11 5 0.051 0 2
34 100 0.121 0 1
18 5 0.073 0 2
39 70 0.117 0 1
10 15 0.033 0 1
44 100 0.136 0 1
132 40 0.441 0 1
127 30 0.370 0 2
211 15 0.657 1 2
154 100 0.762 1 0
234 40 0.932 1 0
71 30 0.289 1 0
24 5 0.081 1 2
11 52 0.034 1 2
328 15 0.991 1 0
16 15 0.049 1 2
10 10 0.040 1 2
20 22 0.117 1 2
152 52 0.444 1 0
193 30 0.742 1 2
139 22 0.570 1 0
43 5 0.137 1 2
69 10 0.315 1 0
21 100 0.108 1 0
159 22 0.614 1 0
75 30 0.412 1 0
142 15 0.904 1 0
110 52 0.391 1 0
75 22 0.311 1 2
188 5 0.644 1 0
185 52 0.740 1 2
45 10 0.131 1 0
36 40 0.217 1 0
85 52 0.265 1 0
320 52 1.758 1 2
317 30 1.016 1 0
20 22 0.079 1 2
35 22 0.187 1 2
200 5 0.926 1 0
91 100 0.469 1 2
21 30 0.078 1 0
105 40 0.317 1 0
14 30 0.092 1 0
60 10 0.233 1 0
78 22 0.288 1 0
11 10 0.034 1 0
64 22 0.323 1 0
19 40 0.096 1 0
109 22 0.340 1 2
33 100 0.119 1 2
18 52 0.065 1 2
11 70 0.033 1 0
10 70 0.043 1 0
17 52 0.062 1 0
134 40 0.601 1 2
36 5 0.224 1 0
17 100 0.074 1 0
134 10 0.521 1 0
37 30 0.186 1 0
23 40 0.105 1 0
63 5 0.214 1 0
77 10 0.438 1 2
49 5 0.251 1 0
12 22 0.038 1 0
103 40 0.390 1 2
25 5 0.079 1 0
25 52 0.115 1 0
59 40 0.175 1 2
17 52 0.066 1 2
75 22 0.232 1 0
67 100 0.218 1 2
37 5 0.152 1 0
42 10 0.233 1 0
23 5 0.094 1 0
14 52 0.062 1 2
17 70 0.093 1 0
93 5 0.313 1 0
19 10 0.075 1 0
80 30 0.367 1 0
34 10 0.193 1 0
20 70 0.116 1 0
10 52 0.056 1 2
158 30 0.510 1 0
18 30 0.052 1 2
18 52 0.063 1 0
134 100 0.494 1 0
134 15 0.500 1 0
61 5 0.231 1 0
12 5 0.069 1 0
34 15 0.107 1 0
127 70 0.756 1 0
186 15 0.679 1 0
19 15 0.065 1 2
307 100 0.911 1 0
54 70 0.158 1 0
120 52 0.652 1 0
35 40 0.106 1 0
39 70 0.115 1 0
140 22 0.593 1 0
21 30 0.065 1 2
31 15 0.161 1 2
68 52 0.217 1 0
19 30 0.102 1 2
60 15 0.248 1 2
91 5 0.379 1 0
131 30 0.652 1 0
57 30 0.206 1 0
50 15 0.198 1 0
134 22 0.848 1 0
28 15 0.106 1 0
15 22 0.084 1 0
252 40 1.691 1 0
111 40 0.590 1 0
75 100 0.393 1 2
250 30 0.809 1 0
37 70 0.141 1 0
37 22 0.114 1 2
19 30 0.070 1 0
22 10 0.077 1 2
13 52 0.053 1 2
17 30 0.087 1 0
149 52 0.528 1 0
120 10 0.364 1 2
212 70 0.848 1 0
28 40 0.086 1 2
48 40 0.141 1 2
22 100 0.087 1 2
18 40 0.069 1 0
17 100 0.084 1 0
51 40 0.212 1 0
286 15 1.382 1 2
17 22 0.077 1 2
47 15 0.246 1 0
207 52 1.389 1 2
75 5 0.329 1 2
12 100 0.052 1 0
54 15 0.274 1 0
111 10 0.427 1 0
50 10 0.249 1 2
29 70 0.104 1 0
212 70 1.211 1 0
14 22 0.078 1 0
26 15 0.136 1 2
123 70 0.665 1 0
181 5 0.540 1 0
54 40 0.161 1 0
12 100 0.040 1 0
188 5 1.153 1 2
48 100 0.194 1 0
66 10 0.369 1 2
13 5 0.049 1 2
50 52 0.174 1 0
140 52 0.633 1 2
14 100 0.041 1 0
40 100 0.123 1 2
17 15 0.050 1 2
12 52 0.042 1 0
154 10 1.041 1 0
10 30 0.064 1 2
180 30 0.753 1 0
13 70 0.049 1 0
43 40 0.236 1 2
21 52 0.074 1 0
111 22 0.547 1 0
55 10 0.180 1 0
13 22 0.059 1 2
27 40 0.133 1 0
113 10 0.706 1 2
51 52 0.311 1 2
36 10 0.243 1 2
31 40 0.141 1 0
162 100 0.775 1 2
71 5 0.248 1 0
13 15 0.060 1 2
26 15 0.157 1 2
242 100 0.754 1 2
20 22 0.091 1 0
27 100 0.132 1 0
55 15 0.165 1 2
120 15 0.376 1 0
18 100 0.066 1 0
53 5 0.235 1 0
11 70 0.032 1 0
60 10 0.223 1 0
73 30 0.390 1 0
37 70 0.146 1 0
64 40 0.323 1 0
182 70 1.205 1 0
26 5 0.139 1 0
76 40 0.241 1 2
61 70 0.248 1 0
12 100 0.045 1 0
288 15 0.947 1 2
78 22 0.277 1 2
26 15 0.104 1 0
17 100 0.066 1 0
183 40 0.602 1 0
14 70 0.073 1 0
290 70 1.696 1 2
35 52 0.115 1 0
65 15 0.339 1 2
165 70 0.717 1 0
49 10 0.236 1 0
18 22 0.082 1 0
49 5 0.163 1 0
145 10 0.700 1 2
153 70 0.622 1 0
62 22 0.271 1 0
211 5 1.302 1 2
20 52 0.100 1 0
190 52 1.067 1 2
250 5 0.890 1 0
28 15 0.110 1 0
14 22 0.049 1 0
34 52 0.124 1 2
27 30 0.142 1 0
182 15 0.632 1 2
163 22 0.706 1 2
192 5 1.067 1 2
54 15 0.273 1 0
66 15 0.287 1 0
11 30 0.037 1 0
11 100 0.034 1 0
169 52 0.573 1 0
19 100 0.111 1 2
36 15 0.142 1 0
131 40 0.456 1 0
64 22 0.213 1 0
56 70 0.197 1 2
15 15 0.066 1 2
26 10 0.141 1 0
13 70 0.044 1 0
31 5 0.129 1 2
18 52 0.072 1 0
35 22 0.219 1 0
40 40 0.256 1 2
295 30 1.695 1 0
14 10 0.073 1 2
50 10 0.207 1 0
125 10 0.727 1 2
200 52 0.639 1 0
40 5 0.177 1 0
73 30 0.356 1 2
11 10 0.042 1 0
19 5 0.125 1 0
19 70 0.060 1 0
184 10 0.676 1 2
86 30 0.265 1 2
30 15 0.105 1 0
36 5 0.114 1 0
194 22 0.851 1 0
244 10 0.850 1 2
78 22 0.274 1 0
14 100 0.056 1 0
68 15 0.198 1 0
39 30 0.176 1 0
17 5 0.081 1 0
11 70 0.045 1 2
70 22 0.262 1 0
11 15 0.059 1 2
15 5 0.056 1 2
76 70 0.237 1 0
29 15 0.134 1 0
80 52 0.263 1 0
218 15 1.389 1 2
157 5 0.952 1 2
60 10 0.175 1 0
14 30 0.060 1 0
113 5 0.498 1 0
13 70 0.064 1 0
142 70 0.617 1 2
57 5 0.245 1 0
133 5 0.489 1 0
150 22 0.670 1 0
131 5 0.575 1 2
39 5 0.228 1 2
18 52 0.057 1 0
44 5 0.133 1 0
45 100 0.292 1 0
15 40 0.084 1 0
60 52 0.263 1 2
130 15 0.528 1 0
37 15 0.196 1 0
160 5 0.498 1 2
18 70 0.078 1 2
20 5 0.105 1 0
171 10 0.961 1 0
17 30 0.091 1 2
42 10 0.171 1 0
64 30 0.213 1 2
60 30 0.200 1 2
123 22 0.519 1 0
269 15 0.900 1 2
41 70 0.232 1 0
14 30 0.064 1 0
20 40 0.122 1 0
23 52 0.075 1 2
134 10 0.493 1 0
16 70 0.072 1 0
267 52 1.039 1 0
68 70 0.204 1 0
32 70 0.198 1 2
162 100 0.936 1 0
35 70 0.185 1 0
188 22 0.566 1 0
52 100 0.161 1 0
271 30 0.874 1 0
185 100 0.685 1 0
66 70 0.246 1 0
30 5 0.099 1 0
18 10 0.064 1 2
231 22 0.906 1 2
48 52 0.218 1 0
198 40 1.065 1 0
13 100 0.071 1 0
245 70 0.897 1 0
78 22 0.227 1 2
76 52 0.257 1 0
12 15 0.058 1 2
77 15 0.241 1 0
137 100 0.672 1 2
26 30 0.083 1 2
72 30 0.254 1 0
45 52 0.157 1 2
39 10 0.222 1 0
28 70 0.098 1 2
18 70 0.086 1 0
34 10 0.108 1 0
166 15 0.601 1 0
12 70 0.038 1 0
78 52 0.348 1 0
316 5 1.527 1 0
27 10 0.081 1 2
14 10 0.076 1 0
35 5 0.125 1 0
69 5 0.225 1 0
75 40 0.484 1 2
37 40 0.120 1 2
88 10 0.298 1 0
245 30 0.921 1 0
28 40 0.097 1 0
61 30 0.207 1 2
80 30 0.362 1 0
50 70 0.193 1 0
197 30 0.849 1 0
40 22 0.214 1 0
18 10 0.098 1 0
30 30 0.114 1 2
12 10 0.044 1 0
226 10 0.679 1 0
41 15 0.135 1 2
14 30 0.064 1 0
80 30 0.352 1 0
31 5 0.110 1 2
127 40 0.686 1 0
11 5 0.039 1 0
56 30 0.164 1 2
123 40 0.473 1 2
85 10 0.309 1 0
22 10 0.106 1 2
72 15 0.256 1 0
26 5 0.127 1 0
58 100 0.230 1 2
56 40 0.172 1 0
82 100 0.252 1 2
62 100 0.341 1 2
59 30 0.217 1 0
13 100 0.081 1 2
49 100 0.179 1 0
305 52 1.315 1 0
195 40 0.682 1 2
46 100 0.295 1 0
30 100 0.129 1 2
15 52 0.077 1 0
42 10 0.214 1 2
164 5 1.072 1 2
15 100 0.047 1 2
159 52 0.480 1 0
25 10 0.093 1 2
21 30 0.130 1 0
299 22 0.903 1 0
32 30 0.119 1 0
110 40 0.423 1 2
16 22 0.088 1 2
267 10 0.785 1 2
47 22 0.225 1 0
20 30 0.085 1 0
63 70 0.292 1 0
18 70 0.078 1 0
68 5 0.250 1 2
160 100 0.762 1 0
69 100 0.442 1 2
180 70 0.596 1 0
66 22 0.224 1 0
148 22 0.751 1 0
321 40 2.084 1 0
36 52 0.171 1 0
11 40 0.033 1 2
40 40 0.200 1 2
160 10 0.656 1 2
121 52 0.563 1 2
18 10 0.110 1 2
149 30 0.914 1 0
31 30 0.142 1 0
18 40 0.086 1 0
11 70 0.036 1 0
49 10 0.259 1 0
265 100 1.035 1 2
28 52 0.105 1 0
39 5 0.156 1 0
31 10 0.107 1 0
199 70 1.192 1 0
54 22 0.193 1 0
71 100 0.467 1 0
21 15 0.128 1 2
254 70 0.799 1 2
120 5 0.474 1 0
11 15 0.068 1 0
136 40 0.447 1 0
78 5 0.258 1 0
13 30 0.086 1 2
31 15 0.109 1 0
58 22 0.178 1 0
14 30 0.042 1 0
103 22 0.624 1 2
169 5 1.134 1 0
113 10 0.404 1 0
23 30 0.086 1 0
57 5 0.292 1 0
74 100 0.418 1 0
16 5 0.071 1 0
35 30 0.127 1 2
111 100 0.410 1 0
19 30 0.056 1 2
11 22 0.052 1 0
29 30 0.149 1 2
79 70 0.242 1 0
18 40 0.061 1 2
28 5 0.133 1 2
10 15 0.032 1 0
160 22 0.580 1 2
14 15 0.077 1 0
14 40 0.062 1 0
16 100 0.074 1 0
18 15 0.078 1 0
13 5 0.044 1 0
21 40 0.071 1 0
10 22 0.033 1 2
174 52 0.892 1 2
22 15 0.070 1 0
54 30 0.225 1 0
21 10 0.076 1 0
23 22 0.127 1 0
22 100 0.108 1 2
11 100 0.056 1 0
48 40 0.196 1 2
16 15 0.095 1 0
14 70 0.055 1 0
48 40 0.150 1 0
297 40 1.291 1 0
11 30 0.037 1 2
10 70 0.047 1 0
71 100 0.265 1 0
163 70 0.582 1 0
15 15 0.078 1 0
12 40 0.065 1 0
20 100 0.108 1 2
69 52 0.352 1 0
58 22 0.314 1 2
18 5 0.108 1 0
320 15 1.576 1 0
43 40 0.168 1 2
15 10 0.049 1 2
37 70 0.204 1 2
179 5 0.541 1 0
11 40 0.066 1 0
17 30 0.052 1 2
15 5 0.063 1 0
18 40 0.076 1 0
78 10 0.278 1 2
125 30 0.517 1 2
177 22 0.908 1 2
26 52 0.078 1 2
99 10 0.309 1 2
33 30 0.113 1 2
12 52 0.065 1 0
30 5 0.116 1 0
12 15 0.041 1 2
199 5 0.768 1 0
22 52 0.103 1 0
140 40 0.569 1 0
27 22 0.172 1 0
19 15 0.113 1 0
37 52 0.151 1 0
46 100 0.223 1 0
125 15 0.411 1 0
38 22 0.201 1 2
115 40 0.376 1 2
35 10 0.134 1 2
118 40 0.618 1 0
14 22 0.054 1 2
24 70 0.092 1 0
18 22 0.098 1 0
72 5 0.364 1 0
19 10 0.119 1 0
39 22 0.135 1 0
35 70 0.113 1 0
34 15 0.221 1 0
10 70 0.041 1 0
220 30 0.849 1 2
35 15 0.106 1 0
19 15 0.095 1 2
77 15 0.374 1 0
194 15 1.155 1 0
171 5 0.994 1 0
14 70 0.048 1 2
34 52 0.146 1 0
26 100 0.092 1 2
29 40 0.146 1 0
191 52 0.575 1 0
19 30 0.088 1 0
42 22 0.155 1 0
61 30 0.228 1 2
57 100 0.174 1 0
175 40 0.566 1 2
19 15 0.070 1 0
59 40 0.294 1 0
19 70 0.081 1 0
71 5 0.293 1 2
12 22 0.065 1 2
44 40 0.246 1 2
64 40 0.211 1 0
162 30 0.768 1 0
10 10 0.038 1 0
53 10 0.182 1 2
53 22 0.209 1 0
126 30 0.457 1 2
118 70 0.362 1 0
55 15 0.243 1 0
30 52 0.137 1 0
28 40 0.110 1 0
90 30 0.320 1 0
58 52 0.235 1 2
95 5 0.383 1 0
73 70 0.437 1 2
21 22 0.098 1 0
72 22 0.242 1 2
167 10 0.635 1 2
121 15 0.776 1 0
12 15 0.043 1 2
115 100 0.697 1 0
10 10 0.036 1 0
39 52 0.116 1 0
200 22 0.766 1 0
173 5 0.518 1 2
10 70 0.029 1 0
47 10 0.191 1 0
67 52 0.302 1 2
13 22 0.074 1 0
199 5 0.877 1 2
68 5 0.444 1 0
145 52 0.585 1 0
18 15 0.095 1 0
32 100 0.112 1 2
101 100 0.314 1 2
33 40 0.118 1 0
17 100 0.069 1 2
180 70 0.664 1 2
129 52 0.796 1 0
11 10 0.044 1 0
170 15 0.825 1 0
28 5 0.172 1 0
20 22 0.074 1 2
56 100 0.164 1 2
129 22 0.658 1 2
136 52 0.919 1 2
51 70 0.323 1 2
10 52 0.035 1 2
52 15 0.250 1 0
179 5 0.882 1 2
35 5 0.104 1 0
12 10 0.065 1 0
73 40 0.292 1 2
13 5 0.041 1 2
12 10 0.067 1 0
146 100 0.564 1 0
338 70 1.610 1 2
36 100 0.124 1 0
132 70 0.841 1 2
90 70 0.323 1 2
62 52 0.183 1 2
103 5 0.406 1 0
19 15 0.102 1 0
137 10 0.519 1 0
167 22 0.893 1 0
65 15 0.196 1 2
255 100 1.509 1 0
229 10 1.405 1 0
10 100 0.058 1 0
82 15 0.352 1 0
164 5 0.886 1 0
138 30 0.780 1 2
172 22 0.529 1 2
67 5 0.199 1 0
21 52 0.104 1 0
283 30 1.194 1 0
125 15 0.394 1 2
12 100 0.041 1 0
21 5 0.066 1 0
23 15 0.085 1 0
17 70 0.104 1 2
116 15 0.404 1 0
13 70 0.051 1 2
25 70 0.091 1 0
16 40 0.073 1 0
77 5 0.440 1 0
53 22 0.201 1 2
24 22 0.105 1 2
15 40 0.045 1 0
10 22 0.032 1 0
19 100 0.058 1 0
195 15 1.204 1 0
190 5 0.905 1 0
229 30 0.839 1 2
25 15 0.111 1 0
298 10 1.088 1 0
50 10 0.291 1 2
35 52 0.167 1 0
13 40 0.046 1 0
231 30 1.462 1 0
168 70 0.501 1 2
138 15 0.533 1 2
10 22 0.034 1 0
102 40 0.415 1 2
201 30 1.241 1 0
50 15 0.240 1 2
19 70 0.083 1 0
95 22 0.281 1 0
43 70 0.152 1 2
136 30 0.487 1 0
331 52 1.335 1 0
105 52 0.318 1 0
302 15 0.883 1 0
181 52 0.545 1 0
44 70 0.166 1 0
48 70 0.172 1 2
90 22 0.323 1 0
79 22 0.279 1 0
17 52 0.100 1 0
292 30 1.596 1 0
18 22 0.072 1 0
85 30 0.383 1 0
20 40 0.066 1 0
55 30 0.171 1 0
170 52 0.773 1 0
16 10 0.078 1 0
146 10 0.535 1 0
13 40 0.061 1 0
17 40 0.067 1 2
85 5 0.316 1 2
28 30 0.090 1 0
24 70 0.096 1 0
16 70 0.054 1 0
20 22 0.068 1 0
13 52 0.041 1 2
13 70 0.053 1 0
122 40 0.409 1 0
227 30 0.870 1 0
78 70 0.339 1 2
24 5 0.110 1 0
172 30 0.573 1 0
332 30 1.677 1 0
91 30 0.417 1 0
79 70 0.297 1 2
15 40 0.069 1 0
174 100 0.619 1 0
123 100 0.547 1 0
11 10 0.033 1 0
43 40 0.210 1 0
23 70 0.071 1 0
29 5 0.089 1 2
33 100 0.108 1 0
56 40 0.172 1 0
22 40 0.094 1 0
15 30 0.055 1 2
325 40 1.161 1 0
70 70 0.398 1 2
77 22 0.310 1 0
145 10 0.614 1 0
42 40 0.189 1 2
32 15 0.125 1 0
58 22 0.299 1 0
17 70 0.097 1 2
11 100 0.039 1 0
193 10 0.573 1 0
14 5 0.052 1 0
79 15 0.274 1 0
192 100 0.596 1 2
196 40 1.016 1 2
79 52 0.416 1 2
45 100 0.268 1 0
33 15 0.164 1 2
30 5 0.112 1 2
76 5 0.458 1 0
78 70 0.244 1 0
26 5 0.124 1 2
191 30 0.675 1 2
24 100 0.115 1 0
15 40 0.064 1 0
179 40 0.810 1 2
188 40 0.770 1 0
69 22 0.252 1 2
11 70 0.033 1 2
60 100 0.213 1 2
94 70 0.287 1 2
172 40 0.994 1 2
20 100 0.099 1 2
232 40 1.027 1 0
38 40 0.153 1 0
10 70 0.039 1 2
53 52 0.190 1 0
48 22 0.240 1 2
10 15 0.040 1 0
17 10 0.056 1 2
182 70 0.919 1 2
242 10 0.893 1 0
213 22 0.813 1 0
11 40 0.034 1 0
150 70 0.479 1 0
17 52 0.059 1 0
17 15 0.085 1 0
113 10 0.452 1 0
48 40 0.231 1 2
10 15 0.032 1 0
147 30 0.503 1 0
229 40 0.877 1 2
97 52 0.524 1 0
74 40 0.265 1 0
54 70 0.204 1 2
41 52 0.128 1 0
140 100 0.419 1 2
55 22 0.166 1 2
11 10 0.039 1 0
60 70 0.206 1 0
152 10 0.879 1 0
41 100 0.167 1 0
43 10 0.291 1 0
96 30 0.387 1 0
10 52 0.030 1 2
13 5 0.052 1 2
11 22 0.043 1 2
75 52 0.265 1 0
32 30 0.102 1 2
160 70 0.476 1 2
19 30 0.057 1 0
280 15 1.582 1 0
10 30 0.047 1 0
218 40 1.204 1 2
166 40 0.712 1 0
46 100 0.176 1 2
308 15 1.488 1 0
144 5 0.770 1 0
263 10 1.114 1 0
135 5 0.562 1 0
11 5 0.061 1 0
138 70 0.548 1 2
16 52 0.098 1 0
11 22 0.035 1 2
65 10 0.404 1 0
26 10 0.092 1 0
11 52 0.054 1 2
28 40 0.153 1 0
265 5 0.950 1 2
138 22 0.817 1 2
263 22 1.742 1 0
138 10 0.600 1 0
237 40 1.077 1 2
73 40 0.296 1 0
27 30 0.149 1 0
12 30 0.050 1 2
33 15 0.156 1 0
35 40 0.133 1 0
180 30 0.690 1 0
134 100 0.489 1 2
14 70 0.061 1 2
27 52 0.165 1 0
17 22 0.086 1 2
12 40 0.037 1 2
16 5 0.079 1 0
10 10 0.040 1 0
15 10 0.055 1 2
139 52 0.493 1 0
150 15 0.512 1 0
104 5 0.347 1 0
60 5 0.279 1 0
178 52 0.657 1 0
63 52 0.220 1 0
10 52 0.033 1 0
76 22 0.259 1 0
30 30 0.196 1 0
30 22 0.186 1 0
109 15 0.669 1 2
332 22 1.566 1 2
283 70 1.401 1 0
127 15 0.510 1 2
286 52 1.059 1 0
85 10 0.305 1 0
39 30 0.142 1 2
13 70 0.047 1 0
18 5 0.086 1 2
13 100 0.047 1 2
286 30 1.368 1 0
31 5 0.181 1 0
25 40 0.086 1 2
15 22 0.050 1 0
11 10 0.052 1 2
32 70 0.115 1 0
77 15 0.345 1 0
142 70 0.609 1 0
19 15 0.063 1 0
71 52 0.228 1 0
50 30 0.311 1 0
46 10 0.157 1 0
35 40 0.142 1 0
161 10 0.523 1 2
11 40 0.051 1 0
48 52 0.235 1 0
30 70 0.181 1 0
10 40 0.042 1 0
15 10 0.101 1 2
59 100 0.211 1 0
42 10 0.163 1 0
34 5 0.107 1 0
71 100 0.285 1 0
181 100 0.862 1 2
15 70 0.053 1 2
64 70 0.211 1 2
17 22 0.110 1 0
124 70 0.432 1 2
11 100 0.046 1 0
13 5 0.087 1 0
12 100 0.045 1 0
30 15 0.122 1 2
11 10 0.037 1 2
13 5 0.052 1 0
62 40 0.230 1 2
22 40 0.087 1 2
62 5 0.182 1 0
115 10 0.567 1 2
19 70 0.092 1 0
77 40 0.329 1 0
22 52 0.066 1 2
266 5 0.796 1 2
90 15 0.328 1 2
284 22 1.064 1 2
13 5 0.077 1 2
119 52 0.583 1 0
223 40 1.260 1 0
12 70 0.052 1 0
312 5 1.023 1 0
48 10 0.173 1 0
153 70 0.702 1 2
160 30 0.630 1 0
41 22 0.209 1 0
55 52 0.213 1 0
44 15 0.293 1 0
21 40 0.071 1 0
45 10 0.283 1 2
39 40 0.132 1 0
62 30 0.191 1 2
36 5 0.115 1 0
55 10 0.191 1 0
72 15 0.277 1 0
197 10 0.879 1 2
40 22 0.178 1 0
14 30 0.080 1 0
60 30 0.182 1 2
68 30 0.436 1 2
54 15 0.188 1 0
10 30 0.032 1 0
10 10 0.045 1 0
24 15 0.074 1 0
300 22 1.493 1 0
189 100 0.594 1 0
187 52 0.698 1 0
12 5 0.054 1 0
46 40 0.215 1 0
11 10 0.045 1 0
24 5 0.094 1 2
173 10 0.940 1 0
90 40 0.356 1 0
314 5 1.189 1 2
15 70 0.045 1 0
40 30 0.124 1 0
12 100 0.037 1 2
73 70 0.284 1 2
19 5 0.064 1 0
325 22 1.729 1 0
80 70 0.237 1 0
193 52 1.116 1 2
36 22 0.121 1 0
17 15 0.053 1 0
15 30 0.082 1 0
17 100 0.053 1 0
10 100 0.032 1 2
324 100 1.237 1 2
20 40 0.091 1 0
62 10 0.271 1 0
58 22 0.382 1 0
79 30 0.350 1 2
25 52 0.111 1 2
16 15 0.051 1 0
219 40 0.658 1 2
14 40 0.070 1 0
50 70 0.190 1 0
69 40 0.246 1 0
95 22 0.537 1 2
77 22 0.353 1 0
68 40 0.252 1 0
181 70 0.661 1 0
61 30 0.237 1 0
92 22 0.374 1 0
17 30 0.083 1 0
38 5 0.128 1 0
182 52 0.537 1 2
35 22 0.169 1 2
19 15 0.059 1 0
89 40 0.336 1 2
313 22 1.647 1 0
73 100 0.247 1 0
26 15 0.092 1 0
13 52 0.050 1 2
18 70 0.066 1 2
140 10 0.673 1 0
210 100 0.714 1 2
11 22 0.036 1 0
75 100 0.412 1 0
35 100 0.109 1 2
74 22 0.271 1 2
212 70 1.432 1 0
126 70 0.615 1 0
173 52 0.852 1 0
34 22 0.155 1 0
37 5 0.115 1 2
17 52 0.058 1 0
147 10 0.766 1 0
13 52 0.041 1 0
35 10 0.121 1 0
76 5 0.228 1 0
55 52 0.335 1 0
43 22 0.199 1 0
28 5 0.100 1 2
161 70 0.674 1 2
114 5 0.559 1 0
19 100 0.074 1 0
165 10 0.565 1 0
147 30 0.665 1 0
84 70 0.449 1 0
12 40 0.037 1 0
220 5 1.033 1 2
67 100 0.294 1 2
11 22 0.047 1 0
16 22 0.050 1 0
73 70 0.259 1 2
49 70 0.263 1 0
83 40 0.316 1 2
162 30 0.779 1 0
21 30 0.106 1 0
14 30 0.063 1 0
321 15 1.414 1 2
125 70 0.421 1 0
10 22 0.033 1 0
211 5 1.122 1 0
19 5 0.068 1 2
125 15 0.434 1 2
190 30 0.763 1 2
70 10 0.270 1 0
28 22 0.137 1 0
117 100 0.539 1 0
161 40 0.970 1 0
264 40 1.039 1 0
75 30 0.412 1 2
13 40 0.064 1 2
192 40 0.617 1 2
233 100 0.704 1 2
78 30 0.527 1 2
252 30 0.834 1 0
145 70 0.495 1 0
68 70 0.199 1 0
34 10 0.143 1 0
57 70 0.256 1 2
24 40 0.071 1 0
322 15 1.122 1 0
191 40 1.079 1 2
109 100 0.359 1 0
48 52 0.211 1 0
28 100 0.112 1 2
62 10 0.358 1 0
18 15 0.078 1 2
53 10 0.286 1 2
18 10 0.085 1 2
85 22 0.383 1 2
65 70 0.274 1 0
199 100 1.082 1 2
22 5 0.079 1 0
19 70 0.126 1 0
18 15 0.070 1 0
15 15 0.064 1 0
217 5 0.868 1 0
13 52 0.038 2 1
14 52 0.048 2 1
154 15 0.464 2 1
21 22 0.141 2 1
22 40 0.065 2 1
52 5 0.246 2 1
89 10 0.337 2 0
16 70 0.055 2 0
59 10 0.214 2 1
18 22 0.099 2 0
55 52 0.199 2 0
143 100 0.513 2 0
40 15 0.204 2 1
41 10 0.126 2 1
37 52 0.248 2 0
165 10 0.521 2 0
136 40 0.791 2 1
11 30 0.051 2 0
106 22 0.320 2 0
175 70 1.108 2 0
22 15 0.096 2 0
59 10 0.226 2 0
22 30 0.114 2 0
13 10 0.044 2 0
18 70 0.089 2 0
50 40 0.162 2 0
65 30 0.193 2 1
17 52 0.081 2 0
37 30 0.137 2 0
158 70 0.782 2 1
87 5 0.444 2 1
11 52 0.040 2 1
11 10 0.069 2 0
42 70 0.273 2 0
41 30 0.174 2 0
20 40 0.080 2 0
307 70 1.190 2 0
13 100 0.071 2 0
72 10 0.239 2 1
76 70 0.296 2 0
60 100 0.239 2 0
135 15 0.750 2 0
165 30 0.690 2 0
11 22 0.074 2 0
119 5 0.423 2 0
17 5 0.062 2 0
172 30 0.642 2 0
20 40 0.114 2 0
18 52 0.102 2 0
305 5 1.753 2 0
164 30 0.481 2 1
55 15 0.231 2 1
15 70 0.060 2 0
10 70 0.035 2 1
27 100 0.176 2 1
88 10 0.273 2 0
76 10 0.268 2 1
56 22 0.280 2 1
63 52 0.297 2 0
226 40 1.242 2 1
15 10 0.069 2 0
117 5 0.603 2 1
68 22 0.235 2 0
196 10 0.715 2 1
48 10 0.161 2 0
179 10 0.624 2 1
254 22 1.000 2 0
43 15 0.153 2 0
128 22 0.525 2 1
175 40 0.616 2 0
17 22 0.050 2 1
106 30 0.422 2 0
143 70 0.502 2 1
24 100 0.086 2 0
29 70 0.144 2 1
91 70 0.308 2 0
44 10 0.243 2 0
135 30 0.637 2 0
38 40 0.224 2 0
37 100 0.171 2 1
17 52 0.081 2 0
13 30 0.055 2 0
101 10 0.669 2 1
18 30 0.116 2 0
62 70 0.308 2 0
43 40 0.143 2 1
13 52 0.064 2 0
15 40 0.093 2 0
258 100 1.032 2 0
32 52 0.121 2 1
75 52 0.381 2 0
56 5 0.166 2 0
21 52 0.104 2 0
92 70 0.277 2 1
60 15 0.192 2 0
38 70 0.189 2 0
30 52 0.136 2 1
29 70 0.161 2 0
28 40 0.100 2 1
64 100 0.251 2 0
116 15 0.671 2 0
197 5 0.677 2 0
12 30 0.076 2 0
155 52 0.838 2 0
41 15 0.128 2 0
101 5 0.399 2 0
33 15 0.195 2 0
27 10 0.132 2 0
65 40 0.228 2 1
19 15 0.064 2 1
103 52 0.488 2 0
13 100 0.057 2 0
157 30 0.734 2 0
16 15 0.088 2 1
26 100 0.109 2 1
24 30 0.125 2 0
142 100 0.433 2 1
73 40 0.343 2 0
161 30 0.719 2 0
76 10 0.228 2 0
337 10 1.518 2 0
73 15 0.316 2 0
278 22 0.885 2 0
34 100 0.160 2 0
38 40 0.146 2 0
195 15 0.596 2 0
37 100 0.193 2 0
237 30 1.107 2 1
30 70 0.131 2 0
39 30 0.204 2 0
316 30 1.672 2 0
22 52 0.066 2 0
151 100 0.502 2 1
24 52 0.083 2 0
11 100 0.039 2 0
40 40 0.124 2 0
13 22 0.039 2 0
284 15 1.262 2 0
39 10 0.176 2 0
19 70 0.065 2 0
15 40 0.046 2 0
40 5 0.158 2 0
78 22 0.336 2 0
30 52 0.109 2 0
91 22 0.429 2 0
267 100 1.117 2 1
104 70 0.615 2 1
40 22 0.148 2 0
181 22 0.631 2 0
33 52 0.188 2 1
30 70 0.127 2 0
211 30 0.764 2 0
133 70 0.826 2 1
112 22 0.557 2 0
19 10 0.091 2 0
10 40 0.035 2 1
38 52 0.142 2 0
11 15 0.035 2 0
250 30 0.822 2 0
30 22 0.109 2 1
60 100 0.247 2 0
15 100 0.099 2 0
169 70 1.056 2 0
129 100 0.547 2 0
154 22 0.672 2 0
270 22 0.982 2 0
151 15 0.489 2 0
12 15 0.051 2 1
92 52 0.497 2 0
30 40 0.197 2 1
10 30 0.038 2 1
12 100 0.074 2 1
66 100 0.391 2 1
329 30 1.365 2 1
25 10 0.095 2 0
63 5 0.276 2 1
22 70 0.129 2 1
42 70 0.130 2 0
68 52 0.391 2 0
10 100 0.035 2 1
18 15 0.107 2 0
98 22 0.309 2 0
204 22 1.222 2 0
16 70 0.050 2 0
10 22 0.033 2 0
61 15 0.219 2 0
222 52 1.500 2 0
34 52 0.100 2 0
15 5 0.055 2 0
20 70 0.079 2 1
58 100 0.186 2 1
10 70 0.051 2 1
223 30 0.703 2 0
81 70 0.503 2 0
45 30 0.143 2 0
13 100 0.045 2 0
66 15 0.257 2 0
11 70 0.040 2 1
78 5 0.257 2 1
68 40 0.215 2 0
25 10 0.106 2 0
14 30 0.044 2 1
33 30 0.146 2 1
12 40 0.035 2 0
270 10 1.216 2 0
18 40 0.059 2 0
26 22 0.085 2 1
63 22 0.194 2 1
10 5 0.031 2 0
105 5 0.425 2 0
50 10 0.240 2 0
155 100 0.618 2 1
55 100 0.197 2 0
60 15 0.231 2 1
233 52 0.947 2 1
19 40 0.074 2 0
41 10 0.186 2 1
34 10 0.117 2 1
18 100 0.058 2 0
33 30 0.118 2 0
46 22 0.311 2 0
237 100 1.209 2 1
182 100 0.655 2 1
69 22 0.345 2 0
180 10 0.674 2 0
296 100 0.892 2 0
174 15 0.586 2 0
68 100 0.241 2 0
10 52 0.039 2 0
15 70 0.065 2 0
17 70 0.102 2 1
335 22 1.324 2 0
22 22 0.068 2 0
31 5 0.121 2 1
62 15 0.191 2 0
17 52 0.053 2 0
34 70 0.194 2 1
22 22 0.065 2 0
78 52 0.358 2 1
70 30 0.290 2 1
29 70 0.104 2 0
19 5 0.069 2 0
66 5 0.243 2 1
174 52 0.685 2 0
336 30 1.073 2 0
141 70 0.542 2 0
193 30 0.951 2 1
24 30 0.109 2 1
19 5 0.100 2 0
30 40 0.148 2 1
58 70 0.276 2 0
33 52 0.131 2 0
38 22 0.188 2 1
17 52 0.052 2 0
39 22 0.140 2 0
40 70 0.135 2 1
32 5 0.168 2 0
108 52 0.562 2 1
79 22 0.376 2 0
74 15 0.236 2 0
10 22 0.032 2 0
72 70 0.404 2 1
259 52 0.932 2 1
90 40 0.385 2 1
19 40 0.125 2 0
15 30 0.084 2 0
21 70 0.070 2 0
106 15 0.517 2 0
20 15 0.085 2 0
338 30 1.300 2 0
228 52 1.443 2 1
180 40 0.561 2 0
10 30 0.063 2 0
95 52 0.378 2 0
37 40 0.135 2 0
65 52 0.316 2 1
71 15 0.458 2 0
58 40 0.210 2 0
38 10 0.138 2 0
127 22 0.760 2 0
19 40 0.072 2 0
37 5 0.224 2 0
55 15 0.217 2 1
15 100 0.091 2 0
53 40 0.163 2 1
112 100 0.644 2 0
17 22 0.062 2 1
92 5 0.313 2 0
74 5 0.311 2 1
59 52 0.223 2 0
17 22 0.068 2 0
141 70 0.438 2 0
67 100 0.199 2 0
338 15 1.097 2 0
15 40 0.059 2 0
41 70 0.196 2 0
19 15 0.073 2 0
30 100 0.169 2 1
17 5 0.057 2 0
17 22 0.109 2 0
33 30 0.104 2 0
30 15 0.152 2 0
15 70 0.070 2 0
320 22 1.127 2 0
39 100 0.138 2 0
70 40 0.268 2 0
56 10 0.299 2 0
56 40 0.241 2 0
75 5 0.226 2 0
48 40 0.282 2 0
18 22 0.056 2 0
19 5 0.061 2 1
44 22 0.186 2 1
15 100 0.049 2 0
19 40 0.086 2 0
292 15 1.460 2 0
164 30 1.093 2 0
225 15 1.461 2 1
14 5 0.049 2 0
121 22 0.712 2 1
33 22 0.097 2 0
13 40 0.041 2 0
49 22 0.158 2 1
20 30 0.078 2 1
159 10 0.729 2 0
18 40 0.062 2 0
306 10 1.244 2 1
32 40 0.167 2 0
11 5 0.037 2 1
37 52 0.210 2 1
57 52 0.278 2 1
42 30 0.145 2 0
25 10 0.109 2 0
101 100 0.330 2 1
48 5 0.190 2 0
181 22 0.874 2 0
56 22 0.218 2 0
133 10 0.429 2 0
34 22 0.123 2 1
232 40 0.688 2 0
177 22 0.532 2 0
30 15 0.091 2 0
18 52 0.058 2 1
54 30 0.171 2 0
64 100 0.318 2 0
277 30 1.466 2 0
36 40 0.229 2 1
32 5 0.101 2 1
73 52 0.224 2 0
32 52 0.162 2 0
19 70 0.088 2 1
18 100 0.076 2 0
65 30 0.320 2 0
59 70 0.195 2 0
18 40 0.102 2 1
23 52 0.071 2 0
43 22 0.128 2 0
107 30 0.527 2 0
14 52 0.066 2 0
14 5 0.045 2 0
36 15 0.146 2 0
24 15 0.075 2 0
109 15 0.522 2 1
70 30 0.467 2 0
120 30 0.440 2 0
126 15 0.377 2 0
55 10 0.196 2 1
106 10 0.453 2 1
226 40 0.751 2 0
67 10 0.236 2 1
10 5 0.046 2 0
13 22 0.045 2 1
68 40 0.279 2 0
15 52 0.045 2 1
24 22 0.121 2 0
138 22 0.719 2 1
55 10 0.234 2 0
116 100 0.339 2 0
86 10 0.371 2 1
41 100 0.225 2 0
35 15 0.183 2 0
20 100 0.060 2 0
20 15 0.060 2 1
29 22 0.097 2 0
177 100 0.885 2 1
83 70 0.305 2 1
66 100 0.280 2 1
18 70 0.064 2 0
19 22 0.108 2 1
153 40 0.927 2 1
109 30 0.354 2 0
62 40 0.194 2 0
61 100 0.377 2 0
19 40 0.063 2 0
168 5 0.604 2 0
11 15 0.055 2 1
35 15 0.110 2 0
20 52 0.098 2 1
35 10 0.165 2 1
337 52 1.376 2 1
78 70 0.422 2 0
27 100 0.166 2 1
37 15 0.178 2 0
10 70 0.068 2 0
18 30 0.053 2 1
300 22 1.376 2 0
68 40 0.384 2 0
176 15 0.854 2 1
59 22 0.186 2 1
14 22 0.087 2 0
15 30 0.079 2 0
71 15 0.234 2 0
62 70 0.265 2 0
27 5 0.096 2 0
12 5 0.068 2 1
33 40 0.129 2 0
10 15 0.033 2 0
40 52 0.144 2 0
196 40 0.925 2 1
12 5 0.039 2 0
15 30 0.057 2 0
241 10 1.628 2 1
10 10 0.059 2 1
195 40 1.291 2 0
318 52 1.100 2 0
48 15 0.244 2 0
151 100 0.645 2 0
17 52 0.108 2 1
23 70 0.125 2 0
68 40 0.291 2 0
54 5 0.286 2 0
31 5 0.128 2 0
177 22 0.623 2 0
21 100 0.084 2 1
70 30 0.271 2 1
16 52 0.058 2 0
34 100 0.227 2 0
13 40 0.038 2 0
28 52 0.086 2 0
11 10 0.067 2 0
31 10 0.097 2 0
246 22 0.809 2 1
17 52 0.074 2 1
62 10 0.225 2 0
49 15 0.287 2 0
21 40 0.086 2 0
184 70 0.807 2 1
15 30 0.072 2 0
131 40 0.435 2 1
99 52 0.294 2 0
23 52 0.144 2 1
16 10 0.061 2 0
55 22 0.369 2 0
156 5 0.963 2 1
10 100 0.040 2 0
12 70 0.038 2 0
30 40 0.162 2 0
54 30 0.223 2 0
11 10 0.070 2 0
295 30 1.735 2 0
123 10 0.384 2 0
55 70 0.163 2 0
50 22 0.156 2 0
54 30 0.258 2 0
42 100 0.231 2 0
192 10 0.573 2 1
50 15 0.249 2 0
75 30 0.381 2 0
129 22 0.806 2 1
31 10 0.154 2 0
25 70 0.084 2 1
37 40 0.146 2 0
20 40 0.105 2 0
24 15 0.155 2 0
223 70 1.232 2 0
67 52 0.217 2 0
38 30 0.143 2 0
15 5 0.051 2 0
10 10 0.039 2 0
145 70 0.711 2 0
114 22 0.422 2 0
175 30 0.785 2 0
33 10 0.116 2 1
22 52 0.068 2 0
70 22 0.278 2 0
27 10 0.098 2 0
83 40 0.323 2 0
192 52 0.919 2 0
79 70 0.462 2 0
76 5 0.234 2 0
94 15 0.511 2 1
321 10 2.084 2 1
144 40 0.742 2 0
102 15 0.479 2 0
73 22 0.249 2 0
26 70 0.093 2 0
20 100 0.065 2 0
45 10 0.147 2 0
36 15 0.172 2 0
17 100 0.095 2 0
24 5 0.088 2 0
37 40 0.173 2 0
32 30 0.118 2 0
22 40 0.091 2 1
18 100 0.078 2 0
178 100 0.595 2 1
49 30 0.209 2 0
28 15 0.189 2 1
26 22 0.113 2 1
209 30 0.609 2 0
14 52 0.088 2 0
17 30 0.066 2 0
181 15 0.688 2 0
49 30 0.271 2 0
45 22 0.256 2 0
82 100 0.313 2 0
66 30 0.395 2 1
31 22 0.092 2 0
41 70 0.192 2 0
11 5 0.036 2 1
27 40 0.102 2 1
30 10 0.092 2 0
208 10 1.030 2 0
21 40 0.067 2 1
16 70 0.066 2 0
17 10 0.115 2 1
72 5 0.254 2 1
27 10 0.085 2 0
33 15 0.106 2 1
40 15 0.117 2 1
71 5 0.318 2 0
130 22 0.628 2 0
81 22 0.289 2 1
94 40 0.556 2 0
156 30 0.473 2 1
59 15 0.316 2 0
52 70 0.243 2 0
18 30 0.061 2 0
67 5 0.199 2 1
182 15 0.805 2 1
16 22 0.048 2 0
61 15 0.204 2 1
173 15 0.573 2 1
22 5 0.067 2 0
19 30 0.087 2 1
17 70 0.083 2 1
18 15 0.055 2 1
42 22 0.154 2 0
25 30 0.144 2 0
66 30 0.198 2 0
76 40 0.299 2 0
111 30 0.481 2 0
108 100 0.414 2 1
122 5 0.678 2 0
24 10 0.159 2 1
52 22 0.219 2 1
13 40 0.062 2 1
10 22 0.034 2 0
38 52 0.229 2 0
100 10 0.316 2 0
13 10 0.039 2 0
89 10 0.345 2 0
160 5 0.500 2 0
32 10 0.133 2 0
10 52 0.042 2 0
15 70 0.059 2 0
68 30 0.286 2 1
55 100 0.209 2 1
58 70 0.331 2 0
105 70 0.405 2 0
26 100 0.077 2 0
128 40 0.387 2 0
67 100 0.272 2 0
41 15 0.129 2 0
68 100 0.276 2 0
12 10 0.036 2 0
32 10 0.102 2 0
12 70 0.053 2 0
11 5 0.036 2 0
44 40 0.180 2 1
33 70 0.153 2 0
16 22 0.105 2 1
182 10 0.565 2 1
103 52 0.319 2 0
22 40 0.132 2 0
232 30 0.899 2 1
42 10 0.128 2 0
47 5 0.258 2 1
60 40 0.237 2 0
25 22 0.164 2 0
158 10 0.675 2 0
166 70 0.798 2 1
25 10 0.140 2 0
12 15 0.079 2 0
49 22 0.173 2 0
47 52 0.142 2 0
22 22 0.069 2 1
46 10 0.138 2 0
85 70 0.390 2 0
57 22 0.238 2 1
16 5 0.048 2 1
182 100 1.028 2 0
25 5 0.073 2 0
10 70 0.037 2 0
29 40 0.144 2 0
164 5 0.524 2 1
60 40 0.197 2 0
22 5 0.080 2 0
13 100 0.045 2 0
113 70 0.504 2 0
61 5 0.197 2 0
23 70 0.083 2 0
18 15 0.110 2 0
27 22 0.158 2 0
34 70 0.105 2 1
48 22 0.175 2 0
18 100 0.065 2 0
35 52 0.182 2 0
56 5 0.206 2 0
41 70 0.121 2 0
29 40 0.156 2 0
62 52 0.287 2 0
16 15 0.061 2 0
16 100 0.096 2 1
44 15 0.237 2 0
73 40 0.252 2 0
28 5 0.163 2 1
20 22 0.068 2 0
10 5 0.029 2 1
70 5 0.318 2 0
55 40 0.268 2 0
112 22 0.622 2 0
78 40 0.355 2 1
127 100 0.428 2 1
305 70 1.362 2 1
141 70 0.691 2 1
149 100 0.611 2 1
62 30 0.203 2 1
14 5 0.094 2 0
11 30 0.036 2 0
98 10 0.360 2 0
10 10 0.045 2 1
339 5 1.173 2 1
134 100 0.459 2 0
21 100 0.109 2 1
58 5 0.190 2 0
18 52 0.104 2 0
33 22 0.116 2 0
49 15 0.214 2 1
89 22 0.271 2 0
27 40 0.089 2 0
264 15 1.123 2 1
33 52 0.122 2 0
44 30 0.224 2 0
10 52 0.065 2 0
338 100 1.550 2 0
129 52 0.746 2 1
149 100 0.460 2 1
31 22 0.101 2 1
14 22 0.050 2 0
18 70 0.083 2 0
19 30 0.112 2 0
67 22 0.196 2 0
16 40 0.050 2 0
12 100 0.069 2 0
106 5 0.582 2 0
297 70 1.169 2 0
20 70 0.096 2 0
53 40 0.237 2 0
30 30 0.133 2 0
52 40 0.169 2 0
33 100 0.204 2 1
50 100 0.171 2 0
171 100 0.684 2 0
13 100 0.044 2 0
78 70 0.344 2 1
331 52 1.478 2 0
27 5 0.105 2 1
136 10 0.429 2 0
319 52 1.375 2 0
113 40 0.669 2 0
104 10 0.630 2 0
20 40 0.060 2 1
338 10 1.516 2 1
10 10 0.033 2 0
79 10 0.516 2 0
11 30 0.043 2 0
39 70 0.119 2 0
16 30 0.107 2 1
57 15 0.186 2 0
133 100 0.516 2 0
15 10 0.057 2 0
36 30 0.124 2 1
10 10 0.037 2 1
29 70 0.112 2 0
17 30 0.087 2 0
10 52 0.057 2 1
19 40 0.071 2 1
10 70 0.032 2 0
12 100 0.072 2 0
12 40 0.038 2 0
170 10 0.876 2 0
179 52 0.565 2 1
30 70 0.104 2 0
55 10 0.304 2 0
16 70 0.069 2 1
19 30 0.068 2 1
33 30 0.099 2 1
53 10 0.248 2 0
22 52 0.071 2 1
64 100 0.413 2 0
16 40 0.059 2 0
158 10 0.888 2 0
52 10 0.222 2 0
114 22 0.620 2 0
19 10 0.095 2 0
110 100 0.356 2 0
335 30 1.132 2 0
59 40 0.197 2 1
189 70 0.931 2 0
33 5 0.147 2 0
36 100 0.154 2 1
263 70 1.201 2 1
241 52 1.479 2 0
83 22 0.474 2 1
31 22 0.104 2 0
197 40 1.173 2 0
278 5 1.645 2 1
35 15 0.181 2 1
63 15 0.202 2 1
36 15 0.106 2 1
33 15 0.138 2 0
44 30 0.216 2 1
61 15 0.335 2 0
133 15 0.778 2 1
139 70 0.572 2 0
22 52 0.138 2 0
13 15 0.039 2 0
13 15 0.061 2 0
323 52 2.182 2 0
72 5 0.257 2 0
62 22 0.218 2 1
68 5 0.391 2 1
61 15 0.183 2 0
315 40 1.202 2 1
319 22 1.135 2 0
135 70 0.500 2 0
52 70 0.167 2 0
231 40 1.105 2 0
241 15 1.470 2 0
128 30 0.826 2 0
144 22 0.783 2 0
95 15 0.353 2 1
24 10 0.140 2 0
31 52 0.126 2 0
17 30 0.086 2 0
45 15 0.144 2 1
30 5 0.109 2 1
150 40 0.888 2 0
279 100 1.011 2 0
86 70 0.386 2 1
26 100 0.089 2 0
104 15 0.326 2 0
19 15 0.090 2 0
266 100 0.847 2 1
67 30 0.295 2 1
82 10 0.453 2 1
11 100 0.040 2 0
24 100 0.151 2 1
75 10 0.276 2 0
158 40 0.658 2 0
92 10 0.280 2 0
28 70 0.104 2 0
11 10 0.047 2 1
173 15 0.994 2 1
177 10 0.623 2 1
11 10 0.048 2 0
141 5 0.549 2 1
59 70 0.258 2 0
70 30 0.289 2 1
85 5 0.326 2 1
199 5 0.900 2 0
12 22 0.038 2 1
44 15 0.295 2 1
11 15 0.051 2 0
16 30 0.058 2 0
76 5 0.264 2 1
227 22 1.290 2 1
14 52 0.050 2 0
87 5 0.310 2 0
27 10 0.084 2 1
36 70 0.145 2 0
11 100 0.040 2 0
56 100 0.280 2 0
17 40 0.076 2 0
232 70 1.166 2 0
10 30 0.034 2 0
35 40 0.126 2 1
63 52 0.273 2 0
39 30 0.128 2 0
29 70 0.173 2 0
30 70 0.145 2 0
15 5 0.060 2 0
54 5 0.219 2 0
104 15 0.486 2 0
37 70 0.146 2 0
11 52 0.038 2 1
36 15 0.225 2 1
256 30 1.261 2 0
16 100 0.070 2 1
73 52 0.305 2 0
16 52 0.054 2 0
41 100 0.210 2 1
161 22 0.514 2 0
20 70 0.085 2 0
39 10 0.245 2 0
28 15 0.172 2 0
187 52 0.742 2 0
163 70 0.497 2 0
41 40 0.181 2 0
268 5 0.805 2 1
201 40 0.595 2 0
17 100 0.093 2 0
20 5 0.103 2 0
19 100 0.062 2 1
12 15 0.060 2 0
31 15 0.117 2 0
38 15 0.255 2 1
19 40 0.095 2 1
36 30 0.141 2 0
77 22 0.339 2 0
241 70 1.607 2 1
77 100 0.318 2 0
190 70 0.950 2 0
166 10 0.646 2 0
14 15 0.063 2 1
10 22 0.033 2 1
114 100 0.425 2 0
102 5 0.537 2 1
131 70 0.453 2 1
188 52 0.620 2 0
256 10 1.506 2 0
158 52 0.494 2 0
16 15 0.054 2 0
121 10 0.672 2 0
12 10 0.045 2 1
50 5 0.199 2 0
139 15 0.409 2 1
60 70 0.331 2 0
14 40 0.073 2 0
107 5 0.339 2 0
22 70 0.119 2 0
161 70 0.722 2 0
91 52 0.367 2 1
73 100 0.406 2 0
50 22 0.299 2 1
129 30 0.430 2 0
134 70 0.406 2 0
37 22 0.120 2 0
34 22 0.212 2 1
70 70 0.400 2 0
42 70 0.133 2 1
75 52 0.500 2 1
15 15 0.047 2 0
17 10 0.085 2 0
319 22 1.085 2 0
40 15 0.268 2 0
42 5 0.141 2 0
12 10 0.079 2 0
17 40 0.063 2 1
13 52 0.049 2 1
149 5 0.720 2 1
26 30 0.094 2 1
15 5 0.101 2 0
313 70 1.087 2 0
220 5 1.279 2 0
193 70 0.717 2 1
302 10 1.166 2 0
181 22 1.160 2 0
45 70 0.181 2 0
43 22 0.125 2 0
113 10 0.528 2 0
55 40 0.259 2 0
321 10 0.988 2 0
148 22 0.831 2 1
11 100 0.039 2 1
64 100 0.198 2 0
268 40 0.968 2 1
29 100 0.172 2 0
37 5 0.163 2 0
41 30 0.192 2 0
145 30 0.609 2 0
60 100 0.201 2 0
39 10 0.222 2 1
16 100 0.080 2 0
34 5 0.140 2 1
61 5 0.305 2 1
92 70 0.301 2 0
56 70 0.264 2 1
19 52 0.057 2 0
320 10 1.275 2 0
37 22 0.227 2 0
164 40 0.770 2 1
76 40 0.278 2 0
37 100 0.119 2 1
115 70 0.673 2 0
133 22 0.696 2 1
10 70 0.034 2 0
248 70 0.797 2 0
12 15 0.050 2 0
19 70 0.064 2 1
165 10 0.517 2 0
137 15 0.523 2 1
31 5 0.119 2 1
10 15 0.031 2 1
16 100 0.084 2 1
11 5 0.067 2 0
167 22 0.582 2 0
217 22 0.871 2 1
37 22 0.230 2 0
295 70 1.657 2 0
14 15 0.059 2 1
44 100 0.237 2 0
158 70 0.898 2 0
26 70 0.129 2 1
69 30 0.214 2 0
121 15 0.672 2 1
82 5 0.315 2 0
147 15 0.786 2 0
28 22 0.163 2 0
35 30 0.102 2 0
67 52 0.435 2 0
72 30 0.273 2 0
20 52 0.059 2 0
264 15 1.048 2 0
143 22 0.431 2 1
13 30 0.049 2 0
161 10 0.852 2 1
12 52 0.067 2 1
31 52 0.126 2 0
51 100 0.162 2 0
63 100 0.239 2 0
19 5 0.057 2 1
47 10 0.180 2 0
322 100 1.809 2 0
39 70 0.156 2 1
18 15 0.103 2 0
185 15 0.720 2 0
53 70 0.215 2 0
167 52 0.673 2 1
158 22 0.775 2 1
231 52 1.490 2 1
84 15 0.449 2 0
176 22 0.838 2 1
108 10 0.359 2 0
60 40 0.265 2 0
127 30 0.756 2 1
251 15 0.777 2 0
75 22 0.304 2 0
97 100 0.345 2 1
14 100 0.048 2 1
17 40 0.067 2 0
45 5 0.302 2 1
14 22 0.046 2 0
136 52 0.901 2 0
30 15 0.151 2 0
60 22 0.317 2 0
181 15 0.597 2 0
36 52 0.109 2 0
21 5 0.065 2 0
68 5 0.342 2 0
10 40 0.053 2 0
146 52 0.564 2 0
41 70 0.123 2 0
241 30 1.181 2 1
79 15 0.422 2 1
14 10 0.080 2 0
18 70 0.059 2 0
117 10 0.557 2 1
58 5 0.379 2 1
82 15 0.427 2 0
13 22 0.053 2 0
48 22 0.251 2 1
14 70 0.054 2 1
36 22 0.151 2 0
40 30 0.197 2 1
291 100 0.957 2 1
38 5 0.245 2 0
46 40 0.151 2 0
19 5 0.070 2 0
14 70 0.070 2 0
39 15 0.121 2 0
28 10 0.120 2 0
172 40 0.905 2 0
67 70 0.396 2 0
64 70 0.317 2 0
185 30 0.576 2 1
63 70 0.420 2 1
72 100 0.296 2 0
16 10 0.092 2 0
16 10 0.058 2 0
12 70 0.046 2 0
143 5 0.622 2 0
93 5 0.271 2 0
50 70 0.189 2 0
29 15 0.149 2 0
43 10 0.163 2 1
22 52 0.067 2 0
11 10 0.072 2 1
167 52 0.777 2 1
70 22 0.227 2 0
173 5 1.075 2 1
43 52 0.215 2 0
81 40 0.300 2 0
193 52 0.588 2 0
107 5 0.415 2 1
11 70 0.035 2 0
22 100 0.068 2 0
13 22 0.051 2 0
24 70 0.105 2 0
