93 70 0.547 0 3
37 100 0.155 0 4
302 10 1.144 0 3
13 10 0.052 0 4
173 22 0.549 0 4
13 30 0.084 0 2
137 52 0.596 0 4
13 70 0.045 0 2
18 5 0.076 0 3
68 22 0.266 0 3
20 10 0.103 0 1
280 10 1.818 0 4
11 52 0.059 0 2
138 40 0.521 0 3
119 10 0.700 0 1
256 15 0.760 0 1
16 5 0.063 0 2
82 70 0.412 0 3
64 70 0.288 0 2
13 30 0.062 0 1
15 10 0.046 0 2
27 70 0.181 0 3
15 15 0.100 0 4
30 10 0.146 0 4
56 15 0.234 0 1
19 52 0.062 0 3
10 52 0.058 0 4
22 10 0.126 0 4
181 15 0.693 0 2
20 70 0.060 0 1
79 22 0.259 0 3
36 70 0.206 0 4
87 70 0.303 0 2
36 70 0.114 0 4
22 10 0.122 0 3
55 52 0.199 0 2
40 52 0.225 0 4
13 10 0.081 0 1
43 30 0.192 0 4
247 52 1.000 0 4
31 22 0.092 0 1
18 70 0.076 0 4
13 5 0.088 0 4
322 5 0.991 0 4
39 100 0.148 0 3
32 5 0.152 0 3
42 52 0.278 0 2
10 100 0.035 0 1
23 15 0.111 0 1
15 40 0.058 0 1
35 30 0.229 0 1
56 10 0.287 0 1
175 30 0.542 0 2
193 5 0.680 0 1
32 40 0.097 0 1
198 52 1.172 0 3
28 30 0.098 0 1
22 100 0.125 0 2
199 40 1.345 0 1
16 30 0.101 0 1
18 52 0.061 0 3
233 10 1.316 0 2
16 70 0.068 0 3
38 10 0.129 0 1
56 40 0.215 0 3
238 30 0.979 0 4
192 5 0.846 0 4
19 30 0.068 0 2
339 70 1.577 0 1
24 30 0.148 0 4
144 5 0.495 0 3
64 22 0.193 0 2
65 22 0.298 0 2
20 52 0.066 0 1
172 30 0.789 0 1
31 100 0.186 0 3
17 5 0.101 0 3
28 70 0.083 0 1
191 22 0.974 0 2
10 70 0.032 0 2
20 52 0.068 0 1
17 22 0.063 0 1
31 52 0.103 0 3
124 40 0.747 0 3
11 15 0.060 0 2
86 5 0.415 0 3
17 5 0.083 0 2
19 40 0.109 0 3
151 30 0.791 0 2
37 40 0.120 0 1
74 52 0.264 0 4
53 5 0.333 0 1
39 70 0.134 0 4
24 40 0.072 0 3
68 5 0.372 0 2
21 22 0.067 0 1
12 70 0.043 0 4
102 5 0.318 0 3
302 52 1.411 0 3
73 70 0.319 0 3
70 70 0.205 0 2
49 70 0.297 0 3
15 40 0.078 0 3
218 40 0.651 0 2
45 15 0.197 0 2
34 15 0.149 0 1
136 100 0.506 0 4
154 52 0.740 0 1
15 22 0.085 0 4
318 100 1.975 0 1
72 52 0.351 0 1
30 22 0.128 0 1
126 22 0.436 0 2
22 52 0.070 0 1
17 30 0.081 0 3
154 52 0.644 0 4
27 10 0.129 0 4
14 10 0.068 0 4
321 52 0.997 0 1
182 10 1.022 0 3
64 30 0.247 0 1
15 30 0.089 0 3
181 15 0.637 0 2
73 40 0.307 0 4
36 70 0.127 0 2
17 22 0.061 0 1
71 30 0.470 0 3
150 5 0.481 0 3
256 5 1.249 0 4
51 52 0.191 0 2
54 70 0.240 0 3
12 30 0.037 0 1
173 5 0.668 0 4
25 22 0.136 0 4
22 5 0.118 0 4
19 5 0.072 0 4
21 10 0.062 0 1
28 10 0.092 0 4
33 100 0.157 0 4
34 10 0.225 0 3
30 22 0.182 0 3
26 22 0.120 0 4
160 15 0.684 0 2
16 30 0.057 0 1
31 15 0.176 0 3
72 10 0.447 0 1
12 15 0.046 0 4
21 40 0.081 0 3
17 40 0.060 0 1
189 22 0.652 0 3
19 40 0.066 0 2
58 10 0.173 0 3
14 15 0.052 0 4
36 30 0.202 0 2
24 10 0.101 0 2
54 40 0.277 0 4
12 100 0.046 0 2
18 52 0.060 0 2
81 22 0.370 0 1
67 100 0.268 0 1
15 70 0.056 0 3
63 15 0.252 0 1
34 15 0.218 0 4
47 30 0.159 0 3
11 40 0.042 0 1
309 100 1.736 0 2
68 15 0.312 0 1
14 5 0.054 0 1
288 30 0.954 0 3
21 52 0.093 0 4
133 100 0.727 0 2
150 15 0.888 0 4
27 10 0.116 0 1
150 100 0.476 0 4
175 70 0.643 0 1
48 5 0.246 0 1
154 52 0.672 0 1
36 100 0.111 0 3
258 10 0.974 0 1
11 15 0.032 0 3
20 15 0.068 0 3
13 5 0.038 0 1
130 15 0.563 0 4
158 10 0.873 0 3
126 15 0.381 0 4
16 5 0.086 0 4
65 5 0.272 0 1
29 15 0.091 0 4
64 52 0.372 0 1
79 22 0.482 0 4
10 30 0.033 0 4
173 52 0.896 0 3
13 22 0.051 0 1
88 5 0.440 0 1
176 52 0.800 0 3
162 15 0.486 0 4
129 100 0.843 0 4
180 100 0.657 0 4
37 30 0.113 0 1
97 70 0.344 0 3
13 30 0.041 0 4
176 10 1.135 0 3
191 40 0.643 0 4
276 10 1.643 0 2
80 70 0.346 0 1
68 100 0.234 0 2
36 10 0.125 0 4
73 30 0.392 0 2
27 22 0.141 0 4
73 30 0.417 0 2
31 5 0.108 0 2
36 10 0.147 0 3
18 22 0.097 0 1
17 22 0.066 0 4
144 22 0.716 0 3
77 22 0.478 0 3
110 52 0.636 0 3
19 52 0.088 0 4
44 10 0.141 0 2
315 40 1.760 0 4
23 22 0.147 0 1
13 70 0.053 0 4
15 52 0.069 0 1
29 100 0.185 0 3
86 52 0.354 0 3
33 40 0.171 0 2
16 70 0.060 0 4
73 5 0.374 0 2
30 10 0.108 0 3
69 22 0.240 0 2
295 15 0.919 0 3
11 100 0.036 0 2
18 52 0.090 0 3
20 22 0.070 0 2
67 10 0.354 0 4
185 5 0.860 0 2
43 5 0.152 0 3
10 15 0.039 0 3
35 40 0.123 0 1
26 15 0.083 0 1
18 30 0.057 0 2
17 22 0.054 0 1
181 70 0.733 0 1
19 15 0.102 0 2
195 10 0.625 0 4
48 70 0.169 0 2
53 30 0.255 0 3
25 10 0.077 0 1
57 30 0.191 0 4
29 30 0.180 0 1
11 52 0.072 0 1
27 70 0.119 0 1
22 100 0.085 0 1
69 70 0.229 0 4
30 52 0.122 0 4
172 100 1.049 0 3
26 30 0.080 0 1
15 52 0.062 0 4
37 15 0.122 0 1
35 52 0.131 0 3
43 52 0.130 0 3
21 70 0.097 0 3
10 100 0.044 0 1
159 100 0.660 0 1
74 52 0.322 0 4
123 30 0.641 0 3
37 52 0.151 0 1
150 10 0.743 0 1
32 100 0.147 0 4
112 52 0.577 0 4
37 40 0.183 0 2
128 52 0.404 0 2
10 70 0.029 0 1
194 5 0.942 0 3
106 100 0.371 0 4
105 15 0.323 0 1
16 5 0.061 0 1
11 15 0.044 0 3
51 5 0.238 0 1
91 100 0.569 0 1
92 22 0.535 0 3
76 30 0.304 0 3
70 52 0.393 0 4
10 22 0.030 0 2
10 22 0.032 0 3
41 70 0.277 0 3
148 100 0.490 0 1
32 5 0.153 0 1
14 40 0.067 0 2
49 100 0.237 0 2
90 52 0.282 0 1
136 100 0.764 0 4
149 52 0.582 0 3
106 5 0.500 0 3
323 70 1.003 0 4
156 70 0.494 0 1
45 70 0.253 0 1
39 70 0.138 0 2
227 15 1.195 0 4
219 100 0.836 0 1
16 22 0.064 0 3
19 10 0.119 0 1
13 40 0.044 0 2
25 30 0.079 0 4
63 15 0.192 0 4
14 15 0.060 0 1
49 22 0.213 0 4
157 5 0.592 0 4
45 10 0.178 0 3
29 40 0.122 0 1
37 5 0.215 0 4
195 5 1.048 0 4
236 70 1.063 0 3
186 15 0.549 0 3
90 5 0.265 0 1
21 30 0.080 0 2
100 70 0.382 0 2
42 15 0.231 0 3
79 100 0.321 0 3
78 5 0.239 0 4
12 100 0.053 0 4
266 22 0.964 0 4
51 70 0.280 0 3
133 5 0.652 0 1
18 10 0.069 0 4
30 70 0.165 0 2
88 5 0.454 0 1
14 40 0.081 0 4
41 5 0.120 0 3
19 10 0.101 0 2
19 5 0.080 0 4
146 5 0.428 0 4
185 52 0.717 0 2
176 40 0.557 0 2
29 100 0.160 0 2
15 30 0.064 0 1
33 5 0.121 0 4
15 70 0.072 0 3
280 70 1.129 0 2
21 52 0.134 0 3
142 52 0.530 0 2
14 70 0.047 0 2
24 30 0.144 0 3
100 100 0.317 0 2
34 100 0.219 0 4
86 22 0.302 0 3
11 15 0.057 0 3
34 100 0.100 0 4
46 10 0.158 0 4
10 5 0.059 0 1
55 52 0.193 0 2
35 100 0.116 0 3
36 5 0.143 0 3
29 22 0.106 0 1
61 70 0.230 0 3
31 15 0.155 0 1
54 40 0.249 0 2
19 30 0.065 0 1
183 15 1.158 0 4
42 52 0.191 0 1
233 5 0.860 0 1
97 100 0.290 0 4
17 15 0.050 0 3
38 22 0.207 0 3
42 70 0.122 0 3
22 52 0.072 0 4
12 100 0.040 0 3
23 40 0.082 0 3
76 30 0.252 0 4
68 52 0.239 0 4
19 70 0.090 0 3
18 70 0.087 0 4
68 52 0.389 0 4
28 52 0.098 0 3
60 30 0.183 0 1
71 22 0.397 0 1
12 52 0.035 0 4
39 40 0.121 0 4
40 30 0.208 0 1
17 22 0.076 0 1
175 10 0.601 0 1
148 22 0.641 0 3
63 5 0.196 0 2
129 30 0.791 0 2
18 22 0.071 0 4
15 52 0.051 0 2
195 70 0.750 0 4
157 30 0.762 0 2
16 100 0.077 0 3
23 40 0.108 0 3
72 10 0.280 0 2
11 10 0.035 0 4
31 40 0.117 0 2
133 10 0.538 0 3
64 70 0.416 0 3
130 15 0.442 0 1
13 22 0.068 0 1
70 100 0.258 0 3
75 10 0.248 0 2
227 52 1.201 0 4
169 52 0.606 0 4
23 40 0.148 0 2
29 15 0.171 0 1
29 52 0.107 0 3
22 15 0.094 0 3
144 22 0.522 0 4
41 100 0.168 0 4
145 5 0.668 0 4
52 22 0.269 0 4
14 15 0.048 0 2
19 10 0.099 0 1
146 100 0.616 0 2
277 22 1.034 0 4
51 30 0.177 0 1
115 40 0.471 0 1
22 22 0.071 0 1
34 70 0.166 0 1
16 10 0.049 0 3
76 15 0.246 0 4
30 70 0.110 0 4
29 5 0.091 0 3
75 70 0.449 0 4
153 40 0.797 0 1
167 52 0.542 0 2
139 30 0.621 0 2
166 10 0.517 0 1
23 30 0.117 0 4
98 15 0.334 0 2
73 22 0.224 0 3
55 15 0.324 0 3
22 15 0.078 0 2
280 52 1.107 0 2
20 5 0.112 0 4
12 10 0.067 0 2
10 22 0.064 0 2
18 70 0.053 0 2
43 15 0.128 0 1
20 52 0.059 0 4
185 52 0.629 0 1
39 22 0.165 0 4
28 40 0.137 0 1
93 100 0.500 0 4
18 5 0.057 0 4
64 70 0.295 0 2
27 70 0.106 0 3
52 70 0.249 0 4
61 52 0.367 0 3
78 10 0.415 0 1
117 22 0.425 0 4
10 15 0.041 0 2
327 10 1.660 0 2
34 10 0.138 0 2
97 70 0.490 0 3
15 10 0.064 0 4
11 22 0.074 0 4
59 40 0.258 0 1
193 52 0.794 0 1
19 22 0.060 0 3
37 15 0.142 0 3
65 10 0.380 0 2
17 5 0.057 0 2
229 22 0.874 0 3
39 5 0.156 0 3
25 40 0.102 0 4
130 5 0.602 0 1
34 52 0.205 0 1
18 52 0.075 0 1
33 30 0.101 0 2
28 52 0.103 0 2
61 5 0.211 0 3
250 40 0.806 0 3
21 22 0.114 0 2
17 22 0.076 0 2
19 10 0.079 0 1
25 52 0.159 0 2
21 5 0.076 0 3
122 70 0.372 0 3
158 22 0.873 0 1
63 15 0.223 0 2
55 22 0.187 0 4
17 52 0.058 0 3
67 40 0.201 0 1
56 10 0.171 0 4
35 22 0.125 0 2
39 15 0.141 0 4
53 52 0.256 0 2
55 70 0.175 0 3
243 100 0.732 0 1
51 15 0.238 0 3
10 100 0.048 0 1
237 5 0.912 0 4
14 52 0.041 0 3
35 100 0.125 0 4
13 15 0.067 0 1
14 22 0.086 0 1
123 15 0.502 0 1
163 15 0.502 0 4
12 100 0.046 0 4
10 10 0.044 0 3
176 10 1.011 0 4
67 10 0.264 0 2
16 30 0.051 0 2
23 22 0.074 0 4
23 52 0.067 0 3
257 15 1.254 0 4
12 15 0.039 0 4
66 5 0.291 0 4
18 100 0.073 0 4
59 52 0.206 0 1
19 40 0.079 0 1
40 22 0.203 0 2
15 40 0.044 0 4
30 40 0.107 0 2
11 70 0.038 0 1
92 40 0.338 0 2
16 70 0.050 0 4
184 22 0.934 0 1
29 10 0.136 0 1
41 22 0.130 0 3
10 30 0.064 0 3
36 70 0.146 0 4
127 30 0.799 0 2
63 52 0.216 0 2
28 5 0.098 0 1
27 40 0.165 0 2
24 22 0.159 0 2
54 15 0.164 0 4
148 22 0.617 0 2
149 5 0.720 0 4
67 40 0.291 0 3
69 15 0.434 0 3
75 40 0.452 0 3
49 70 0.145 0 1
38 5 0.122 0 4
74 52 0.338 0 1
10 22 0.060 0 4
12 70 0.035 0 2
190 5 1.166 0 4
24 30 0.088 0 1
16 15 0.065 0 3
28 70 0.087 0 4
33 10 0.143 0 3
52 100 0.164 0 3
165 52 0.516 0 1
325 40 1.055 0 3
88 30 0.353 0 1
196 15 0.956 0 1
169 10 1.076 0 3
117 100 0.775 0 1
139 52 0.747 0 1
11 70 0.044 0 4
12 10 0.044 0 1
16 100 0.092 0 2
76 30 0.432 0 4
35 100 0.233 0 2
15 100 0.050 0 2
16 5 0.060 0 1
31 10 0.203 0 1
68 30 0.398 0 4
14 15 0.068 0 1
124 52 0.636 0 2
48 15 0.189 0 1
16 52 0.047 0 4
15 52 0.069 0 1
85 30 0.309 0 2
19 40 0.122 0 2
14 5 0.054 0 4
74 22 0.244 0 3
319 15 1.734 0 1
48 15 0.294 0 1
81 22 0.443 0 4
233 15 1.533 0 2
29 10 0.151 0 2
30 15 0.170 0 4
17 52 0.073 0 4
87 5 0.306 0 1
83 22 0.466 0 2
16 22 0.050 0 2
46 52 0.177 0 3
15 52 0.053 0 4
15 10 0.082 0 4
15 10 0.065 0 3
78 52 0.464 0 3
60 100 0.239 0 2
44 70 0.155 0 4
31 30 0.110 0 3
19 22 0.074 0 3
20 22 0.107 0 1
25 15 0.090 0 2
51 22 0.155 0 2
54 100 0.189 0 4
11 5 0.033 0 3
50 22 0.318 0 4
43 10 0.156 0 3
50 10 0.222 0 1
26 100 0.110 0 3
14 5 0.087 0 2
51 22 0.193 0 4
61 15 0.310 0 4
39 5 0.129 0 3
131 5 0.851 0 4
147 15 0.642 0 4
13 5 0.039 0 4
16 70 0.048 0 2
12 40 0.036 0 1
21 15 0.142 0 1
317 5 1.243 0 4
15 10 0.048 0 2
14 70 0.062 0 1
52 52 0.166 0 1
19 15 0.094 0 4
31 15 0.159 0 4
189 70 0.883 0 4
13 10 0.057 0 1
45 5 0.300 0 4
51 40 0.232 0 2
26 70 0.163 0 3
165 70 0.596 0 3
29 70 0.133 0 1
107 15 0.601 0 1
291 22 1.293 0 3
20 40 0.118 0 3
18 22 0.064 0 1
25 10 0.106 0 4
15 40 0.060 0 1
11 52 0.033 0 3
254 100 0.774 0 4
274 10 1.026 0 4
94 15 0.381 0 1
104 52 0.364 0 1
27 22 0.132 0 4
85 30 0.472 0 3
108 30 0.391 0 4
132 100 0.447 0 1
19 100 0.071 0 1
29 22 0.096 0 1
274 22 1.851 0 3
12 40 0.042 0 1
165 40 0.525 0 1
17 5 0.055 0 2
45 22 0.151 0 1
18 40 0.095 0 1
325 70 1.125 0 2
79 70 0.374 0 4
13 5 0.065 0 3
31 100 0.155 0 3
69 22 0.338 0 3
11 15 0.066 0 2
280 52 1.458 0 4
136 5 0.474 0 3
330 15 0.976 0 2
28 100 0.127 0 1
31 70 0.103 0 2
14 22 0.053 0 4
38 15 0.111 0 2
123 5 0.745 0 3
26 10 0.097 0 4
12 30 0.062 0 3
26 52 0.090 0 4
43 100 0.212 0 1
32 30 0.192 0 2
26 52 0.138 0 1
17 70 0.074 0 2
19 40 0.095 0 3
24 70 0.078 0 4
74 100 0.352 0 2
18 15 0.059 0 2
90 40 0.377 0 4
147 10 0.974 0 1
297 22 1.388 0 2
48 5 0.245 0 2
190 52 1.275 0 4
180 70 0.933 0 4
62 40 0.291 0 4
108 5 0.548 0 3
27 52 0.120 0 3
51 30 0.175 0 1
26 22 0.088 0 1
39 22 0.253 0 3
112 52 0.372 0 4
169 22 0.523 0 3
37 52 0.228 0 1
18 30 0.106 0 3
196 5 0.582 0 1
49 15 0.156 0 4
310 5 1.220 0 3
45 30 0.159 0 2
47 40 0.218 0 3
72 5 0.212 0 1
69 70 0.211 0 3
65 70 0.389 0 1
28 15 0.118 0 4
123 22 0.695 0 2
70 52 0.211 0 3
124 70 0.709 0 1
75 22 0.248 0 1
14 5 0.042 0 2
39 22 0.128 0 1
120 5 0.421 0 3
98 15 0.322 0 3
59 40 0.230 0 4
33 22 0.125 0 2
16 5 0.078 0 3
97 100 0.416 0 3
280 15 0.979 0 3
40 10 0.124 0 4
23 22 0.094 0 3
192 10 0.714 0 2
35 22 0.151 0 3
42 100 0.193 0 1
119 10 0.469 0 4
26 70 0.076 0 1
220 15 1.170 0 4
23 40 0.068 0 1
324 5 1.182 0 3
31 15 0.153 0 3
179 100 1.041 0 2
22 15 0.072 0 2
29 100 0.134 0 2
52 15 0.245 0 1
142 52 0.470 0 1
26 5 0.084 0 3
326 5 0.962 0 3
62 52 0.182 0 2
72 5 0.228 0 4
185 10 0.815 0 4
155 10 0.640 0 1
53 40 0.209 0 1
77 15 0.233 0 2
25 5 0.093 0 4
75 40 0.439 0 3
24 5 0.104 0 2
184 70 0.548 0 4
60 30 0.206 0 4
96 5 0.400 0 3
32 15 0.169 0 2
74 5 0.341 0 3
284 15 0.902 0 2
45 15 0.156 0 2
34 70 0.111 0 2
72 22 0.244 0 1
42 52 0.176 0 2
66 52 0.282 0 2
330 70 1.166 0 3
40 100 0.268 0 3
15 40 0.053 0 2
43 40 0.155 0 4
47 40 0.171 0 2
146 40 0.553 0 3
135 52 0.409 0 2
103 30 0.395 0 4
34 15 0.119 0 1
24 15 0.119 0 3
32 70 0.103 0 4
194 30 0.951 0 2
79 100 0.332 0 1
16 5 0.051 0 3
18 70 0.106 0 4
76 22 0.295 0 2
73 40 0.219 0 1
149 30 0.700 0 3
263 40 1.258 0 1
31 10 0.106 0 2
188 5 0.684 0 4
57 70 0.189 0 1
14 70 0.077 0 4
70 100 0.298 0 4
178 70 0.657 0 4
60 10 0.364 0 2
43 5 0.160 0 4
130 10 0.807 0 1
12 70 0.068 0 1
27 100 0.106 0 2
164 70 1.101 0 3
205 100 0.629 0 3
75 10 0.490 0 4
135 100 0.597 0 1
13 5 0.044 0 3
172 40 1.055 0 4
245 70 1.104 0 3
78 5 0.459 0 3
34 22 0.153 0 1
160 52 0.541 0 2
156 30 0.544 0 3
14 15 0.067 0 4
296 15 1.281 0 2
160 10 0.833 0 3
174 70 0.926 0 4
15 40 0.068 0 4
83 52 0.374 0 3
119 22 0.364 0 3
142 100 0.467 0 3
14 52 0.044 0 2
71 40 0.314 0 3
28 5 0.087 0 4
315 52 1.061 0 4
70 22 0.265 0 4
31 52 0.094 0 4
25 5 0.092 0 4
67 70 0.441 0 3
18 15 0.075 0 2
17 5 0.053 0 3
51 15 0.285 0 2
32 52 0.140 0 1
172 22 0.785 0 1
27 100 0.130 0 1
50 100 0.193 0 2
141 70 0.429 0 1
110 22 0.389 0 3
29 5 0.116 0 3
34 15 0.113 0 3
123 10 0.769 0 2
11 100 0.032 0 4
149 52 0.788 0 4
58 30 0.248 0 4
13 22 0.039 0 2
216 5 0.673 0 2
189 30 0.940 0 2
127 5 0.608 0 4
179 15 0.599 0 4
75 5 0.487 0 1
18 15 0.054 0 2
122 52 0.567 0 4
102 5 0.386 0 3
242 30 1.021 0 1
20 15 0.114 0 2
105 22 0.525 0 1
59 30 0.291 0 2
189 52 0.665 0 3
21 5 0.089 0 4
14 70 0.051 0 2
18 5 0.058 0 3
36 70 0.157 0 2
41 40 0.199 0 4
16 30 0.054 0 2
101 100 0.664 0 3
122 52 0.494 0 1
337 15 1.217 0 1
77 15 0.301 0 2
271 15 1.050 0 4
66 5 0.325 0 2
32 40 0.105 0 3
36 40 0.130 0 2
173 30 0.887 0 4
264 22 0.981 0 3
227 10 0.880 0 4
67 15 0.207 0 1
12 5 0.066 0 4
26 15 0.092 0 1
115 40 0.424 0 2
148 40 0.736 0 3
15 52 0.059 0 2
50 15 0.200 0 3
15 40 0.057 0 4
115 40 0.340 0 4
16 100 0.061 0 3
13 5 0.042 0 3
30 100 0.169 0 3
38 15 0.129 0 2
41 100 0.145 0 1
19 52 0.064 0 3
106 30 0.484 0 4
182 52 1.011 0 3
14 15 0.081 0 3
18 30 0.059 0 4
11 52 0.037 0 2
18 40 0.079 0 1
83 10 0.350 0 4
13 30 0.040 0 1
36 40 0.145 0 3
16 5 0.097 0 3
27 10 0.144 0 4
10 52 0.040 0 1
52 22 0.153 0 1
56 10 0.201 0 2
72 40 0.290 0 2
34 52 0.134 0 2
57 100 0.177 0 2
13 100 0.048 0 3
12 10 0.067 0 2
57 100 0.263 0 2
26 52 0.157 0 3
75 70 0.302 0 4
17 30 0.063 0 4
27 70 0.095 0 1
51 52 0.212 0 1
66 100 0.209 0 1
154 30 0.928 0 1
270 30 1.636 0 1
197 5 0.887 0 3
11 100 0.038 0 2
44 70 0.273 0 4
164 22 0.994 0 3
60 10 0.400 0 2
73 10 0.213 0 3
107 40 0.588 0 4
30 15 0.130 0 1
30 15 0.100 0 3
85 100 0.438 0 4
168 10 0.774 0 3
336 10 1.240 0 3
51 10 0.161 0 3
184 5 0.821 0 4
78 52 0.289 0 1
60 70 0.293 0 1
21 10 0.070 0 4
34 5 0.209 0 2
114 100 0.543 0 2
125 70 0.744 0 4
17 30 0.097 0 3
59 30 0.178 0 2
12 10 0.041 0 3
12 70 0.050 0 3
155 15 0.473 0 2
63 22 0.206 0 4
10 52 0.035 0 4
12 10 0.067 0 1
10 5 0.037 0 2
157 30 0.520 0 3
63 40 0.252 0 1
154 40 0.684 0 3
29 5 0.138 0 3
115 100 0.373 0 2
59 40 0.216 0 1
22 5 0.149 0 3
32 5 0.098 0 4
19 30 0.068 0 1
162 10 0.866 0 4
89 22 0.546 0 4
35 52 0.104 0 3
30 10 0.133 0 1
29 40 0.104 0 1
81 10 0.468 0 1
36 100 0.179 0 4
198 30 0.921 0 2
10 10 0.032 0 3
53 70 0.161 0 2
17 15 0.050 0 4
26 100 0.083 0 1
19 15 0.065 0 3
206 5 0.606 0 1
18 10 0.118 0 1
14 10 0.054 0 2
252 40 0.840 0 4
105 30 0.387 0 4
44 22 0.297 0 1
19 52 0.063 0 3
26 30 0.094 0 4
12 10 0.038 0 1
38 70 0.140 0 3
98 22 0.380 0 1
217 100 1.154 0 1
105 5 0.392 0 2
50 22 0.325 0 2
18 10 0.122 0 2
200 70 0.645 0 2
19 40 0.061 0 1
199 10 1.345 0 1
18 30 0.072 0 2
33 52 0.194 0 4
231 52 1.283 0 2
225 40 0.740 0 1
87 10 0.302 0 1
28 40 0.108 0 2
31 22 0.128 0 4
182 52 0.648 0 4
119 40 0.394 0 2
144 52 0.595 0 3
26 40 0.091 0 2
39 5 0.252 0 4
13 100 0.041 0 1
206 30 0.665 0 3
330 40 2.012 0 2
121 15 0.605 0 2
151 30 0.611 0 1
73 10 0.415 0 2
39 70 0.185 0 3
26 52 0.078 0 4
43 15 0.130 0 4
276 10 1.327 0 3
18 15 0.064 0 3
11 22 0.052 0 3
129 40 0.623 0 3
11 5 0.068 0 2
48 52 0.206 0 3
160 15 0.483 0 3
13 70 0.055 0 3
15 10 0.098 0 4
24 15 0.116 0 2
47 5 0.226 0 2
104 70 0.428 0 2
16 30 0.107 0 4
57 22 0.237 0 2
17 30 0.099 0 4
84 100 0.341 0 3
118 10 0.361 0 1
78 52 0.388 0 4
22 15 0.140 0 4
19 100 0.075 0 3
13 70 0.084 0 1
43 40 0.250 0 2
171 15 0.731 0 2
19 22 0.063 0 3
72 10 0.356 0 2
147 5 0.886 0 3
17 100 0.067 0 2
181 22 0.718 0 4
19 52 0.098 0 4
187 22 0.706 0 2
251 30 1.126 0 4
20 5 0.063 0 2
182 40 0.572 0 4
23 40 0.086 0 1
18 40 0.099 0 4
10 15 0.031 0 2
28 15 0.096 0 1
36 10 0.118 0 1
76 15 0.364 0 2
48 100 0.152 0 1
13 10 0.041 0 2
19 100 0.058 0 3
155 70 0.583 0 4
64 22 0.323 0 4
164 5 0.850 0 4
54 5 0.250 0 1
66 22 0.332 0 3
33 70 0.109 0 1
289 10 1.151 0 2
42 100 0.125 0 2
136 52 0.913 0 3
256 52 0.988 0 2
18 70 0.081 0 3
113 30 0.582 0 3
275 22 1.396 1 0
137 15 0.765 1 0
41 52 0.218 1 0
76 15 0.374 1 2
11 100 0.037 1 2
74 70 0.216 1 4
33 40 0.174 1 2
318 22 1.169 1 0
199 22 1.164 1 0
108 30 0.635 1 0
75 15 0.449 1 2
11 30 0.049 1 2
26 10 0.109 1 0
18 70 0.117 1 4
19 22 0.090 1 4
17 70 0.060 1 2
73 10 0.302 1 0
29 70 0.143 1 2
48 15 0.281 1 3
175 52 0.538 1 3
283 100 1.310 1 2
35 15 0.115 1 4
280 30 0.843 1 0
30 30 0.143 1 4
25 5 0.143 1 0
14 5 0.058 1 0
60 52 0.180 1 3
15 100 0.083 1 0
17 5 0.053 1 0
14 30 0.055 1 0
71 30 0.214 1 2
44 22 0.286 1 3
18 52 0.093 1 3
16 10 0.049 1 0
23 100 0.116 1 3
55 70 0.187 1 4
10 10 0.054 1 0
182 5 0.835 1 2
36 40 0.159 1 0
14 70 0.060 1 0
19 52 0.089 1 0
29 15 0.152 1 2
11 100 0.052 1 0
61 52 0.194 1 3
41 15 0.247 1 3
23 30 0.081 1 0
14 22 0.056 1 3
222 5 1.023 1 2
225 15 0.836 1 4
16 5 0.071 1 0
162 70 0.488 1 4
102 5 0.391 1 3
191 22 0.666 1 0
241 10 1.181 1 2
80 22 0.351 1 0
139 100 0.732 1 2
42 10 0.181 1 0
27 52 0.170 1 0
44 40 0.161 1 4
279 22 1.197 1 0
45 70 0.134 1 2
255 5 1.045 1 2
303 40 0.915 1 4
228 10 0.697 1 3
64 22 0.271 1 0
41 70 0.168 1 2
95 5 0.613 1 0
13 10 0.066 1 4
173 100 0.776 1 4
120 5 0.652 1 0
39 15 0.173 1 0
135 52 0.590 1 0
85 10 0.329 1 4
67 22 0.444 1 2
35 30 0.107 1 3
79 5 0.256 1 0
184 30 1.179 1 3
10 30 0.051 1 4
24 10 0.126 1 4
66 5 0.393 1 3
12 30 0.044 1 0
49 30 0.302 1 3
174 10 0.829 1 4
77 10 0.224 1 0
147 52 0.693 1 0
18 52 0.109 1 0
72 10 0.326 1 0
48 52 0.190 1 4
70 52 0.218 1 0
18 100 0.116 1 3
64 70 0.242 1 0
29 52 0.102 1 0
154 70 0.566 1 4
17 70 0.110 1 2
266 22 1.478 1 2
14 5 0.073 1 2
12 52 0.071 1 4
129 30 0.459 1 0
107 15 0.334 1 0
77 100 0.233 1 0
39 70 0.131 1 2
79 5 0.332 1 4
49 15 0.278 1 2
14 10 0.061 1 2
224 5 0.653 1 0
87 40 0.273 1 4
36 40 0.153 1 4
14 40 0.044 1 0
272 5 1.079 1 0
14 52 0.049 1 0
18 30 0.103 1 3
55 70 0.232 1 0
66 30 0.253 1 0
18 100 0.122 1 2
32 40 0.100 1 3
195 52 0.670 1 0
11 22 0.049 1 0
287 15 1.055 1 3
16 5 0.050 1 2
10 22 0.048 1 0
76 5 0.455 1 3
59 30 0.195 1 0
13 70 0.050 1 3
13 40 0.055 1 2
35 40 0.182 1 2
13 10 0.087 1 0
336 70 0.994 1 0
67 5 0.275 1 3
151 15 0.602 1 2
139 10 0.479 1 0
17 5 0.085 1 4
156 70 0.503 1 0
15 100 0.086 1 4
128 22 0.390 1 2
17 70 0.057 1 4
14 100 0.076 1 4
12 22 0.054 1 0
44 22 0.196 1 0
298 100 0.925 1 4
14 15 0.057 1 2
17 10 0.071 1 3
21 52 0.097 1 3
198 40 0.742 1 4
18 100 0.056 1 0
37 52 0.114 1 0
26 70 0.080 1 0
45 52 0.302 1 0
196 40 0.745 1 4
33 100 0.153 1 0
193 52 0.715 1 0
30 30 0.127 1 3
10 70 0.037 1 4
18 10 0.069 1 3
56 15 0.219 1 0
17 100 0.078 1 3
29 5 0.134 1 4
193 52 1.049 1 4
36 30 0.180 1 2
175 22 0.858 1 0
18 70 0.078 1 4
65 30 0.417 1 4
32 40 0.117 1 0
36 5 0.231 1 3
12 15 0.039 1 2
10 30 0.029 1 3
78 15 0.258 1 0
34 10 0.185 1 3
167 52 0.592 1 4
16 70 0.054 1 3
37 70 0.184 1 3
203 70 0.981 1 3
189 22 0.781 1 3
25 22 0.155 1 0
125 52 0.382 1 0
167 70 0.693 1 2
258 70 1.089 1 4
73 30 0.231 1 0
15 5 0.065 1 4
103 30 0.528 1 0
168 40 0.808 1 3
26 5 0.083 1 4
41 40 0.124 1 3
155 100 1.020 1 0
93 5 0.359 1 3
43 15 0.213 1 0
37 40 0.189 1 2
15 40 0.066 1 3
14 52 0.084 1 0
144 40 0.449 1 0
61 15 0.409 1 4
24 100 0.123 1 4
44 70 0.156 1 2
15 100 0.069 1 2
11 30 0.063 1 3
173 70 0.513 1 0
116 40 0.492 1 2
51 15 0.237 1 4
16 52 0.050 1 3
38 40 0.116 1 4
30 10 0.129 1 2
168 10 0.571 1 4
62 100 0.221 1 0
15 15 0.071 1 4
19 30 0.128 1 2
247 22 1.497 1 2
22 52 0.085 1 4
67 30 0.264 1 4
130 70 0.485 1 2
69 100 0.263 1 3
22 15 0.110 1 0
218 30 0.948 1 4
145 10 0.541 1 4
15 52 0.048 1 3
34 30 0.126 1 0
135 100 0.472 1 0
43 70 0.277 1 0
78 100 0.348 1 4
32 5 0.199 1 0
16 22 0.061 1 4
186 30 0.592 1 4
26 52 0.095 1 2
22 30 0.072 1 0
57 5 0.354 1 3
11 100 0.041 1 3
134 70 0.521 1 0
175 22 0.837 1 0
12 100 0.078 1 0
32 40 0.120 1 0
37 30 0.108 1 2
26 70 0.107 1 0
39 40 0.205 1 4
31 15 0.106 1 0
72 5 0.254 1 0
10 40 0.031 1 2
14 70 0.046 1 4
158 52 0.731 1 4
10 40 0.049 1 2
166 5 0.776 1 0
26 40 0.143 1 2
82 22 0.282 1 0
117 5 0.522 1 0
117 70 0.343 1 4
22 52 0.103 1 0
13 15 0.064 1 3
135 5 0.625 1 2
46 15 0.167 1 4
258 5 0.899 1 3
183 30 0.585 1 2
63 10 0.285 1 0
166 15 0.719 1 4
124 30 0.596 1 0
273 52 0.982 1 0
33 15 0.133 1 3
131 52 0.845 1 4
87 100 0.390 1 0
11 70 0.035 1 3
76 70 0.341 1 0
37 100 0.114 1 0
65 52 0.328 1 3
172 15 0.745 1 0
144 5 0.941 1 2
21 22 0.065 1 4
59 100 0.396 1 4
19 10 0.068 1 4
16 15 0.082 1 4
185 10 0.582 1 4
40 100 0.216 1 3
333 52 1.461 1 0
30 15 0.091 1 4
12 10 0.059 1 4
68 10 0.337 1 0
12 10 0.081 1 4
71 70 0.258 1 2
41 40 0.144 1 3
53 22 0.196 1 0
36 52 0.113 1 0
16 15 0.087 1 4
105 30 0.709 1 0
78 70 0.278 1 3
160 5 0.625 1 0
57 40 0.212 1 0
74 52 0.284 1 0
66 52 0.264 1 0
15 10 0.061 1 0
116 100 0.466 1 2
63 15 0.263 1 0
29 40 0.101 1 3
117 52 0.357 1 2
50 15 0.238 1 3
29 70 0.176 1 0
35 40 0.197 1 3
35 30 0.206 1 0
96 10 0.475 1 2
99 100 0.330 1 2
70 10 0.330 1 0
15 15 0.064 1 0
167 52 0.582 1 0
60 100 0.186 1 4
72 100 0.309 1 4
111 10 0.364 1 4
309 22 1.635 1 4
127 22 0.514 1 0
35 30 0.145 1 4
32 10 0.152 1 0
44 10 0.162 1 3
19 10 0.059 1 0
23 22 0.083 1 4
10 70 0.047 1 3
16 30 0.073 1 2
13 30 0.055 1 0
42 70 0.136 1 0
35 70 0.210 1 0
36 100 0.143 1 0
54 5 0.159 1 0
170 10 0.904 1 0
29 100 0.088 1 3
154 40 0.599 1 0
113 15 0.368 1 2
56 15 0.232 1 4
16 22 0.050 1 2
13 40 0.040 1 3
52 40 0.173 1 0
19 5 0.063 1 0
21 40 0.117 1 3
22 40 0.089 1 2
41 22 0.143 1 3
29 70 0.122 1 0
73 100 0.274 1 0
153 22 0.474 1 2
79 70 0.260 1 0
18 22 0.084 1 0
17 70 0.062 1 4
35 40 0.141 1 2
91 5 0.376 1 4
16 10 0.056 1 0
13 10 0.047 1 3
96 5 0.280 1 4
195 22 0.689 1 0
84 52 0.337 1 3
14 52 0.068 1 3
62 15 0.212 1 4
20 52 0.120 1 0
16 52 0.059 1 0
282 100 1.102 1 0
226 100 1.378 1 0
36 10 0.155 1 2
14 5 0.078 1 4
54 30 0.191 1 0
13 40 0.067 1 2
19 10 0.058 1 4
61 70 0.208 1 4
26 52 0.120 1 0
55 15 0.182 1 2
159 22 0.869 1 2
19 100 0.116 1 2
275 52 1.122 1 2
96 15 0.619 1 3
27 100 0.156 1 4
17 40 0.056 1 4
20 70 0.127 1 3
154 10 0.720 1 0
15 5 0.070 1 0
299 40 1.027 1 0
55 22 0.275 1 3
104 22 0.450 1 4
65 70 0.206 1 3
50 70 0.185 1 4
30 52 0.096 1 3
69 5 0.240 1 0
223 30 1.062 1 4
10 30 0.056 1 2
320 52 1.758 1 0
30 52 0.089 1 3
27 15 0.106 1 3
127 10 0.676 1 0
62 10 0.286 1 4
14 10 0.053 1 2
121 52 0.453 1 0
78 10 0.390 1 0
24 5 0.120 1 2
138 10 0.441 1 0
157 22 0.646 1 4
303 70 0.918 1 3
15 100 0.063 1 3
84 70 0.389 1 4
196 30 0.671 1 0
36 10 0.126 1 3
47 30 0.194 1 4
10 70 0.029 1 0
12 40 0.081 1 4
44 30 0.133 1 2
18 15 0.055 1 3
207 52 0.681 1 3
21 10 0.067 1 3
11 40 0.045 1 0
53 30 0.159 1 0
15 10 0.089 1 2
32 5 0.129 1 2
26 10 0.092 1 2
62 100 0.226 1 0
49 70 0.205 1 2
190 5 0.754 1 2
29 22 0.109 1 3
274 10 1.000 1 0
30 100 0.160 1 4
13 5 0.065 1 0
12 15 0.041 1 0
75 22 0.401 1 0
71 15 0.216 1 2
47 15 0.155 1 0
19 5 0.072 1 2
10 100 0.048 1 0
15 15 0.055 1 0
88 30 0.368 1 3
68 15 0.262 1 4
49 70 0.210 1 3
14 30 0.065 1 4
17 70 0.052 1 4
82 22 0.474 1 4
34 100 0.135 1 0
267 52 0.834 1 0
30 30 0.127 1 0
126 30 0.797 1 0
30 15 0.093 1 0
143 100 0.691 1 4
46 30 0.148 1 3
14 70 0.053 1 4
13 52 0.074 1 4
26 22 0.107 1 2
47 22 0.155 1 0
105 5 0.379 1 0
20 10 0.077 1 4
12 70 0.043 1 4
34 22 0.131 1 2
20 40 0.125 1 0
158 22 0.836 1 4
277 5 1.601 1 3
15 15 0.071 1 4
59 15 0.201 1 4
64 40 0.337 1 4
16 22 0.079 1 0
39 100 0.148 1 2
31 5 0.121 1 4
158 22 0.570 1 0
183 10 0.568 1 0
139 15 0.421 1 2
238 10 0.937 1 0
62 15 0.358 1 0
13 10 0.047 1 2
30 5 0.108 1 2
16 10 0.058 1 0
59 10 0.257 1 4
13 100 0.040 1 0
191 40 1.067 1 4
85 5 0.373 1 0
24 10 0.085 1 0
227 5 0.662 1 0
209 100 0.624 1 0
34 15 0.163 1 3
39 30 0.147 1 3
60 10 0.175 1 0
106 40 0.620 1 0
23 100 0.106 1 3
256 40 1.080 1 0
83 52 0.328 1 0
89 52 0.259 1 3
37 40 0.114 1 3
153 30 0.962 1 0
155 100 0.861 1 0
11 5 0.053 1 0
77 10 0.248 1 2
17 40 0.077 1 0
154 70 0.505 1 0
19 52 0.061 1 0
79 52 0.252 1 0
48 30 0.268 1 2
149 100 1.007 1 0
16 100 0.048 1 3
29 30 0.131 1 4
74 52 0.481 1 2
256 52 1.089 1 0
137 10 0.733 1 0
44 40 0.153 1 3
10 40 0.051 1 2
54 100 0.175 1 3
20 100 0.082 1 0
11 15 0.033 1 0
28 15 0.106 1 2
12 10 0.047 1 3
34 5 0.189 1 4
16 5 0.054 1 4
36 40 0.159 1 3
26 10 0.110 1 2
55 10 0.284 1 4
54 5 0.188 1 0
79 100 0.279 1 0
68 52 0.245 1 0
176 40 0.593 1 0
56 5 0.218 1 3
178 40 0.754 1 0
129 5 0.433 1 0
31 40 0.168 1 2
166 5 0.751 1 0
76 30 0.322 1 0
76 15 0.253 1 4
21 22 0.069 1 2
30 70 0.106 1 4
178 15 0.582 1 2
209 40 0.897 1 0
60 70 0.188 1 0
11 10 0.059 1 0
59 100 0.223 1 0
33 15 0.190 1 4
129 100 0.506 1 2
30 5 0.136 1 3
13 30 0.045 1 0
104 5 0.517 1 3
29 70 0.096 1 0
36 40 0.132 1 3
30 100 0.140 1 2
242 15 0.714 1 0
302 22 1.000 1 2
25 22 0.110 1 0
50 30 0.262 1 4
10 52 0.059 1 2
28 5 0.136 1 4
125 30 0.648 1 0
49 30 0.150 1 2
10 70 0.052 1 0
61 40 0.265 1 3
158 100 0.929 1 0
56 70 0.185 1 2
63 10 0.209 1 4
167 10 0.623 1 4
14 30 0.078 1 0
14 22 0.045 1 0
63 70 0.229 1 0
168 70 0.706 1 2
18 10 0.057 1 3
73 10 0.371 1 3
12 52 0.074 1 0
19 10 0.113 1 4
173 15 0.601 1 2
79 70 0.325 1 3
33 52 0.173 1 2
15 52 0.068 1 3
186 10 0.620 1 4
11 52 0.045 1 4
191 30 1.124 1 0
69 10 0.330 1 4
32 30 0.119 1 4
32 22 0.116 1 3
21 52 0.067 1 3
39 5 0.141 1 0
56 15 0.249 1 0
62 15 0.191 1 4
334 22 1.148 1 0
34 52 0.160 1 4
36 30 0.107 1 2
26 10 0.102 1 3
63 10 0.201 1 0
156 10 0.605 1 4
43 5 0.179 1 0
20 22 0.067 1 0
15 10 0.072 1 2
257 70 1.152 1 2
132 70 0.569 1 0
23 30 0.073 1 0
28 10 0.101 1 0
336 5 1.043 1 0
34 70 0.116 1 2
58 40 0.205 1 0
112 70 0.615 1 0
23 30 0.130 1 3
18 70 0.076 1 2
19 52 0.063 1 0
42 30 0.176 1 4
66 100 0.241 1 0
60 10 0.321 1 0
177 10 0.628 1 0
18 10 0.060 1 3
76 40 0.510 1 2
97 22 0.606 1 2
25 70 0.098 1 3
19 52 0.070 1 0
14 5 0.046 1 4
173 10 0.516 1 3
33 100 0.175 1 0
97 5 0.316 1 0
15 10 0.045 1 4
27 22 0.113 1 4
315 40 0.926 1 0
70 10 0.337 1 3
313 10 1.391 1 4
60 40 0.390 1 2
180 100 0.662 1 0
16 52 0.106 1 0
34 30 0.103 1 0
63 40 0.417 1 0
51 30 0.153 1 0
15 52 0.060 1 4
106 22 0.444 1 4
181 5 1.146 1 2
18 5 0.058 1 2
211 5 0.622 1 0
34 15 0.218 1 4
47 10 0.221 1 2
313 15 1.581 1 4
62 40 0.213 1 3
279 30 0.939 1 3
184 70 0.568 1 3
47 52 0.313 1 2
25 52 0.074 1 4
42 30 0.157 1 0
157 40 0.994 1 0
60 22 0.185 1 4
23 15 0.128 1 0
38 100 0.222 1 4
54 22 0.293 1 2
41 30 0.172 1 2
32 15 0.099 1 0
271 30 1.831 1 4
74 22 0.290 1 2
25 40 0.104 1 0
10 15 0.032 1 2
131 70 0.537 1 2
131 100 0.395 1 0
13 100 0.060 1 4
138 22 0.648 1 3
136 30 0.618 1 2
257 5 1.558 1 0
26 10 0.102 1 0
77 52 0.370 1 2
33 15 0.219 1 2
52 15 0.294 1 2
61 40 0.204 1 3
171 5 0.631 1 4
53 100 0.166 1 4
35 70 0.167 1 0
72 70 0.280 1 3
96 100 0.539 1 0
51 40 0.309 1 3
32 40 0.166 1 0
16 10 0.054 1 4
277 22 1.220 1 0
83 70 0.314 1 3
128 22 0.504 1 0
20 100 0.127 1 0
164 70 0.756 1 2
28 70 0.101 1 0
124 70 0.617 1 2
17 10 0.081 1 3
132 100 0.886 1 3
61 10 0.230 1 0
35 30 0.105 1 4
13 52 0.077 1 2
16 10 0.080 1 2
222 40 0.857 1 4
172 30 0.573 1 3
142 52 0.449 1 3
49 52 0.153 1 3
12 30 0.037 1 2
42 15 0.136 1 4
26 70 0.125 1 2
69 10 0.399 1 3
39 40 0.134 1 2
12 22 0.035 1 3
225 70 1.178 1 3
74 22 0.411 1 0
65 100 0.196 1 0
235 15 1.013 1 4
45 22 0.141 1 2
12 52 0.059 1 0
55 5 0.236 1 0
201 100 0.761 1 4
46 70 0.180 1 2
218 40 1.043 1 3
31 40 0.124 1 3
11 5 0.044 1 2
55 15 0.311 1 2
213 22 0.918 1 2
120 70 0.474 1 0
43 40 0.146 1 0
10 15 0.059 1 3
84 52 0.357 1 3
19 52 0.071 1 3
33 100 0.100 1 4
27 10 0.166 1 2
177 70 0.978 1 4
66 100 0.288 1 4
70 30 0.440 1 0
99 70 0.309 1 0
103 52 0.442 1 3
66 22 0.278 1 4
175 70 0.897 1 0
14 15 0.089 1 2
74 52 0.252 1 0
15 52 0.088 1 3
10 15 0.035 1 2
139 100 0.543 1 0
75 40 0.349 1 4
18 100 0.102 1 0
13 40 0.044 1 3
13 10 0.049 1 2
63 10 0.228 1 4
37 100 0.114 1 0
35 30 0.164 1 0
186 30 0.697 1 0
137 52 0.792 1 0
73 52 0.348 1 4
10 22 0.058 1 4
10 40 0.042 1 0
54 10 0.160 1 4
36 40 0.122 1 0
124 10 0.389 1 0
58 5 0.276 1 3
102 10 0.391 1 0
22 5 0.085 1 0
38 70 0.115 1 0
165 5 0.554 1 0
11 15 0.055 1 0
68 10 0.304 1 0
35 100 0.233 1 0
81 5 0.276 1 2
53 70 0.279 1 2
24 15 0.094 1 0
13 10 0.049 1 0
56 22 0.168 1 4
56 5 0.303 1 0
190 22 0.788 1 3
44 100 0.135 1 3
11 30 0.065 1 0
51 10 0.211 1 3
18 5 0.079 1 0
27 5 0.084 1 2
60 22 0.290 1 4
49 10 0.203 1 3
22 70 0.065 1 3
20 100 0.109 1 2
59 70 0.366 1 0
15 70 0.071 1 4
155 10 1.000 1 2
178 40 0.709 1 0
52 52 0.225 1 0
53 100 0.212 1 2
39 30 0.115 1 0
212 5 0.822 1 4
21 30 0.084 1 2
33 10 0.124 1 4
179 100 0.653 1 4
317 100 1.108 1 0
27 10 0.087 1 3
11 22 0.036 1 2
27 52 0.179 1 4
14 100 0.069 1 4
212 15 1.285 1 2
59 30 0.252 1 0
79 52 0.319 1 0
144 30 0.823 1 2
43 30 0.249 1 0
53 52 0.184 1 2
16 10 0.074 1 0
18 15 0.090 1 3
109 5 0.431 1 4
16 10 0.078 1 3
42 52 0.179 1 3
87 10 0.554 1 0
35 52 0.109 1 0
77 40 0.226 1 0
29 5 0.087 1 2
250 70 1.309 1 0
244 10 0.968 1 3
16 52 0.049 1 2
197 70 0.592 1 2
16 15 0.047 1 0
131 10 0.412 1 4
16 52 0.106 1 2
70 70 0.288 1 3
19 5 0.094 1 3
11 100 0.055 1 0
49 5 0.179 1 2
120 30 0.531 1 0
268 70 1.098 1 2
29 22 0.088 1 0
50 70 0.168 1 3
308 5 1.638 1 4
33 70 0.120 1 0
52 22 0.197 1 0
144 22 0.809 1 0
44 52 0.167 1 4
19 5 0.060 1 4
12 30 0.067 1 0
46 30 0.207 1 4
332 5 1.378 1 2
47 100 0.273 1 0
114 100 0.416 1 4
61 22 0.182 1 0
49 100 0.213 1 0
35 30 0.125 1 2
266 100 1.773 1 0
24 5 0.108 1 2
84 100 0.276 1 3
59 30 0.286 1 2
76 100 0.269 1 4
156 5 0.586 1 2
36 15 0.198 1 0
10 40 0.041 1 3
35 40 0.111 1 3
27 40 0.153 1 4
27 52 0.182 1 4
131 100 0.392 1 2
15 100 0.060 1 2
59 30 0.322 1 4
16 10 0.047 1 4
44 40 0.165 1 2
18 100 0.098 1 4
145 40 0.543 1 2
70 40 0.285 1 3
51 40 0.309 1 3
30 52 0.186 1 2
184 52 0.676 1 3
41 22 0.162 1 2
39 5 0.258 1 4
12 5 0.046 1 0
56 70 0.357 1 2
29 5 0.187 1 2
190 15 0.731 1 0
18 52 0.070 1 2
33 100 0.151 1 2
130 70 0.807 1 3
12 30 0.038 1 4
31 30 0.123 1 3
70 30 0.209 1 0
15 52 0.063 1 2
15 10 0.058 1 0
14 30 0.070 1 2
50 30 0.325 1 0
27 22 0.088 1 3
162 52 0.976 1 0
24 70 0.121 1 0
18 22 0.054 1 3
29 40 0.085 1 2
13 70 0.071 1 4
16 15 0.051 1 0
30 22 0.142 1 0
30 15 0.151 1 0
75 15 0.339 1 4
61 15 0.214 1 0
195 30 0.852 1 4
61 10 0.303 1 0
11 52 0.061 1 2
130 30 0.583 1 0
172 22 0.529 1 2
65 40 0.312 1 3
29 40 0.099 1 2
118 40 0.694 1 3
19 22 0.123 1 4
133 30 0.773 1 0
34 15 0.109 1 4
199 70 0.605 1 0
11 40 0.043 1 4
67 15 0.332 1 0
118 30 0.502 1 3
149 5 0.626 1 4
27 30 0.095 1 0
26 10 0.098 1 0
110 10 0.495 1 2
306 10 1.244 1 2
10 40 0.038 1 2
25 5 0.137 1 2
16 30 0.047 1 0
29 22 0.086 1 0
227 40 0.749 1 0
68 10 0.279 1 0
27 10 0.117 1 0
259 30 0.833 1 4
71 5 0.253 1 4
122 22 0.437 1 0
259 30 1.599 1 0
206 100 1.010 1 0
42 52 0.228 1 3
236 52 0.707 1 0
71 40 0.225 1 2
30 100 0.161 1 0
191 100 1.194 1 0
12 10 0.041 1 4
52 22 0.317 1 0
25 70 0.078 1 0
49 100 0.227 1 0
11 10 0.062 1 2
12 15 0.066 1 0
43 30 0.261 1 0
22 30 0.126 1 2
185 70 0.815 1 0
92 30 0.271 1 4
130 15 0.563 1 3
210 52 0.764 1 0
19 70 0.071 1 2
37 70 0.203 1 0
80 40 0.541 1 0
65 100 0.194 1 3
103 22 0.448 1 2
144 10 0.483 1 0
79 70 0.429 1 0
37 30 0.129 1 3
15 10 0.044 1 0
31 70 0.115 1 3
316 22 1.491 1 2
85 5 0.304 1 2
56 22 0.341 1 3
10 15 0.032 1 0
293 52 1.017 1 4
17 100 0.060 1 0
22 30 0.076 1 2
47 22 0.269 1 0
123 100 0.362 1 3
37 30 0.157 1 4
187 5 0.874 1 0
16 15 0.070 1 0
109 22 0.542 1 0
46 52 0.228 1 0
19 40 0.066 1 0
14 5 0.057 1 2
31 22 0.197 1 0
48 10 0.271 1 4
94 10 0.281 1 0
31 22 0.178 1 4
44 100 0.141 1 3
168 15 0.639 1 4
18 15 0.053 1 2
332 15 1.489 1 0
15 100 0.076 1 0
168 52 0.889 1 0
18 10 0.115 1 3
11 5 0.036 1 2
34 30 0.161 1 4
19 5 0.066 1 0
26 10 0.102 1 0
132 22 0.863 1 3
20 10 0.079 1 3
60 70 0.339 1 2
91 15 0.431 1 0
27 5 0.110 1 2
35 100 0.152 1 0
198 52 0.645 1 0
12 52 0.068 1 2
16 10 0.089 1 4
39 22 0.143 1 0
47 100 0.200 1 3
52 52 0.186 1 4
13 100 0.052 1 4
125 70 0.687 1 3
17 22 0.062 1 2
48 40 0.286 1 2
18 70 0.076 1 0
130 15 0.429 1 3
139 10 0.471 1 0
220 22 0.764 1 0
61 100 0.409 1 0
21 15 0.082 1 4
25 52 0.160 1 0
29 22 0.096 1 0
64 5 0.252 1 2
56 22 0.164 1 0
15 40 0.063 1 2
43 30 0.169 1 2
13 70 0.056 1 4
41 5 0.252 1 4
55 22 0.201 1 2
27 30 0.084 1 0
165 15 0.657 1 2
22 100 0.117 1 4
174 15 0.617 1 0
21 22 0.064 1 4
16 52 0.075 1 4
15 30 0.068 1 2
142 5 0.485 1 4
28 70 0.089 1 2
24 15 0.157 1 2
93 22 0.320 1 3
313 30 1.656 1 2
30 52 0.146 1 3
116 22 0.473 1 3
68 40 0.380 1 2
76 100 0.253 1 0
72 52 0.254 1 3
28 70 0.145 1 4
27 100 0.079 1 3
18 30 0.083 1 4
54 22 0.257 1 3
10 5 0.036 1 2
112 40 0.409 1 0
31 40 0.105 1 3
33 5 0.117 1 0
36 15 0.212 1 0
37 5 0.162 1 4
18 22 0.108 1 2
36 40 0.146 1 0
74 15 0.253 1 2
202 10 0.874 1 4
47 10 0.222 1 0
91 40 0.408 1 4
33 15 0.133 1 0
10 30 0.049 1 2
144 40 0.643 1 3
10 70 0.041 1 0
21 70 0.117 1 0
17 15 0.062 1 3
17 70 0.064 1 3
177 100 0.670 1 0
222 52 0.945 1 2
34 100 0.154 1 0
58 52 0.302 1 3
18 52 0.058 1 2
13 15 0.040 1 2
18 5 0.090 1 0
149 40 0.542 1 3
26 10 0.097 1 0
148 10 0.609 1 3
335 52 1.642 1 2
17 40 0.084 1 2
74 40 0.249 1 4
19 22 0.081 1 0
207 70 0.711 1 2
71 40 0.219 1 4
73 70 0.242 1 3
240 52 0.870 1 4
28 52 0.104 1 3
128 15 0.621 1 0
35 5 0.230 1 4
10 70 0.040 1 0
14 15 0.051 1 0
79 100 0.414 1 0
10 52 0.047 1 0
44 5 0.249 1 4
76 30 0.249 1 2
14 30 0.077 1 0
38 40 0.208 1 0
159 5 0.500 1 0
68 40 0.425 1 3
17 40 0.060 1 2
32 5 0.132 1 3
32 40 0.134 1 2
36 15 0.122 1 2
191 5 0.565 1 3
21 100 0.062 1 2
16 10 0.056 1 2
10 40 0.045 1 4
18 5 0.057 1 2
32 10 0.182 1 3
19 40 0.064 1 0
30 40 0.117 1 2
24 5 0.089 1 0
77 10 0.277 1 0
130 100 0.568 1 0
34 30 0.125 1 4
127 22 0.668 1 0
124 52 0.477 1 2
43 10 0.195 1 2
10 10 0.030 1 4
174 15 0.578 1 3
15 30 0.060 1 0
70 15 0.227 1 0
49 70 0.306 1 2
35 52 0.202 1 3
34 52 0.149 1 3
138 10 0.896 1 4
10 22 0.035 2 1
32 70 0.095 2 0
51 70 0.323 2 4
70 40 0.210 2 3
13 52 0.061 2 3
16 30 0.062 2 4
12 70 0.044 2 3
26 10 0.086 2 3
21 22 0.088 2 0
164 70 0.628 2 3
336 100 1.965 2 1
22 22 0.133 2 0
11 30 0.070 2 0
265 30 1.767 2 0
79 70 0.331 2 4
23 10 0.135 2 4
20 100 0.062 2 1
18 70 0.081 2 3
242 22 0.722 2 3
18 52 0.060 2 0
32 70 0.095 2 1
24 5 0.079 2 0
58 5 0.326 2 4
330 52 1.044 2 0
98 22 0.649 2 0
136 15 0.422 2 4
15 5 0.054 2 0
80 15 0.506 2 0
183 100 0.968 2 0
24 30 0.106 2 3
320 22 1.019 2 1
68 5 0.278 2 4
48 100 0.147 2 4
231 40 0.802 2 1
18 5 0.080 2 3
284 70 0.877 2 4
171 40 0.734 2 4
62 100 0.276 2 4
39 15 0.213 2 0
77 10 0.292 2 3
15 5 0.058 2 0
76 52 0.364 2 1
137 10 0.425 2 0
43 22 0.187 2 1
11 40 0.036 2 4
53 100 0.238 2 3
73 52 0.281 2 4
24 40 0.073 2 0
82 70 0.480 2 0
180 15 0.763 2 0
77 5 0.260 2 4
175 52 1.129 2 0
327 70 1.686 2 0
39 52 0.247 2 0
224 30 0.911 2 1
294 100 1.463 2 0
13 52 0.069 2 3
53 22 0.172 2 0
291 52 1.386 2 4
74 100 0.394 2 1
143 52 0.614 2 4
49 52 0.180 2 1
125 52 0.676 2 1
52 15 0.208 2 3
14 22 0.045 2 4
40 10 0.247 2 0
32 22 0.155 2 0
70 15 0.221 2 4
82 52 0.320 2 3
26 22 0.094 2 0
10 15 0.046 2 4
128 52 0.656 2 0
17 70 0.092 2 1
143 15 0.467 2 0
153 52 0.492 2 0
94 70 0.329 2 0
177 30 0.586 2 1
88 100 0.313 2 0
152 5 0.854 2 4
71 40 0.403 2 3
51 52 0.290 2 4
20 40 0.134 2 4
38 15 0.143 2 1
52 22 0.325 2 3
163 52 0.657 2 0
27 5 0.098 2 0
14 70 0.044 2 0
13 30 0.047 2 4
59 22 0.386 2 4
65 15 0.212 2 0
149 10 0.968 2 4
16 15 0.060 2 3
18 52 0.105 2 4
170 52 0.929 2 0
87 70 0.463 2 3
239 30 1.615 2 3
27 70 0.090 2 4
30 5 0.090 2 0
59 40 0.396 2 3
32 22 0.115 2 0
16 40 0.066 2 0
192 40 1.272 2 4
44 52 0.132 2 1
74 100 0.407 2 3
56 22 0.269 2 1
17 5 0.051 2 1
67 52 0.196 2 1
39 70 0.187 2 0
33 52 0.102 2 1
13 30 0.076 2 4
75 22 0.310 2 0
52 5 0.281 2 4
81 22 0.316 2 3
30 30 0.132 2 4
70 52 0.227 2 0
14 5 0.057 2 3
151 52 0.665 2 0
209 100 0.986 2 4
19 22 0.058 2 4
138 70 0.437 2 3
75 70 0.368 2 3
19 52 0.086 2 1
35 30 0.169 2 4
12 100 0.037 2 4
190 10 0.691 2 0
25 30 0.145 2 4
11 5 0.040 2 4
73 40 0.245 2 0
291 40 1.692 2 0
128 22 0.557 2 4
15 52 0.061 2 0
15 15 0.074 2 3
77 40 0.244 2 0
17 100 0.089 2 3
184 10 1.122 2 1
94 15 0.313 2 0
52 70 0.173 2 4
65 22 0.283 2 0
26 10 0.091 2 0
124 70 0.660 2 4
125 10 0.445 2 3
23 70 0.092 2 0
38 15 0.193 2 4
23 22 0.112 2 0
34 70 0.105 2 1
223 22 1.304 2 1
120 52 0.536 2 3
46 22 0.291 2 0
124 10 0.422 2 4
10 40 0.033 2 0
192 100 0.671 2 0
16 15 0.063 2 3
28 30 0.103 2 4
34 70 0.151 2 0
101 70 0.373 2 4
13 30 0.043 2 0
23 100 0.071 2 1
13 5 0.059 2 0
134 70 0.399 2 4
33 100 0.115 2 0
64 70 0.287 2 0
46 52 0.178 2 4
39 10 0.134 2 3
271 30 0.948 2 1
19 100 0.066 2 1
103 5 0.510 2 4
14 30 0.053 2 4
155 5 0.752 2 1
39 70 0.158 2 0
14 22 0.054 2 0
62 70 0.230 2 3
20 52 0.084 2 1
71 40 0.394 2 0
13 30 0.039 2 0
35 10 0.182 2 0
30 10 0.189 2 0
45 5 0.176 2 0
118 10 0.652 2 0
10 15 0.033 2 3
34 22 0.134 2 4
11 5 0.034 2 0
44 70 0.186 2 1
146 22 0.655 2 1
283 52 0.868 2 0
115 5 0.424 2 3
150 100 0.628 2 0
37 10 0.135 2 1
195 15 0.975 2 4
63 40 0.304 2 4
133 70 0.668 2 0
195 10 0.615 2 3
34 10 0.146 2 0
73 5 0.372 2 0
292 10 1.197 2 0
15 40 0.085 2 0
66 10 0.197 2 3
100 10 0.405 2 0
69 10 0.262 2 0
251 100 1.599 2 3
21 15 0.097 2 3
16 10 0.063 2 0
34 40 0.117 2 3
50 15 0.321 2 0
165 5 1.100 2 0
69 70 0.296 2 0
77 30 0.237 2 3
155 52 0.542 2 4
75 22 0.244 2 3
14 52 0.055 2 4
13 70 0.055 2 0
40 100 0.133 2 4
36 15 0.128 2 0
281 70 0.836 2 1
40 5 0.258 2 4
30 70 0.116 2 3
15 40 0.044 2 3
34 10 0.214 2 1
13 5 0.042 2 1
112 22 0.533 2 1
62 30 0.201 2 4
36 10 0.178 2 1
128 52 0.601 2 1
79 10 0.351 2 1
56 40 0.279 2 0
166 52 0.629 2 0
12 5 0.073 2 0
75 5 0.282 2 1
47 40 0.194 2 0
12 70 0.077 2 3
164 40 0.571 2 3
67 40 0.220 2 0
102 40 0.518 2 0
17 22 0.059 2 4
18 40 0.068 2 3
36 10 0.195 2 1
82 5 0.276 2 0
169 70 0.520 2 0
31 5 0.142 2 4
126 10 0.746 2 3
239 5 1.542 2 1
58 30 0.189 2 0
18 40 0.068 2 0
82 15 0.461 2 0
16 70 0.059 2 1
33 100 0.152 2 0
12 5 0.073 2 3
109 52 0.512 2 0
25 22 0.131 2 4
57 100 0.368 2 1
51 100 0.189 2 0
33 100 0.106 2 4
47 100 0.179 2 4
122 5 0.439 2 1
39 15 0.190 2 0
18 22 0.102 2 0
137 15 0.436 2 1
16 40 0.096 2 1
22 100 0.119 2 1
54 52 0.182 2 0
73 10 0.483 2 0
28 30 0.153 2 4
73 52 0.340 2 1
18 15 0.059 2 1
44 40 0.259 2 3
146 30 0.463 2 4
45 10 0.233 2 1
20 30 0.090 2 1
188 40 0.648 2 0
11 70 0.034 2 3
18 30 0.084 2 0
76 100 0.344 2 0
65 30 0.305 2 0
11 22 0.034 2 0
198 5 0.627 2 1
62 22 0.297 2 1
30 100 0.100 2 1
151 52 0.479 2 3
28 70 0.086 2 0
28 52 0.090 2 0
31 5 0.142 2 3
102 5 0.528 2 4
13 30 0.062 2 0
25 5 0.094 2 0
38 52 0.182 2 4
177 70 1.142 2 4
13 70 0.068 2 0
63 40 0.269 2 1
70 10 0.243 2 4
10 100 0.056 2 4
46 40 0.301 2 4
13 70 0.048 2 4
171 100 0.728 2 0
38 100 0.257 2 0
159 15 0.488 2 0
139 100 0.638 2 0
180 52 0.655 2 4
22 15 0.091 2 0
12 52 0.038 2 4
67 5 0.406 2 0
28 100 0.165 2 0
52 10 0.315 2 1
35 70 0.110 2 4
21 22 0.099 2 1
27 70 0.133 2 0
12 100 0.039 2 4
56 70 0.181 2 4
59 10 0.185 2 4
17 22 0.076 2 1
74 22 0.266 2 4
317 52 1.668 2 0
19 100 0.117 2 1
197 30 0.916 2 4
171 5 0.633 2 4
54 30 0.298 2 0
38 70 0.128 2 3
328 30 1.193 2 0
120 30 0.659 2 0
171 5 0.704 2 0
104 15 0.441 2 4
38 15 0.114 2 1
13 22 0.078 2 1
39 52 0.179 2 1
52 52 0.190 2 0
42 70 0.176 2 4
20 15 0.073 2 0
76 22 0.281 2 0
12 10 0.038 2 4
57 100 0.205 2 0
150 15 0.581 2 0
110 22 0.529 2 3
14 15 0.045 2 0
15 30 0.046 2 1
79 100 0.320 2 4
27 100 0.099 2 0
136 10 0.397 2 0
32 70 0.106 2 3
32 5 0.203 2 4
167 100 0.535 2 3
59 70 0.298 2 0
30 100 0.122 2 1
16 15 0.061 2 0
153 40 0.746 2 0
263 22 0.838 2 3
184 70 0.595 2 0
12 10 0.038 2 3
36 10 0.220 2 4
21 52 0.135 2 0
15 30 0.078 2 0
75 52 0.335 2 0
77 22 0.425 2 0
12 30 0.045 2 1
21 22 0.071 2 0
16 10 0.078 2 0
27 5 0.103 2 0
22 5 0.080 2 4
12 40 0.075 2 1
17 70 0.077 2 4
74 10 0.326 2 1
12 100 0.072 2 0
16 10 0.072 2 0
24 52 0.103 2 0
35 30 0.202 2 4
67 10 0.335 2 4
158 52 0.656 2 0
113 10 0.378 2 3
170 30 0.511 2 1
95 15 0.403 2 0
11 70 0.049 2 1
11 70 0.068 2 3
12 22 0.061 2 0
33 10 0.107 2 3
28 15 0.121 2 0
67 100 0.227 2 1
184 10 0.868 2 0
12 30 0.054 2 1
211 10 0.847 2 3
15 15 0.093 2 4
14 40 0.048 2 1
60 100 0.309 2 0
43 10 0.148 2 1
177 5 0.577 2 1
23 52 0.079 2 3
72 22 0.323 2 3
43 10 0.159 2 3
21 52 0.087 2 0
56 5 0.205 2 3
229 15 0.881 2 0
60 40 0.198 2 4
66 5 0.300 2 1
47 10 0.172 2 3
26 15 0.173 2 3
292 40 1.529 2 1
56 10 0.263 2 0
131 5 0.425 2 0
149 70 0.601 2 1
317 5 1.732 2 0
129 52 0.816 2 0
20 40 0.082 2 0
91 15 0.281 2 0
75 100 0.439 2 4
84 10 0.356 2 1
10 100 0.033 2 3
36 5 0.179 2 0
269 10 0.985 2 3
61 15 0.316 2 3
79 70 0.235 2 0
20 52 0.105 2 1
11 40 0.038 2 0
11 30 0.033 2 3
48 100 0.152 2 4
35 5 0.127 2 1
182 70 0.953 2 3
21 100 0.089 2 0
11 15 0.068 2 3
39 22 0.117 2 0
337 52 2.018 2 0
66 30 0.395 2 3
11 70 0.032 2 4
242 40 0.852 2 1
81 70 0.319 2 4
38 15 0.118 2 4
15 100 0.075 2 0
66 40 0.420 2 4
10 5 0.038 2 3
35 70 0.172 2 3
44 15 0.256 2 0
79 15 0.239 2 0
258 40 1.012 2 0
68 15 0.391 2 4
69 15 0.463 2 3
67 22 0.337 2 4
187 70 0.751 2 0
44 15 0.195 2 3
14 15 0.052 2 3
207 15 1.113 2 1
42 52 0.125 2 0
17 5 0.062 2 4
80 15 0.339 2 0
189 40 0.724 2 4
14 100 0.044 2 3
242 40 1.407 2 1
130 30 0.634 2 3
20 15 0.093 2 3
12 22 0.048 2 3
24 52 0.105 2 0
315 22 2.045 2 0
278 40 1.311 2 4
278 5 1.198 2 3
107 15 0.382 2 4
21 22 0.070 2 1
96 10 0.304 2 4
47 10 0.185 2 3
16 5 0.057 2 0
159 22 0.733 2 3
30 70 0.098 2 0
15 15 0.081 2 3
32 22 0.183 2 0
11 52 0.048 2 0
34 5 0.132 2 1
50 10 0.281 2 0
45 30 0.228 2 1
16 40 0.062 2 0
27 40 0.136 2 1
71 5 0.211 2 1
13 100 0.059 2 0
72 15 0.379 2 0
18 52 0.083 2 0
195 30 0.741 2 1
21 40 0.090 2 0
187 70 0.745 2 1
27 10 0.089 2 4
113 30 0.509 2 1
134 40 0.469 2 0
14 70 0.045 2 3
57 52 0.213 2 3
39 40 0.188 2 0
16 10 0.054 2 0
127 100 0.425 2 1
12 10 0.066 2 1
15 15 0.049 2 0
33 15 0.136 2 3
12 70 0.049 2 4
11 52 0.036 2 0
17 40 0.082 2 4
18 30 0.054 2 3
18 100 0.096 2 0
186 30 0.877 2 0
15 30 0.068 2 0
274 10 1.079 2 0
143 52 0.550 2 0
18 100 0.107 2 0
31 15 0.182 2 4
18 100 0.060 2 1
62 100 0.234 2 0
53 5 0.261 2 4
15 70 0.049 2 0
23 40 0.101 2 0
12 100 0.043 2 3
196 40 0.708 2 1
61 30 0.268 2 0
46 22 0.174 2 3
34 30 0.173 2 0
10 70 0.032 2 0
321 40 0.967 2 3
53 30 0.353 2 4
34 100 0.115 2 4
33 15 0.121 2 3
13 70 0.081 2 0
201 100 0.600 2 4
81 52 0.297 2 1
332 22 1.125 2 0
44 15 0.256 2 0
32 40 0.095 2 1
42 70 0.205 2 4
99 10 0.600 2 0
115 70 0.528 2 0
314 40 0.921 2 1
141 52 0.526 2 0
223 30 0.802 2 1
25 15 0.097 2 1
15 30 0.059 2 1
62 5 0.408 2 1
128 22 0.443 2 0
19 10 0.077 2 4
14 40 0.047 2 0
133 30 0.445 2 0
180 100 0.588 2 1
12 5 0.040 2 1
205 22 0.663 2 3
250 10 0.767 2 4
151 15 0.510 2 3
23 22 0.075 2 0
38 40 0.117 2 0
35 30 0.138 2 4
197 100 0.824 2 0
100 30 0.490 2 0
13 30 0.052 2 4
14 40 0.080 2 3
127 30 0.794 2 4
34 10 0.187 2 3
59 40 0.225 2 0
184 10 0.563 2 1
91 5 0.357 2 0
46 40 0.151 2 4
10 70 0.061 2 1
139 100 0.521 2 4
49 5 0.302 2 0
14 5 0.042 2 4
35 5 0.109 2 1
78 30 0.366 2 4
13 22 0.058 2 4
148 70 0.590 2 3
166 100 1.051 2 1
31 5 0.118 2 3
35 30 0.108 2 4
47 15 0.182 2 1
38 10 0.160 2 0
32 70 0.106 2 1
11 40 0.046 2 4
46 70 0.143 2 4
95 100 0.594 2 0
16 5 0.092 2 1
35 15 0.109 2 0
241 10 1.170 2 4
72 5 0.220 2 3
207 5 0.848 2 0
156 30 1.054 2 1
13 40 0.051 2 0
68 10 0.205 2 1
18 10 0.061 2 1
145 5 0.569 2 1
12 70 0.050 2 0
24 22 0.096 2 3
12 22 0.053 2 0
19 5 0.058 2 1
76 5 0.333 2 0
79 10 0.506 2 3
16 15 0.065 2 1
91 22 0.342 2 0
30 22 0.196 2 4
22 40 0.072 2 0
181 5 0.531 2 4
73 70 0.480 2 0
20 22 0.078 2 0
36 22 0.134 2 0
36 5 0.111 2 4
150 100 0.570 2 1
324 5 1.917 2 3
29 70 0.112 2 0
34 15 0.164 2 0
268 10 0.896 2 3
37 30 0.111 2 3
57 40 0.295 2 0
10 70 0.045 2 0
202 10 0.957 2 0
97 40 0.626 2 0
198 30 0.647 2 0
129 5 0.416 2 0
27 70 0.086 2 0
39 5 0.153 2 4
11 52 0.047 2 4
124 10 0.743 2 1
52 70 0.203 2 1
47 100 0.157 2 0
335 5 1.003 2 0
324 10 1.873 2 0
67 52 0.280 2 0
56 30 0.216 2 4
26 40 0.106 2 0
33 70 0.117 2 0
35 15 0.132 2 4
69 10 0.418 2 0
42 70 0.275 2 0
62 100 0.227 2 1
124 52 0.426 2 4
325 15 2.070 2 4
19 40 0.128 2 3
18 70 0.096 2 1
327 10 1.072 2 4
15 5 0.053 2 1
172 15 0.533 2 0
172 70 0.878 2 1
15 40 0.069 2 1
47 30 0.172 2 0
14 10 0.045 2 4
159 40 0.729 2 1
29 100 0.105 2 3
32 70 0.097 2 0
46 52 0.141 2 0
13 10 0.041 2 4
18 100 0.084 2 0
335 5 1.034 2 4
74 100 0.228 2 0
51 10 0.157 2 0
15 15 0.045 2 4
14 5 0.052 2 1
31 40 0.093 2 4
35 30 0.144 2 3
30 70 0.099 2 0
20 52 0.066 2 0
13 5 0.061 2 4
14 30 0.051 2 0
158 15 0.612 2 1
14 100 0.079 2 0
18 40 0.055 2 0
72 30 0.314 2 0
14 40 0.072 2 4
39 10 0.152 2 1
98 70 0.483 2 4
175 5 1.029 2 1
26 52 0.135 2 0
13 22 0.049 2 3
88 30 0.497 2 4
13 15 0.076 2 3
59 40 0.235 2 3
89 70 0.363 2 0
16 70 0.049 2 0
14 10 0.074 2 1
339 70 1.646 2 0
106 5 0.320 2 0
17 100 0.081 2 3
37 70 0.208 2 4
17 100 0.053 2 0
100 15 0.345 2 0
37 40 0.128 2 1
34 52 0.215 2 0
206 15 0.814 2 3
17 10 0.056 2 0
14 15 0.059 2 4
63 5 0.221 2 1
225 5 0.862 2 3
181 15 1.011 2 0
38 40 0.143 2 4
22 30 0.118 2 1
10 30 0.049 2 0
183 70 0.762 2 0
137 5 0.601 2 3
67 70 0.332 2 4
57 30 0.256 2 0
184 15 0.687 2 0
160 40 0.714 2 3
25 5 0.088 2 0
27 5 0.149 2 0
39 30 0.153 2 4
30 100 0.159 2 0
14 30 0.048 2 3
240 100 1.558 2 4
127 100 0.583 2 4
30 30 0.112 2 0
21 52 0.085 2 4
175 30 1.012 2 3
17 100 0.068 2 0
30 22 0.129 2 0
55 70 0.329 2 4
15 40 0.053 2 3
133 22 0.449 2 1
72 52 0.222 2 0
152 100 0.626 2 0
59 10 0.242 2 0
101 100 0.356 2 1
17 15 0.050 2 0
88 15 0.476 2 0
73 30 0.273 2 1
59 70 0.339 2 4
24 40 0.083 2 0
333 40 1.215 2 3
98 52 0.662 2 3
65 30 0.385 2 0
123 15 0.539 2 0
80 22 0.304 2 0
278 52 0.969 2 0
37 70 0.172 2 0
18 22 0.090 2 1
13 52 0.050 2 3
72 10 0.332 2 1
93 22 0.451 2 0
27 10 0.115 2 4
202 22 0.940 2 0
70 30 0.359 2 1
75 100 0.347 2 4
49 100 0.218 2 1
48 15 0.144 2 3
50 100 0.238 2 3
71 40 0.362 2 0
18 52 0.088 2 0
182 10 0.879 2 0
75 5 0.302 2 4
48 40 0.158 2 0
20 22 0.068 2 4
72 5 0.327 2 0
165 70 0.519 2 3
93 5 0.283 2 0
38 22 0.136 2 4
60 40 0.176 2 1
32 40 0.198 2 4
25 15 0.134 2 4
54 15 0.260 2 0
38 52 0.141 2 0
17 5 0.061 2 3
10 15 0.031 2 3
123 40 0.421 2 3
16 15 0.088 2 0
18 22 0.054 2 3
37 70 0.149 2 0
115 40 0.661 2 0
17 15 0.099 2 3
15 10 0.055 2 0
63 22 0.246 2 0
60 22 0.339 2 0
12 10 0.037 2 0
25 30 0.083 2 4
27 40 0.136 2 0
11 30 0.063 2 3
48 5 0.201 2 1
47 10 0.234 2 0
16 22 0.050 2 3
14 22 0.046 2 3
10 22 0.037 2 1
13 70 0.055 2 3
70 70 0.383 2 1
21 22 0.067 2 1
83 100 0.286 2 1
118 5 0.421 2 0
20 5 0.060 2 4
23 52 0.109 2 0
74 5 0.374 2 0
79 100 0.245 2 0
127 10 0.494 2 0
251 52 0.851 2 0
73 22 0.270 2 0
307 5 1.137 2 0
39 22 0.170 2 0
10 30 0.059 2 4
125 15 0.498 2 0
52 5 0.182 2 0
34 15 0.224 2 1
132 40 0.647 2 1
247 40 0.911 2 4
12 40 0.050 2 4
107 22 0.395 2 0
24 70 0.121 2 3
10 52 0.038 2 4
42 15 0.126 2 1
156 70 0.912 2 3
65 70 0.342 2 3
64 40 0.195 2 1
61 40 0.372 2 3
55 10 0.223 2 4
32 52 0.203 2 3
12 30 0.066 2 4
49 70 0.155 2 4
18 70 0.073 2 0
62 30 0.248 2 0
63 100 0.187 2 3
182 5 0.888 2 1
313 5 1.456 2 0
58 22 0.183 2 0
67 40 0.286 2 3
12 70 0.073 2 0
11 22 0.042 2 0
29 10 0.086 2 3
57 22 0.306 2 0
24 70 0.161 2 0
196 30 1.000 2 4
13 70 0.071 2 4
11 100 0.042 2 4
124 5 0.674 2 1
118 30 0.494 2 0
134 100 0.632 2 1
268 52 1.258 2 0
69 10 0.342 2 1
20 15 0.060 2 3
148 10 0.434 2 4
199 40 0.799 2 0
110 30 0.338 2 0
98 30 0.536 2 3
35 5 0.235 2 4
78 70 0.419 2 1
10 40 0.036 2 4
11 40 0.039 2 0
18 70 0.103 2 3
33 100 0.117 2 0
76 10 0.344 2 0
19 22 0.097 2 1
17 22 0.062 2 0
57 5 0.236 2 1
36 52 0.174 2 0
232 40 0.682 2 1
17 10 0.072 2 0
71 10 0.317 2 1
173 5 0.816 2 4
120 22 0.513 2 1
194 22 0.653 2 3
189 70 0.652 2 4
207 100 0.753 2 1
10 10 0.047 2 0
12 30 0.064 2 4
11 30 0.033 2 1
27 5 0.097 2 3
55 22 0.274 2 0
34 30 0.139 2 3
38 40 0.116 2 4
105 30 0.434 2 4
58 15 0.244 2 4
33 70 0.120 2 1
14 22 0.056 2 3
12 5 0.062 2 0
98 15 0.362 2 3
37 30 0.120 2 3
163 100 0.526 2 3
91 40 0.270 2 0
48 15 0.244 2 1
71 70 0.408 2 4
111 30 0.624 2 4
49 15 0.159 2 0
114 10 0.401 2 3
33 22 0.105 2 3
35 70 0.106 2 0
29 5 0.124 2 3
96 52 0.549 2 0
35 40 0.146 2 3
64 30 0.360 2 1
48 10 0.176 2 0
21 5 0.121 2 0
16 70 0.049 2 4
123 100 0.435 2 1
79 70 0.237 2 4
10 22 0.061 2 1
31 22 0.130 2 1
34 10 0.211 2 4
23 40 0.134 2 0
336 22 1.976 2 3
312 10 1.233 2 3
25 15 0.089 2 0
73 70 0.256 2 1
40 70 0.148 2 3
27 30 0.103 2 1
42 22 0.134 2 0
194 52 0.662 2 0
183 5 0.656 2 4
31 15 0.108 2 0
140 10 0.631 2 1
125 100 0.428 2 1
52 70 0.157 2 0
57 22 0.320 2 3
37 70 0.109 2 0
76 30 0.455 2 4
26 70 0.076 2 0
27 30 0.157 2 0
136 40 0.548 2 0
48 52 0.207 2 0
126 100 0.405 2 4
73 52 0.456 2 3
17 70 0.080 2 4
132 15 0.400 2 1
28 100 0.103 2 0
169 70 0.876 2 0
75 40 0.354 2 4
26 40 0.106 2 1
195 15 0.572 2 0
30 100 0.097 2 4
22 40 0.124 2 3
47 100 0.192 2 3
29 52 0.136 2 0
46 10 0.258 2 0
22 15 0.074 2 0
149 15 0.671 2 0
335 15 1.650 2 3
327 52 2.096 2 3
52 30 0.156 2 1
112 10 0.457 2 1
58 5 0.279 2 1
27 10 0.170 2 4
16 40 0.049 2 0
38 15 0.212 2 0
23 15 0.081 2 4
15 10 0.055 2 4
57 40 0.187 2 0
33 30 0.143 2 3
55 22 0.176 2 1
25 22 0.102 2 1
50 52 0.195 2 0
237 22 0.862 2 0
62 22 0.205 2 1
77 5 0.257 2 1
12 30 0.038 2 1
13 30 0.045 2 0
87 15 0.306 2 0
89 22 0.366 2 4
25 5 0.083 2 4
10 30 0.036 2 4
181 40 0.770 2 0
37 30 0.197 2 0
77 70 0.365 2 0
10 30 0.060 2 0
10 70 0.054 2 1
279 70 0.986 2 0
31 5 0.120 2 3
14 40 0.045 2 1
13 10 0.052 2 0
16 30 0.062 2 0
11 10 0.051 2 0
186 30 0.732 2 0
141 70 0.411 2 3
56 70 0.229 2 0
60 5 0.251 2 3
69 15 0.227 2 0
26 22 0.085 2 3
62 70 0.376 2 4
46 5 0.250 2 3
84 5 0.285 2 0
13 30 0.043 2 1
167 30 0.763 2 4
132 100 0.449 2 0
13 30 0.047 2 0
29 5 0.163 2 1
11 52 0.034 2 4
172 40 0.606 2 4
250 15 1.087 2 4
174 70 0.526 2 0
58 40 0.201 2 4
18 10 0.068 2 4
15 5 0.072 2 0
74 40 0.230 2 3
170 5 0.644 2 1
217 70 0.642 2 0
70 22 0.212 2 0
25 15 0.130 2 4
11 40 0.067 2 0
21 30 0.087 2 0
16 100 0.056 2 1
34 10 0.145 2 0
19 22 0.082 2 0
18 40 0.058 2 0
11 5 0.048 2 3
311 15 0.920 2 1
63 70 0.339 2 1
58 10 0.257 2 3
151 70 0.521 2 3
29 100 0.151 2 1
30 30 0.103 2 0
54 5 0.323 2 3
178 70 0.527 2 3
14 10 0.072 2 3
98 10 0.343 2 3
53 40 0.230 2 4
15 15 0.047 2 0
221 40 0.732 2 4
23 100 0.073 2 0
19 40 0.091 2 4
194 10 0.610 2 0
60 40 0.182 2 1
134 40 0.448 2 3
25 22 0.096 2 4
63 5 0.193 2 0
56 22 0.182 2 3
61 10 0.185 2 4
103 15 0.337 2 4
141 10 0.829 2 0
26 40 0.079 2 0
16 15 0.051 2 0
23 10 0.130 2 3
65 52 0.255 2 0
10 30 0.030 2 1
19 30 0.119 2 1
126 15 0.656 2 1
33 22 0.147 2 3
169 52 0.812 2 3
14 40 0.076 2 3
77 10 0.363 2 0
32 22 0.198 2 3
30 15 0.114 2 4
297 30 1.967 2 0
17 70 0.102 2 1
47 10 0.249 2 0
286 70 1.529 2 0
188 52 0.669 2 3
186 52 0.715 2 0
19 40 0.110 2 0
129 70 0.451 2 0
38 100 0.242 2 3
109 70 0.708 2 1
36 52 0.238 2 3
47 40 0.305 2 0
16 5 0.057 2 0
50 15 0.186 2 3
32 22 0.127 2 3
130 70 0.448 2 3
78 70 0.464 2 4
56 52 0.304 2 3
57 40 0.191 2 4
234 10 1.279 2 3
121 52 0.624 2 3
108 40 0.491 2 1
151 22 0.699 2 3
112 15 0.619 3 0
188 30 0.964 3 0
16 22 0.061 3 2
15 22 0.089 3 1
28 15 0.105 3 0
20 70 0.072 3 0
204 40 0.721 3 0
304 22 1.283 3 0
28 15 0.090 3 0
17 15 0.075 3 0
56 15 0.194 3 0
65 5 0.389 3 1
75 100 0.240 3 2
15 15 0.062 3 4
128 30 0.375 3 4
60 70 0.195 3 0
113 40 0.500 3 2
60 70 0.375 3 2
21 40 0.087 3 0
10 70 0.029 3 0
180 40 0.891 3 1
39 5 0.138 3 4
306 22 1.020 3 1
145 22 0.721 3 1
119 100 0.351 3 4
20 100 0.066 3 0
165 22 0.505 3 1
44 70 0.183 3 2
263 70 1.223 3 1
71 15 0.210 3 2
51 100 0.181 3 0
113 100 0.337 3 2
77 70 0.260 3 4
240 5 0.712 3 1
26 100 0.137 3 0
34 40 0.186 3 2
30 22 0.098 3 1
24 40 0.087 3 4
111 70 0.342 3 0
19 70 0.075 3 2
104 10 0.348 3 0
33 52 0.104 3 4
62 30 0.358 3 2
185 22 0.746 3 0
10 30 0.031 3 4
27 100 0.085 3 1
11 40 0.053 3 4
40 22 0.139 3 0
232 15 0.859 3 1
13 100 0.048 3 2
280 52 0.933 3 0
72 100 0.294 3 4
68 30 0.335 3 1
16 22 0.054 3 0
25 22 0.090 3 0
75 5 0.304 3 0
28 40 0.114 3 2
25 15 0.169 3 1
61 22 0.281 3 4
118 100 0.344 3 2
52 10 0.338 3 2
14 22 0.087 3 0
95 15 0.430 3 0
116 15 0.663 3 2
48 100 0.200 3 1
143 30 0.708 3 1
151 100 0.487 3 2
13 5 0.041 3 0
14 15 0.077 3 0
165 100 0.519 3 4
13 10 0.044 3 1
38 30 0.184 3 0
13 22 0.039 3 0
302 22 1.067 3 0
20 70 0.076 3 0
121 30 0.395 3 4
331 5 1.044 3 0
93 100 0.474 3 4
18 40 0.063 3 0
16 40 0.049 3 4
27 52 0.126 3 1
50 100 0.231 3 0
48 30 0.148 3 0
62 22 0.320 3 1
61 10 0.305 3 0
35 22 0.146 3 0
72 70 0.358 3 4
16 5 0.050 3 0
149 30 0.626 3 0
27 40 0.084 3 0
24 100 0.077 3 4
34 100 0.102 3 0
16 15 0.052 3 0
12 5 0.044 3 4
15 5 0.062 3 2
327 10 1.514 3 0
16 5 0.070 3 1
45 70 0.161 3 1
97 52 0.571 3 0
23 52 0.094 3 2
191 100 0.830 3 4
147 10 0.432 3 0
212 10 1.293 3 2
67 70 0.376 3 1
15 30 0.091 3 0
56 10 0.313 3 2
15 70 0.055 3 2
17 30 0.071 3 4
14 5 0.089 3 2
73 52 0.219 3 4
168 15 0.918 3 0
116 40 0.586 3 4
189 22 0.913 3 4
17 52 0.094 3 0
38 30 0.155 3 4
137 5 0.685 3 0
104 10 0.330 3 0
41 22 0.229 3 4
42 70 0.178 3 0
76 22 0.225 3 4
190 70 0.613 3 1
330 5 1.341 3 2
58 15 0.194 3 2
254 10 1.427 3 2
34 15 0.217 3 0
34 5 0.217 3 0
118 5 0.365 3 4
67 22 0.270 3 1
14 15 0.057 3 0
26 100 0.095 3 4
118 5 0.498 3 0
75 70 0.277 3 1
62 40 0.255 3 2
34 15 0.107 3 4
10 40 0.029 3 1
19 10 0.070 3 4
124 40 0.549 3 0
36 100 0.135 3 0
13 15 0.076 3 0
178 70 0.553 3 2
20 5 0.062 3 0
123 40 0.475 3 0
17 5 0.074 3 0
20 100 0.126 3 0
10 22 0.048 3 2
13 52 0.047 3 4
69 22 0.413 3 0
121 30 0.771 3 1
29 15 0.093 3 0
54 10 0.230 3 2
54 22 0.201 3 4
18 5 0.073 3 4
56 10 0.167 3 2
10 10 0.035 3 1
31 30 0.114 3 0
131 15 0.508 3 2
189 10 1.027 3 0
20 40 0.123 3 0
13 10 0.087 3 2
191 52 0.752 3 4
44 10 0.150 3 0
134 22 0.547 3 4
190 22 1.145 3 1
54 15 0.218 3 0
116 15 0.558 3 0
53 100 0.212 3 1
23 10 0.095 3 1
133 5 0.425 3 2
34 70 0.113 3 2
16 40 0.097 3 0
153 5 0.546 3 4
259 10 1.210 3 1
65 100 0.263 3 2
18 22 0.071 3 0
220 15 0.866 3 4
198 70 1.112 3 0
42 70 0.163 3 0
19 15 0.066 3 1
36 10 0.188 3 2
15 70 0.088 3 1
79 52 0.427 3 0
26 70 0.095 3 1
316 70 0.981 3 0
15 22 0.045 3 1
11 10 0.049 3 1
17 10 0.085 3 2
37 70 0.239 3 1
69 30 0.448 3 1
67 30 0.362 3 4
71 5 0.265 3 4
13 100 0.047 3 4
25 15 0.140 3 0
287 5 0.960 3 0
28 100 0.108 3 2
48 100 0.195 3 2
18 30 0.054 3 2
151 30 0.778 3 0
11 40 0.036 3 2
14 5 0.066 3 0
16 52 0.094 3 0
19 15 0.091 3 4
23 40 0.080 3 2
32 22 0.128 3 2
281 30 1.115 3 0
55 10 0.175 3 4
29 100 0.109 3 1
188 5 0.603 3 0
13 70 0.066 3 4
75 52 0.336 3 2
189 22 1.105 3 0
78 30 0.245 3 1
30 22 0.106 3 4
18 10 0.085 3 1
131 30 0.524 3 0
104 5 0.437 3 4
138 52 0.478 3 4
21 40 0.082 3 0
32 15 0.114 3 0
28 15 0.122 3 0
163 100 0.475 3 1
131 70 0.732 3 1
67 5 0.213 3 0
18 5 0.080 3 2
44 10 0.182 3 0
13 40 0.055 3 0
19 10 0.072 3 2
75 22 0.347 3 1
21 10 0.068 3 0
14 30 0.043 3 1
49 100 0.268 3 4
17 70 0.075 3 2
16 70 0.059 3 0
29 30 0.180 3 0
34 22 0.164 3 0
17 52 0.077 3 4
38 15 0.170 3 0
16 22 0.053 3 1
19 15 0.127 3 4
55 52 0.163 3 0
133 15 0.887 3 0
18 70 0.107 3 2
23 52 0.087 3 4
61 52 0.254 3 1
201 5 0.935 3 1
17 40 0.057 3 4
19 40 0.056 3 1
13 10 0.058 3 2
189 70 0.652 3 4
75 100 0.222 3 1
170 52 0.817 3 2
67 10 0.273 3 0
194 5 0.826 3 1
30 15 0.121 3 1
16 10 0.051 3 4
31 22 0.134 3 4
62 70 0.185 3 0
10 30 0.051 3 2
53 22 0.233 3 1
29 40 0.151 3 0
273 52 1.092 3 0
57 30 0.203 3 2
22 30 0.129 3 0
26 5 0.105 3 4
21 15 0.087 3 1
62 30 0.376 3 0
10 5 0.035 3 1
20 15 0.059 3 4
12 10 0.053 3 0
49 70 0.162 3 4
166 100 0.529 3 0
38 10 0.162 3 1
20 70 0.127 3 4
132 40 0.641 3 0
109 100 0.559 3 4
326 100 0.982 3 2
36 30 0.160 3 4
35 15 0.156 3 1
19 70 0.115 3 0
220 100 0.815 3 0
78 15 0.348 3 0
88 5 0.591 3 1
30 40 0.124 3 4
39 10 0.211 3 2
28 52 0.122 3 1
33 15 0.124 3 0
34 70 0.104 3 1
17 70 0.064 3 1
191 30 0.789 3 1
28 30 0.183 3 1
69 10 0.206 3 2
272 15 0.948 3 0
46 52 0.289 3 1
132 10 0.429 3 1
27 70 0.133 3 1
75 30 0.431 3 1
28 40 0.154 3 0
15 70 0.067 3 2
11 10 0.046 3 0
115 5 0.455 3 4
73 100 0.230 3 1
34 15 0.116 3 1
272 52 1.572 3 1
78 40 0.339 3 1
18 40 0.090 3 1
45 10 0.132 3 2
64 22 0.195 3 4
16 100 0.054 3 0
116 40 0.475 3 2
101 52 0.526 3 2
172 10 0.642 3 1
15 10 0.098 3 0
132 22 0.394 3 1
58 5 0.182 3 4
112 15 0.704 3 2
45 22 0.134 3 0
140 100 0.933 3 4
50 70 0.188 3 1
10 52 0.030 3 0
138 30 0.426 3 1
233 22 1.120 3 2
167 52 0.560 3 0
136 30 0.507 3 4
11 10 0.035 3 0
194 100 1.169 3 2
272 70 1.153 3 1
52 22 0.195 3 4
148 30 0.607 3 2
62 30 0.205 3 1
111 52 0.476 3 2
50 15 0.163 3 0
86 40 0.332 3 0
36 100 0.153 3 1
73 40 0.422 3 2
43 10 0.178 3 0
11 22 0.059 3 1
13 52 0.060 3 2
14 22 0.045 3 0
130 22 0.565 3 0
267 22 1.019 3 4
126 70 0.441 3 0
29 40 0.101 3 0
32 30 0.133 3 0
70 52 0.246 3 4
52 40 0.306 3 0
18 5 0.062 3 4
263 10 0.778 3 1
193 40 0.605 3 2
71 30 0.261 3 2
65 15 0.260 3 0
33 40 0.153 3 1
209 40 0.929 3 1
53 40 0.157 3 0
55 100 0.207 3 2
34 40 0.116 3 0
32 30 0.119 3 4
26 22 0.103 3 0
229 30 1.139 3 2
167 70 0.584 3 4
68 5 0.223 3 4
47 15 0.175 3 0
16 40 0.055 3 4
74 5 0.253 3 1
55 70 0.180 3 1
297 70 1.198 3 2
199 15 0.636 3 4
116 40 0.361 3 1
256 40 0.771 3 2
74 5 0.277 3 0
114 30 0.467 3 1
209 52 0.789 3 1
13 10 0.043 3 4
18 22 0.069 3 2
69 30 0.385 3 4
77 15 0.405 3 1
300 30 1.255 3 0
154 30 0.951 3 0
30 52 0.106 3 0
34 40 0.160 3 4
264 22 1.039 3 0
154 5 0.527 3 2
61 15 0.286 3 0
112 100 0.683 3 4
44 52 0.188 3 1
121 5 0.504 3 4
36 30 0.211 3 1
54 22 0.188 3 4
255 30 0.870 3 2
10 5 0.033 3 1
11 5 0.033 3 1
175 52 0.627 3 1
49 52 0.258 3 4
97 10 0.386 3 4
24 15 0.078 3 4
312 10 1.273 3 1
261 100 0.909 3 0
30 52 0.106 3 4
18 40 0.087 3 2
193 70 0.760 3 1
108 70 0.540 3 0
14 22 0.052 3 1
74 52 0.308 3 1
19 22 0.086 3 0
26 52 0.154 3 4
23 100 0.080 3 4
18 52 0.094 3 4
11 40 0.041 3 0
41 30 0.184 3 0
74 70 0.460 3 1
66 100 0.199 3 4
19 15 0.079 3 1
31 15 0.103 3 1
42 52 0.233 3 4
48 22 0.176 3 2
108 52 0.509 3 4
86 30 0.411 3 1
13 5 0.040 3 1
26 15 0.127 3 2
59 52 0.188 3 0
16 100 0.068 3 4
41 70 0.220 3 2
125 22 0.389 3 0
41 40 0.270 3 4
25 52 0.113 3 1
110 70 0.406 3 0
14 70 0.090 3 0
13 5 0.078 3 2
190 10 0.864 3 0
195 52 0.629 3 4
49 5 0.226 3 0
11 10 0.046 3 4
29 22 0.175 3 0
33 22 0.125 3 1
96 40 0.508 3 2
208 30 0.963 3 0
17 22 0.065 3 0
54 5 0.160 3 1
10 70 0.052 3 0
49 15 0.177 3 4
180 15 0.544 3 2
49 100 0.239 3 1
248 52 0.795 3 0
11 22 0.074 3 4
73 40 0.215 3 0
131 22 0.506 3 0
19 22 0.126 3 0
48 30 0.318 3 0
12 30 0.045 3 0
21 40 0.069 3 1
238 5 0.763 3 0
36 40 0.188 3 4
13 22 0.049 3 0
125 30 0.786 3 0
44 5 0.180 3 4
17 15 0.058 3 0
35 15 0.124 3 0
18 30 0.076 3 0
13 22 0.050 3 0
175 40 0.678 3 0
195 30 0.687 3 0
195 52 1.127 3 0
53 70 0.201 3 4
51 5 0.235 3 0
25 30 0.091 3 0
29 10 0.125 3 2
38 30 0.119 3 4
24 100 0.159 3 4
22 22 0.096 3 0
35 100 0.159 3 4
19 10 0.098 3 4
184 15 0.724 3 4
165 40 0.506 3 2
71 22 0.222 3 0
54 40 0.182 3 0
25 30 0.163 3 1
140 10 0.553 3 0
23 15 0.083 3 0
18 100 0.060 3 0
57 70 0.333 3 0
11 10 0.037 3 2
189 100 0.608 3 2
84 70 0.459 3 0
42 15 0.233 3 2
15 52 0.055 3 4
56 15 0.215 3 2
162 52 0.839 3 4
36 40 0.151 3 1
18 22 0.057 3 4
98 52 0.488 3 2
28 15 0.140 3 4
16 15 0.051 3 2
69 22 0.242 3 0
85 5 0.277 3 4
12 52 0.076 3 0
75 70 0.231 3 4
209 100 0.946 3 0
29 10 0.118 3 4
14 10 0.058 3 1
302 30 0.984 3 1
36 10 0.106 3 0
33 70 0.115 3 0
121 30 0.471 3 4
220 40 0.655 3 4
10 15 0.044 3 4
79 10 0.269 3 0
16 100 0.053 3 0
31 100 0.119 3 0
19 52 0.074 3 0
11 100 0.047 3 1
77 5 0.353 3 1
14 22 0.049 3 0
11 15 0.039 3 0
10 70 0.032 3 0
276 30 0.917 3 2
109 22 0.421 3 0
150 100 0.750 3 4
52 22 0.325 3 0
159 22 0.713 3 0
54 100 0.265 3 1
67 40 0.376 3 0
101 52 0.443 3 2
17 70 0.100 3 0
38 100 0.140 3 0
25 100 0.124 3 4
39 70 0.163 3 1
15 100 0.047 3 4
32 22 0.103 3 1
33 30 0.144 3 2
117 40 0.440 3 2
30 52 0.109 3 0
140 22 0.614 3 2
32 52 0.144 3 0
98 52 0.313 3 0
140 100 0.455 3 0
37 40 0.190 3 4
164 30 0.619 3 0
37 30 0.214 3 0
129 5 0.487 3 2
128 30 0.449 3 2
253 22 1.601 3 1
65 40 0.281 3 0
58 10 0.192 3 1
179 40 0.628 3 1
20 22 0.065 3 0
62 40 0.291 3 4
74 5 0.231 3 2
154 5 0.870 3 0
177 52 0.634 3 2
45 10 0.155 3 1
13 15 0.070 3 4
10 15 0.053 3 1
176 100 0.775 3 4
188 30 1.099 3 2
225 70 1.271 3 1
244 40 0.924 3 1
16 52 0.062 3 1
152 10 0.822 3 4
28 22 0.083 3 0
79 5 0.343 3 4
22 100 0.080 3 1
310 22 1.069 3 4
14 15 0.066 3 4
45 30 0.148 3 4
35 70 0.106 3 0
19 40 0.118 3 0
193 5 0.785 3 4
146 10 0.606 3 2
20 52 0.061 3 0
80 22 0.297 3 4
29 70 0.184 3 4
117 15 0.447 3 2
15 100 0.070 3 2
147 5 0.739 3 2
26 40 0.102 3 0
136 5 0.540 3 2
57 40 0.188 3 1
60 10 0.405 3 1
48 10 0.188 3 1
32 70 0.181 3 0
295 52 0.961 3 0
41 100 0.188 3 0
29 15 0.107 3 2
19 100 0.108 3 2
87 30 0.254 3 4
39 30 0.122 3 0
30 5 0.138 3 0
32 52 0.152 3 2
42 10 0.183 3 4
168 30 0.649 3 2
45 40 0.150 3 4
25 52 0.094 3 0
10 100 0.039 3 0
15 70 0.065 3 0
46 10 0.297 3 0
198 52 0.798 3 2
22 52 0.089 3 0
13 70 0.074 3 0
59 100 0.186 3 0
45 70 0.147 3 2
37 70 0.116 3 2
22 100 0.071 3 0
32 52 0.200 3 0
13 70 0.042 3 2
16 52 0.099 3 2
46 52 0.183 3 0
11 15 0.066 3 0
224 22 1.109 3 1
168 40 0.500 3 1
16 100 0.052 3 2
67 10 0.251 3 2
26 100 0.161 3 0
11 100 0.033 3 0
105 10 0.309 3 0
36 100 0.176 3 0
331 5 1.525 3 0
190 40 0.772 3 0
58 10 0.186 3 0
17 52 0.096 3 2
147 10 0.795 3 4
21 40 0.112 3 2
92 30 0.336 3 2
61 40 0.210 3 0
179 5 0.544 3 4
41 40 0.130 3 4
74 100 0.357 3 1
184 52 1.157 3 2
18 15 0.098 3 2
180 70 0.896 3 0
36 30 0.161 3 4
67 52 0.419 3 0
13 22 0.050 3 1
17 5 0.057 3 1
39 70 0.127 3 0
14 100 0.066 3 1
163 52 0.488 3 4
24 10 0.070 3 1
39 100 0.137 3 0
18 10 0.061 3 0
17 52 0.105 3 0
29 5 0.109 3 2
156 30 0.500 3 4
15 100 0.044 3 2
99 52 0.310 3 4
10 30 0.063 3 0
52 10 0.152 3 4
135 52 0.595 3 0
98 22 0.323 3 0
123 100 0.820 3 1
33 10 0.105 3 1
15 5 0.045 3 0
43 15 0.251 3 2
21 10 0.101 3 0
47 52 0.207 3 0
116 5 0.430 3 2
141 100 0.439 3 1
226 15 1.165 3 1
13 30 0.046 3 4
106 52 0.405 3 0
12 40 0.043 3 1
291 100 1.516 3 0
11 70 0.060 3 2
13 52 0.063 3 0
142 52 0.693 3 2
123 22 0.615 3 1
308 52 0.978 3 2
40 10 0.182 3 4
30 10 0.112 3 4
174 100 0.619 3 0
15 40 0.063 3 1
177 10 1.000 3 0
30 100 0.088 3 4
10 30 0.040 3 0
71 10 0.355 3 1
99 5 0.371 3 4
63 10 0.391 3 1
51 22 0.150 3 0
104 5 0.539 3 0
23 22 0.081 3 0
120 5 0.372 3 1
61 100 0.241 3 1
135 5 0.643 3 0
55 52 0.369 3 0
311 52 1.026 3 1
169 5 0.509 3 2
56 5 0.225 3 0
157 100 0.479 3 4
10 10 0.040 3 1
21 10 0.117 3 2
136 10 0.432 3 0
40 22 0.197 3 2
19 22 0.065 3 2
25 100 0.084 3 1
65 30 0.359 3 0
53 22 0.209 3 2
60 22 0.175 3 4
13 10 0.064 3 4
13 40 0.058 3 0
57 15 0.260 3 4
19 70 0.098 3 0
15 10 0.089 3 0
53 30 0.269 3 0
283 40 1.394 3 0
41 30 0.236 3 0
192 22 0.937 3 2
24 70 0.145 3 0
154 22 0.626 3 1
169 22 0.496 3 4
10 10 0.062 3 4
14 15 0.063 3 0
12 15 0.081 3 4
77 10 0.339 3 2
151 70 0.478 3 1
76 100 0.472 3 0
38 52 0.235 3 2
167 5 1.044 3 0
75 40 0.436 3 0
335 10 1.081 3 4
128 70 0.865 3 0
161 70 0.605 3 0
116 15 0.401 3 4
330 30 1.082 3 2
17 15 0.056 3 0
49 52 0.176 3 2
195 30 0.961 3 0
132 40 0.564 3 0
32 5 0.116 3 4
16 52 0.057 3 4
20 5 0.086 3 0
35 52 0.145 3 4
334 52 1.505 3 4
45 52 0.144 3 0
79 22 0.329 3 0
23 10 0.096 3 0
176 15 1.181 3 4
26 22 0.141 3 1
12 10 0.071 3 0
54 15 0.258 3 0
64 100 0.277 3 0
37 5 0.122 3 4
14 15 0.045 3 4
39 40 0.148 3 2
12 52 0.080 3 2
32 5 0.176 3 0
52 40 0.213 3 0
198 30 0.697 3 1
135 52 0.480 3 0
18 5 0.098 3 2
32 52 0.123 3 1
33 5 0.134 3 0
137 15 0.717 3 0
50 40 0.327 3 2
22 100 0.075 3 0
33 70 0.204 3 1
18 15 0.111 3 0
28 52 0.115 3 2
21 40 0.109 3 0
190 15 0.562 3 1
300 10 1.124 3 0
89 10 0.269 3 2
13 100 0.045 3 4
75 22 0.253 3 4
27 22 0.083 3 0
250 5 1.059 3 0
56 70 0.211 3 2
11 10 0.054 3 2
114 5 0.509 3 1
66 15 0.202 3 0
10 40 0.053 3 2
18 5 0.083 3 0
173 15 0.597 3 1
13 30 0.045 3 0
11 40 0.062 3 1
32 40 0.101 3 2
106 5 0.596 3 0
52 70 0.331 3 1
300 70 1.807 3 4
15 30 0.047 3 0
188 40 0.671 3 0
30 10 0.170 3 4
49 100 0.212 3 1
23 30 0.120 3 0
51 22 0.209 3 4
215 70 0.782 3 0
36 40 0.127 3 2
29 10 0.144 3 4
133 22 0.719 3 0
22 40 0.101 3 0
52 10 0.153 3 1
19 10 0.089 3 4
176 15 0.640 3 1
16 40 0.101 3 4
77 70 0.317 3 2
14 22 0.052 3 4
37 10 0.214 3 2
41 5 0.234 3 0
13 70 0.063 3 0
16 15 0.089 3 1
68 15 0.291 3 0
90 22 0.306 3 2
36 22 0.172 3 2
36 30 0.189 3 0
13 15 0.047 3 0
17 100 0.078 3 0
29 40 0.127 3 0
194 100 0.990 3 4
130 15 0.793 3 0
66 100 0.412 3 0
37 15 0.176 3 4
13 52 0.067 3 0
41 5 0.177 3 0
10 100 0.037 3 4
18 22 0.093 3 0
73 10 0.417 3 2
119 40 0.569 3 4
68 100 0.205 3 4
127 15 0.386 3 4
63 40 0.297 3 2
30 40 0.095 3 4
45 10 0.188 3 0
188 22 1.106 3 0
35 10 0.125 3 0
35 30 0.108 3 2
190 52 0.812 3 0
189 5 0.622 3 2
287 100 0.894 3 4
15 30 0.082 3 4
28 52 0.168 3 0
14 22 0.095 3 2
130 70 0.861 3 1
18 10 0.061 3 1
25 30 0.108 3 1
158 15 0.627 3 0
58 100 0.387 3 2
30 40 0.115 3 4
15 5 0.072 3 1
35 5 0.131 3 0
214 40 0.682 3 1
22 70 0.080 3 0
38 70 0.144 3 0
44 30 0.179 3 0
138 10 0.531 3 4
214 100 0.767 3 0
16 22 0.069 3 1
323 30 2.097 3 0
283 40 1.110 3 0
258 40 0.981 3 1
27 70 0.082 3 0
13 52 0.055 3 0
37 100 0.119 3 1
12 22 0.049 3 4
60 52 0.234 3 2
79 70 0.432 3 1
98 52 0.419 3 4
263 70 1.056 3 0
197 100 0.904 3 0
57 40 0.184 3 1
44 22 0.133 3 1
44 52 0.176 3 2
331 15 1.298 3 4
118 5 0.513 3 2
274 22 1.079 3 0
136 5 0.576 3 4
35 70 0.119 3 0
34 5 0.129 3 4
13 100 0.056 3 0
115 30 0.412 3 0
37 52 0.155 3 0
40 70 0.144 3 1
147 40 0.565 3 2
43 22 0.131 3 1
26 70 0.076 3 0
20 40 0.059 3 2
30 5 0.093 3 0
31 15 0.199 3 0
166 30 0.883 3 4
38 30 0.164 3 4
16 100 0.089 3 2
93 10 0.278 3 4
64 70 0.254 3 1
12 10 0.051 3 0
12 100 0.067 3 0
26 5 0.090 3 1
15 52 0.058 3 4
58 40 0.347 3 2
166 5 0.822 3 0
65 40 0.340 3 4
35 22 0.146 3 1
190 22 0.562 3 0
59 5 0.199 3 2
164 40 0.877 3 0
74 52 0.226 3 4
65 10 0.436 3 1
18 70 0.066 3 2
62 22 0.397 3 2
153 52 0.498 3 0
72 5 0.280 3 1
253 5 0.760 3 0
196 52 0.860 3 4
76 5 0.330 3 0
11 15 0.072 3 0
15 52 0.075 3 0
15 30 0.056 3 0
176 10 0.796 3 1
30 15 0.128 3 4
29 22 0.181 3 4
34 100 0.165 3 2
47 52 0.212 3 0
318 100 1.071 3 1
21 15 0.084 3 0
18 5 0.057 3 4
48 5 0.188 3 4
198 30 0.888 3 1
200 100 0.647 3 0
52 70 0.167 3 4
318 15 1.939 3 1
10 30 0.034 3 2
18 22 0.095 3 2
20 22 0.093 3 4
27 40 0.092 3 1
13 5 0.080 3 0
33 30 0.163 3 4
67 52 0.279 3 1
33 15 0.099 3 4
104 100 0.385 3 2
74 52 0.300 3 0
72 15 0.258 3 2
129 5 0.849 3 0
197 40 1.132 3 1
13 70 0.043 3 1
37 52 0.206 3 4
18 52 0.086 3 1
12 15 0.040 3 0
135 22 0.430 3 0
10 10 0.036 3 4
18 30 0.074 3 2
35 52 0.201 3 1
15 70 0.055 3 0
178 15 0.625 3 2
18 5 0.054 3 0
68 30 0.436 3 2
10 70 0.030 3 2
69 10 0.301 3 0
23 5 0.100 3 0
133 100 0.619 3 0
18 22 0.078 3 1
236 15 0.925 3 0
196 5 0.920 3 0
16 10 0.086 3 1
133 5 0.619 3 2
39 100 0.150 3 1
14 100 0.089 3 1
36 100 0.211 3 2
35 15 0.128 3 0
48 70 0.233 3 0
64 70 0.395 3 1
25 100 0.090 3 0
50 30 0.159 3 0
38 30 0.121 3 0
119 40 0.708 3 2
292 30 0.898 3 4
29 10 0.092 3 2
44 52 0.166 3 0
15 40 0.081 3 0
77 70 0.347 3 4
47 70 0.204 3 0
44 5 0.239 3 4
62 40 0.295 3 0
57 70 0.176 3 0
28 40 0.144 3 2
15 40 0.058 3 0
185 10 0.720 3 1
20 10 0.103 3 0
177 40 0.560 3 1
158 40 0.532 3 4
18 52 0.067 3 1
217 52 0.689 3 4
20 100 0.090 3 2
14 10 0.043 3 0
102 5 0.618 3 2
27 22 0.091 3 4
12 70 0.038 3 0
30 52 0.129 3 0
268 10 1.089 3 4
13 70 0.039 3 2
32 22 0.185 3 2
17 5 0.065 3 0
23 52 0.086 3 4
147 30 0.581 3 0
74 5 0.332 3 4
173 52 0.527 3 4
16 70 0.051 3 0
59 22 0.292 3 2
189 5 1.145 3 1
72 52 0.287 3 0
19 30 0.064 3 0
14 52 0.047 3 2
10 40 0.038 3 4
321 10 1.372 3 0
13 22 0.049 3 4
12 5 0.036 3 2
298 40 1.247 3 4
15 10 0.101 3 2
14 10 0.050 3 4
66 22 0.252 3 0
32 100 0.140 3 0
144 15 0.842 3 0
185 10 1.045 3 0
19 10 0.072 3 0
67 100 0.249 3 2
44 40 0.201 3 0
275 15 1.217 3 0
186 30 0.604 3 2
16 15 0.052 3 0
10 22 0.038 3 2
77 22 0.286 3 0
14 15 0.055 3 0
30 40 0.108 3 4
28 40 0.116 3 4
32 10 0.166 3 4
51 30 0.153 3 0
149 70 0.473 3 0
147 30 0.742 3 0
102 15 0.309 3 0
87 15 0.322 3 0
331 70 1.471 3 1
329 52 1.430 3 2
101 100 0.495 3 0
63 15 0.382 3 1
37 100 0.186 3 0
18 40 0.054 3 4
17 5 0.074 3 1
22 40 0.111 3 1
12 15 0.037 3 4
150 70 0.949 3 1
15 15 0.045 3 0
24 10 0.120 3 0
40 30 0.265 3 0
101 40 0.325 4 0
266 52 0.887 4 1
181 15 0.787 4 0
24 70 0.112 4 2
16 5 0.073 4 2
10 40 0.050 4 0
69 52 0.324 4 0
223 70 0.811 4 2
89 15 0.276 4 0
52 70 0.241 4 2
100 22 0.418 4 2
23 70 0.072 4 2
11 15 0.044 4 3
79 70 0.294 4 2
23 30 0.103 4 1
15 30 0.057 4 0
16 40 0.052 4 0
12 30 0.064 4 3
32 40 0.142 4 3
339 52 1.592 4 0
20 30 0.080 4 0
76 100 0.259 4 0
36 5 0.147 4 0
15 10 0.048 4 2
22 22 0.080 4 0
60 52 0.220 4 1
19 52 0.077 4 3
16 70 0.098 4 1
43 10 0.165 4 0
18 100 0.054 4 0
14 10 0.044 4 0
31 100 0.111 4 2
158 5 0.545 4 3
12 40 0.055 4 3
324 100 1.322 4 1
153 10 0.718 4 0
17 30 0.086 4 1
135 70 0.562 4 1
160 100 1.081 4 1
180 22 0.616 4 3
49 30 0.173 4 0
11 30 0.033 4 0
10 70 0.056 4 0
238 30 1.360 4 2
12 5 0.057 4 2
191 15 0.897 4 0
14 10 0.043 4 0
183 40 0.556 4 3
13 52 0.058 4 0
15 100 0.051 4 0
258 100 0.846 4 1
118 100 0.682 4 0
17 15 0.066 4 2
204 22 0.652 4 0
19 52 0.078 4 3
39 15 0.146 4 0
66 30 0.194 4 2
159 5 1.006 4 2
46 70 0.258 4 0
78 100 0.270 4 2
11 100 0.040 4 1
12 10 0.042 4 2
27 15 0.116 4 0
138 40 0.670 4 2
77 100 0.412 4 0
18 22 0.094 4 0
70 70 0.244 4 1
18 22 0.103 4 2
65 70 0.211 4 2
327 70 1.139 4 0
71 5 0.390 4 3
142 5 0.442 4 1
65 70 0.198 4 1
83 40 0.336 4 0
129 100 0.411 4 3
73 10 0.307 4 2
28 15 0.122 4 1
13 15 0.044 4 2
12 70 0.068 4 0
147 52 0.987 4 0
13 100 0.062 4 0
167 30 0.508 4 0
61 30 0.245 4 0
198 52 1.000 4 1
57 15 0.191 4 0
12 15 0.045 4 1
61 30 0.374 4 3
39 52 0.164 4 2
255 100 0.804 4 0
108 10 0.326 4 2
285 40 0.913 4 2
263 22 1.328 4 1
10 52 0.043 4 3
14 15 0.075 4 0
91 100 0.506 4 0
50 22 0.202 4 2
26 22 0.138 4 1
18 52 0.093 4 0
24 30 0.115 4 2
53 40 0.346 4 3
14 52 0.076 4 3
22 52 0.093 4 0
152 22 0.606 4 0
289 52 0.980 4 2
265 30 1.359 4 3
24 5 0.083 4 0
180 30 0.550 4 2
71 100 0.254 4 1
14 100 0.084 4 0
25 40 0.151 4 3
39 15 0.206 4 0
36 5 0.176 4 0
68 5 0.332 4 3
158 30 0.728 4 0
34 70 0.200 4 2
13 15 0.041 4 0
27 15 0.102 4 1
293 52 1.369 4 1
38 10 0.235 4 3
56 40 0.165 4 0
30 52 0.115 4 3
116 52 0.716 4 0
15 10 0.101 4 2
33 52 0.208 4 0
147 15 0.610 4 1
147 100 0.538 4 3
35 22 0.224 4 3
164 5 0.624 4 1
111 22 0.385 4 3
56 5 0.179 4 1
55 100 0.200 4 0
71 10 0.209 4 1
16 15 0.059 4 0
113 40 0.698 4 0
12 40 0.072 4 0
17 5 0.059 4 2
49 10 0.162 4 0
71 22 0.218 4 0
109 10 0.407 4 0
15 40 0.054 4 0
46 30 0.299 4 3
25 10 0.095 4 3
88 52 0.478 4 1
37 30 0.111 4 0
31 52 0.137 4 1
26 40 0.122 4 3
317 70 1.315 4 2
28 70 0.087 4 0
45 15 0.234 4 1
33 70 0.174 4 2
268 5 1.301 4 2
199 52 0.689 4 1
70 30 0.361 4 3
16 10 0.053 4 2
25 40 0.109 4 0
15 100 0.066 4 3
80 30 0.345 4 1
73 100 0.232 4 1
37 70 0.195 4 0
109 15 0.694 4 0
183 22 0.772 4 0
245 70 1.476 4 2
16 30 0.062 4 2
44 15 0.194 4 2
19 10 0.093 4 0
37 22 0.143 4 0
11 15 0.035 4 3
60 100 0.183 4 3
36 30 0.224 4 0
27 100 0.173 4 1
339 40 1.775 4 0
32 70 0.186 4 2
72 52 0.267 4 0
61 22 0.188 4 0
16 22 0.082 4 2
152 5 0.788 4 0
122 100 0.482 4 2
32 100 0.134 4 3
54 30 0.249 4 3
193 10 0.569 4 0
156 40 0.693 4 2
55 70 0.243 4 0
68 70 0.376 4 0
13 10 0.077 4 0
73 40 0.274 4 0
34 40 0.147 4 1
13 70 0.070 4 3
26 10 0.094 4 1
239 52 0.842 4 2
45 40 0.147 4 0
156 40 0.780 4 0
31 22 0.176 4 3
76 5 0.278 4 1
10 100 0.035 4 0
317 52 1.811 4 0
140 40 0.558 4 3
14 70 0.052 4 3
47 15 0.172 4 3
10 10 0.031 4 0
259 15 1.408 4 3
54 22 0.177 4 1
284 15 1.906 4 3
33 100 0.168 4 1
14 70 0.048 4 0
178 22 0.560 4 0
11 30 0.034 4 0
36 5 0.130 4 1
63 100 0.309 4 3
45 40 0.300 4 0
14 30 0.042 4 0
18 5 0.074 4 3
41 40 0.174 4 1
19 40 0.074 4 2
27 100 0.168 4 2
40 100 0.267 4 3
246 40 0.771 4 2
19 5 0.064 4 2
133 5 0.610 4 2
38 52 0.143 4 1
11 15 0.035 4 0
212 10 1.165 4 2
265 100 1.286 4 1
119 70 0.522 4 0
38 52 0.141 4 0
41 100 0.181 4 0
190 40 0.830 4 2
264 70 0.957 4 0
39 15 0.182 4 2
13 52 0.045 4 1
161 40 0.548 4 0
26 70 0.100 4 2
70 15 0.366 4 0
70 30 0.310 4 0
17 5 0.086 4 2
13 40 0.047 4 0
31 52 0.182 4 3
137 15 0.539 4 2
220 30 1.170 4 0
28 15 0.092 4 0
19 30 0.128 4 0
37 52 0.173 4 0
45 70 0.247 4 1
12 22 0.044 4 0
16 5 0.049 4 2
15 5 0.046 4 3
48 40 0.184 4 1
18 10 0.095 4 1
15 15 0.052 4 2
55 100 0.195 4 1
32 30 0.123 4 0
23 52 0.074 4 3
23 40 0.086 4 1
28 100 0.160 4 2
17 30 0.055 4 3
75 5 0.478 4 1
52 30 0.220 4 2
37 15 0.128 4 1
136 5 0.405 4 2
20 52 0.062 4 2
124 22 0.674 4 0
19 52 0.063 4 3
10 52 0.046 4 0
110 40 0.379 4 1
57 22 0.187 4 2
17 10 0.092 4 2
90 52 0.335 4 0
31 100 0.122 4 3
151 5 0.614 4 2
20 40 0.120 4 0
95 30 0.288 4 0
104 52 0.373 4 1
39 100 0.136 4 3
75 30 0.373 4 3
34 10 0.150 4 3
11 30 0.052 4 0
29 22 0.124 4 3
71 40 0.274 4 1
19 40 0.102 4 1
93 15 0.624 4 1
15 70 0.077 4 2
68 70 0.358 4 2
71 70 0.441 4 0
134 40 0.464 4 1
123 22 0.654 4 3
55 5 0.264 4 3
10 100 0.029 4 2
36 15 0.208 4 0
188 100 0.729 4 0
74 15 0.487 4 0
23 15 0.116 4 0
195 40 0.602 4 0
11 40 0.059 4 2
23 30 0.104 4 3
47 100 0.168 4 0
144 15 0.456 4 3
78 15 0.359 4 3
48 70 0.253 4 2
32 40 0.094 4 0
14 40 0.043 4 1
332 30 1.886 4 0
29 70 0.104 4 2
13 30 0.044 4 1
13 100 0.050 4 3
42 100 0.135 4 1
46 10 0.149 4 0
41 22 0.165 4 1
17 52 0.106 4 1
33 30 0.106 4 3
26 5 0.124 4 1
61 52 0.182 4 0
11 10 0.033 4 3
244 10 0.935 4 0
47 22 0.297 4 3
17 5 0.075 4 1
100 52 0.441 4 2
18 5 0.122 4 2
10 52 0.068 4 3
266 15 1.593 4 1
257 70 1.577 4 1
63 52 0.236 4 1
164 22 1.000 4 0
19 22 0.070 4 2
32 100 0.102 4 1
89 5 0.549 4 0
57 22 0.188 4 1
11 22 0.050 4 3
311 52 1.474 4 0
50 40 0.307 4 0
107 52 0.354 4 0
296 70 1.213 4 2
69 40 0.261 4 1
16 22 0.064 4 2
18 5 0.101 4 0
174 70 0.578 4 2
33 52 0.171 4 2
259 40 1.738 4 0
133 5 0.556 4 2
150 10 0.955 4 0
14 52 0.090 4 2
83 40 0.296 4 3
75 22 0.385 4 2
38 15 0.154 4 2
24 100 0.128 4 0
36 5 0.234 4 0
13 22 0.041 4 0
157 100 0.849 4 0
60 52 0.314 4 1
10 52 0.052 4 2
76 15 0.380 4 0
35 52 0.210 4 0
13 52 0.040 4 2
34 10 0.161 4 1
18 40 0.058 4 2
30 52 0.136 4 2
125 22 0.817 4 1
23 22 0.106 4 3
71 40 0.314 4 3
19 5 0.119 4 2
160 10 1.060 4 0
131 52 0.458 4 0
56 40 0.203 4 1
11 30 0.034 4 2
193 100 1.109 4 0
299 52 1.397 4 0
25 40 0.103 4 2
70 10 0.247 4 1
19 5 0.116 4 0
90 10 0.344 4 1
27 52 0.110 4 2
18 5 0.082 4 0
322 100 0.953 4 3
11 100 0.043 4 0
187 52 0.912 4 2
38 22 0.209 4 0
78 40 0.252 4 0
29 5 0.096 4 0
25 15 0.073 4 2
13 22 0.041 4 0
108 5 0.600 4 0
12 5 0.040 4 0
58 10 0.172 4 1
52 22 0.231 4 0
81 30 0.300 4 2
181 30 0.592 4 3
17 22 0.071 4 0
12 100 0.066 4 2
105 100 0.479 4 2
227 10 0.672 4 0
19 40 0.096 4 2
47 5 0.175 4 3
26 10 0.089 4 2
83 5 0.258 4 0
11 100 0.068 4 2
17 15 0.081 4 2
168 52 0.525 4 3
22 15 0.065 4 0
314 30 1.146 4 1
160 30 0.508 4 3
64 22 0.282 4 0
35 22 0.123 4 3
39 22 0.116 4 0
30 30 0.203 4 3
75 70 0.263 4 1
14 52 0.048 4 3
14 10 0.050 4 0
96 70 0.324 4 0
165 5 1.071 4 0
55 5 0.276 4 3
11 30 0.039 4 0
74 22 0.303 4 1
24 40 0.124 4 3
11 70 0.032 4 2
94 100 0.283 4 1
55 15 0.169 4 1
153 15 0.769 4 2
13 100 0.038 4 0
26 10 0.136 4 0
21 30 0.093 4 0
16 52 0.107 4 0
41 40 0.123 4 2
101 15 0.388 4 3
28 70 0.086 4 0
28 15 0.128 4 1
69 22 0.228 4 0
38 70 0.197 4 0
70 10 0.258 4 0
327 70 1.009 4 0
12 22 0.042 4 2
105 70 0.306 4 2
279 15 0.900 4 3
238 10 1.308 4 1
58 70 0.213 4 1
38 22 0.205 4 0
14 22 0.092 4 3
193 22 0.778 4 2
179 5 0.668 4 0
13 100 0.040 4 0
127 100 0.559 4 2
13 70 0.050 4 0
72 5 0.235 4 0
63 22 0.254 4 2
15 40 0.055 4 0
15 52 0.097 4 2
106 52 0.467 4 0
12 100 0.053 4 0
18 5 0.104 4 0
26 70 0.127 4 0
332 40 2.170 4 3
19 15 0.059 4 3
22 5 0.067 4 2
206 10 0.783 4 3
73 22 0.272 4 3
18 70 0.059 4 0
66 10 0.208 4 1
123 100 0.672 4 1
24 70 0.087 4 2
83 15 0.456 4 0
107 10 0.478 4 0
35 100 0.119 4 3
46 40 0.153 4 0
14 10 0.042 4 3
70 22 0.264 4 0
174 22 0.750 4 2
93 70 0.441 4 1
22 30 0.079 4 1
188 22 0.940 4 3
25 22 0.137 4 0
37 5 0.117 4 0
34 70 0.110 4 2
16 22 0.075 4 3
52 52 0.181 4 1
20 10 0.109 4 3
57 100 0.250 4 3
32 22 0.113 4 0
51 30 0.252 4 3
141 100 0.881 4 0
99 52 0.490 4 0
10 10 0.037 4 3
43 15 0.211 4 3
27 22 0.082 4 3
26 22 0.156 4 0
16 5 0.064 4 0
32 22 0.130 4 2
110 52 0.683 4 0
200 100 0.599 4 0
190 52 0.712 4 1
77 15 0.262 4 0
152 30 0.458 4 2
12 5 0.055 4 3
34 52 0.117 4 1
16 70 0.085 4 1
72 10 0.456 4 1
17 10 0.067 4 1
143 5 0.491 4 0
33 15 0.096 4 1
17 30 0.086 4 3
43 22 0.213 4 0
39 10 0.121 4 2
39 15 0.149 4 1
35 70 0.159 4 0
69 100 0.401 4 3
124 70 0.383 4 2
87 52 0.418 4 1
32 30 0.139 4 0
231 30 0.875 4 0
202 40 0.985 4 3
24 10 0.134 4 2
127 100 0.470 4 2
99 10 0.505 4 0
67 15 0.347 4 0
12 15 0.038 4 3
23 10 0.118 4 0
18 70 0.091 4 0
259 22 0.860 4 0
19 5 0.057 4 0
184 22 0.730 4 0
48 5 0.152 4 1
15 52 0.097 4 0
68 100 0.224 4 0
199 15 0.881 4 0
121 30 0.807 4 2
77 10 0.261 4 0
30 40 0.149 4 1
43 70 0.201 4 0
17 30 0.110 4 0
73 22 0.326 4 2
195 5 0.750 4 2
151 40 1.013 4 2
16 10 0.063 4 0
20 100 0.131 4 2
18 100 0.055 4 1
10 100 0.068 4 0
10 70 0.042 4 0
146 70 0.505 4 3
114 10 0.491 4 3
280 30 1.244 4 1
30 30 0.095 4 0
47 70 0.147 4 2
33 70 0.201 4 2
30 30 0.174 4 0
157 30 0.611 4 1
15 52 0.063 4 2
53 22 0.199 4 0
286 5 0.917 4 3
73 22 0.232 4 0
229 52 1.199 4 0
303 15 1.793 4 0
19 10 0.106 4 0
12 22 0.041 4 1
72 22 0.393 4 0
60 10 0.187 4 2
74 10 0.381 4 2
30 52 0.106 4 0
18 52 0.100 4 2
11 52 0.045 4 0
61 22 0.238 4 3
37 70 0.132 4 1
50 15 0.207 4 3
12 10 0.040 4 0
70 52 0.304 4 3
161 15 0.700 4 0
117 70 0.745 4 0
14 22 0.092 4 0
276 10 0.965 4 2
89 22 0.489 4 3
13 5 0.042 4 0
98 70 0.328 4 3
188 22 0.743 4 3
104 22 0.598 4 0
200 10 1.020 4 0
22 15 0.089 4 0
52 30 0.154 4 0
73 10 0.214 4 2
34 70 0.178 4 1
40 30 0.161 4 1
32 5 0.115 4 1
22 40 0.117 4 0
22 15 0.069 4 3
172 30 0.593 4 3
30 40 0.115 4 0
19 15 0.072 4 3
69 15 0.272 4 0
70 5 0.207 4 2
175 70 0.758 4 0
35 52 0.117 4 3
11 40 0.067 4 3
101 15 0.401 4 1
32 30 0.105 4 2
163 70 0.568 4 0
319 40 1.131 4 1
17 40 0.058 4 2
24 70 0.145 4 3
17 10 0.070 4 1
33 15 0.136 4 1
36 100 0.232 4 0
10 100 0.051 4 0
15 15 0.056 4 2
172 52 0.587 4 0
77 5 0.275 4 2
61 10 0.207 4 3
190 5 0.676 4 1
21 22 0.081 4 3
13 40 0.040 4 0
120 70 0.374 4 3
10 100 0.035 4 2
131 30 0.404 4 0
104 100 0.361 4 2
11 22 0.055 4 2
49 40 0.191 4 0
62 5 0.291 4 0
13 30 0.083 4 0
17 5 0.110 4 1
10 15 0.045 4 1
87 100 0.292 4 0
150 22 0.500 4 0
143 30 0.464 4 0
18 40 0.110 4 3
54 40 0.158 4 2
131 5 0.482 4 0
49 5 0.308 4 1
75 30 0.224 4 0
39 10 0.122 4 1
68 100 0.216 4 0
134 100 0.406 4 1
71 22 0.317 4 2
72 30 0.301 4 0
79 70 0.361 4 0
271 5 1.067 4 3
65 40 0.264 4 3
10 15 0.045 4 0
11 30 0.050 4 1
38 15 0.160 4 0
47 15 0.152 4 1
149 5 0.680 4 0
67 10 0.240 4 1
56 70 0.180 4 3
34 22 0.142 4 3
115 22 0.578 4 2
135 5 0.515 4 3
107 15 0.332 4 2
171 52 0.533 4 0
83 40 0.432 4 3
10 100 0.040 4 1
63 15 0.190 4 0
60 10 0.361 4 0
59 52 0.215 4 0
183 40 0.538 4 0
71 22 0.211 4 2
59 15 0.236 4 3
19 10 0.059 4 1
70 5 0.414 4 3
140 5 0.654 4 0
10 100 0.039 4 0
34 70 0.148 4 0
28 30 0.097 4 1
70 30 0.238 4 3
57 52 0.235 4 2
42 30 0.247 4 3
158 30 0.579 4 0
246 5 1.051 4 0
25 70 0.107 4 0
144 30 0.857 4 0
17 5 0.077 4 2
34 30 0.191 4 1
10 52 0.034 4 1
267 5 1.348 4 0
10 15 0.045 4 0
26 52 0.079 4 3
19 40 0.058 4 0
58 15 0.187 4 0
23 40 0.069 4 3
49 15 0.144 4 2
71 5 0.341 4 1
17 70 0.050 4 0
179 52 0.617 4 0
34 5 0.131 4 3
101 40 0.333 4 0
35 30 0.193 4 3
315 70 1.226 4 1
39 40 0.137 4 3
15 10 0.094 4 0
126 100 0.423 4 1
19 70 0.089 4 0
59 52 0.191 4 0
49 100 0.174 4 2
56 10 0.185 4 3
14 10 0.058 4 1
128 22 0.640 4 0
157 52 0.588 4 0
177 40 0.625 4 1
153 100 0.462 4 0
74 100 0.366 4 0
86 5 0.309 4 0
29 40 0.087 4 0
95 52 0.296 4 2
183 70 0.581 4 0
79 5 0.488 4 0
14 10 0.070 4 3
49 15 0.253 4 0
14 15 0.059 4 0
260 15 1.016 4 3
19 15 0.079 4 0
105 52 0.691 4 0
36 70 0.157 4 0
99 10 0.544 4 3
327 10 2.180 4 2
21 22 0.073 4 0
147 10 0.502 4 0
162 22 0.583 4 0
104 52 0.507 4 1
180 52 0.586 4 0
32 30 0.114 4 3
19 70 0.081 4 0
12 70 0.055 4 2
17 100 0.060 4 2
34 40 0.120 4 3
56 52 0.211 4 1
26 10 0.121 4 2
266 15 1.478 4 3
13 30 0.087 4 0
24 52 0.095 4 1
18 40 0.064 4 3
13 100 0.076 4 1
75 5 0.274 4 2
38 70 0.177 4 0
23 5 0.087 4 2
42 40 0.134 4 1
66 30 0.196 4 0
26 22 0.100 4 3
42 100 0.188 4 1
48 70 0.233 4 2
97 40 0.522 4 0
50 5 0.251 4 2
268 10 1.799 4 0
28 40 0.155 4 2
13 52 0.065 4 2
11 30 0.061 4 3
18 30 0.075 4 3
69 22 0.283 4 1
21 5 0.101 4 3
10 100 0.055 4 2
65 30 0.339 4 1
185 5 1.217 4 0
178 10 0.645 4 0
207 10 1.310 4 2
73 30 0.234 4 2
25 10 0.092 4 1
318 70 1.747 4 1
10 40 0.036 4 1
11 52 0.037 4 1
166 40 0.502 4 3
72 40 0.250 4 2
17 10 0.050 4 1
35 100 0.135 4 3
51 22 0.323 4 1
32 40 0.096 4 0
23 10 0.145 4 0
49 40 0.166 4 0
177 100 0.908 4 3
26 30 0.090 4 3
31 22 0.131 4 0
13 15 0.052 4 0
19 5 0.085 4 0
19 100 0.095 4 2
83 22 0.265 4 2
149 70 0.623 4 2
64 30 0.207 4 0
71 22 0.286 4 2
41 100 0.156 4 3
186 100 1.155 4 0
74 10 0.351 4 1
14 22 0.085 4 0
59 40 0.353 4 3
127 52 0.416 4 0
71 10 0.397 4 1
67 70 0.313 4 1
11 70 0.044 4 0
256 40 0.938 4 0
69 10 0.300 4 2
14 5 0.048 4 1
23 100 0.113 4 3
47 15 0.146 4 0
19 15 0.061 4 0
16 15 0.055 4 0
149 30 0.589 4 1
93 15 0.425 4 0
15 70 0.083 4 2
17 22 0.062 4 2
306 52 1.700 4 0
31 40 0.143 4 0
17 10 0.111 4 2
27 10 0.148 4 1
18 15 0.054 4 2
36 5 0.183 4 1
104 15 0.650 4 2
17 100 0.059 4 2
27 15 0.126 4 0
29 10 0.086 4 1
318 70 0.933 4 2
75 22 0.267 4 0
326 10 1.273 4 2
111 70 0.331 4 0
17 100 0.112 4 1
57 52 0.294 4 1
25 10 0.075 4 0
69 5 0.350 4 0
14 52 0.062 4 3
203 5 0.757 4 0
127 70 0.454 4 0
24 70 0.084 4 1
51 10 0.228 4 3
28 40 0.142 4 0
29 30 0.090 4 0
59 30 0.224 4 0
16 30 0.089 4 3
72 100 0.381 4 0
188 30 0.870 4 3
32 40 0.163 4 0
45 30 0.209 4 0
164 70 0.683 4 1
60 70 0.297 4 2
233 22 0.735 4 0
217 40 1.167 4 0
15 40 0.051 4 0
11 52 0.038 4 0
61 15 0.260 4 3
40 5 0.119 4 2
110 10 0.500 4 1
10 70 0.047 4 3
33 100 0.196 4 0
33 5 0.175 4 2
94 100 0.356 4 1
17 70 0.071 4 0
71 40 0.311 4 0
43 40 0.127 4 0
137 100 0.409 4 0
31 40 0.122 4 1
45 40 0.231 4 2
23 10 0.093 4 3
11 5 0.069 4 0
22 10 0.126 4 2
69 22 0.259 4 0
18 100 0.108 4 1
12 30 0.063 4 0
67 15 0.401 4 1
39 30 0.134 4 0
322 5 1.006 4 0
23 5 0.092 4 0
20 52 0.063 4 0
46 15 0.301 4 0
27 70 0.084 4 2
97 22 0.332 4 0
53 10 0.172 4 0
45 5 0.250 4 0
67 5 0.419 4 2
16 15 0.064 4 3
15 5 0.051 4 0
116 52 0.357 4 1
74 22 0.244 4 1
236 70 1.448 4 2
133 52 0.489 4 3
58 52 0.294 4 1
19 15 0.058 4 3
18 100 0.068 4 1
12 52 0.036 4 3
34 10 0.205 4 2
120 30 0.606 4 0
11 40 0.065 4 0
53 100 0.319 4 1
60 30 0.184 4 0
18 5 0.112 4 2
19 10 0.078 4 1
22 15 0.116 4 0
73 100 0.223 4 0
64 40 0.193 4 0
157 52 0.689 4 2
21 70 0.138 4 3
70 10 0.419 4 1
318 30 1.927 4 1
26 30 0.176 4 3
19 100 0.070 4 3
28 22 0.092 4 1
31 52 0.106 4 0
88 22 0.575 4 0
176 30 0.759 4 1
10 40 0.046 4 0
10 52 0.042 4 1
15 10 0.088 4 1
19 70 0.096 4 1
10 30 0.037 4 0
21 100 0.115 4 1
24 15 0.110 4 3
59 10 0.177 4 0
45 5 0.155 4 1
166 100 0.606 4 2
10 22 0.037 4 0
178 30 0.784 4 3
288 40 1.600 4 2
37 22 0.142 4 3
28 5 0.102 4 2
51 22 0.242 4 0
94 22 0.410 4 1
11 52 0.054 4 3
10 70 0.048 4 3
17 5 0.052 4 0
22 5 0.093 4 3
38 100 0.209 4 1
39 10 0.146 4 1
13 22 0.041 4 0
13 10 0.045 4 0
120 15 0.476 4 3
114 22 0.406 4 0
17 100 0.072 4 0
75 5 0.333 4 2
14 15 0.047 4 0
101 22 0.320 4 0
39 30 0.167 4 1
75 22 0.311 4 0
30 22 0.140 4 0
53 40 0.358 4 0
247 30 0.722 4 0
16 52 0.047 4 2
259 22 1.044 4 0
15 5 0.097 4 3
68 5 0.380 4 0
295 52 0.873 4 0
71 30 0.273 4 3
235 30 1.044 4 3
15 52 0.093 4 3
25 52 0.114 4 0
155 10 0.461 4 2
211 5 0.841 4 0
178 22 0.840 4 3
73 30 0.267 4 3
17 52 0.060 4 3
85 15 0.379 4 2
31 30 0.093 4 2
312 52 1.686 4 3
12 10 0.035 4 2
51 100 0.336 4 0
64 40 0.233 4 2
36 10 0.109 4 0
10 30 0.040 4 0
43 52 0.201 4 0
179 52 0.792 4 3
265 100 1.667 4 0
12 22 0.042 4 2
12 52 0.035 4 1
70 15 0.210 4 0
92 70 0.503 4 2
11 5 0.059 4 1
101 100 0.433 4 3
24 70 0.071 4 0
33 52 0.192 4 0
52 70 0.217 4 0
281 52 1.673 4 2
35 100 0.151 4 1
29 30 0.137 4 0
50 5 0.182 4 1
13 30 0.071 4 0
102 22 0.545 4 3
31 70 0.110 4 3
42 30 0.221 4 1
17 100 0.066 4 2
38 30 0.150 4 0
279 52 0.813 4 3
75 70 0.412 4 3
55 52 0.196 4 0
23 70 0.070 4 1
198 15 0.607 4 0
23 10 0.097 4 0
34 30 0.117 4 0
31 40 0.107 4 3
143 5 0.433 4 0
134 70 0.680 4 0
192 22 0.651 4 0
37 30 0.172 4 2
31 15 0.123 4 1
11 40 0.043 4 0
11 100 0.033 4 3
38 30 0.166 4 1
38 100 0.111 4 0
12 15 0.055 4 3
62 22 0.300 4 0
11 15 0.070 4 1
131 30 0.428 4 0
53 30 0.156 4 1
131 100 0.382 4 1
121 40 0.469 4 0
10 70 0.050 4 3
22 40 0.107 4 2
30 15 0.152 4 0
35 52 0.115 4 0
21 15 0.124 4 3
27 5 0.092 4 2
45 22 0.205 4 0
17 15 0.060 4 1
55 52 0.196 4 1
73 40 0.273 4 3
191 70 0.923 4 1
13 40 0.049 4 0
181 10 0.564 4 3
15 5 0.046 4 3
39 40 0.181 4 3
18 40 0.087 4 0
178 10 0.709 4 0
16 100 0.063 4 0
68 70 0.244 4 0
11 5 0.061 4 1
15 22 0.046 4 0
51 70 0.154 4 1
57 15 0.248 4 2
99 5 0.343 4 0
67 5 0.366 4 0
191 30 0.579 4 0
31 30 0.126 4 3
12 5 0.047 4 0
74 10 0.457 4 0
17 22 0.090 4 0
50 100 0.263 4 2
73 70 0.415 4 1
10 100 0.062 4 0
26 40 0.086 4 0
12 5 0.079 4 0
11 22 0.054 4 1
63 40 0.207 4 2
147 52 0.459 4 1
34 100 0.141 4 3
18 30 0.097 4 0
171 100 0.566 4 3
39 70 0.135 4 3
37 52 0.219 4 0
62 22 0.243 4 3
11 22 0.053 4 3
169 10 0.738 4 0
166 100 0.810 4 3
19 40 0.058 4 3
50 22 0.318 4 0
21 100 0.082 4 3
19 100 0.083 4 2
199 5 0.751 4 0
52 52 0.315 4 3
59 15 0.253 4 2
37 30 0.250 4 1
65 40 0.433 4 1
175 15 0.568 4 3
32 40 0.123 4 0
127 10 0.730 4 3
14 5 0.076 4 0
15 10 0.084 4 0
58 15 0.172 4 3
188 22 0.591 4 0
39 22 0.122 4 1
45 10 0.193 4 0
16 5 0.090 4 0
17 5 0.056 4 1
74 52 0.322 4 2
79 10 0.326 4 3
47 15 0.173 4 0
13 70 0.086 4 0
54 15 0.186 4 0
97 15 0.369 4 1
322 5 1.154 4 3
83 40 0.407 4 2
33 22 0.163 4 1
15 30 0.068 4 1
180 10 0.811 4 1
