59 100 0.333 0 2
13 52 0.050 0 2
18 40 0.061 0 1
10 100 0.066 0 4
45 52 0.172 0 4
165 30 1.065 0 2
19 5 0.119 0 2
48 52 0.141 0 2
192 100 0.906 0 1
14 22 0.054 0 2
11 70 0.061 0 3
152 40 0.826 0 1
12 70 0.036 0 1
17 30 0.056 0 3
24 22 0.154 0 2
131 40 0.553 0 4
183 100 0.575 0 1
47 5 0.159 0 4
21 100 0.093 0 4
144 100 0.649 0 3
61 100 0.217 0 3
37 40 0.174 0 1
64 52 0.198 0 4
216 22 0.632 0 2
16 15 0.052 0 2
16 22 0.062 0 3
14 52 0.068 0 1
30 10 0.115 0 3
64 40 0.291 0 3
11 22 0.036 0 1
52 70 0.195 0 2
130 10 0.417 0 3
219 10 0.785 0 1
335 10 1.611 0 1
192 70 0.865 0 4
26 70 0.112 0 4
162 100 0.698 0 1
12 40 0.041 0 4
25 15 0.107 0 4
195 52 0.809 0 1
73 70 0.382 0 1
23 15 0.149 0 3
33 100 0.109 0 2
12 100 0.041 0 1
17 30 0.071 0 2
55 52 0.174 0 1
31 15 0.125 0 4
53 30 0.156 0 4
19 52 0.070 0 3
118 70 0.375 0 4
11 10 0.053 0 3
27 52 0.172 0 3
108 100 0.371 0 3
276 15 1.140 0 2
25 52 0.100 0 2
128 70 0.536 0 4
10 40 0.041 0 4
122 70 0.496 0 2
27 22 0.181 0 3
106 30 0.339 0 1
50 100 0.256 0 1
129 5 0.571 0 3
11 22 0.033 0 3
76 22 0.236 0 4
17 100 0.050 0 1
171 40 0.613 0 3
158 70 0.472 0 2
62 10 0.218 0 2
16 5 0.050 0 2
82 10 0.485 0 4
173 5 0.573 0 1
23 22 0.107 0 4
196 22 0.576 0 1
19 15 0.085 0 1
61 52 0.337 0 2
77 5 0.438 0 2
20 30 0.058 0 3
62 40 0.215 0 1
135 30 0.449 0 1
33 70 0.123 0 3
35 70 0.148 0 3
58 30 0.229 0 3
162 15 0.494 0 2
15 22 0.067 0 4
142 52 0.785 0 1
37 52 0.208 0 2
60 52 0.225 0 4
130 10 0.778 0 4
24 22 0.151 0 4
44 10 0.284 0 4
11 5 0.041 0 3
16 22 0.070 0 2
30 52 0.118 0 4
238 100 0.773 0 4
18 22 0.115 0 3
196 100 0.605 0 2
60 70 0.209 0 4
252 15 1.068 0 1
14 100 0.062 0 3
37 40 0.218 0 1
25 52 0.128 0 1
60 52 0.373 0 4
12 5 0.040 0 2
18 30 0.057 0 1
56 5 0.203 0 2
38 100 0.130 0 1
100 52 0.633 0 2
25 30 0.074 0 2
72 100 0.314 0 2
22 100 0.095 0 1
44 22 0.221 0 2
10 52 0.030 0 1
141 40 0.418 0 4
84 30 0.503 0 1
58 40 0.392 0 3
94 5 0.338 0 1
18 15 0.110 0 2
19 22 0.125 0 4
141 40 0.571 0 3
102 70 0.646 0 3
52 15 0.248 0 2
13 70 0.061 0 2
73 5 0.246 0 4
99 40 0.290 0 3
41 5 0.232 0 1
17 10 0.057 0 2
210 22 1.409 0 1
21 10 0.069 0 3
111 22 0.649 0 4
68 30 0.222 0 4
104 40 0.326 0 2
94 22 0.326 0 4
171 40 0.961 0 4
252 5 0.869 0 2
100 22 0.629 0 4
14 22 0.055 0 3
26 40 0.116 0 2
157 22 0.657 0 3
32 70 0.094 0 4
22 5 0.089 0 3
44 5 0.133 0 3
51 40 0.290 0 3
327 52 1.112 0 4
114 5 0.553 0 2
17 100 0.091 0 2
66 52 0.266 0 4
12 5 0.071 0 3
33 30 0.139 0 4
70 5 0.246 0 2
58 22 0.307 0 3
75 70 0.399 0 1
15 10 0.078 0 2
254 30 0.914 0 4
12 52 0.059 0 4
113 22 0.546 0 2
10 10 0.049 0 1
125 15 0.590 0 4
31 5 0.097 0 3
11 100 0.034 0 3
136 30 0.670 0 4
12 40 0.071 0 2
52 40 0.243 0 3
18 100 0.079 0 3
23 10 0.070 0 1
10 22 0.040 0 3
52 10 0.218 0 2
49 40 0.241 0 4
66 22 0.317 0 4
10 10 0.038 0 1
22 30 0.071 0 1
123 15 0.562 0 2
49 5 0.217 0 4
19 70 0.082 0 2
32 22 0.182 0 4
99 15 0.488 0 3
71 70 0.447 0 2
17 5 0.061 0 1
47 40 0.139 0 3
51 70 0.190 0 4
13 5 0.071 0 3
29 40 0.137 0 4
60 5 0.287 0 1
23 5 0.087 0 1
52 70 0.340 0 2
48 10 0.270 0 3
13 5 0.063 0 2
179 10 0.909 0 3
66 22 0.355 0 4
104 10 0.612 0 2
19 15 0.075 0 4
13 40 0.059 0 3
53 22 0.176 0 1
10 52 0.031 0 3
59 52 0.255 0 4
67 70 0.374 0 2
29 15 0.089 0 3
26 52 0.125 0 3
19 40 0.061 0 3
27 40 0.086 0 4
161 100 0.575 0 3
39 40 0.123 0 4
16 40 0.063 0 1
124 30 0.725 0 2
29 15 0.139 0 1
80 100 0.293 0 3
37 40 0.181 0 2
188 52 0.817 0 1
20 22 0.063 0 1
47 10 0.162 0 2
215 22 1.070 0 2
18 100 0.081 0 3
74 52 0.285 0 1
138 70 0.920 0 3
11 10 0.056 0 1
290 40 1.193 0 2
33 5 0.136 0 3
186 5 0.925 0 3
33 52 0.142 0 4
22 15 0.100 0 1
30 100 0.140 0 2
16 5 0.092 0 2
33 10 0.103 0 2
143 70 0.953 0 2
17 100 0.087 0 2
46 52 0.191 0 3
79 40 0.331 0 2
37 10 0.153 0 3
150 22 0.500 0 4
20 40 0.098 0 4
19 70 0.058 0 2
25 52 0.075 0 1
12 100 0.054 0 2
240 15 0.879 0 4
77 10 0.252 0 3
180 10 0.664 0 4
11 70 0.046 0 4
313 22 2.115 0 4
90 30 0.526 0 4
293 10 0.997 0 1
137 15 0.787 0 4
33 10 0.166 0 2
286 40 1.044 0 3
90 52 0.577 0 1
177 15 0.546 0 3
28 10 0.124 0 1
67 22 0.195 0 2
100 5 0.339 0 4
22 40 0.096 0 1
83 100 0.282 0 1
64 30 0.376 0 3
73 30 0.427 0 4
92 10 0.365 0 2
17 5 0.070 0 1
185 5 0.984 0 2
73 30 0.378 0 3
35 22 0.174 0 3
44 52 0.224 0 3
34 10 0.156 0 2
136 22 0.421 0 3
18 30 0.054 0 1
10 15 0.050 0 2
16 30 0.102 0 1
77 10 0.376 0 4
19 100 0.062 0 1
11 5 0.060 0 4
29 100 0.094 0 1
329 15 1.582 0 1
39 22 0.176 0 2
195 100 0.882 0 2
23 30 0.082 0 4
188 100 0.828 0 3
28 100 0.128 0 3
10 22 0.040 0 1
12 52 0.047 0 4
16 52 0.051 0 1
199 15 0.799 0 1
27 5 0.102 0 2
186 15 0.816 0 3
71 5 0.232 0 1
64 15 0.190 0 3
15 22 0.057 0 3
126 30 0.498 0 3
64 40 0.275 0 3
31 15 0.145 0 2
13 100 0.080 0 3
135 10 0.398 0 3
13 100 0.052 0 3
34 10 0.114 0 4
12 70 0.037 0 4
36 30 0.217 0 2
53 100 0.222 0 2
201 100 0.668 0 2
251 15 1.609 0 1
111 70 0.597 0 1
14 15 0.053 0 3
167 22 0.665 0 3
31 22 0.110 0 4
15 10 0.067 0 2
194 5 0.581 0 1
131 40 0.697 0 2
44 52 0.132 0 3
167 100 0.582 0 1
149 5 0.671 0 3
15 22 0.063 0 4
12 10 0.040 0 2
17 52 0.059 0 1
77 5 0.385 0 1
184 52 0.674 0 4
66 100 0.201 0 3
67 15 0.207 0 1
11 10 0.043 0 4
109 40 0.456 0 3
184 30 0.662 0 2
15 52 0.066 0 4
79 70 0.462 0 2
161 22 0.793 0 1
110 40 0.399 0 3
75 100 0.385 0 2
18 5 0.094 0 4
62 100 0.234 0 2
73 30 0.230 0 1
116 40 0.362 0 4
149 70 0.665 0 3
47 5 0.165 0 2
80 100 0.386 0 3
13 5 0.076 0 3
58 5 0.206 0 2
25 52 0.075 0 4
68 10 0.362 0 1
196 30 0.766 0 1
76 30 0.229 0 1
138 52 0.697 0 4
53 15 0.173 0 3
15 70 0.051 0 1
143 5 0.831 0 2
52 70 0.256 0 1
167 30 0.763 0 3
51 22 0.233 0 4
96 52 0.457 0 3
127 40 0.384 0 4
38 40 0.216 0 2
149 22 0.440 0 2
160 100 0.727 0 1
13 15 0.039 0 4
44 10 0.209 0 2
228 100 1.390 0 1
59 70 0.194 0 1
162 22 0.489 0 1
166 15 0.624 0 3
198 15 1.338 0 3
190 40 0.609 0 2
73 5 0.244 0 4
32 5 0.184 0 3
96 52 0.365 0 1
30 70 0.103 0 2
183 5 0.769 0 4
48 15 0.162 0 1
26 15 0.086 0 1
43 30 0.173 0 1
10 100 0.067 0 1
193 40 1.043 0 4
232 52 1.009 0 3
39 5 0.137 0 4
161 52 0.679 0 3
13 40 0.072 0 4
56 22 0.361 0 4
21 22 0.064 0 3
66 30 0.216 0 4
170 40 0.944 0 1
178 15 0.994 0 4
30 22 0.095 0 2
260 52 1.012 0 4
221 52 0.913 0 4
19 30 0.094 0 4
26 5 0.125 0 2
19 30 0.066 0 2
64 5 0.259 0 1
70 15 0.228 0 4
50 70 0.272 0 4
11 52 0.044 0 4
11 15 0.041 0 3
330 30 1.460 0 1
120 5 0.480 0 1
23 30 0.072 0 3
44 15 0.150 0 1
35 100 0.172 0 3
34 52 0.193 0 1
167 52 0.732 0 3
28 52 0.093 0 4
57 52 0.217 0 1
24 70 0.119 0 4
17 15 0.096 0 4
32 70 0.111 0 3
150 22 0.843 0 1
11 30 0.045 0 3
72 52 0.263 0 4
30 52 0.091 0 2
15 40 0.079 0 2
110 100 0.456 0 1
12 22 0.051 0 1
67 100 0.381 0 3
18 5 0.098 0 1
86 52 0.432 0 4
74 30 0.368 0 2
16 70 0.081 0 1
94 5 0.400 0 4
189 70 1.181 0 2
19 15 0.089 0 3
27 40 0.167 0 4
34 100 0.167 0 2
222 5 1.247 0 4
37 70 0.226 0 1
51 30 0.204 0 2
312 100 1.412 0 2
18 52 0.068 0 1
305 10 1.130 0 1
81 10 0.239 0 4
41 30 0.176 0 3
40 30 0.141 0 3
10 22 0.035 0 1
18 100 0.063 0 2
39 15 0.149 0 1
10 100 0.039 0 3
14 40 0.045 0 1
142 70 0.710 0 1
199 30 0.930 0 1
59 52 0.337 0 1
14 30 0.045 0 3
38 15 0.175 0 3
182 52 0.929 0 2
12 70 0.039 0 1
119 100 0.476 0 4
213 100 0.664 0 2
154 52 0.933 0 2
43 100 0.193 0 3
50 40 0.221 0 2
78 10 0.398 0 3
18 10 0.069 0 3
42 52 0.168 0 1
198 15 0.767 0 2
243 52 1.578 0 3
66 100 0.369 0 4
107 70 0.473 0 4
13 15 0.062 0 4
16 15 0.058 0 3
44 100 0.230 0 4
15 5 0.056 0 3
36 40 0.134 0 1
35 10 0.212 0 4
53 70 0.163 0 1
34 40 0.150 0 2
23 22 0.099 0 3
93 22 0.456 0 1
33 100 0.110 0 2
27 52 0.151 0 1
181 10 0.545 0 3
282 10 1.330 0 4
21 22 0.112 0 2
13 15 0.046 0 1
16 30 0.049 0 4
12 5 0.046 0 2
72 100 0.353 0 2
26 100 0.078 0 4
154 30 0.474 0 1
150 30 0.456 0 1
14 100 0.041 0 3
102 15 0.580 0 1
91 5 0.358 0 2
17 40 0.103 0 3
15 100 0.046 0 4
58 5 0.217 0 2
81 70 0.261 0 1
46 30 0.234 0 1
78 100 0.292 0 4
169 100 0.635 0 4
25 52 0.094 0 3
304 52 1.221 0 1
59 5 0.269 0 2
42 30 0.166 0 4
12 10 0.052 0 4
18 10 0.080 0 1
91 15 0.312 0 2
106 30 0.564 0 4
50 40 0.168 0 3
133 70 0.442 0 3
134 30 0.870 0 3
36 70 0.121 0 1
15 30 0.059 0 4
46 15 0.197 0 1
36 100 0.136 0 3
78 52 0.294 0 3
199 15 0.605 0 2
15 30 0.071 0 2
41 40 0.219 0 2
53 100 0.171 0 4
55 52 0.177 0 4
26 52 0.167 0 4
337 100 1.802 0 4
12 40 0.068 0 2
174 100 0.608 0 1
14 100 0.083 0 3
129 40 0.436 0 4
246 100 0.823 0 3
35 100 0.114 0 4
104 10 0.439 0 2
45 5 0.151 0 1
33 100 0.109 0 1
40 52 0.199 0 3
110 15 0.383 0 3
44 30 0.137 0 1
14 30 0.051 0 2
51 100 0.195 0 2
47 22 0.299 0 2
14 100 0.044 0 1
190 30 0.648 0 4
29 10 0.139 0 4
66 52 0.236 0 2
27 40 0.179 0 2
16 10 0.056 0 4
142 30 0.747 0 3
19 22 0.061 0 3
69 15 0.234 0 3
259 22 0.785 0 4
306 15 1.319 0 4
71 10 0.239 0 3
173 52 0.512 0 1
12 100 0.062 0 4
15 5 0.074 0 3
55 100 0.192 0 3
239 15 1.366 0 4
279 5 0.912 0 4
20 40 0.077 0 4
47 10 0.174 0 1
74 22 0.402 0 2
36 30 0.177 0 4
17 22 0.066 0 1
53 5 0.191 0 4
104 10 0.338 0 2
27 10 0.109 0 4
159 22 0.505 0 4
43 100 0.157 0 3
300 52 1.351 0 1
18 52 0.055 0 2
24 70 0.123 0 4
83 5 0.405 0 3
38 30 0.138 0 1
32 22 0.133 0 4
104 30 0.360 0 1
56 30 0.166 0 1
108 5 0.514 0 3
161 5 0.668 0 2
15 5 0.086 0 3
103 15 0.322 0 1
30 22 0.099 0 1
37 15 0.170 0 4
67 15 0.251 0 2
61 30 0.260 0 4
36 30 0.113 0 1
26 5 0.088 0 1
13 100 0.043 0 4
42 5 0.140 0 3
87 10 0.328 0 4
306 30 1.150 0 4
167 30 0.570 0 4
17 40 0.077 0 4
54 52 0.167 0 2
101 100 0.303 0 4
22 15 0.127 0 3
13 30 0.043 0 1
13 15 0.057 0 4
35 70 0.116 0 1
275 40 1.495 0 2
54 15 0.171 0 1
93 10 0.332 0 1
23 40 0.071 0 2
93 52 0.503 0 3
10 100 0.033 0 1
28 100 0.082 0 4
197 30 0.732 0 1
18 52 0.085 0 4
308 40 0.919 0 1
26 100 0.147 0 4
47 70 0.162 0 2
28 5 0.117 0 2
18 70 0.112 0 2
238 40 0.944 0 3
121 40 0.691 0 1
14 10 0.046 0 3
179 5 0.549 0 3
58 15 0.206 0 1
146 40 0.577 0 4
36 15 0.126 0 1
30 15 0.123 0 2
177 70 0.831 0 3
82 52 0.323 0 2
98 22 0.464 0 2
14 40 0.053 0 4
73 30 0.424 0 4
72 40 0.254 0 3
54 30 0.224 0 3
60 100 0.259 0 1
33 5 0.098 0 2
61 30 0.265 0 3
12 30 0.038 0 4
62 15 0.284 0 4
18 30 0.107 0 4
72 40 0.266 0 1
58 52 0.320 0 3
199 22 0.716 0 2
83 70 0.248 0 2
12 100 0.061 0 2
185 5 1.063 0 3
28 5 0.134 0 3
112 30 0.696 0 3
55 22 0.226 0 2
18 5 0.073 0 4
30 70 0.122 0 1
79 40 0.321 0 1
18 70 0.070 0 3
116 30 0.448 0 4
23 5 0.147 0 4
215 100 0.632 0 1
145 15 0.452 0 1
77 30 0.520 0 4
15 30 0.068 0 2
181 22 0.777 0 3
177 30 0.835 0 1
176 10 0.682 0 4
43 15 0.128 0 4
25 70 0.100 0 2
18 5 0.053 0 4
22 40 0.142 0 3
93 40 0.279 0 2
75 70 0.383 0 3
20 70 0.100 0 2
11 5 0.071 0 1
17 15 0.051 0 1
191 40 0.652 0 3
131 30 0.406 0 2
196 22 1.101 0 3
235 22 1.054 0 4
88 10 0.503 0 3
18 5 0.056 0 4
37 5 0.128 0 3
129 30 0.457 0 1
15 52 0.061 0 3
314 5 1.826 0 2
46 22 0.168 0 4
14 15 0.042 0 4
86 15 0.376 0 4
171 100 0.539 0 2
37 15 0.139 0 4
145 30 0.815 0 3
133 70 0.416 0 2
132 100 0.653 0 2
19 52 0.068 0 3
64 70 0.340 0 4
61 70 0.332 0 3
35 22 0.191 0 1
262 70 0.819 0 4
51 5 0.256 0 4
14 22 0.092 0 1
22 30 0.115 0 3
27 70 0.118 0 2
16 52 0.098 0 4
186 100 0.631 0 2
53 10 0.285 0 4
29 52 0.086 0 4
12 40 0.049 0 1
12 22 0.042 0 3
96 40 0.381 0 3
29 70 0.122 0 2
13 100 0.059 0 1
18 15 0.068 0 4
11 52 0.040 0 1
72 52 0.429 0 1
199 22 0.861 0 1
135 70 0.574 0 4
72 52 0.232 0 3
194 15 0.840 0 3
101 40 0.591 0 3
32 52 0.116 0 4
31 70 0.201 0 3
151 40 0.693 0 3
15 100 0.077 0 4
88 100 0.406 0 3
34 10 0.143 0 3
32 40 0.147 0 4
35 30 0.236 0 2
190 22 1.105 0 2
149 5 0.680 0 4
61 22 0.239 0 3
100 22 0.324 0 1
172 70 1.024 0 2
183 100 0.604 0 2
35 100 0.233 0 3
149 5 0.495 0 3
294 15 1.947 0 2
54 22 0.318 0 1
86 22 0.251 0 1
191 40 1.130 0 2
225 5 1.061 0 2
92 40 0.295 0 3
29 100 0.116 0 4
29 15 0.116 0 3
18 30 0.059 0 3
15 10 0.045 0 1
51 5 0.151 0 2
10 15 0.041 0 4
11 15 0.059 0 2
15 52 0.096 0 2
16 5 0.061 0 3
29 100 0.087 0 3
11 52 0.036 0 3
63 22 0.196 0 4
99 100 0.607 0 2
26 5 0.107 0 1
65 100 0.382 0 2
52 15 0.170 0 2
30 15 0.182 0 2
38 100 0.114 0 1
19 30 0.058 0 4
35 22 0.114 0 4
39 30 0.257 0 2
54 40 0.353 0 1
82 40 0.352 0 4
41 10 0.120 0 1
15 52 0.079 0 1
10 30 0.040 0 3
14 22 0.089 0 4
68 15 0.227 0 3
10 15 0.038 0 2
64 30 0.299 0 3
49 100 0.160 0 1
18 52 0.061 0 2
40 70 0.125 0 1
67 5 0.319 0 1
61 15 0.199 0 4
331 70 2.108 0 3
71 22 0.230 0 4
20 5 0.062 0 4
180 15 0.735 0 3
52 15 0.165 0 3
202 5 0.614 0 3
23 15 0.082 0 2
125 15 0.822 0 2
186 5 0.560 0 1
158 52 0.547 0 3
42 5 0.226 0 1
294 52 1.039 0 4
11 52 0.069 0 1
10 30 0.049 0 3
137 52 0.706 0 1
139 10 0.914 0 2
63 10 0.186 0 1
49 52 0.159 0 3
171 70 1.125 0 3
161 5 0.759 0 1
36 15 0.125 0 3
98 15 0.351 0 1
12 30 0.048 0 4
100 70 0.394 0 1
15 5 0.075 0 3
13 40 0.040 0 4
26 22 0.092 0 2
92 40 0.398 0 3
20 40 0.090 0 4
14 22 0.062 0 1
15 30 0.048 0 4
37 30 0.177 0 4
30 100 0.092 0 2
52 52 0.203 0 3
179 5 0.957 0 4
71 30 0.222 0 1
312 15 1.733 0 2
20 5 0.120 0 1
13 10 0.087 0 1
49 70 0.192 0 3
12 30 0.079 0 3
38 30 0.189 0 1
25 15 0.088 0 2
40 22 0.128 0 3
138 40 0.460 0 2
15 15 0.060 0 3
14 10 0.052 0 3
11 5 0.037 0 4
35 5 0.144 0 1
208 10 0.963 0 1
21 40 0.072 0 2
132 100 0.576 0 2
61 40 0.265 0 3
31 100 0.153 0 4
22 30 0.081 0 2
46 5 0.305 0 1
297 52 1.388 0 4
71 40 0.401 0 4
263 52 1.392 0 3
76 5 0.238 0 1
56 30 0.230 0 3
16 5 0.058 0 2
66 22 0.363 0 1
16 40 0.070 0 2
118 15 0.504 0 3
13 30 0.061 0 4
81 100 0.411 0 3
62 15 0.196 0 3
74 52 0.357 0 4
13 52 0.052 0 4
19 70 0.071 0 1
82 52 0.343 0 2
124 52 0.405 0 3
29 22 0.119 0 4
12 70 0.044 0 1
92 100 0.495 0 3
48 15 0.191 0 4
21 15 0.100 0 4
96 22 0.389 0 2
12 30 0.036 0 2
34 70 0.130 0 2
11 30 0.050 0 3
17 70 0.074 0 2
23 100 0.100 0 1
76 30 0.271 0 3
189 100 0.589 0 1
14 70 0.092 0 1
10 10 0.046 0 1
11 70 0.039 0 2
83 30 0.428 0 1
69 70 0.247 0 2
144 30 0.867 0 4
112 52 0.554 0 4
16 40 0.076 0 3
12 52 0.039 0 3
189 10 1.022 0 3
53 10 0.156 0 1
42 15 0.255 0 1
34 70 0.150 0 3
42 52 0.141 0 3
56 22 0.192 0 1
10 40 0.040 0 2
208 15 0.959 0 4
186 5 1.192 0 1
57 70 0.274 0 2
82 52 0.550 0 2
20 100 0.068 0 4
279 40 1.120 0 1
176 100 0.583 0 3
30 15 0.128 0 1
10 15 0.043 0 2
37 22 0.112 0 1
17 100 0.073 0 1
183 40 0.675 0 1
36 15 0.208 0 4
109 22 0.381 0 1
40 15 0.196 0 1
36 30 0.164 0 1
283 40 0.940 0 4
31 22 0.094 0 2
13 40 0.055 0 1
94 52 0.294 0 2
40 40 0.199 0 3
19 30 0.060 0 4
89 10 0.574 0 3
87 30 0.272 0 2
105 5 0.544 0 2
63 5 0.257 0 2
171 10 0.750 0 4
23 10 0.153 0 4
15 22 0.052 0 3
35 52 0.150 0 1
156 30 0.639 0 1
173 5 0.776 0 3
317 22 0.984 0 4
67 10 0.356 0 3
27 30 0.079 0 1
35 30 0.106 0 3
156 5 0.681 0 2
14 22 0.055 0 4
46 22 0.156 0 4
97 100 0.409 0 3
34 5 0.124 0 1
141 10 0.662 0 2
334 52 1.067 0 4
37 30 0.140 0 2
47 40 0.290 0 1
26 5 0.127 0 4
281 30 1.634 0 3
12 30 0.078 0 1
38 100 0.115 0 4
22 30 0.092 0 3
115 10 0.676 0 1
28 70 0.094 0 3
78 5 0.277 0 2
38 30 0.115 0 1
16 30 0.060 0 4
165 70 0.760 0 3
13 70 0.056 0 3
68 52 0.347 0 2
62 52 0.188 0 2
49 22 0.153 0 1
46 52 0.136 0 4
28 52 0.169 0 2
25 40 0.099 0 4
14 15 0.086 0 4
229 22 0.753 0 4
130 100 0.458 0 1
58 52 0.310 0 2
283 40 1.380 0 4
78 30 0.436 0 2
36 30 0.117 0 2
37 15 0.231 0 1
14 15 0.083 0 2
16 40 0.081 0 3
49 10 0.250 0 2
18 22 0.058 0 2
16 10 0.047 0 3
65 30 0.271 0 3
25 22 0.137 0 1
61 52 0.209 0 3
63 22 0.286 0 4
191 70 1.110 0 4
255 15 1.656 0 1
107 52 0.669 0 2
178 30 0.667 0 1
33 70 0.200 0 3
31 52 0.132 0 4
120 22 0.361 0 3
44 30 0.129 0 3
25 52 0.095 0 1
42 70 0.197 0 1
11 22 0.053 0 4
139 5 0.713 0 2
95 52 0.289 0 3
61 30 0.205 0 2
129 22 0.389 0 3
13 30 0.041 0 3
69 15 0.352 0 3
109 15 0.319 0 1
179 52 0.758 0 2
78 100 0.438 0 3
29 10 0.116 0 2
45 22 0.160 0 2
79 10 0.449 0 3
128 52 0.643 0 3
51 40 0.256 0 4
39 70 0.195 0 2
18 10 0.057 0 4
182 22 1.000 0 4
43 22 0.198 0 1
19 5 0.080 0 1
44 40 0.129 0 1
23 15 0.076 0 2
160 5 0.469 0 1
80 5 0.423 0 2
44 30 0.250 0 3
15 100 0.094 0 4
35 15 0.197 0 2
85 100 0.370 0 2
33 22 0.127 0 1
117 100 0.650 0 4
54 5 0.276 0 2
173 22 0.569 0 3
48 5 0.274 0 4
113 40 0.415 0 2
50 22 0.157 0 2
18 52 0.057 0 1
61 52 0.217 0 4
96 5 0.449 0 2
99 40 0.559 0 2
265 70 1.162 0 2
36 10 0.122 0 3
19 22 0.081 0 4
57 10 0.248 0 3
47 70 0.211 0 4
309 100 1.108 0 4
16 10 0.077 0 3
52 5 0.319 0 1
82 15 0.306 0 4
175 30 1.144 0 2
19 52 0.075 0 3
75 15 0.466 0 2
41 70 0.132 0 1
102 22 0.318 0 4
142 70 0.893 0 2
41 52 0.155 0 1
261 22 0.784 0 4
64 52 0.234 0 3
109 10 0.418 0 1
12 30 0.042 0 4
15 70 0.058 0 2
23 52 0.112 0 2
61 70 0.314 0 1
90 22 0.405 0 4
13 5 0.051 0 2
90 30 0.307 0 1
29 40 0.093 0 4
13 10 0.047 0 4
14 100 0.042 0 3
30 52 0.150 0 1
18 22 0.115 0 3
15 15 0.047 0 2
11 10 0.036 0 3
168 30 0.757 0 3
68 40 0.453 0 1
161 30 0.509 0 2
14 40 0.056 0 1
73 22 0.254 0 1
67 100 0.213 0 2
68 52 0.312 0 3
288 5 1.789 0 2
153 15 0.643 0 2
34 70 0.167 0 1
70 52 0.285 0 4
53 30 0.184 0 4
49 30 0.174 0 4
78 15 0.456 0 2
135 40 0.529 0 3
10 5 0.058 0 3
194 40 0.660 0 1
38 52 0.174 0 4
41 5 0.130 0 1
72 100 0.344 0 1
13 10 0.054 0 1
199 10 0.934 0 2
13 40 0.087 0 4
65 30 0.199 0 1
240 10 1.017 0 2
14 30 0.051 0 3
54 52 0.239 0 2
163 30 0.758 1 4
64 30 0.208 1 0
192 40 0.946 1 3
11 15 0.047 1 3
315 40 1.133 1 0
122 15 0.378 1 3
10 15 0.041 1 2
158 5 0.642 1 0
189 100 0.589 1 0
188 15 0.575 1 3
15 15 0.044 1 4
34 40 0.102 1 3
13 70 0.040 1 2
105 70 0.376 1 3
43 70 0.128 1 4
37 30 0.147 1 3
33 15 0.147 1 2
39 70 0.129 1 4
133 100 0.578 1 0
27 52 0.144 1 4
18 52 0.115 1 4
133 15 0.404 1 0
13 22 0.052 1 0
239 15 0.802 1 2
15 52 0.063 1 4
130 52 0.637 1 3
18 30 0.099 1 0
17 70 0.050 1 4
65 70 0.290 1 2
18 52 0.108 1 0
102 30 0.667 1 0
106 30 0.391 1 0
36 22 0.173 1 0
121 22 0.410 1 4
301 70 1.326 1 4
70 10 0.473 1 0
26 30 0.136 1 3
34 52 0.221 1 4
41 30 0.147 1 0
17 5 0.067 1 4
235 10 1.059 1 0
49 22 0.250 1 0
175 22 0.673 1 2
35 5 0.154 1 4
76 100 0.299 1 4
24 52 0.098 1 2
78 100 0.333 1 4
12 40 0.049 1 4
31 15 0.129 1 3
17 100 0.055 1 4
25 40 0.114 1 4
22 5 0.065 1 4
77 100 0.401 1 0
117 22 0.785 1 3
161 10 0.920 1 0
34 22 0.119 1 0
73 40 0.471 1 2
26 10 0.079 1 4
45 5 0.186 1 2
310 40 2.039 1 4
27 15 0.114 1 0
28 70 0.100 1 4
56 15 0.267 1 0
36 100 0.138 1 2
76 10 0.224 1 4
149 40 0.517 1 0
21 30 0.071 1 4
22 22 0.088 1 0
69 30 0.272 1 4
40 40 0.226 1 4
16 100 0.070 1 0
65 40 0.218 1 0
16 100 0.076 1 0
37 22 0.188 1 2
46 30 0.136 1 2
166 15 0.498 1 4
19 70 0.057 1 0
56 40 0.189 1 0
156 52 0.757 1 2
91 5 0.338 1 0
39 15 0.214 1 0
41 70 0.202 1 0
11 15 0.036 1 4
49 15 0.162 1 2
311 100 1.547 1 3
28 10 0.121 1 0
60 100 0.237 1 2
75 15 0.393 1 0
49 100 0.331 1 4
335 5 2.107 1 0
55 70 0.176 1 3
31 15 0.093 1 4
143 70 0.444 1 2
285 30 1.218 1 3
55 100 0.306 1 0
178 30 0.754 1 3
43 10 0.185 1 0
25 52 0.082 1 0
113 5 0.457 1 2
20 5 0.076 1 0
191 100 1.032 1 3
41 30 0.220 1 2
84 15 0.263 1 3
12 30 0.056 1 0
40 22 0.265 1 0
17 40 0.051 1 0
37 52 0.185 1 0
53 52 0.275 1 0
22 5 0.091 1 2
235 15 0.822 1 2
32 30 0.206 1 4
21 10 0.091 1 0
332 70 1.620 1 2
22 22 0.071 1 0
23 70 0.082 1 3
50 70 0.150 1 0
59 22 0.291 1 0
199 70 0.884 1 0
17 70 0.097 1 0
19 30 0.069 1 0
226 100 0.689 1 3
43 15 0.221 1 0
16 70 0.066 1 2
245 10 1.104 1 3
14 15 0.085 1 2
42 30 0.208 1 0
85 22 0.464 1 3
25 10 0.084 1 0
18 10 0.086 1 3
39 70 0.211 1 2
11 30 0.059 1 0
53 10 0.161 1 0
24 5 0.096 1 0
10 52 0.041 1 3
47 100 0.194 1 3
39 15 0.119 1 0
28 40 0.118 1 0
111 5 0.330 1 3
72 40 0.385 1 4
84 15 0.528 1 0
113 15 0.498 1 3
115 10 0.352 1 3
29 30 0.107 1 0
23 22 0.110 1 0
34 22 0.184 1 2
12 22 0.045 1 0
69 15 0.210 1 0
41 5 0.222 1 0
23 40 0.097 1 3
163 40 0.685 1 0
47 15 0.164 1 4
16 15 0.057 1 3
17 100 0.110 1 2
10 22 0.038 1 3
51 15 0.228 1 3
33 100 0.100 1 3
13 40 0.078 1 0
68 70 0.324 1 2
21 10 0.066 1 4
20 52 0.108 1 2
108 22 0.448 1 3
58 52 0.201 1 3
52 100 0.156 1 0
198 70 0.900 1 0
80 5 0.320 1 3
11 40 0.033 1 2
19 22 0.075 1 4
33 22 0.152 1 3
10 40 0.061 1 0
63 52 0.252 1 4
154 10 0.570 1 0
16 5 0.069 1 0
126 15 0.529 1 3
18 100 0.066 1 0
19 40 0.081 1 0
68 10 0.242 1 4
69 40 0.208 1 0
175 52 0.542 1 0
43 10 0.187 1 0
35 30 0.124 1 2
70 15 0.236 1 0
238 100 0.807 1 2
42 40 0.157 1 0
77 10 0.244 1 0
31 40 0.168 1 4
66 30 0.327 1 0
234 100 0.890 1 3
18 5 0.081 1 0
35 30 0.122 1 0
55 40 0.302 1 0
164 100 0.820 1 3
112 5 0.526 1 4
33 30 0.112 1 3
48 5 0.178 1 3
271 30 0.869 1 0
18 52 0.099 1 0
99 30 0.337 1 0
13 22 0.039 1 0
25 100 0.166 1 3
38 70 0.216 1 4
202 22 0.714 1 4
27 22 0.082 1 0
25 10 0.076 1 0
16 100 0.074 1 3
23 15 0.092 1 2
230 15 0.810 1 2
184 5 0.745 1 3
128 70 0.522 1 3
76 70 0.263 1 0
13 100 0.038 1 4
17 22 0.068 1 3
122 15 0.396 1 3
12 100 0.036 1 0
24 10 0.071 1 2
37 52 0.123 1 4
156 22 0.796 1 0
49 10 0.278 1 2
122 15 0.484 1 3
20 40 0.111 1 3
10 5 0.036 1 4
14 40 0.060 1 3
27 52 0.159 1 3
182 30 0.583 1 4
55 10 0.205 1 4
33 10 0.220 1 4
78 100 0.245 1 4
15 100 0.046 1 4
180 40 1.000 1 0
45 30 0.190 1 0
95 22 0.497 1 0
33 40 0.138 1 2
39 5 0.133 1 0
46 15 0.204 1 2
51 22 0.236 1 2
105 5 0.352 1 4
36 70 0.188 1 4
24 10 0.104 1 2
67 5 0.327 1 0
71 22 0.309 1 0
138 100 0.471 1 4
18 70 0.094 1 0
104 22 0.339 1 2
66 100 0.253 1 4
57 22 0.232 1 0
27 5 0.153 1 2
35 5 0.167 1 0
72 52 0.221 1 2
28 5 0.092 1 0
36 30 0.220 1 3
41 30 0.172 1 3
141 100 0.566 1 0
139 5 0.848 1 2
263 22 0.923 1 4
152 15 0.717 1 0
126 10 0.397 1 3
33 22 0.134 1 2
32 70 0.153 1 0
75 15 0.333 1 4
145 22 0.575 1 3
61 52 0.337 1 3
75 52 0.231 1 0
25 10 0.096 1 2
66 10 0.199 1 0
13 22 0.058 1 3
77 10 0.350 1 0
39 70 0.214 1 0
10 10 0.032 1 3
25 22 0.094 1 0
12 30 0.062 1 3
70 70 0.333 1 2
187 15 1.087 1 2
35 30 0.230 1 4
67 22 0.233 1 3
103 5 0.355 1 0
125 40 0.698 1 0
102 100 0.520 1 0
65 30 0.363 1 0
195 30 1.048 1 2
67 100 0.207 1 0
19 10 0.123 1 2
22 52 0.065 1 0
12 30 0.065 1 4
70 40 0.438 1 0
56 40 0.203 1 4
122 10 0.693 1 0
201 15 0.696 1 4
23 100 0.129 1 3
193 10 1.304 1 0
23 40 0.102 1 0
33 5 0.123 1 3
143 10 0.899 1 0
146 22 0.555 1 0
48 5 0.175 1 2
98 15 0.344 1 3
43 70 0.126 1 4
222 30 0.871 1 4
32 30 0.116 1 0
134 30 0.444 1 0
13 40 0.040 1 4
67 52 0.250 1 0
10 5 0.037 1 2
19 70 0.061 1 0
13 22 0.048 1 3
71 22 0.360 1 2
68 40 0.201 1 2
12 100 0.063 1 3
19 40 0.110 1 2
192 10 0.594 1 3
91 40 0.274 1 0
221 40 1.145 1 4
218 22 0.845 1 0
16 40 0.055 1 3
122 100 0.369 1 0
96 5 0.427 1 3
284 100 1.535 1 0
111 5 0.620 1 0
17 40 0.085 1 3
20 22 0.062 1 2
86 70 0.326 1 4
63 15 0.249 1 3
82 70 0.277 1 3
70 52 0.255 1 0
180 5 0.882 1 3
26 22 0.085 1 0
86 40 0.294 1 2
218 70 1.275 1 4
13 30 0.062 1 0
16 10 0.081 1 2
80 40 0.385 1 0
19 22 0.121 1 0
116 22 0.410 1 3
14 70 0.041 1 0
29 22 0.101 1 3
128 52 0.432 1 0
153 30 0.487 1 0
88 22 0.263 1 0
74 22 0.411 1 3
113 5 0.528 1 0
207 40 1.344 1 3
116 10 0.371 1 0
59 22 0.203 1 2
18 10 0.057 1 0
44 22 0.162 1 4
89 40 0.341 1 0
31 30 0.114 1 0
140 5 0.459 1 2
17 70 0.085 1 4
36 70 0.122 1 0
14 70 0.076 1 4
41 100 0.198 1 3
63 100 0.207 1 4
48 30 0.271 1 0
14 30 0.077 1 4
254 52 0.809 1 0
18 15 0.121 1 0
229 5 1.004 1 2
62 15 0.224 1 4
46 40 0.160 1 4
218 100 1.239 1 2
33 10 0.150 1 4
30 10 0.196 1 0
52 40 0.232 1 0
32 22 0.129 1 0
41 52 0.206 1 0
115 100 0.596 1 0
22 100 0.065 1 2
162 5 0.488 1 0
17 52 0.055 1 4
12 100 0.066 1 0
29 30 0.101 1 4
10 10 0.048 1 3
65 52 0.260 1 0
205 70 0.647 1 3
27 100 0.131 1 0
99 22 0.303 1 4
59 30 0.233 1 0
18 100 0.088 1 0
79 52 0.245 1 3
22 30 0.091 1 2
29 52 0.190 1 4
14 100 0.076 1 2
71 52 0.295 1 0
18 30 0.054 1 2
129 15 0.578 1 0
325 100 1.136 1 3
11 100 0.057 1 2
139 40 0.483 1 4
19 40 0.058 1 0
320 100 1.081 1 2
11 52 0.036 1 4
40 22 0.179 1 3
104 15 0.349 1 4
12 100 0.042 1 3
38 22 0.222 1 4
31 100 0.163 1 0
13 70 0.042 1 3
36 10 0.167 1 4
117 52 0.476 1 2
24 100 0.082 1 2
308 15 1.901 1 4
41 22 0.225 1 4
179 40 0.909 1 3
71 40 0.413 1 4
42 5 0.249 1 3
38 30 0.138 1 0
72 52 0.444 1 3
98 15 0.547 1 0
68 5 0.246 1 0
70 5 0.380 1 3
100 30 0.388 1 3
147 52 0.590 1 2
292 22 1.106 1 2
146 30 0.673 1 2
119 100 0.381 1 4
32 30 0.097 1 2
23 10 0.117 1 2
130 10 0.714 1 0
73 30 0.245 1 2
20 30 0.120 1 3
14 100 0.073 1 0
96 5 0.536 1 0
180 30 0.786 1 3
31 52 0.142 1 2
16 100 0.086 1 0
16 15 0.083 1 2
69 10 0.335 1 0
167 100 0.642 1 0
10 100 0.047 1 0
33 10 0.115 1 2
109 100 0.344 1 3
10 40 0.047 1 0
60 40 0.204 1 0
99 52 0.538 1 4
90 30 0.506 1 4
10 70 0.056 1 3
22 100 0.113 1 3
336 22 1.116 1 0
28 52 0.117 1 3
183 5 0.567 1 4
11 22 0.039 1 0
153 15 0.689 1 0
47 100 0.150 1 3
322 22 1.184 1 2
132 30 0.776 1 2
28 10 0.122 1 4
248 30 0.756 1 3
169 40 0.526 1 4
181 52 0.661 1 0
72 22 0.305 1 0
29 40 0.112 1 3
35 40 0.178 1 0
196 70 0.729 1 2
53 15 0.213 1 0
148 5 0.507 1 3
41 52 0.234 1 4
270 15 1.154 1 4
138 30 0.648 1 3
12 100 0.047 1 0
194 52 0.732 1 0
299 15 1.267 1 0
16 15 0.051 1 0
22 30 0.084 1 4
17 30 0.087 1 2
31 40 0.196 1 0
23 100 0.130 1 3
23 5 0.083 1 0
39 30 0.146 1 2
88 52 0.312 1 3
72 30 0.298 1 3
56 40 0.281 1 3
49 40 0.230 1 4
37 30 0.129 1 2
41 40 0.201 1 0
34 70 0.189 1 3
15 100 0.045 1 4
38 10 0.195 1 0
13 22 0.062 1 3
126 100 0.410 1 0
58 15 0.349 1 0
254 40 0.934 1 0
96 22 0.294 1 2
77 10 0.248 1 2
14 5 0.043 1 0
26 70 0.109 1 2
19 15 0.067 1 0
92 40 0.517 1 2
152 100 0.822 1 4
67 10 0.411 1 0
14 40 0.049 1 2
32 100 0.121 1 2
176 22 1.158 1 0
23 10 0.077 1 4
13 70 0.072 1 0
28 15 0.091 1 0
106 10 0.385 1 3
281 70 1.886 1 3
175 30 0.537 1 3
24 10 0.100 1 2
20 10 0.076 1 0
51 70 0.173 1 0
21 40 0.095 1 3
23 15 0.097 1 3
140 30 0.475 1 0
25 5 0.153 1 3
25 100 0.120 1 3
73 100 0.231 1 0
23 15 0.094 1 0
21 15 0.091 1 3
38 10 0.125 1 4
68 40 0.245 1 4
12 5 0.043 1 0
51 100 0.338 1 0
10 100 0.030 1 0
18 10 0.054 1 0
10 70 0.063 1 0
35 100 0.115 1 0
77 10 0.300 1 4
87 70 0.362 1 4
69 70 0.243 1 0
51 15 0.175 1 0
62 52 0.273 1 0
19 5 0.123 1 2
180 22 0.559 1 0
159 10 0.674 1 0
77 40 0.234 1 0
19 40 0.085 1 0
58 5 0.314 1 0
157 100 0.532 1 3
11 5 0.062 1 3
20 5 0.135 1 2
44 52 0.243 1 0
100 70 0.437 1 0
11 30 0.036 1 0
77 70 0.294 1 0
15 100 0.081 1 2
56 5 0.256 1 0
19 22 0.071 1 4
36 22 0.146 1 2
18 30 0.094 1 2
19 52 0.109 1 0
53 22 0.358 1 0
168 15 0.564 1 0
18 40 0.060 1 4
36 22 0.121 1 2
17 30 0.072 1 0
246 52 1.337 1 3
194 70 0.593 1 3
127 10 0.428 1 2
35 100 0.131 1 3
93 70 0.297 1 3
165 52 0.660 1 0
26 100 0.114 1 0
19 30 0.073 1 0
330 52 1.304 1 0
19 5 0.066 1 2
27 30 0.163 1 2
11 40 0.053 1 3
75 10 0.446 1 3
106 70 0.602 1 4
17 10 0.059 1 0
13 10 0.062 1 4
71 100 0.317 1 0
17 70 0.079 1 3
164 10 0.906 1 0
331 22 1.288 1 3
56 30 0.308 1 3
26 15 0.136 1 0
12 30 0.053 1 4
15 52 0.063 1 4
313 52 1.155 1 3
25 52 0.111 1 0
261 40 1.475 1 4
260 10 1.733 1 2
322 70 1.830 1 0
69 5 0.214 1 0
57 22 0.224 1 3
113 10 0.502 1 0
10 52 0.055 1 3
126 5 0.433 1 3
30 5 0.090 1 2
15 100 0.053 1 0
36 100 0.191 1 2
70 70 0.335 1 3
245 70 1.161 1 0
45 5 0.259 1 3
18 30 0.085 1 0
64 70 0.204 1 0
30 40 0.108 1 0
34 40 0.154 1 2
15 10 0.050 1 0
39 52 0.168 1 3
156 10 0.726 1 0
23 22 0.116 1 3
73 22 0.401 1 0
36 22 0.110 1 2
18 15 0.079 1 0
198 15 0.712 1 0
111 15 0.389 1 0
26 40 0.172 1 2
85 5 0.300 1 0
69 100 0.263 1 3
35 40 0.203 1 2
215 40 1.024 1 3
41 100 0.142 1 3
26 15 0.141 1 2
17 10 0.098 1 4
51 52 0.176 1 0
21 70 0.066 1 0
111 22 0.371 1 3
77 22 0.478 1 4
32 30 0.109 1 4
20 22 0.065 1 3
144 22 0.634 1 0
72 15 0.462 1 3
12 22 0.057 1 4
39 22 0.148 1 3
17 5 0.061 1 2
12 70 0.041 1 4
43 100 0.127 1 0
84 30 0.288 1 0
323 22 1.835 1 2
32 15 0.166 1 0
36 22 0.221 1 3
19 22 0.092 1 3
128 70 0.538 1 2
17 30 0.059 1 0
70 10 0.405 1 3
13 5 0.044 1 4
61 5 0.201 1 3
129 10 0.473 1 3
38 100 0.118 1 3
50 100 0.152 1 4
12 15 0.040 1 4
117 5 0.409 1 0
19 40 0.056 1 0
324 5 1.536 1 4
178 22 0.520 1 4
18 10 0.056 1 0
55 100 0.163 1 0
224 22 0.653 1 4
56 52 0.170 1 0
11 22 0.036 1 4
278 70 0.914 1 2
39 30 0.126 1 0
32 5 0.125 1 0
16 70 0.059 1 0
79 100 0.491 1 3
17 22 0.084 1 0
300 22 1.376 1 0
165 22 0.485 1 0
12 100 0.052 1 3
30 22 0.097 1 4
36 5 0.138 1 0
124 100 0.484 1 0
45 30 0.150 1 0
67 100 0.385 1 2
55 30 0.276 1 0
33 52 0.151 1 0
168 70 0.903 1 0
95 40 0.326 1 0
134 70 0.728 1 3
184 22 0.811 1 2
42 5 0.227 1 3
15 10 0.055 1 2
268 5 1.481 1 0
37 30 0.207 1 4
44 22 0.175 1 2
74 40 0.266 1 2
205 10 0.709 1 2
68 30 0.337 1 0
110 70 0.379 1 0
71 10 0.210 1 0
183 70 0.563 1 3
55 40 0.238 1 2
251 52 1.281 1 0
311 15 1.215 1 0
249 5 0.759 1 2
55 22 0.237 1 0
131 52 0.740 1 0
63 15 0.242 1 0
146 5 0.596 1 3
59 15 0.294 1 2
10 5 0.054 1 4
14 22 0.089 1 4
68 70 0.205 1 0
29 22 0.153 1 4
13 22 0.042 1 2
81 15 0.358 1 3
18 22 0.072 1 0
333 100 0.977 1 3
41 30 0.126 1 0
17 30 0.073 1 3
26 100 0.085 1 0
116 15 0.784 1 4
197 30 1.094 1 2
52 30 0.281 1 3
75 52 0.274 1 4
33 30 0.096 1 4
59 22 0.378 1 4
153 52 0.567 1 2
85 15 0.262 1 3
19 15 0.059 1 0
27 70 0.103 1 0
16 40 0.050 1 0
78 40 0.293 1 4
151 10 0.899 1 0
10 15 0.039 1 3
19 10 0.125 1 4
67 10 0.453 1 2
20 15 0.074 1 3
19 22 0.083 1 2
29 70 0.099 1 0
169 70 0.765 1 2
102 5 0.340 1 0
13 22 0.041 1 2
14 70 0.053 1 3
35 10 0.169 1 2
152 5 0.710 1 4
260 10 1.699 1 3
43 70 0.128 1 0
62 15 0.305 1 4
77 70 0.234 1 4
30 100 0.175 1 3
60 40 0.314 1 3
59 10 0.228 1 4
36 15 0.157 1 0
38 100 0.128 1 3
193 100 0.682 1 0
120 100 0.789 1 0
133 10 0.630 1 0
33 22 0.121 1 3
147 52 0.441 1 3
75 100 0.293 1 4
13 5 0.044 1 2
189 70 0.592 1 2
255 22 0.914 1 3
53 5 0.182 1 2
49 22 0.166 1 3
250 52 0.809 1 0
59 5 0.222 1 4
173 5 0.510 1 4
63 52 0.304 1 0
66 5 0.214 1 3
186 15 1.232 1 0
14 30 0.074 1 4
70 30 0.237 1 0
97 22 0.286 1 0
23 30 0.068 1 4
14 52 0.093 1 4
186 52 0.620 1 3
316 30 1.870 1 0
149 22 0.560 1 0
16 40 0.100 1 0
180 22 0.989 1 0
19 22 0.090 1 0
18 5 0.056 1 0
241 70 1.275 1 0
33 100 0.127 1 0
182 15 0.662 1 4
159 100 0.619 1 0
11 15 0.038 1 0
28 70 0.082 1 2
17 30 0.082 1 0
10 100 0.039 1 4
118 22 0.682 1 3
43 22 0.145 1 2
102 100 0.470 1 0
74 52 0.343 1 3
120 52 0.577 1 0
68 52 0.393 1 2
172 22 0.699 1 0
17 70 0.079 1 0
25 70 0.090 1 2
18 40 0.055 1 4
17 22 0.108 1 2
13 70 0.066 1 0
316 52 1.259 1 2
70 100 0.333 1 3
79 22 0.255 1 0
185 15 0.959 1 0
20 52 0.062 1 0
11 10 0.053 1 3
10 30 0.042 1 2
66 40 0.196 1 2
14 22 0.076 1 3
67 5 0.289 1 0
86 10 0.286 1 0
60 100 0.231 1 0
142 52 0.623 1 2
92 30 0.303 1 0
272 40 1.058 1 3
44 10 0.208 1 0
12 15 0.067 1 3
92 52 0.505 1 4
42 30 0.137 1 2
18 15 0.112 1 4
127 15 0.672 1 4
35 15 0.140 1 2
57 10 0.191 1 3
16 40 0.088 1 3
11 22 0.066 1 2
30 30 0.138 1 0
67 5 0.250 1 0
181 52 0.573 1 2
50 52 0.183 1 4
150 15 0.725 1 0
70 22 0.221 1 4
136 30 0.405 1 2
55 100 0.183 1 0
14 30 0.060 1 3
28 15 0.098 1 0
72 52 0.264 1 4
41 22 0.234 1 0
280 40 1.474 1 0
108 52 0.543 1 3
76 70 0.409 1 4
63 52 0.297 1 2
39 15 0.142 1 0
173 5 0.794 1 4
124 30 0.444 1 3
109 30 0.727 1 4
16 70 0.057 1 3
19 5 0.057 1 2
51 52 0.166 1 3
309 40 1.392 1 4
185 70 0.706 1 4
37 15 0.185 1 3
13 15 0.067 1 2
19 30 0.099 1 4
41 5 0.122 1 4
96 22 0.295 1 0
114 52 0.356 1 3
11 30 0.035 1 4
165 5 0.569 1 4
68 70 0.286 1 0
27 15 0.083 1 4
25 52 0.135 1 3
13 15 0.071 1 4
64 70 0.223 1 4
30 30 0.154 1 2
65 40 0.244 1 2
11 22 0.037 1 2
29 15 0.115 1 0
149 5 0.434 1 3
150 30 1.000 1 0
29 70 0.134 1 4
69 30 0.225 1 0
68 30 0.433 1 0
20 70 0.126 1 4
15 5 0.048 1 4
42 10 0.136 1 3
24 70 0.071 1 4
22 30 0.071 1 0
28 40 0.188 1 0
65 40 0.258 1 2
33 100 0.099 1 4
45 100 0.223 1 4
69 70 0.216 1 4
118 40 0.472 1 3
70 22 0.363 1 0
19 15 0.068 1 0
27 100 0.176 1 3
28 10 0.093 1 0
112 70 0.330 1 0
178 22 1.047 1 0
17 30 0.052 1 0
97 10 0.336 1 2
29 5 0.090 1 0
13 40 0.044 1 4
47 5 0.155 1 3
44 70 0.223 1 4
162 5 0.959 1 4
128 100 0.699 1 4
72 40 0.303 1 4
59 52 0.186 1 3
17 52 0.075 1 4
10 30 0.043 1 0
12 10 0.037 1 2
10 22 0.030 1 0
22 10 0.079 1 2
37 70 0.116 1 3
139 30 0.621 1 4
121 40 0.450 1 4
19 22 0.123 1 4
15 30 0.045 1 3
188 30 0.851 1 3
20 70 0.074 1 3
31 15 0.122 1 2
193 5 0.596 1 0
23 15 0.106 1 4
34 52 0.103 1 4
140 100 0.465 1 3
181 15 0.905 1 0
14 15 0.074 1 2
21 5 0.088 1 2
24 52 0.096 1 2
26 5 0.125 1 3
25 30 0.080 1 0
74 52 0.259 1 0
137 40 0.484 1 0
15 52 0.055 1 4
19 22 0.060 1 2
63 30 0.206 1 4
116 10 0.611 1 2
112 30 0.546 1 3
44 100 0.134 1 4
65 15 0.259 1 0
148 22 0.627 1 4
19 10 0.057 1 2
247 52 0.722 1 0
45 22 0.196 1 0
126 10 0.818 1 0
73 70 0.417 1 3
145 5 0.980 1 3
93 5 0.489 1 3
74 30 0.481 1 2
297 40 1.555 1 0
15 22 0.065 1 0
316 30 1.654 1 2
149 30 0.637 1 2
205 5 0.623 1 2
63 22 0.232 1 0
163 15 1.012 1 3
283 15 1.899 1 0
140 40 0.431 1 0
186 100 0.590 1 2
13 30 0.052 1 0
72 10 0.230 1 0
78 100 0.353 1 2
144 10 0.818 1 2
70 100 0.222 1 0
29 5 0.106 1 0
10 52 0.053 1 0
69 15 0.322 1 0
16 22 0.055 1 3
26 10 0.095 1 0
35 100 0.187 1 3
12 100 0.040 1 0
68 30 0.209 1 3
10 30 0.054 1 3
244 70 1.627 1 4
51 15 0.160 1 4
18 15 0.092 1 2
39 10 0.209 1 0
53 10 0.358 1 2
11 100 0.062 1 0
84 15 0.283 1 0
17 5 0.056 1 3
65 100 0.422 1 3
33 52 0.166 1 0
41 10 0.152 1 0
26 40 0.080 1 3
34 40 0.152 1 4
12 22 0.043 1 2
191 40 1.011 1 2
12 52 0.068 1 3
18 15 0.064 1 0
10 10 0.067 1 3
17 15 0.065 1 2
54 5 0.196 1 0
15 15 0.053 1 3
25 70 0.127 1 0
130 15 0.591 1 0
91 40 0.304 1 0
23 100 0.113 1 0
29 52 0.099 1 0
31 100 0.100 1 0
59 52 0.186 1 3
13 100 0.076 1 3
69 5 0.206 1 4
22 5 0.065 1 4
188 15 0.620 1 2
260 52 0.977 1 0
79 100 0.449 1 3
19 10 0.086 1 0
33 100 0.170 1 0
17 30 0.096 1 4
51 22 0.179 1 2
102 30 0.518 1 0
50 40 0.169 1 0
26 100 0.106 1 2
68 40 0.439 1 3
22 100 0.098 1 0
91 70 0.365 1 2
197 70 1.279 1 4
22 40 0.079 1 2
181 15 1.097 1 4
39 40 0.114 1 0
30 52 0.184 1 0
32 100 0.106 1 4
64 5 0.330 1 3
38 100 0.113 1 0
56 52 0.216 1 0
194 70 1.054 1 0
33 15 0.097 1 2
38 100 0.116 1 2
11 30 0.039 1 0
45 40 0.198 1 0
324 70 1.161 1 0
10 15 0.035 1 2
29 30 0.099 1 0
63 100 0.296 1 2
187 40 0.643 1 0
182 15 0.831 1 2
137 40 0.418 1 0
16 15 0.056 1 2
70 22 0.303 1 0
14 5 0.048 1 0
26 15 0.108 1 2
31 30 0.091 1 0
16 40 0.089 1 0
11 40 0.032 1 2
19 10 0.112 1 0
50 5 0.279 1 0
10 70 0.033 1 0
50 5 0.164 1 4
13 5 0.043 1 0
30 70 0.168 1 0
280 10 0.881 1 2
19 100 0.061 1 2
13 100 0.041 1 2
155 22 0.473 1 0
60 70 0.218 1 4
68 52 0.415 1 0
141 5 0.904 1 2
36 52 0.129 1 2
12 40 0.036 1 0
57 10 0.168 1 2
19 15 0.078 1 2
24 40 0.140 1 0
11 10 0.037 1 0
68 30 0.211 1 3
17 5 0.101 1 0
85 10 0.258 1 0
44 70 0.223 1 2
57 70 0.174 1 2
248 15 1.485 1 0
17 52 0.097 1 4
13 70 0.052 1 2
76 15 0.261 1 0
46 30 0.159 1 3
35 52 0.175 2 3
11 100 0.037 2 0
50 70 0.301 2 3
76 52 0.342 2 3
39 70 0.262 2 4
69 15 0.252 2 1
158 52 0.859 2 0
70 70 0.306 2 3
188 52 0.777 2 0
140 40 0.722 2 1
14 10 0.045 2 0
315 100 1.026 2 4
19 22 0.055 2 0
52 100 0.227 2 0
57 15 0.204 2 3
298 30 0.892 2 0
110 10 0.390 2 1
194 5 0.732 2 0
46 5 0.139 2 0
268 70 1.000 2 4
109 22 0.329 2 0
46 5 0.243 2 0
29 10 0.105 2 0
79 15 0.299 2 1
34 5 0.199 2 1
175 15 0.563 2 0
76 5 0.321 2 0
12 5 0.039 2 3
131 10 0.427 2 1
30 100 0.102 2 4
56 5 0.296 2 4
232 40 0.975 2 1
22 100 0.086 2 4
46 15 0.297 2 3
14 40 0.063 2 4
11 70 0.052 2 3
70 100 0.265 2 3
68 30 0.400 2 4
252 70 1.241 2 0
50 5 0.164 2 0
28 5 0.104 2 3
78 40 0.417 2 3
319 5 1.715 2 4
24 70 0.135 2 0
36 30 0.161 2 0
155 10 0.833 2 3
14 5 0.046 2 4
172 5 0.878 2 1
34 52 0.228 2 1
18 40 0.052 2 0
145 5 0.525 2 0
12 52 0.057 2 4
50 70 0.212 2 4
69 100 0.434 2 0
37 40 0.180 2 0
13 52 0.039 2 4
88 40 0.312 2 1
15 100 0.054 2 1
305 5 1.250 2 3
30 5 0.151 2 1
13 10 0.050 2 1
36 40 0.117 2 1
71 10 0.359 2 3
142 15 0.580 2 0
14 30 0.071 2 0
11 22 0.037 2 0
99 70 0.304 2 3
70 70 0.292 2 4
116 70 0.436 2 0
48 15 0.239 2 4
56 22 0.290 2 0
16 70 0.095 2 4
56 30 0.296 2 0
115 40 0.622 2 3
16 100 0.048 2 3
38 70 0.186 2 4
18 40 0.090 2 0
32 15 0.175 2 0
52 70 0.225 2 3
286 40 1.092 2 4
15 52 0.044 2 4
13 100 0.049 2 0
48 5 0.149 2 1
49 15 0.306 2 1
131 30 0.416 2 4
122 5 0.565 2 1
159 10 1.053 2 3
13 40 0.048 2 4
36 22 0.173 2 1
181 15 0.838 2 0
25 30 0.113 2 4
71 40 0.413 2 3
17 100 0.087 2 4
54 15 0.239 2 3
53 15 0.242 2 1
40 70 0.252 2 1
15 52 0.045 2 4
12 40 0.041 2 4
37 30 0.240 2 0
33 100 0.163 2 0
257 10 0.871 2 0
66 52 0.199 2 0
41 100 0.202 2 4
17 40 0.095 2 4
53 52 0.180 2 0
14 15 0.044 2 1
210 40 0.627 2 4
338 22 1.633 2 1
187 10 1.127 2 3
68 22 0.272 2 0
37 100 0.198 2 0
15 52 0.070 2 4
11 100 0.057 2 3
29 22 0.122 2 3
236 40 0.944 2 4
10 40 0.033 2 4
13 30 0.057 2 0
316 15 1.816 2 0
36 22 0.110 2 0
39 5 0.114 2 3
52 70 0.163 2 1
182 100 0.648 2 0
244 40 1.258 2 3
53 30 0.188 2 4
35 15 0.174 2 3
30 15 0.116 2 4
154 10 0.537 2 0
15 100 0.050 2 0
307 52 2.020 2 3
26 70 0.138 2 1
53 100 0.290 2 4
47 22 0.210 2 3
20 10 0.080 2 1
97 40 0.342 2 4
105 100 0.583 2 1
34 40 0.190 2 0
35 10 0.131 2 1
40 22 0.203 2 0
241 30 0.817 2 0
54 22 0.177 2 4
150 52 0.867 2 3
29 100 0.170 2 3
36 100 0.228 2 0
27 70 0.158 2 3
61 40 0.396 2 0
19 15 0.068 2 0
323 100 1.219 2 0
23 40 0.068 2 3
64 100 0.238 2 0
17 5 0.058 2 1
56 10 0.255 2 4
239 10 0.742 2 0
54 100 0.351 2 1
22 30 0.089 2 0
74 30 0.224 2 4
56 40 0.258 2 4
193 30 0.906 2 4
23 5 0.104 2 0
189 52 0.576 2 0
18 22 0.077 2 3
71 10 0.458 2 3
177 70 0.578 2 3
26 52 0.157 2 4
27 70 0.080 2 3
37 15 0.119 2 0
195 30 0.806 2 1
36 40 0.107 2 0
329 5 1.138 2 4
75 15 0.302 2 0
21 30 0.081 2 0
43 10 0.135 2 0
46 40 0.224 2 0
105 40 0.525 2 0
112 15 0.328 2 4
184 100 0.679 2 0
145 5 0.488 2 0
51 5 0.252 2 1
25 70 0.154 2 0
187 70 1.100 2 1
69 22 0.383 2 0
42 100 0.137 2 4
16 70 0.075 2 0
37 30 0.122 2 0
49 52 0.194 2 1
11 40 0.037 2 3
99 10 0.345 2 0
36 40 0.137 2 3
19 30 0.068 2 4
21 30 0.069 2 0
70 100 0.217 2 3
12 52 0.037 2 4
12 52 0.060 2 1
10 52 0.033 2 3
87 70 0.302 2 4
12 52 0.052 2 4
20 15 0.089 2 0
73 10 0.232 2 1
42 30 0.136 2 3
143 15 0.486 2 0
166 5 0.902 2 0
152 52 0.469 2 1
120 100 0.472 2 0
26 5 0.116 2 0
37 15 0.162 2 1
121 30 0.475 2 3
245 70 0.718 2 0
23 22 0.072 2 0
167 15 0.496 2 0
189 5 0.564 2 1
89 5 0.263 2 0
73 100 0.289 2 0
71 5 0.290 2 3
103 70 0.307 2 3
14 52 0.086 2 0
54 30 0.281 2 3
23 70 0.150 2 3
13 30 0.077 2 1
22 100 0.077 2 0
87 100 0.433 2 3
154 40 0.786 2 0
324 40 1.528 2 1
182 40 0.537 2 0
242 10 1.204 2 3
147 70 0.500 2 1
101 5 0.479 2 4
10 40 0.031 2 4
143 10 0.574 2 0
23 100 0.133 2 0
39 10 0.130 2 4
119 10 0.373 2 1
55 40 0.223 2 0
35 40 0.126 2 3
26 70 0.081 2 4
75 5 0.408 2 0
31 100 0.108 2 3
30 100 0.093 2 1
12 40 0.043 2 0
56 100 0.216 2 4
31 40 0.140 2 1
31 15 0.092 2 0
64 15 0.189 2 0
86 70 0.330 2 1
49 40 0.210 2 3
88 10 0.506 2 0
65 40 0.227 2 1
20 15 0.094 2 3
43 100 0.179 2 0
10 5 0.039 2 4
22 40 0.072 2 0
41 52 0.173 2 4
14 5 0.085 2 0
65 70 0.231 2 1
59 22 0.191 2 0
64 10 0.246 2 0
68 22 0.305 2 0
13 15 0.072 2 3
68 70 0.255 2 0
29 15 0.121 2 4
93 15 0.571 2 1
174 52 1.101 2 0
33 10 0.110 2 3
44 100 0.179 2 1
15 22 0.058 2 0
89 5 0.270 2 1
78 5 0.252 2 1
69 15 0.256 2 3
43 15 0.126 2 0
118 5 0.488 2 4
16 52 0.073 2 3
11 52 0.048 2 4
60 22 0.324 2 3
185 30 0.740 2 0
70 52 0.241 2 0
289 5 1.156 2 3
20 52 0.096 2 1
13 15 0.077 2 1
24 30 0.113 2 0
29 40 0.132 2 3
17 52 0.085 2 4
12 5 0.046 2 4
64 15 0.340 2 4
80 100 0.349 2 1
17 70 0.059 2 0
241 10 1.076 2 0
192 70 0.708 2 3
126 30 0.813 2 1
30 5 0.091 2 0
14 70 0.074 2 0
190 22 1.145 2 0
19 10 0.070 2 0
202 10 0.878 2 1
91 30 0.267 2 0
64 100 0.358 2 0
19 30 0.095 2 1
131 30 0.814 2 0
106 70 0.315 2 0
36 70 0.154 2 4
10 10 0.060 2 1
74 15 0.305 2 0
328 70 2.000 2 3
14 5 0.049 2 0
67 70 0.231 2 0
111 40 0.413 2 0
73 100 0.292 2 3
23 10 0.073 2 1
10 70 0.032 2 4
48 15 0.304 2 4
61 30 0.282 2 0
173 22 0.512 2 0
14 5 0.059 2 4
139 52 0.665 2 0
91 30 0.423 2 1
38 5 0.149 2 4
32 22 0.120 2 0
128 52 0.557 2 1
72 30 0.287 2 0
93 100 0.316 2 1
21 40 0.077 2 1
28 30 0.126 2 3
124 15 0.412 2 3
28 15 0.126 2 0
186 100 0.907 2 0
18 30 0.101 2 1
73 40 0.284 2 3
91 15 0.374 2 0
11 100 0.033 2 1
34 40 0.100 2 4
71 22 0.374 2 4
73 15 0.333 2 0
276 30 0.923 2 4
20 30 0.059 2 4
74 15 0.292 2 3
52 30 0.191 2 4
16 30 0.047 2 4
42 100 0.126 2 4
98 5 0.641 2 3
131 52 0.508 2 0
128 70 0.564 2 1
12 52 0.073 2 0
34 52 0.115 2 4
12 70 0.051 2 1
265 15 1.332 2 0
74 10 0.270 2 0
42 70 0.173 2 1
181 40 1.011 2 3
131 70 0.740 2 1
34 5 0.181 2 1
177 30 0.527 2 1
67 100 0.203 2 3
19 100 0.096 2 1
309 22 0.951 2 4
177 5 0.851 2 1
16 70 0.051 2 0
78 30 0.306 2 3
101 15 0.296 2 1
11 10 0.073 2 1
15 22 0.064 2 3
20 10 0.090 2 0
26 10 0.112 2 1
294 40 0.867 2 4
110 100 0.502 2 0
13 15 0.054 2 1
70 100 0.275 2 0
10 70 0.061 2 0
14 10 0.051 2 4
40 70 0.159 2 4
70 15 0.327 2 4
28 5 0.176 2 0
17 70 0.096 2 0
88 100 0.463 2 0
124 22 0.539 2 0
324 22 2.160 2 0
19 100 0.056 2 1
11 100 0.051 2 1
16 22 0.048 2 1
141 70 0.860 2 0
48 30 0.171 2 0
32 5 0.206 2 3
85 22 0.457 2 3
64 5 0.322 2 4
139 5 0.818 2 0
18 70 0.116 2 0
48 40 0.322 2 3
40 100 0.200 2 1
119 15 0.617 2 3
14 10 0.044 2 1
13 52 0.047 2 0
81 70 0.438 2 3
58 70 0.171 2 0
34 22 0.127 2 0
93 22 0.557 2 0
58 100 0.254 2 4
11 5 0.052 2 1
11 10 0.044 2 3
148 15 0.467 2 4
20 22 0.072 2 0
39 22 0.154 2 4
10 22 0.045 2 0
14 5 0.045 2 0
130 15 0.468 2 0
153 70 0.495 2 1
53 70 0.196 2 4
44 100 0.213 2 1
23 10 0.093 2 4
19 22 0.081 2 0
18 70 0.084 2 0
11 10 0.037 2 0
318 100 1.036 2 0
146 100 0.613 2 3
155 15 1.040 2 4
165 22 1.038 2 3
305 10 0.936 2 1
12 52 0.038 2 1
13 15 0.075 2 0
50 40 0.171 2 1
59 100 0.253 2 1
57 15 0.176 2 4
58 52 0.315 2 4
14 40 0.045 2 1
162 15 0.528 2 4
181 40 0.607 2 4
322 10 1.789 2 1
126 22 0.640 2 0
19 15 0.057 2 0
136 10 0.723 2 1
14 30 0.090 2 4
18 70 0.053 2 3
80 30 0.394 2 0
47 10 0.203 2 4
68 52 0.306 2 3
29 10 0.174 2 1
51 70 0.155 2 0
320 70 1.658 2 4
195 52 0.863 2 0
147 70 0.452 2 4
89 40 0.262 2 0
38 30 0.178 2 0
225 30 0.846 2 4
67 100 0.219 2 0
10 52 0.047 2 0
288 5 1.143 2 3
136 5 0.495 2 4
27 52 0.146 2 1
10 22 0.046 2 0
60 10 0.264 2 1
147 5 0.598 2 4
41 5 0.151 2 1
140 30 0.870 2 0
202 5 0.935 2 4
155 30 0.487 2 1
76 10 0.333 2 0
199 15 1.031 2 0
86 70 0.524 2 0
260 10 0.788 2 0
79 15 0.494 2 1
72 40 0.404 2 3
71 22 0.390 2 0
228 52 1.213 2 4
26 40 0.096 2 1
19 30 0.081 2 1
24 40 0.126 2 3
165 100 0.585 2 4
28 100 0.133 2 4
35 5 0.123 2 1
15 100 0.045 2 0
66 70 0.429 2 1
293 70 0.939 2 1
142 52 0.676 2 4
58 100 0.331 2 0
14 5 0.045 2 0
89 100 0.275 2 0
12 10 0.058 2 1
49 70 0.170 2 0
260 22 1.595 2 1
39 15 0.124 2 0
65 70 0.385 2 0
20 40 0.077 2 3
110 52 0.542 2 0
163 70 0.862 2 4
296 52 1.125 2 3
16 22 0.062 2 3
64 5 0.202 2 0
11 10 0.045 2 0
73 70 0.225 2 0
22 52 0.096 2 0
71 10 0.278 2 3
181 70 0.611 2 0
21 15 0.074 2 4
149 100 0.668 2 3
200 40 1.058 2 1
34 5 0.138 2 4
50 100 0.194 2 1
26 52 0.091 2 0
190 22 0.833 2 0
293 100 0.896 2 1
171 52 0.570 2 4
163 10 0.849 2 0
61 15 0.205 2 4
76 22 0.326 2 3
35 15 0.208 2 3
227 100 0.694 2 3
27 30 0.164 2 1
72 30 0.312 2 3
13 40 0.070 2 1
57 40 0.303 2 4
79 52 0.304 2 0
57 52 0.373 2 4
60 70 0.190 2 4
136 30 0.506 2 3
72 22 0.252 2 0
50 5 0.158 2 3
10 100 0.037 2 4
178 100 0.595 2 0
220 10 1.294 2 0
180 10 0.556 2 4
27 10 0.093 2 3
126 100 0.433 2 4
289 40 1.865 2 3
261 100 0.765 2 1
175 5 0.601 2 0
53 100 0.291 2 3
142 100 0.421 2 3
303 100 1.403 2 1
39 30 0.242 2 3
16 70 0.103 2 0
186 30 0.753 2 4
99 10 0.476 2 0
21 22 0.076 2 4
13 5 0.087 2 3
190 52 0.815 2 1
49 100 0.223 2 3
14 70 0.066 2 0
11 10 0.042 2 0
278 22 1.645 2 4
72 52 0.312 2 4
31 10 0.122 2 0
16 22 0.058 2 3
15 15 0.055 2 4
194 5 0.749 2 1
88 100 0.352 2 0
18 10 0.081 2 1
97 5 0.606 2 0
26 10 0.110 2 1
10 52 0.029 2 0
67 52 0.226 2 1
114 40 0.373 2 1
180 5 0.677 2 4
57 70 0.170 2 3
13 15 0.045 2 0
79 100 0.252 2 1
53 100 0.182 2 0
42 10 0.222 2 3
45 40 0.150 2 3
13 5 0.041 2 1
132 70 0.617 2 1
66 15 0.247 2 4
184 30 0.833 2 0
30 10 0.126 2 0
334 15 0.974 2 1
23 30 0.076 2 1
133 15 0.436 2 3
17 10 0.081 2 4
19 5 0.061 2 1
150 30 0.798 2 0
47 40 0.162 2 4
25 30 0.075 2 3
199 15 1.036 2 0
66 15 0.239 2 4
141 40 0.468 2 4
16 10 0.047 2 0
258 30 0.851 2 3
112 52 0.394 2 1
30 15 0.118 2 3
312 22 1.529 2 4
16 22 0.048 2 3
19 70 0.090 2 0
14 100 0.089 2 0
19 15 0.073 2 0
17 5 0.106 2 4
173 15 0.994 2 1
29 15 0.108 2 0
192 40 0.660 2 0
39 22 0.250 2 1
16 10 0.056 2 3
71 30 0.360 2 4
48 52 0.148 2 1
64 70 0.288 2 0
118 100 0.371 2 1
27 10 0.116 2 1
15 15 0.051 2 3
18 40 0.071 2 0
12 15 0.035 2 3
19 15 0.088 2 4
112 15 0.544 2 0
37 70 0.206 2 4
16 22 0.054 2 0
15 10 0.045 2 1
101 40 0.555 2 1
23 22 0.102 2 1
183 40 0.568 2 0
247 30 1.647 2 3
52 52 0.231 2 0
34 30 0.100 2 3
17 52 0.087 2 1
73 5 0.219 2 3
188 40 0.707 2 3
14 15 0.046 2 3
37 10 0.204 2 0
25 10 0.118 2 1
106 30 0.357 2 0
116 5 0.507 2 1
28 100 0.103 2 0
18 5 0.084 2 4
30 5 0.130 2 4
10 40 0.065 2 4
19 5 0.058 2 1
70 5 0.205 2 0
56 52 0.322 2 0
67 100 0.271 2 1
34 30 0.143 2 1
14 100 0.045 2 0
93 15 0.316 2 1
129 10 0.498 2 0
114 22 0.353 2 0
325 100 1.161 2 0
73 15 0.493 2 4
163 15 0.560 2 3
256 10 0.810 2 1
139 30 0.577 2 0
49 5 0.228 2 4
261 15 1.176 2 0
225 5 1.278 2 0
28 15 0.152 2 1
51 100 0.243 2 3
170 40 1.126 2 1
32 15 0.175 2 4
15 30 0.051 2 3
13 22 0.058 2 0
38 22 0.125 2 1
54 52 0.196 2 0
15 70 0.054 2 4
12 52 0.042 2 3
12 22 0.036 2 3
157 52 0.981 2 3
12 15 0.051 2 1
89 70 0.394 2 3
143 15 0.941 2 3
35 5 0.208 2 1
162 15 0.689 2 0
16 52 0.061 2 3
154 52 0.618 2 0
71 10 0.225 2 4
74 100 0.338 2 4
155 52 0.456 2 4
29 100 0.153 2 0
84 10 0.444 2 1
17 40 0.067 2 4
52 100 0.165 2 3
19 5 0.089 2 0
62 70 0.270 2 0
59 5 0.253 2 4
26 15 0.080 2 1
44 100 0.129 2 3
39 52 0.252 2 3
177 40 1.041 2 3
32 22 0.216 2 4
65 70 0.409 2 4
147 5 0.435 2 4
24 100 0.079 2 4
10 22 0.033 2 0
57 70 0.171 2 3
61 22 0.221 2 0
31 15 0.199 2 1
18 100 0.053 2 3
47 30 0.239 2 0
18 5 0.062 2 3
38 15 0.135 2 0
33 30 0.125 2 3
42 100 0.211 2 0
42 15 0.174 2 0
37 22 0.113 2 4
63 30 0.335 2 4
17 30 0.058 2 4
23 70 0.153 2 0
174 40 0.523 2 3
183 40 0.792 2 4
141 52 0.461 2 0
19 100 0.076 2 1
11 52 0.071 2 0
17 5 0.078 2 3
61 15 0.263 2 0
20 15 0.082 2 1
19 70 0.090 2 4
87 5 0.260 2 3
237 52 0.718 2 0
92 22 0.442 2 4
12 40 0.042 2 0
171 70 1.075 2 1
63 10 0.350 2 4
52 30 0.169 2 3
12 22 0.056 2 4
32 10 0.167 2 0
22 22 0.065 2 4
338 5 1.673 2 1
279 70 0.897 2 0
220 15 0.712 2 3
26 15 0.097 2 3
24 15 0.162 2 0
31 70 0.111 2 4
29 52 0.153 2 1
11 5 0.058 2 1
44 100 0.138 2 1
230 40 1.065 2 4
285 52 1.025 2 0
167 52 1.044 2 3
75 15 0.455 2 0
15 100 0.073 2 4
167 52 0.671 2 3
23 15 0.083 2 0
26 40 0.141 2 4
25 40 0.134 2 3
107 10 0.334 2 3
15 40 0.083 2 0
39 30 0.180 2 0
96 10 0.309 2 0
167 22 0.879 2 0
68 100 0.447 2 4
226 15 0.766 2 1
277 100 1.497 2 0
133 70 0.769 2 3
11 100 0.035 2 4
170 10 0.520 2 0
325 52 1.395 2 4
16 70 0.103 2 4
23 100 0.078 2 0
11 15 0.048 2 0
164 30 0.631 2 3
67 30 0.197 2 0
31 30 0.109 2 3
19 15 0.118 2 3
13 40 0.064 2 1
200 15 0.714 2 0
337 30 1.306 2 0
15 5 0.049 2 3
248 52 1.192 2 0
13 70 0.047 2 4
13 5 0.050 2 3
29 70 0.106 2 0
31 30 0.131 2 1
28 30 0.147 2 4
11 100 0.053 2 1
18 40 0.074 2 3
81 70 0.346 2 1
15 15 0.045 2 0
12 40 0.053 2 3
47 52 0.191 2 0
31 70 0.142 2 0
56 5 0.352 2 4
39 52 0.143 2 1
20 22 0.090 2 0
260 70 0.818 2 0
12 30 0.075 2 0
62 30 0.235 2 3
326 10 0.953 2 1
265 52 0.940 2 3
54 70 0.215 2 0
72 52 0.304 2 0
216 30 0.995 2 4
81 70 0.252 2 3
198 40 0.643 2 1
24 22 0.133 2 1
15 40 0.061 2 0
95 15 0.315 2 1
39 22 0.127 2 1
16 22 0.056 2 1
18 52 0.065 2 1
36 70 0.162 2 3
72 100 0.259 2 1
14 70 0.074 2 0
87 22 0.265 2 0
37 22 0.137 2 4
73 10 0.283 2 0
15 5 0.079 2 4
75 70 0.235 2 3
313 22 1.799 2 1
35 30 0.212 2 1
138 15 0.473 2 4
18 40 0.080 2 0
18 70 0.094 2 3
12 15 0.079 2 1
72 10 0.419 2 4
13 70 0.088 2 0
135 22 0.517 2 1
157 52 0.994 2 4
268 22 0.867 2 1
62 10 0.284 2 3
259 40 1.315 2 0
64 40 0.427 2 4
22 70 0.069 2 3
88 5 0.337 2 1
72 70 0.227 2 4
49 52 0.158 2 0
327 15 1.006 2 1
283 5 1.123 2 0
194 100 0.612 2 3
68 52 0.415 2 4
30 10 0.109 2 0
242 5 1.004 2 1
26 70 0.138 2 4
69 100 0.335 2 0
29 5 0.095 2 3
69 70 0.314 2 0
19 52 0.065 2 3
292 40 0.918 2 3
76 30 0.350 2 3
44 10 0.153 2 4
182 22 0.580 2 0
39 10 0.139 2 3
327 52 1.028 2 0
13 22 0.057 2 4
20 22 0.119 2 4
141 52 0.898 2 0
19 10 0.081 2 0
11 52 0.037 2 3
156 30 0.696 2 4
105 52 0.422 2 3
52 22 0.206 2 1
19 52 0.079 2 1
14 52 0.045 2 3
22 40 0.082 2 1
12 70 0.062 2 3
31 70 0.107 2 0
87 30 0.265 2 0
10 52 0.047 2 0
47 70 0.210 2 1
70 30 0.254 2 0
186 40 1.033 2 3
52 70 0.199 2 1
106 22 0.400 2 0
124 100 0.384 2 4
24 52 0.098 2 0
68 5 0.358 2 1
16 30 0.062 2 3
185 5 0.556 2 4
25 10 0.084 2 3
31 22 0.108 2 0
37 22 0.151 2 4
21 5 0.135 2 0
37 15 0.228 2 4
19 15 0.070 2 0
13 5 0.038 2 4
35 30 0.113 2 0
202 5 1.148 2 4
70 52 0.222 2 0
143 22 0.753 2 3
18 100 0.053 2 3
339 70 1.009 2 0
35 40 0.106 2 4
178 40 0.608 2 4
17 10 0.058 2 3
18 30 0.061 2 0
216 100 1.350 2 4
16 52 0.050 2 1
16 10 0.047 2 4
72 100 0.282 2 3
106 70 0.533 2 0
65 40 0.353 2 0
23 70 0.125 2 0
25 10 0.103 2 1
19 40 0.058 2 3
141 70 0.528 2 3
20 10 0.069 2 1
36 15 0.161 2 1
58 70 0.358 2 3
15 52 0.060 2 3
25 100 0.105 2 3
185 10 0.761 2 3
14 22 0.093 2 0
11 70 0.054 2 4
39 40 0.214 2 0
303 40 1.184 2 3
99 30 0.432 2 1
215 30 1.265 2 0
196 30 0.807 2 0
17 15 0.055 2 0
20 10 0.107 2 3
29 22 0.152 2 3
64 5 0.288 2 4
138 52 0.465 2 0
39 5 0.255 2 3
105 10 0.420 2 1
24 40 0.126 2 0
170 15 0.556 2 4
22 52 0.149 2 3
57 70 0.193 2 1
17 10 0.111 2 3
160 10 0.800 2 3
51 40 0.200 2 1
19 70 0.085 2 1
40 30 0.260 2 0
49 30 0.263 2 3
18 52 0.064 2 1
51 100 0.167 2 1
56 10 0.264 2 3
20 15 0.064 2 0
54 100 0.331 2 3
72 15 0.231 2 4
34 5 0.114 2 0
76 5 0.288 2 3
68 30 0.245 2 4
19 15 0.090 2 3
98 30 0.443 2 4
54 30 0.258 2 0
18 22 0.113 2 1
24 40 0.094 2 3
115 30 0.714 2 3
22 52 0.078 2 0
139 5 0.591 2 4
19 70 0.067 2 1
49 5 0.246 2 1
161 10 0.516 2 0
14 70 0.093 2 4
21 10 0.134 2 3
12 52 0.067 2 4
22 52 0.149 2 3
20 10 0.066 2 3
15 100 0.052 2 0
119 100 0.459 2 1
133 70 0.393 2 0
15 52 0.077 2 0
111 22 0.384 2 3
113 15 0.441 2 1
19 70 0.096 2 0
172 100 1.068 2 1
19 30 0.078 2 3
230 5 1.285 2 1
17 22 0.101 2 0
11 52 0.053 2 4
26 22 0.146 2 3
21 10 0.120 2 4
116 30 0.395 2 1
190 5 0.594 2 0
190 15 0.683 2 3
25 40 0.099 2 1
61 5 0.359 2 1
39 15 0.116 2 3
22 40 0.074 2 4
168 5 0.496 2 3
20 52 0.109 2 4
18 5 0.067 2 3
15 22 0.052 2 4
15 40 0.096 2 0
138 100 0.683 2 0
15 15 0.077 2 0
52 22 0.291 2 3
19 52 0.103 2 4
164 100 0.959 2 0
58 70 0.328 2 0
278 70 1.759 2 0
70 70 0.233 2 1
99 22 0.352 2 3
75 5 0.230 2 0
122 40 0.394 2 3
14 22 0.044 2 4
195 30 1.154 2 4
24 10 0.132 2 0
319 5 1.063 2 3
19 5 0.059 2 0
45 10 0.207 2 1
54 70 0.199 2 1
12 52 0.066 2 4
14 5 0.044 2 0
11 100 0.044 2 1
139 100 0.675 2 0
298 10 0.934 2 0
11 52 0.042 2 0
22 10 0.142 2 0
76 15 0.306 2 3
69 40 0.332 2 3
30 22 0.099 2 0
78 70 0.272 2 0
49 10 0.200 2 4
22 100 0.101 2 0
19 30 0.110 2 1
14 100 0.056 2 0
22 70 0.138 2 0
37 70 0.194 2 1
44 5 0.146 2 3
138 52 0.719 2 4
155 52 1.000 2 3
24 15 0.146 3 2
27 100 0.127 3 4
129 5 0.549 3 2
162 22 0.740 3 0
78 30 0.265 3 2
48 40 0.271 3 0
39 15 0.173 3 2
22 10 0.069 3 1
18 100 0.106 3 1
45 70 0.205 3 1
103 10 0.319 3 0
28 22 0.086 3 0
127 52 0.738 3 0
29 40 0.106 3 2
184 52 0.639 3 4
144 22 0.878 3 1
18 30 0.058 3 0
66 15 0.215 3 4
153 40 0.602 3 0
17 70 0.089 3 2
18 10 0.117 3 2
15 100 0.046 3 2
14 70 0.062 3 2
15 30 0.092 3 0
306 30 1.027 3 0
25 22 0.156 3 0
68 70 0.354 3 4
21 5 0.067 3 2
114 10 0.349 3 1
20 100 0.106 3 1
17 30 0.053 3 4
33 100 0.117 3 0
19 5 0.123 3 0
11 100 0.034 3 0
15 70 0.071 3 2
45 30 0.251 3 4
39 5 0.121 3 0
45 15 0.247 3 0
57 30 0.233 3 0
98 5 0.478 3 4
74 10 0.404 3 0
28 40 0.090 3 0
105 22 0.341 3 0
22 15 0.069 3 1
307 52 1.213 3 2
14 15 0.057 3 0
64 100 0.255 3 2
58 30 0.188 3 1
208 40 0.863 3 4
29 70 0.142 3 1
177 40 0.763 3 1
154 40 0.681 3 4
241 15 1.443 3 1
19 10 0.065 3 0
310 30 1.845 3 0
167 5 0.630 3 0
49 70 0.236 3 4
20 52 0.107 3 0
139 40 0.563 3 1
226 70 1.527 3 4
29 52 0.109 3 0
24 30 0.151 3 0
17 5 0.062 3 0
238 30 1.360 3 4
38 30 0.113 3 2
16 22 0.089 3 0
27 30 0.159 3 2
36 70 0.207 3 4
45 30 0.195 3 4
293 40 0.997 3 2
33 100 0.102 3 0
76 10 0.280 3 4
14 52 0.058 3 4
45 5 0.146 3 1
45 70 0.207 3 0
115 15 0.516 3 0
72 30 0.365 3 0
73 5 0.365 3 0
20 15 0.078 3 2
274 10 1.384 3 4
81 40 0.448 3 0
63 70 0.250 3 0
123 15 0.439 3 4
201 22 0.845 3 0
29 22 0.128 3 1
33 5 0.181 3 0
46 22 0.277 3 4
12 30 0.074 3 0
13 22 0.058 3 0
56 15 0.192 3 2
187 5 0.708 3 0
199 70 0.793 3 1
29 15 0.173 3 0
78 30 0.481 3 0
78 40 0.332 3 2
213 22 1.430 3 2
295 5 0.931 3 2
33 100 0.154 3 4
36 52 0.146 3 4
13 5 0.064 3 0
55 22 0.237 3 0
73 10 0.480 3 1
190 22 0.676 3 0
43 52 0.142 3 4
163 100 0.570 3 1
23 10 0.082 3 0
13 30 0.042 3 1
38 52 0.119 3 1
65 100 0.217 3 1
60 5 0.380 3 2
76 22 0.261 3 1
169 5 0.663 3 0
116 100 0.655 3 1
17 100 0.059 3 1
121 15 0.395 3 0
18 22 0.062 3 1
120 52 0.594 3 2
46 70 0.224 3 2
58 40 0.180 3 0
37 40 0.248 3 0
48 22 0.230 3 2
14 70 0.077 3 0
31 15 0.208 3 0
57 70 0.333 3 0
74 5 0.242 3 4
20 100 0.127 3 4
157 5 0.538 3 0
52 22 0.212 3 1
46 30 0.166 3 0
39 40 0.133 3 0
36 40 0.207 3 2
14 10 0.053 3 2
55 70 0.197 3 1
169 70 0.786 3 0
36 15 0.157 3 4
18 22 0.066 3 0
98 70 0.624 3 1
38 22 0.204 3 2
129 40 0.576 3 1
32 52 0.109 3 2
56 100 0.359 3 1
16 40 0.058 3 0
35 10 0.106 3 1
16 10 0.072 3 0
43 100 0.270 3 4
106 100 0.344 3 2
122 15 0.498 3 4
27 10 0.103 3 4
67 30 0.362 3 1
53 52 0.335 3 1
33 70 0.112 3 0
23 100 0.075 3 4
19 10 0.068 3 4
27 40 0.091 3 0
42 15 0.162 3 4
15 52 0.046 3 4
33 40 0.114 3 0
38 40 0.189 3 0
52 5 0.338 3 2
36 52 0.206 3 4
165 30 0.591 3 0
68 22 0.393 3 0
31 15 0.097 3 2
29 15 0.152 3 0
77 100 0.478 3 2
121 15 0.378 3 0
288 22 1.303 3 2
126 15 0.452 3 0
71 15 0.261 3 4
72 22 0.282 3 0
20 40 0.073 3 2
52 100 0.265 3 0
29 30 0.096 3 1
38 22 0.167 3 1
29 40 0.169 3 0
14 22 0.042 3 2
95 10 0.351 3 1
66 70 0.256 3 4
141 52 0.502 3 4
187 52 1.206 3 1
65 70 0.319 3 0
34 15 0.197 3 0
59 52 0.371 3 1
10 100 0.065 3 0
66 70 0.299 3 2
173 40 0.534 3 2
309 52 0.990 3 0
121 100 0.684 3 0
13 30 0.047 3 0
50 52 0.172 3 4
149 15 0.550 3 4
143 100 0.688 3 4
17 10 0.066 3 0
12 52 0.036 3 2
14 15 0.055 3 2
109 5 0.335 3 4
47 52 0.170 3 4
14 30 0.047 3 4
18 40 0.092 3 0
125 70 0.598 3 0
58 22 0.188 3 0
90 70 0.577 3 2
24 5 0.148 3 0
198 5 0.839 3 0
73 10 0.273 3 2
12 70 0.070 3 4
16 70 0.088 3 0
39 10 0.264 3 0
15 15 0.064 3 0
13 40 0.052 3 2
79 100 0.302 3 0
19 22 0.081 3 0
45 10 0.292 3 2
48 10 0.151 3 1
15 100 0.069 3 1
134 40 0.528 3 2
45 22 0.164 3 0
168 100 1.043 3 0
34 52 0.116 3 4
80 30 0.468 3 0
24 30 0.089 3 4
52 100 0.177 3 1
103 52 0.377 3 1
74 10 0.341 3 4
11 40 0.048 3 2
43 22 0.195 3 2
133 30 0.408 3 0
153 10 0.905 3 4
77 15 0.286 3 4
221 100 1.122 3 4
19 22 0.077 3 4
18 15 0.063 3 4
10 10 0.068 3 4
61 22 0.228 3 0
22 30 0.113 3 0
151 70 0.519 3 1
106 100 0.332 3 0
196 40 0.751 3 2
13 30 0.074 3 0
19 52 0.109 3 0
72 5 0.450 3 0
129 22 0.750 3 1
14 15 0.068 3 1
60 5 0.370 3 0
256 100 1.286 3 4
18 70 0.063 3 1
33 15 0.166 3 4
35 15 0.145 3 0
22 22 0.120 3 2
17 40 0.076 3 0
18 5 0.057 3 0
116 10 0.530 3 0
162 5 0.717 3 2
44 22 0.288 3 2
38 70 0.176 3 2
35 70 0.126 3 1
146 100 0.764 3 0
15 22 0.083 3 0
16 52 0.102 3 2
285 40 0.882 3 4
24 70 0.101 3 0
16 22 0.070 3 1
32 15 0.152 3 1
18 40 0.068 3 4
31 70 0.162 3 0
189 70 0.765 3 0
15 30 0.094 3 2
74 52 0.392 3 0
19 70 0.070 3 1
88 15 0.540 3 0
46 5 0.272 3 0
17 15 0.051 3 1
28 70 0.120 3 1
13 30 0.047 3 2
49 40 0.167 3 0
30 30 0.095 3 0
210 30 1.117 3 2
158 5 0.505 3 0
12 52 0.058 3 1
39 100 0.174 3 1
46 10 0.190 3 1
104 22 0.307 3 1
33 15 0.096 3 0
125 30 0.405 3 0
45 100 0.181 3 1
58 100 0.271 3 0
76 15 0.319 3 2
164 22 0.508 3 1
11 100 0.048 3 1
11 15 0.037 3 2
175 40 0.738 3 0
136 30 0.586 3 1
14 70 0.073 3 4
40 100 0.166 3 1
28 15 0.117 3 0
52 22 0.176 3 0
115 100 0.449 3 0
58 100 0.226 3 1
98 100 0.658 3 2
31 30 0.129 3 2
124 5 0.440 3 0
179 15 0.673 3 1
116 52 0.535 3 0
282 30 1.699 3 2
38 40 0.118 3 2
124 22 0.756 3 0
18 22 0.116 3 0
18 100 0.054 3 1
35 70 0.141 3 4
263 22 1.179 3 4
23 5 0.102 3 2
116 15 0.468 3 2
131 30 0.487 3 0
18 40 0.122 3 0
24 70 0.072 3 2
105 30 0.700 3 2
86 30 0.386 3 4
136 70 0.493 3 2
30 100 0.088 3 0
50 70 0.273 3 0
37 5 0.156 3 0
275 5 0.902 3 0
78 30 0.390 3 4
76 15 0.241 3 4
150 5 0.898 3 2
256 5 1.036 3 4
11 70 0.072 3 2
10 30 0.040 3 0
16 52 0.050 3 2
38 22 0.170 3 0
31 40 0.145 3 0
133 30 0.658 3 0
18 10 0.068 3 0
15 70 0.049 3 2
11 40 0.061 3 2
279 5 1.015 3 0
337 10 1.037 3 2
13 5 0.041 3 2
281 5 1.014 3 4
154 10 0.550 3 1
71 15 0.359 3 0
25 70 0.134 3 1
11 70 0.069 3 0
46 10 0.135 3 0
22 70 0.086 3 0
22 100 0.094 3 0
15 100 0.044 3 0
34 22 0.121 3 4
69 22 0.451 3 2
127 100 0.694 3 4
74 40 0.339 3 4
126 40 0.370 3 1
11 22 0.037 3 1
87 40 0.263 3 1
160 52 0.889 3 0
26 5 0.154 3 2
13 22 0.041 3 0
16 22 0.072 3 2
28 22 0.156 3 4
11 5 0.035 3 1
15 15 0.056 3 0
100 22 0.388 3 4
160 22 0.865 3 4
15 100 0.046 3 2
12 10 0.059 3 0
20 22 0.079 3 2
45 52 0.173 3 1
197 70 0.838 3 0
27 70 0.129 3 2
14 5 0.068 3 2
141 52 0.478 3 4
72 22 0.356 3 2
17 15 0.073 3 2
31 15 0.107 3 4
188 70 0.644 3 4
189 30 0.711 3 4
197 70 0.835 3 0
30 70 0.172 3 4
164 40 0.927 3 1
14 15 0.054 3 4
23 40 0.117 3 4
11 70 0.035 3 2
29 5 0.092 3 2
35 15 0.119 3 4
182 10 0.578 3 4
61 30 0.407 3 4
13 30 0.040 3 0
184 10 0.807 3 4
149 15 0.447 3 4
17 70 0.107 3 0
170 15 1.056 3 4
70 70 0.257 3 0
21 15 0.095 3 0
38 22 0.178 3 0
19 15 0.056 3 0
42 5 0.197 3 0
111 10 0.489 3 2
19 70 0.110 3 2
28 5 0.085 3 0
72 10 0.299 3 1
19 22 0.088 3 0
28 5 0.084 3 4
140 70 0.435 3 1
13 5 0.050 3 0
40 30 0.268 3 1
31 70 0.095 3 4
318 15 1.963 3 4
10 40 0.037 3 1
139 100 0.927 3 1
31 30 0.096 3 0
74 10 0.222 3 4
17 10 0.052 3 1
14 52 0.067 3 2
34 100 0.113 3 1
37 5 0.136 3 4
71 10 0.408 3 1
230 70 0.757 3 2
16 100 0.067 3 1
21 40 0.133 3 0
191 22 1.098 3 2
316 10 1.071 3 0
71 40 0.438 3 1
40 5 0.133 3 1
18 30 0.063 3 1
194 15 0.669 3 1
26 15 0.151 3 1
226 30 0.869 3 0
28 10 0.095 3 2
60 5 0.200 3 4
172 70 0.632 3 0
68 70 0.255 3 0
16 100 0.068 3 0
81 5 0.348 3 0
17 5 0.055 3 2
194 52 0.833 3 0
61 52 0.198 3 4
235 15 1.306 3 2
21 52 0.083 3 2
37 15 0.135 3 1
45 40 0.209 3 0
311 100 1.178 3 4
39 52 0.260 3 4
74 15 0.247 3 0
113 30 0.362 3 4
36 100 0.218 3 1
137 100 0.422 3 0
15 15 0.044 3 0
28 100 0.092 3 2
191 100 1.232 3 0
238 40 0.971 3 0
174 52 0.825 3 4
92 10 0.590 3 1
10 52 0.034 3 0
43 5 0.270 3 1
77 15 0.389 3 0
63 10 0.348 3 2
36 52 0.225 3 1
15 10 0.090 3 0
20 40 0.106 3 2
18 70 0.054 3 2
60 70 0.283 3 1
20 5 0.107 3 1
42 10 0.184 3 0
77 100 0.428 3 2
223 40 0.851 3 1
40 10 0.250 3 2
91 70 0.302 3 4
134 10 0.893 3 4
59 52 0.399 3 4
18 15 0.058 3 1
19 10 0.061 3 2
140 5 0.558 3 0
27 15 0.130 3 2
12 70 0.055 3 2
18 70 0.077 3 2
52 40 0.252 3 0
63 52 0.193 3 0
18 30 0.115 3 1
14 5 0.059 3 1
265 10 1.312 3 0
33 22 0.150 3 1
135 70 0.776 3 1
160 30 0.640 3 0
26 5 0.097 3 0
335 52 1.284 3 0
33 15 0.106 3 1
17 30 0.056 3 4
284 52 0.919 3 2
62 52 0.395 3 4
107 100 0.379 3 0
20 100 0.081 3 4
48 5 0.271 3 4
223 30 0.708 3 1
71 52 0.345 3 0
31 15 0.119 3 0
42 30 0.266 3 1
29 30 0.179 3 1
20 70 0.086 3 4
18 52 0.071 3 0
48 15 0.324 3 4
156 5 0.658 3 4
17 70 0.084 3 4
303 100 1.478 3 0
25 30 0.084 3 1
34 40 0.212 3 0
56 15 0.255 3 0
17 5 0.086 3 4
111 30 0.721 3 0
35 10 0.176 3 4
37 10 0.113 3 2
19 52 0.067 3 1
61 70 0.213 3 0
18 10 0.107 3 0
46 5 0.220 3 0
26 15 0.088 3 1
39 30 0.125 3 0
72 100 0.246 3 4
11 70 0.041 3 2
113 100 0.349 3 0
114 70 0.713 3 1
304 100 1.567 3 0
84 15 0.486 3 1
128 5 0.492 3 1
34 10 0.129 3 2
12 10 0.061 3 0
187 10 0.628 3 4
68 5 0.212 3 0
112 30 0.528 3 2
36 100 0.197 3 0
124 100 0.434 3 0
13 10 0.040 3 0
26 40 0.083 3 1
24 100 0.087 3 0
33 22 0.120 3 0
17 70 0.101 3 1
122 15 0.418 3 0
38 15 0.123 3 0
132 30 0.746 3 0
15 22 0.059 3 2
13 100 0.064 3 2
18 5 0.069 3 1
182 15 0.749 3 0
63 70 0.246 3 2
133 22 0.556 3 1
37 22 0.109 3 4
66 15 0.261 3 0
31 10 0.207 3 0
45 15 0.161 3 4
41 100 0.131 3 0
33 30 0.186 3 1
87 22 0.537 3 0
133 22 0.396 3 1
73 30 0.218 3 0
19 10 0.085 3 0
30 10 0.188 3 0
79 70 0.434 3 1
18 22 0.076 3 2
16 5 0.053 3 4
39 100 0.137 3 0
44 70 0.131 3 2
26 10 0.138 3 0
19 15 0.071 3 0
30 70 0.180 3 2
28 22 0.097 3 1
56 30 0.216 3 0
35 15 0.154 3 2
31 15 0.117 3 0
258 100 0.761 3 0
194 22 1.016 3 1
172 15 0.541 3 0
164 22 0.522 3 2
10 10 0.047 3 2
261 52 1.572 3 2
71 22 0.384 3 0
17 22 0.094 3 4
38 22 0.119 3 0
18 5 0.064 3 1
202 100 1.232 3 1
54 15 0.240 3 0
16 15 0.060 3 0
187 5 0.817 3 4
14 15 0.045 3 4
41 70 0.236 3 2
17 10 0.064 3 4
10 70 0.031 3 4
126 40 0.405 3 0
85 10 0.272 3 1
54 100 0.348 3 1
17 15 0.067 3 0
139 10 0.456 3 0
143 30 0.624 3 0
146 52 0.635 3 2
10 52 0.046 3 0
79 30 0.371 3 0
10 30 0.047 3 4
73 15 0.256 3 0
17 100 0.071 3 0
184 30 0.944 3 0
195 10 0.631 3 2
118 10 0.670 3 4
25 30 0.109 3 2
52 10 0.239 3 4
37 5 0.151 3 4
101 22 0.558 3 1
183 40 0.738 3 1
123 30 0.414 3 0
18 5 0.078 3 4
26 22 0.123 3 2
16 30 0.062 3 0
79 70 0.420 3 0
171 22 0.538 3 0
50 52 0.177 3 0
75 5 0.373 3 0
24 5 0.071 3 1
41 10 0.127 3 0
72 30 0.348 3 0
47 10 0.167 3 0
14 100 0.065 3 0
172 22 0.851 3 2
16 15 0.056 3 0
185 22 0.615 3 1
254 100 1.149 3 0
64 70 0.262 3 0
10 52 0.044 3 2
12 10 0.052 3 2
121 5 0.361 3 1
88 52 0.540 3 2
27 100 0.181 3 4
31 40 0.204 3 1
37 52 0.208 3 4
185 5 0.578 3 4
10 15 0.051 3 0
79 52 0.331 3 1
134 70 0.399 3 0
277 22 1.095 3 4
294 15 1.251 3 0
72 52 0.229 3 4
23 70 0.122 3 4
47 5 0.227 3 2
34 30 0.189 3 1
17 5 0.065 3 1
69 10 0.397 3 4
15 5 0.057 3 0
25 52 0.075 3 4
59 22 0.182 3 4
25 52 0.138 3 2
190 22 1.118 3 2
26 15 0.174 3 4
21 40 0.126 3 0
26 30 0.089 3 0
15 10 0.050 3 0
60 52 0.323 3 1
301 40 1.000 3 2
14 40 0.058 3 2
60 10 0.175 3 0
19 5 0.084 3 0
69 10 0.329 3 0
16 5 0.052 3 0
140 15 0.423 3 1
20 10 0.072 3 4
25 40 0.080 3 4
17 30 0.050 3 0
72 100 0.308 3 0
277 100 1.834 3 0
15 15 0.080 3 1
59 30 0.226 3 0
331 40 1.015 3 0
23 100 0.112 3 1
16 5 0.083 3 4
10 30 0.041 3 4
154 15 0.602 3 2
32 100 0.105 3 1
233 70 1.084 3 0
13 30 0.039 3 1
30 5 0.122 3 1
72 5 0.225 3 1
13 40 0.048 3 1
315 22 1.821 3 4
196 52 1.048 3 2
10 40 0.034 3 2
33 15 0.214 3 2
171 22 0.868 3 4
19 30 0.077 3 0
16 40 0.086 3 1
260 100 1.182 3 1
42 30 0.147 3 0
14 22 0.045 3 2
119 22 0.384 3 1
61 15 0.243 3 0
30 30 0.153 3 4
58 22 0.233 3 2
162 22 0.704 3 1
14 30 0.067 3 0
28 30 0.130 3 4
111 70 0.376 3 0
27 10 0.174 3 0
57 70 0.385 3 1
28 15 0.113 3 0
211 70 0.841 3 2
13 40 0.038 3 0
32 10 0.129 3 1
45 30 0.171 3 1
298 52 0.906 3 0
11 15 0.034 3 0
27 5 0.102 3 1
15 40 0.063 3 4
288 52 1.247 3 2
98 5 0.510 3 4
20 52 0.094 3 4
244 30 1.363 3 0
35 10 0.124 3 4
51 5 0.230 3 0
139 5 0.638 3 4
17 22 0.088 3 4
44 100 0.226 3 0
28 22 0.137 3 4
24 40 0.091 3 0
169 5 0.681 3 0
196 30 0.582 3 0
56 5 0.218 3 0
65 10 0.202 3 2
16 40 0.099 3 1
46 30 0.238 3 1
10 15 0.033 3 4
39 30 0.139 3 0
65 30 0.230 3 2
197 52 1.088 3 0
142 52 0.449 3 2
30 10 0.093 3 1
18 52 0.056 3 0
169 40 0.635 3 2
176 30 1.086 3 4
30 100 0.108 3 0
19 10 0.084 3 0
214 70 0.648 3 1
25 5 0.106 3 0
179 10 0.836 3 1
16 100 0.048 3 1
44 10 0.163 3 4
132 30 0.629 3 0
11 40 0.054 3 1
59 52 0.369 3 1
145 22 0.690 3 0
124 52 0.701 3 1
325 100 0.970 3 4
32 10 0.158 3 0
55 70 0.194 3 1
16 100 0.107 3 0
13 52 0.044 3 0
17 52 0.078 3 2
36 15 0.111 3 0
11 70 0.042 3 1
13 100 0.039 3 0
67 52 0.205 3 0
11 5 0.042 3 4
252 52 0.966 3 4
60 52 0.193 3 2
138 15 0.413 3 0
287 70 1.414 3 0
32 30 0.099 3 0
11 10 0.066 3 4
18 70 0.115 3 4
22 22 0.084 3 0
37 52 0.192 3 1
34 100 0.170 3 2
97 15 0.406 3 0
72 100 0.257 3 2
56 100 0.216 3 0
26 22 0.112 3 0
13 15 0.040 3 1
35 70 0.132 3 0
13 70 0.062 3 2
12 40 0.036 3 0
12 5 0.037 3 2
15 15 0.053 3 1
13 10 0.057 3 0
35 40 0.126 3 4
38 15 0.119 3 2
242 30 1.152 3 1
72 40 0.269 3 4
27 22 0.152 3 0
81 100 0.339 3 4
32 52 0.113 3 4
70 22 0.307 3 4
14 100 0.043 3 2
20 100 0.065 3 0
10 10 0.042 3 0
198 5 0.688 3 4
15 10 0.066 3 0
66 52 0.267 3 1
30 70 0.112 3 2
20 70 0.101 3 0
45 70 0.134 3 4
34 10 0.175 3 4
21 100 0.096 3 1
11 52 0.057 3 2
14 100 0.068 3 2
163 52 0.738 3 0
30 70 0.145 3 0
70 100 0.310 3 0
34 5 0.224 3 4
104 70 0.444 3 0
19 10 0.071 3 2
18 52 0.094 3 0
21 22 0.086 3 2
200 10 1.000 3 0
11 52 0.052 3 0
15 30 0.069 3 1
38 40 0.163 3 0
49 15 0.262 3 1
13 52 0.062 3 2
58 15 0.196 3 1
21 5 0.065 3 0
31 70 0.134 3 4
147 100 0.448 3 2
40 10 0.165 3 4
154 52 0.535 3 0
44 70 0.142 3 0
32 100 0.120 3 1
16 100 0.068 3 0
36 15 0.141 3 2
78 52 0.269 3 2
39 40 0.131 3 2
157 100 0.613 3 0
18 40 0.053 3 0
54 15 0.169 3 0
17 40 0.091 3 0
28 40 0.137 3 0
99 10 0.381 3 4
12 15 0.036 3 0
63 15 0.296 3 2
72 40 0.465 3 1
11 70 0.048 3 0
35 30 0.156 3 0
10 70 0.034 3 0
199 70 0.701 3 1
58 5 0.188 3 2
309 70 1.689 3 4
10 5 0.041 3 1
19 40 0.105 3 0
32 15 0.148 3 1
13 70 0.056 3 0
48 70 0.202 3 0
22 40 0.070 3 0
83 70 0.244 3 1
18 40 0.113 3 0
15 22 0.045 3 1
10 70 0.054 3 0
17 15 0.056 3 1
136 100 0.586 3 0
12 70 0.035 3 0
23 100 0.071 3 0
126 5 0.381 3 4
26 10 0.097 3 2
280 22 0.872 3 1
77 100 0.254 3 0
23 30 0.081 3 0
142 5 0.673 3 0
22 100 0.096 3 1
10 5 0.035 3 0
15 52 0.055 3 2
18 15 0.082 3 1
51 30 0.169 3 2
80 100 0.471 3 4
23 52 0.143 3 2
35 70 0.126 3 2
13 10 0.039 3 0
18 40 0.070 3 2
133 100 0.480 3 1
33 15 0.107 3 0
17 52 0.088 3 0
74 5 0.270 3 4
44 5 0.179 3 4
27 22 0.127 3 2
93 30 0.363 3 0
108 100 0.667 3 0
73 70 0.250 3 4
47 10 0.169 3 4
19 15 0.093 3 4
25 40 0.086 3 2
59 5 0.177 3 2
39 52 0.212 3 0
29 15 0.114 3 0
17 10 0.098 3 4
71 5 0.329 3 2
50 40 0.244 3 0
149 5 0.467 3 1
103 15 0.383 3 4
58 5 0.206 3 1
206 5 0.834 3 1
193 5 0.613 3 4
58 15 0.262 3 1
14 30 0.079 3 0
66 10 0.200 3 4
68 22 0.372 3 0
50 5 0.282 3 0
25 22 0.084 3 0
18 30 0.097 3 0
93 52 0.541 3 4
29 22 0.088 3 0
16 40 0.096 3 1
30 15 0.091 3 1
31 5 0.125 3 0
10 10 0.042 3 4
13 70 0.061 3 1
11 100 0.070 3 0
82 10 0.314 3 2
31 15 0.091 3 0
15 40 0.052 3 2
19 70 0.100 3 4
10 15 0.035 3 4
271 15 0.894 3 0
46 40 0.185 3 1
44 40 0.206 3 0
10 5 0.045 3 4
26 22 0.092 3 0
48 52 0.143 3 0
28 22 0.179 3 4
16 30 0.057 3 2
162 30 0.827 3 0
11 70 0.074 3 1
63 10 0.368 3 0
82 15 0.258 3 4
36 52 0.109 3 4
177 5 0.816 3 0
49 52 0.297 3 2
48 15 0.171 3 4
86 70 0.293 3 2
146 52 0.621 3 0
60 30 0.189 3 1
30 40 0.108 3 0
38 10 0.122 3 1
14 30 0.056 3 1
52 100 0.207 3 4
190 22 0.722 3 0
36 70 0.112 3 0
121 100 0.392 3 0
15 15 0.048 3 4
304 5 0.933 3 4
134 15 0.905 3 2
20 30 0.068 3 2
24 52 0.086 3 0
16 100 0.054 3 2
191 40 0.654 3 1
99 70 0.289 3 2
13 10 0.051 3 2
79 30 0.241 3 0
161 100 0.847 3 1
178 10 0.571 3 2
46 22 0.236 3 1
82 70 0.307 3 4
13 22 0.087 3 4
19 10 0.075 3 4
40 70 0.118 3 0
13 5 0.059 3 2
18 52 0.106 3 0
114 52 0.415 3 4
28 5 0.087 3 4
72 5 0.304 3 2
14 40 0.089 3 0
72 10 0.346 3 4
165 10 0.543 3 0
183 40 0.581 3 2
222 52 1.116 3 0
50 70 0.294 3 4
11 40 0.054 3 0
325 22 1.786 3 0
12 100 0.037 3 4
13 70 0.040 3 4
63 5 0.190 3 0
12 5 0.071 3 0
71 10 0.268 3 0
75 15 0.236 3 1
15 10 0.054 3 1
49 10 0.329 3 4
222 15 1.014 3 1
57 70 0.206 3 0
51 52 0.159 3 0
66 100 0.363 3 4
58 5 0.191 3 4
12 22 0.063 3 0
36 22 0.217 3 0
68 10 0.306 3 2
60 30 0.231 3 4
76 15 0.274 3 0
45 10 0.208 3 0
27 5 0.104 3 4
269 10 0.841 3 0
130 22 0.464 3 1
75 15 0.283 3 1
11 100 0.061 3 0
16 70 0.098 3 4
34 22 0.148 3 2
12 40 0.037 3 2
33 40 0.217 3 2
115 40 0.336 3 0
24 30 0.097 3 4
107 10 0.421 3 2
31 15 0.161 3 2
135 5 0.409 3 0
85 5 0.277 3 1
32 40 0.097 3 0
32 40 0.124 3 1
52 100 0.292 3 0
62 100 0.337 3 2
11 52 0.050 3 2
95 10 0.357 3 2
17 15 0.065 3 2
17 15 0.077 3 1
215 52 0.714 3 1
22 30 0.094 3 0
32 52 0.159 3 2
32 15 0.168 3 1
170 70 1.000 3 0
25 15 0.084 3 1
287 10 0.986 3 1
189 52 0.589 3 1
34 52 0.157 3 4
25 15 0.113 3 1
33 30 0.099 3 0
316 52 1.463 3 1
28 10 0.141 3 2
157 22 0.502 3 2
134 15 0.585 3 4
28 52 0.178 3 2
90 15 0.533 3 1
26 10 0.083 3 4
62 52 0.272 3 2
94 52 0.405 3 2
42 100 0.264 3 1
199 70 1.099 3 0
25 22 0.098 3 4
296 5 1.000 3 1
26 22 0.091 3 2
48 100 0.151 3 1
140 70 0.596 3 0
141 30 0.547 3 4
32 40 0.121 3 0
25 100 0.100 3 0
234 30 0.848 3 0
25 40 0.135 3 0
126 30 0.492 3 0
153 100 0.777 3 4
31 52 0.201 3 4
117 30 0.529 3 0
25 15 0.078 3 0
42 5 0.259 3 0
19 30 0.071 3 4
38 22 0.220 3 0
36 10 0.121 3 1
78 15 0.318 3 4
12 5 0.038 3 1
12 70 0.050 3 4
133 10 0.470 3 2
182 5 1.190 3 0
153 10 0.659 3 2
10 22 0.037 3 0
59 40 0.173 3 0
68 100 0.204 3 1
186 70 0.631 3 0
13 30 0.057 3 0
162 10 1.059 3 0
12 22 0.044 3 2
169 5 0.493 3 1
198 40 0.611 3 1
11 52 0.044 3 1
20 5 0.072 3 2
16 15 0.077 3 2
17 52 0.073 3 4
75 52 0.255 3 1
19 52 0.100 3 2
14 30 0.092 3 0
124 30 0.515 3 2
263 22 0.996 3 2
69 100 0.240 3 0
38 70 0.145 3 0
10 30 0.035 3 2
258 100 1.323 3 1
42 30 0.181 3 1
45 70 0.153 3 1
37 100 0.142 3 0
182 40 0.788 3 0
123 22 0.530 3 0
36 22 0.176 3 1
24 10 0.088 3 4
67 5 0.340 3 0
97 70 0.511 3 1
154 15 0.681 3 1
74 40 0.468 3 0
13 22 0.053 3 0
16 22 0.064 3 0
39 52 0.146 3 0
14 10 0.054 4 2
102 30 0.420 4 2
10 5 0.042 4 0
37 22 0.131 4 1
10 10 0.043 4 0
102 52 0.368 4 0
44 10 0.254 4 3
154 10 0.452 4 2
21 52 0.074 4 2
15 22 0.052 4 0
298 5 0.882 4 1
13 15 0.061 4 1
15 15 0.096 4 0
55 40 0.340 4 2
17 70 0.112 4 2
163 100 0.886 4 0
31 30 0.107 4 1
312 5 1.705 4 3
19 5 0.064 4 0
64 52 0.430 4 2
32 5 0.107 4 3
33 15 0.113 4 0
27 30 0.121 4 0
72 22 0.281 4 0
199 5 0.713 4 3
14 10 0.074 4 1
172 5 0.729 4 0
76 15 0.494 4 1
17 5 0.061 4 2
88 10 0.393 4 0
11 10 0.051 4 0
30 100 0.088 4 0
235 30 1.291 4 3
106 70 0.567 4 2
29 40 0.114 4 0
21 22 0.081 4 0
163 70 0.608 4 0
97 15 0.485 4 1
35 15 0.172 4 0
190 70 0.681 4 2
25 15 0.141 4 3
19 10 0.104 4 2
29 10 0.112 4 0
69 100 0.272 4 2
21 15 0.085 4 1
18 22 0.094 4 0
35 40 0.136 4 3
13 100 0.076 4 2
64 10 0.229 4 0
24 40 0.095 4 3
37 15 0.142 4 1
39 15 0.123 4 1
267 5 1.064 4 1
37 52 0.123 4 2
148 22 0.548 4 1
175 70 1.182 4 3
41 40 0.131 4 1
69 10 0.216 4 3
11 52 0.034 4 1
116 5 0.475 4 0
98 40 0.624 4 0
15 40 0.049 4 0
29 22 0.196 4 0
29 5 0.104 4 2
156 10 0.600 4 2
53 40 0.312 4 1
21 15 0.066 4 3
145 5 0.659 4 0
95 52 0.333 4 0
49 22 0.274 4 3
179 5 0.552 4 0
28 52 0.151 4 1
136 30 0.531 4 0
29 70 0.088 4 0
14 30 0.050 4 3
23 15 0.100 4 0
65 5 0.322 4 0
94 40 0.435 4 3
15 30 0.071 4 1
299 52 1.608 4 0
71 22 0.241 4 3
273 15 0.907 4 3
179 52 0.649 4 1
33 30 0.221 4 2
241 5 1.081 4 2
35 100 0.109 4 1
234 100 1.073 4 2
15 5 0.066 4 2
22 40 0.094 4 0
35 5 0.113 4 3
15 30 0.068 4 3
12 10 0.052 4 0
35 5 0.154 4 0
130 10 0.677 4 0
36 30 0.166 4 0
48 100 0.238 4 3
29 10 0.087 4 0
71 100 0.333 4 3
18 5 0.053 4 0
12 10 0.045 4 0
187 5 1.056 4 1
239 15 0.895 4 0
63 40 0.303 4 2
197 100 0.738 4 3
11 52 0.046 4 0
38 70 0.130 4 2
65 40 0.328 4 0
22 5 0.070 4 3
10 30 0.030 4 1
18 5 0.103 4 3
24 5 0.080 4 3
51 40 0.285 4 0
32 30 0.110 4 1
19 5 0.086 4 0
94 100 0.508 4 3
15 100 0.047 4 1
25 30 0.140 4 2
30 22 0.192 4 3
57 100 0.345 4 3
10 22 0.045 4 0
28 22 0.095 4 3
18 52 0.060 4 3
41 15 0.121 4 0
100 22 0.610 4 0
21 5 0.084 4 3
325 22 0.950 4 1
65 15 0.221 4 1
241 40 1.121 4 2
76 52 0.277 4 3
19 10 0.082 4 0
174 5 1.006 4 3
226 40 1.071 4 0
161 10 0.553 4 2
81 40 0.279 4 0
17 15 0.051 4 3
78 70 0.293 4 0
18 5 0.062 4 2
20 22 0.059 4 2
24 52 0.085 4 3
10 15 0.058 4 3
12 30 0.035 4 2
77 5 0.268 4 2
151 70 0.637 4 0
70 22 0.268 4 0
75 5 0.352 4 3
26 5 0.176 4 0
19 100 0.091 4 0
25 40 0.104 4 0
33 100 0.168 4 0
225 52 1.264 4 3
18 30 0.058 4 1
190 15 0.722 4 3
53 30 0.210 4 1
23 40 0.070 4 3
21 22 0.069 4 1
15 30 0.074 4 1
265 10 0.775 4 0
32 30 0.199 4 3
74 70 0.332 4 2
22 5 0.064 4 0
63 15 0.243 4 0
39 5 0.170 4 0
63 30 0.354 4 2
59 52 0.230 4 1
23 100 0.119 4 3
15 22 0.047 4 0
294 100 1.081 4 2
38 30 0.158 4 2
12 15 0.040 4 0
18 22 0.097 4 0
143 5 0.507 4 0
39 40 0.169 4 1
27 22 0.158 4 1
41 22 0.203 4 2
31 100 0.173 4 0
277 100 1.489 4 1
67 22 0.414 4 1
72 100 0.237 4 1
18 15 0.101 4 0
25 15 0.078 4 0
299 40 1.294 4 3
36 52 0.168 4 2
32 10 0.195 4 0
25 15 0.088 4 0
72 30 0.238 4 1
72 15 0.436 4 2
13 5 0.059 4 0
27 22 0.081 4 0
20 70 0.123 4 3
117 100 0.722 4 1
55 70 0.174 4 2
128 100 0.444 4 2
75 30 0.312 4 3
82 5 0.287 4 2
89 100 0.553 4 0
30 15 0.133 4 2
24 52 0.075 4 1
55 22 0.252 4 0
67 40 0.368 4 1
24 22 0.073 4 3
16 52 0.079 4 0
76 40 0.481 4 0
17 30 0.065 4 1
120 52 0.417 4 1
10 22 0.042 4 3
70 70 0.266 4 1
56 10 0.258 4 1
32 70 0.155 4 0
15 22 0.045 4 1
69 22 0.214 4 0
16 15 0.092 4 3
28 70 0.139 4 3
19 52 0.087 4 1
17 30 0.078 4 0
244 52 0.753 4 3
14 5 0.060 4 0
40 15 0.173 4 2
332 22 1.344 4 0
12 15 0.052 4 0
15 30 0.060 4 0
27 100 0.170 4 2
42 40 0.159 4 0
32 100 0.194 4 0
31 22 0.161 4 0
49 100 0.186 4 3
45 5 0.281 4 3
62 70 0.209 4 1
128 30 0.481 4 1
12 40 0.036 4 0
32 40 0.112 4 2
64 15 0.199 4 1
39 5 0.119 4 2
101 10 0.326 4 2
19 100 0.083 4 3
166 22 0.582 4 0
15 100 0.078 4 3
316 100 0.929 4 2
18 52 0.058 4 0
10 40 0.066 4 0
25 70 0.126 4 2
15 40 0.094 4 3
217 40 1.136 4 2
179 10 0.589 4 0
21 10 0.092 4 2
34 40 0.099 4 3
25 30 0.151 4 1
224 40 0.839 4 0
14 5 0.055 4 0
38 52 0.172 4 0
10 10 0.061 4 0
13 10 0.061 4 2
166 70 0.769 4 0
35 100 0.198 4 1
284 22 1.346 4 3
57 10 0.172 4 3
58 30 0.198 4 0
105 10 0.629 4 3
15 15 0.049 4 2
190 70 0.712 4 2
156 5 0.934 4 2
52 52 0.166 4 0
115 40 0.496 4 0
135 5 0.722 4 2
12 22 0.040 4 2
60 40 0.175 4 2
33 5 0.124 4 0
55 30 0.258 4 0
191 15 0.936 4 0
154 15 0.531 4 2
182 70 0.619 4 0
12 5 0.071 4 2
123 40 0.427 4 0
12 100 0.051 4 2
35 10 0.148 4 2
37 15 0.124 4 3
32 10 0.142 4 0
104 5 0.323 4 0
210 22 0.665 4 0
16 40 0.061 4 0
11 15 0.056 4 3
30 40 0.131 4 1
29 5 0.107 4 0
19 15 0.072 4 3
173 30 0.532 4 0
46 30 0.143 4 0
20 15 0.086 4 0
16 15 0.058 4 1
106 22 0.616 4 1
108 15 0.332 4 1
107 100 0.480 4 0
165 70 0.793 4 0
16 40 0.049 4 3
44 15 0.141 4 0
48 22 0.193 4 1
97 70 0.503 4 0
122 15 0.399 4 2
13 40 0.050 4 0
27 70 0.101 4 1
196 10 1.071 4 3
50 30 0.166 4 0
79 40 0.348 4 0
35 70 0.116 4 3
194 15 0.620 4 0
92 40 0.374 4 1
56 10 0.174 4 2
10 70 0.036 4 0
12 70 0.038 4 0
20 70 0.062 4 1
150 22 0.691 4 3
36 15 0.108 4 3
105 40 0.333 4 0
16 40 0.073 4 3
161 100 0.513 4 0
12 30 0.043 4 1
14 100 0.060 4 3
83 100 0.553 4 0
163 100 0.694 4 3
46 5 0.213 4 0
171 5 0.592 4 2
69 5 0.231 4 0
97 30 0.398 4 2
108 15 0.396 4 2
140 5 0.940 4 2
85 30 0.535 4 0
16 30 0.060 4 2
54 100 0.278 4 0
332 70 1.834 4 0
31 30 0.108 4 0
10 10 0.030 4 0
67 22 0.209 4 1
18 30 0.053 4 3
15 52 0.058 4 3
98 40 0.305 4 2
22 40 0.129 4 1
35 52 0.187 4 3
19 5 0.060 4 0
25 10 0.111 4 0
38 100 0.218 4 3
150 100 0.732 4 2
39 30 0.139 4 0
16 30 0.049 4 1
151 22 0.740 4 2
268 5 0.896 4 1
63 30 0.337 4 2
11 70 0.034 4 0
36 10 0.205 4 3
15 100 0.052 4 2
35 70 0.102 4 2
10 52 0.045 4 1
310 40 1.498 4 3
15 15 0.056 4 1
47 22 0.169 4 1
21 100 0.090 4 3
39 52 0.169 4 0
10 15 0.044 4 0
41 22 0.200 4 3
34 40 0.140 4 2
80 40 0.290 4 3
10 52 0.032 4 0
41 70 0.152 4 1
96 70 0.522 4 2
36 10 0.114 4 1
24 5 0.100 4 0
100 22 0.599 4 3
13 52 0.084 4 1
23 30 0.106 4 1
51 30 0.205 4 1
195 40 1.021 4 0
325 30 1.270 4 3
23 52 0.077 4 3
140 10 0.412 4 2
12 40 0.049 4 3
49 5 0.308 4 0
13 10 0.075 4 3
160 70 0.472 4 3
71 52 0.234 4 1
50 30 0.298 4 3
14 30 0.043 4 2
49 10 0.149 4 3
247 15 1.273 4 2
183 52 0.610 4 3
55 30 0.212 4 3
283 70 1.110 4 0
36 15 0.163 4 1
60 5 0.214 4 2
11 30 0.032 4 1
30 40 0.176 4 0
73 10 0.254 4 0
171 5 0.972 4 0
191 22 0.985 4 0
19 52 0.084 4 1
46 22 0.197 4 3
24 22 0.128 4 2
15 22 0.046 4 0
332 40 1.092 4 2
74 10 0.389 4 0
98 40 0.293 4 0
158 52 0.491 4 0
167 10 0.835 4 0
134 22 0.453 4 1
243 30 1.209 4 0
39 30 0.135 4 0
86 10 0.400 4 0
110 70 0.348 4 3
23 30 0.154 4 0
14 15 0.043 4 0
42 100 0.166 4 0
32 40 0.118 4 2
160 100 0.625 4 1
295 52 1.686 4 0
278 5 1.369 4 2
140 40 0.569 4 0
21 40 0.126 4 0
19 70 0.062 4 1
180 52 0.556 4 2
61 100 0.260 4 2
25 15 0.098 4 0
93 30 0.472 4 1
19 40 0.086 4 0
21 5 0.095 4 2
85 22 0.503 4 0
68 30 0.340 4 0
283 5 1.088 4 3
62 10 0.388 4 0
179 15 0.758 4 3
152 5 0.664 4 3
25 30 0.144 4 0
137 15 0.878 4 0
124 100 0.394 4 2
127 52 0.638 4 0
19 70 0.062 4 3
191 22 1.079 4 2
17 52 0.096 4 2
210 52 1.071 4 1
55 5 0.232 4 1
253 100 1.211 4 2
67 40 0.215 4 3
26 10 0.119 4 1
18 5 0.082 4 0
230 22 0.920 4 0
15 40 0.064 4 3
10 15 0.035 4 0
11 40 0.038 4 0
52 52 0.179 4 3
38 100 0.112 4 2
52 40 0.302 4 2
36 52 0.234 4 0
13 10 0.039 4 1
116 5 0.758 4 0
65 22 0.223 4 2
23 40 0.142 4 0
14 52 0.054 4 0
17 22 0.101 4 1
11 100 0.036 4 0
68 40 0.262 4 0
16 70 0.071 4 1
19 40 0.059 4 0
37 52 0.113 4 1
176 30 0.575 4 2
10 30 0.049 4 2
104 70 0.493 4 0
15 5 0.075 4 2
75 40 0.271 4 0
10 100 0.030 4 0
10 52 0.061 4 2
38 15 0.173 4 0
32 5 0.113 4 1
30 70 0.176 4 0
14 5 0.091 4 0
22 10 0.071 4 2
55 30 0.201 4 1
30 52 0.092 4 0
163 100 0.522 4 0
24 30 0.139 4 2
78 52 0.238 4 3
32 40 0.180 4 0
32 40 0.102 4 3
18 70 0.055 4 0
201 15 0.630 4 0
34 22 0.230 4 1
17 22 0.080 4 2
102 15 0.343 4 0
71 30 0.253 4 0
13 10 0.057 4 0
129 100 0.386 4 0
17 5 0.056 4 3
12 22 0.046 4 0
82 5 0.268 4 2
99 100 0.423 4 0
10 22 0.055 4 3
27 22 0.104 4 3
62 40 0.234 4 3
27 70 0.096 4 0
23 15 0.139 4 3
59 30 0.393 4 1
71 22 0.326 4 1
176 52 0.615 4 1
50 5 0.301 4 2
19 5 0.060 4 0
124 15 0.432 4 1
315 5 1.101 4 1
183 10 0.979 4 3
28 30 0.185 4 0
34 52 0.182 4 0
143 70 0.644 4 3
129 15 0.504 4 0
18 22 0.064 4 3
46 30 0.293 4 2
96 70 0.292 4 0
102 52 0.515 4 1
47 52 0.159 4 1
18 10 0.095 4 1
22 15 0.074 4 0
49 40 0.200 4 0
15 70 0.053 4 2
294 10 1.760 4 3
16 22 0.082 4 0
30 100 0.132 4 0
49 15 0.185 4 3
66 5 0.237 4 2
265 30 1.142 4 0
93 5 0.327 4 3
163 5 0.916 4 0
26 52 0.115 4 0
24 5 0.104 4 2
199 22 0.657 4 0
38 15 0.222 4 2
215 52 1.361 4 3
29 70 0.099 4 3
151 100 0.528 4 0
34 100 0.108 4 0
67 70 0.206 4 1
28 10 0.087 4 1
263 100 1.461 4 0
12 40 0.068 4 0
45 30 0.173 4 3
61 100 0.253 4 1
99 30 0.600 4 0
59 52 0.241 4 3
40 10 0.202 4 0
56 52 0.258 4 0
104 22 0.387 4 0
18 100 0.053 4 0
19 100 0.088 4 2
82 10 0.529 4 0
150 10 0.620 4 3
10 30 0.060 4 0
134 5 0.556 4 0
19 30 0.095 4 0
136 22 0.657 4 0
34 52 0.134 4 1
228 10 1.425 4 0
14 22 0.056 4 0
12 30 0.054 4 0
12 22 0.070 4 2
59 100 0.213 4 0
57 30 0.291 4 0
87 5 0.358 4 1
44 100 0.203 4 1
76 5 0.224 4 0
28 100 0.086 4 0
214 70 0.735 4 1
16 100 0.053 4 2
60 22 0.263 4 2
30 40 0.152 4 0
32 30 0.178 4 0
138 5 0.493 4 1
75 22 0.242 4 2
53 15 0.179 4 1
15 10 0.050 4 1
19 100 0.077 4 3
15 70 0.048 4 0
94 15 0.525 4 0
145 15 0.573 4 3
30 10 0.188 4 3
44 15 0.175 4 3
16 40 0.055 4 0
128 52 0.376 4 0
28 10 0.183 4 0
43 100 0.151 4 0
119 10 0.377 4 3
92 10 0.310 4 0
30 15 0.130 4 0
125 40 0.402 4 0
191 15 1.098 4 0
93 5 0.354 4 0
28 30 0.087 4 0
23 15 0.109 4 3
19 22 0.064 4 0
103 100 0.526 4 0
13 52 0.049 4 1
76 70 0.376 4 0
13 70 0.044 4 1
30 70 0.184 4 3
187 15 0.736 4 1
39 40 0.165 4 3
125 22 0.406 4 2
10 10 0.035 4 0
150 100 0.625 4 2
44 40 0.243 4 0
75 5 0.379 4 0
45 10 0.211 4 0
12 52 0.066 4 0
13 52 0.043 4 1
57 10 0.197 4 0
338 70 1.097 4 1
196 30 0.845 4 2
111 30 0.338 4 0
13 10 0.047 4 3
11 52 0.035 4 2
18 10 0.066 4 0
67 40 0.399 4 0
70 15 0.255 4 0
93 70 0.350 4 0
54 10 0.346 4 0
219 22 0.928 4 0
183 5 1.130 4 0
40 5 0.139 4 3
14 22 0.056 4 0
13 10 0.086 4 2
50 100 0.188 4 0
12 5 0.057 4 3
336 15 1.009 4 3
19 22 0.067 4 2
120 5 0.682 4 0
128 52 0.440 4 1
62 100 0.196 4 2
18 100 0.092 4 1
89 5 0.459 4 0
23 15 0.068 4 3
11 100 0.072 4 0
14 30 0.074 4 0
123 52 0.769 4 2
150 52 0.620 4 0
10 70 0.054 4 1
18 52 0.083 4 2
40 22 0.256 4 2
71 52 0.211 4 0
42 40 0.140 4 2
33 30 0.150 4 2
17 10 0.067 4 0
19 52 0.106 4 2
145 100 0.704 4 3
15 40 0.045 4 0
107 70 0.319 4 2
17 10 0.062 4 2
17 5 0.071 4 2
15 30 0.060 4 1
32 100 0.133 4 3
46 10 0.149 4 3
219 30 1.431 4 0
118 52 0.392 4 1
16 30 0.075 4 2
25 100 0.152 4 0
40 40 0.227 4 3
73 70 0.303 4 2
298 10 1.412 4 0
16 15 0.074 4 0
56 52 0.163 4 3
31 15 0.140 4 2
41 10 0.194 4 0
98 5 0.290 4 1
18 10 0.061 4 2
19 70 0.067 4 2
125 100 0.749 4 1
61 5 0.308 4 0
13 22 0.041 4 0
26 10 0.087 4 3
28 70 0.092 4 0
201 52 0.632 4 3
12 100 0.036 4 1
152 40 0.608 4 0
11 52 0.055 4 2
318 100 1.582 4 2
60 52 0.239 4 2
59 40 0.178 4 2
16 70 0.073 4 1
12 5 0.038 4 1
26 30 0.146 4 0
32 22 0.167 4 1
145 100 0.906 4 3
24 70 0.097 4 1
13 5 0.087 4 1
51 52 0.212 4 0
39 15 0.127 4 1
25 15 0.089 4 0
181 30 1.183 4 1
11 30 0.057 4 2
15 40 0.082 4 2
36 30 0.138 4 3
11 5 0.038 4 1
11 100 0.043 4 2
148 15 0.431 4 1
155 40 0.695 4 3
53 40 0.189 4 1
17 22 0.099 4 0
11 22 0.056 4 2
34 5 0.198 4 0
203 5 0.679 4 0
18 22 0.053 4 0
50 40 0.234 4 3
42 15 0.141 4 0
186 22 0.650 4 0
56 52 0.331 4 3
24 30 0.076 4 1
38 70 0.122 4 3
12 5 0.038 4 0
14 30 0.085 4 3
19 10 0.125 4 2
12 22 0.048 4 0
36 15 0.177 4 2
52 70 0.223 4 1
31 30 0.190 4 0
173 15 0.660 4 0
160 22 0.518 4 1
53 40 0.160 4 3
11 40 0.033 4 1
29 52 0.175 4 0
292 22 1.086 4 3
32 40 0.136 4 1
129 40 0.439 4 2
33 40 0.136 4 0
14 70 0.053 4 0
71 15 0.268 4 2
27 5 0.168 4 1
18 15 0.094 4 2
53 30 0.175 4 0
140 5 0.581 4 0
75 30 0.227 4 0
144 70 0.498 4 3
15 15 0.072 4 3
262 22 1.115 4 0
92 40 0.305 4 2
256 40 0.764 4 1
17 30 0.099 4 1
244 10 1.525 4 0
46 52 0.246 4 0
38 10 0.125 4 0
34 70 0.219 4 3
107 100 0.473 4 1
27 5 0.113 4 3
326 22 1.940 4 1
20 5 0.100 4 1
264 52 1.275 4 0
16 5 0.058 4 3
92 15 0.458 4 3
70 22 0.298 4 2
33 5 0.105 4 0
94 70 0.497 4 0
64 22 0.294 4 0
15 30 0.052 4 1
137 100 0.612 4 1
194 100 0.919 4 0
13 22 0.056 4 2
21 52 0.083 4 2
13 70 0.042 4 0
10 70 0.030 4 0
26 5 0.103 4 1
47 30 0.207 4 3
10 10 0.040 4 1
33 30 0.109 4 0
235 52 1.098 4 0
180 40 1.111 4 3
74 10 0.366 4 3
176 70 0.522 4 3
121 5 0.506 4 0
76 30 0.300 4 0
20 30 0.060 4 2
161 52 0.605 4 2
266 22 1.285 4 0
56 52 0.230 4 0
179 5 1.185 4 0
14 70 0.049 4 0
65 10 0.359 4 3
158 22 0.572 4 0
186 5 1.208 4 1
168 70 0.604 4 1
62 5 0.198 4 0
17 40 0.071 4 0
11 10 0.054 4 0
37 30 0.143 4 2
25 10 0.083 4 0
70 100 0.424 4 1
116 70 0.699 4 0
10 22 0.061 4 3
44 15 0.192 4 1
32 40 0.160 4 3
68 15 0.213 4 3
56 22 0.273 4 1
14 100 0.080 4 0
68 100 0.216 4 3
136 70 0.498 4 0
131 22 0.441 4 0
79 30 0.256 4 0
26 10 0.105 4 3
68 5 0.433 4 3
20 52 0.099 4 0
69 52 0.350 4 2
40 22 0.180 4 3
10 100 0.047 4 1
257 5 1.084 4 0
11 52 0.049 4 2
12 5 0.045 4 1
78 52 0.237 4 3
101 10 0.451 4 1
13 10 0.045 4 0
217 22 0.636 4 3
46 30 0.159 4 1
46 22 0.275 4 3
26 100 0.116 4 1
15 70 0.097 4 2
19 30 0.063 4 0
27 52 0.148 4 0
17 100 0.052 4 2
14 52 0.069 4 2
82 52 0.458 4 3
249 40 0.877 4 0
24 52 0.109 4 3
52 5 0.327 4 2
262 22 0.953 4 0
207 10 0.767 4 0
78 30 0.233 4 2
11 10 0.033 4 2
56 30 0.252 4 3
11 70 0.064 4 1
307 5 1.010 4 0
23 40 0.092 4 0
32 100 0.189 4 3
112 52 0.574 4 3
127 15 0.472 4 1
232 30 1.275 4 1
76 70 0.244 4 1
21 10 0.112 4 0
38 22 0.197 4 0
41 30 0.177 4 0
14 30 0.043 4 0
33 52 0.186 4 0
132 52 0.462 4 0
25 15 0.121 4 2
22 40 0.138 4 1
305 5 1.753 4 3
23 22 0.146 4 0
35 22 0.156 4 2
156 52 0.667 4 0
13 52 0.041 4 0
30 40 0.203 4 0
50 52 0.336 4 1
196 15 0.578 4 3
184 40 0.559 4 3
30 100 0.115 4 0
18 5 0.060 4 0
313 22 1.114 4 3
25 22 0.148 4 0
17 52 0.057 4 0
77 5 0.326 4 0
240 40 1.116 4 0
14 70 0.084 4 0
64 10 0.323 4 1
18 40 0.079 4 2
13 52 0.073 4 2
36 40 0.108 4 0
18 15 0.062 4 3
23 10 0.088 4 2
19 5 0.123 4 0
52 30 0.256 4 0
23 100 0.069 4 0
285 100 1.411 4 3
20 15 0.112 4 0
13 10 0.063 4 0
65 40 0.254 4 0
189 10 0.690 4 2
63 5 0.235 4 2
53 30 0.225 4 0
141 40 0.860 4 1
25 22 0.117 4 0
31 100 0.138 4 0
143 70 0.559 4 0
179 15 0.570 4 3
49 5 0.329 4 0
17 100 0.090 4 3
10 15 0.038 4 2
92 100 0.345 4 0
18 100 0.081 4 0
45 22 0.242 4 3
166 30 0.487 4 1
29 5 0.095 4 0
16 15 0.079 4 2
176 70 0.532 4 1
260 30 1.368 4 0
53 22 0.296 4 0
22 10 0.066 4 1
302 15 1.641 4 2
73 70 0.480 4 3
27 100 0.182 4 3
42 70 0.145 4 2
14 15 0.046 4 3
151 5 0.740 4 3
20 40 0.076 4 2
171 100 0.905 4 0
35 10 0.222 4 2
76 40 0.285 4 0
17 5 0.110 4 0
17 52 0.060 4 1
57 15 0.352 4 1
133 30 0.457 4 0
11 22 0.038 4 0
238 52 0.719 4 0
157 15 0.646 4 2
11 40 0.046 4 0
22 40 0.074 4 3
11 30 0.065 4 2
19 100 0.061 4 0
140 22 0.496 4 3
21 10 0.073 4 0
241 100 0.758 4 0
46 52 0.151 4 0
47 5 0.170 4 1
11 100 0.051 4 0
12 70 0.046 4 3
277 100 0.972 4 2
120 70 0.508 4 2
22 5 0.078 4 2
29 10 0.100 4 0
206 10 0.730 4 2
258 5 1.234 4 3
66 15 0.311 4 3
79 30 0.367 4 1
12 100 0.044 4 0
253 100 0.907 4 2
87 52 0.453 4 1
19 52 0.065 4 2
36 40 0.115 4 1
90 52 0.492 4 1
19 22 0.078 4 1
65 52 0.323 4 0
27 10 0.081 4 0
12 70 0.036 4 1
17 52 0.106 4 3
27 40 0.089 4 0
21 5 0.062 4 1
29 15 0.110 4 1
22 30 0.064 4 1
72 5 0.424 4 1
17 70 0.057 4 3
75 10 0.224 4 3
167 70 0.528 4 2
24 70 0.109 4 0
14 70 0.070 4 0
56 15 0.283 4 0
16 15 0.108 4 0
36 100 0.126 4 0
94 52 0.328 4 3
67 30 0.223 4 1
194 40 0.743 4 2
192 22 1.043 4 0
11 40 0.051 4 3
14 15 0.044 4 2
31 15 0.158 4 3
40 10 0.214 4 1
51 40 0.180 4 0
25 5 0.074 4 2
34 5 0.181 4 0
55 10 0.229 4 0
26 10 0.133 4 1
35 22 0.104 4 0
55 100 0.325 4 1
158 40 0.642 4 0
17 15 0.071 4 0
18 15 0.060 4 2
45 15 0.288 4 0
101 30 0.449 4 2
10 5 0.033 4 3
39 40 0.219 4 3
16 15 0.059 4 0
85 10 0.293 4 3
21 30 0.093 4 0
42 15 0.126 4 2
72 70 0.267 4 1
89 15 0.271 4 1
63 5 0.241 4 0
21 52 0.106 4 0
143 15 0.953 4 3
18 52 0.113 4 1
107 40 0.673 4 3
56 5 0.185 4 3
73 52 0.232 4 1
11 40 0.073 4 2
130 70 0.760 4 2
37 52 0.123 4 0
69 70 0.223 4 0
61 70 0.223 4 3
52 22 0.152 4 3
62 70 0.254 4 2
118 40 0.468 4 0
64 30 0.241 4 0
11 15 0.039 4 1
11 100 0.041 4 0
97 5 0.339 4 3
32 70 0.137 4 1
16 52 0.050 4 2
65 30 0.207 4 2
289 52 1.165 4 1
255 100 0.981 4 1
101 5 0.349 4 0
22 5 0.102 4 3
11 100 0.038 4 3
74 100 0.249 4 0
159 30 0.832 4 3
135 10 0.562 4 0
38 52 0.153 4 0
176 100 0.593 4 3
283 22 1.437 4 0
39 70 0.203 4 0
70 22 0.221 4 0
78 5 0.255 4 1
182 70 0.768 4 1
283 52 1.110 4 2
140 22 0.843 4 0
59 52 0.183 4 0
30 10 0.172 4 1
19 15 0.067 4 1
223 100 0.802 4 2
39 40 0.114 4 3
23 5 0.073 4 0
46 10 0.179 4 1
18 52 0.058 4 0
30 30 0.143 4 1
110 5 0.582 4 1
156 100 0.471 4 2
50 40 0.281 4 1
46 70 0.185 4 0
35 52 0.104 4 3
38 22 0.129 4 1
157 15 0.935 4 1
114 52 0.437 4 0
39 30 0.124 4 2
103 22 0.665 4 0
270 40 0.909 4 2
18 10 0.067 4 2
35 52 0.118 4 3
14 5 0.069 4 1
20 5 0.065 4 0
14 10 0.047 4 3
14 70 0.052 4 3
104 22 0.642 4 2
311 30 1.517 4 2
60 30 0.270 4 2
20 10 0.093 4 1
118 100 0.472 4 0
83 70 0.509 4 0
31 10 0.148 4 2
30 10 0.101 4 1
18 30 0.074 4 2
49 22 0.159 4 0
69 40 0.273 4 0
32 40 0.095 4 1
41 15 0.154 4 3
67 40 0.265 4 0
91 52 0.318 4 0
32 30 0.168 4 0
163 70 0.542 4 2
13 100 0.064 4 0
58 52 0.317 4 0
64 15 0.228 4 0
22 10 0.148 4 1
21 10 0.065 4 2
13 40 0.042 4 0
319 30 1.276 4 2
11 40 0.058 4 0
14 5 0.054 4 0
12 5 0.054 4 0
16 100 0.068 4 0
10 70 0.055 4 1
32 5 0.149 4 0
41 22 0.139 4 0
28 22 0.178 4 3
39 70 0.157 4 3
21 30 0.065 4 0
49 40 0.168 4 3
17 10 0.074 4 1
215 40 0.703 4 3
14 100 0.092 4 3
22 15 0.065 4 0
13 15 0.074 4 2
