163 52 0.574 0 2
35 52 0.131 0 1
27 52 0.094 0 2
17 5 0.055 0 2
31 52 0.130 0 1
21 52 0.074 0 1
35 5 0.116 0 1
164 100 0.624 0 2
113 5 0.348 0 2
75 70 0.244 0 1
186 40 0.759 0 2
76 52 0.458 0 1
74 40 0.326 0 1
19 15 0.086 0 2
129 15 0.782 0 2
24 30 0.087 0 2
30 52 0.096 0 1
37 10 0.140 0 1
21 40 0.084 0 2
146 30 0.807 0 1
30 22 0.111 0 1
266 5 1.142 0 1
61 10 0.179 0 2
85 10 0.440 0 2
191 40 1.027 0 2
89 30 0.597 0 2
174 30 1.036 0 2
18 30 0.105 0 2
41 15 0.180 0 2
293 22 0.902 0 2
89 30 0.348 0 2
45 22 0.247 0 1
62 40 0.211 0 2
28 30 0.089 0 1
55 15 0.198 0 1
16 100 0.095 0 1
105 100 0.455 0 1
156 5 0.549 0 1
10 30 0.035 0 2
12 52 0.043 0 2
18 52 0.105 0 2
51 15 0.180 0 2
26 40 0.076 0 2
192 40 0.611 0 2
219 100 1.159 0 1
182 5 0.784 0 1
79 70 0.324 0 2
90 15 0.529 0 2
15 10 0.066 0 1
10 52 0.032 0 1
12 15 0.040 0 1
184 52 0.730 0 2
19 70 0.064 0 1
49 10 0.283 0 1
15 52 0.046 0 1
23 40 0.073 0 1
33 40 0.206 0 2
120 52 0.490 0 1
40 5 0.158 0 1
19 40 0.088 0 1
139 5 0.728 0 2
51 40 0.163 0 2
39 10 0.143 0 1
49 52 0.161 0 2
168 15 0.596 0 1
107 70 0.473 0 2
28 40 0.119 0 2
169 10 0.621 0 2
154 5 0.623 0 2
134 5 0.465 0 1
33 70 0.175 0 2
107 30 0.315 0 2
18 52 0.085 0 2
119 5 0.522 0 1
26 100 0.088 0 2
161 10 0.583 0 2
128 30 0.744 0 2
19 22 0.108 0 1
11 5 0.036 0 1
93 30 0.312 0 2
174 70 0.529 0 2
15 40 0.056 0 1
155 100 0.975 0 1
25 52 0.107 0 2
13 70 0.039 0 1
37 30 0.139 0 1
70 100 0.271 0 1
13 52 0.059 0 1
14 40 0.047 0 2
170 52 0.528 0 1
56 22 0.183 0 2
31 52 0.099 0 1
69 40 0.345 0 1
181 5 0.933 0 1
168 22 0.848 0 1
302 10 1.228 0 2
12 15 0.075 0 2
38 52 0.248 0 2
51 10 0.290 0 1
75 22 0.446 0 2
19 10 0.065 0 1
56 70 0.271 0 2
47 15 0.195 0 1
19 70 0.090 0 2
115 52 0.385 0 2
64 15 0.333 0 1
18 30 0.061 0 1
29 52 0.101 0 1
191 5 0.715 0 2
36 30 0.182 0 1
11 30 0.054 0 1
56 5 0.251 0 2
25 100 0.092 0 2
59 52 0.227 0 1
77 40 0.264 0 2
190 22 0.995 0 1
11 100 0.040 0 2
13 22 0.070 0 2
85 40 0.337 0 2
32 52 0.140 0 1
37 15 0.113 0 2
215 100 0.632 0 2
25 10 0.107 0 2
12 30 0.052 0 1
14 10 0.042 0 1
35 40 0.108 0 2
18 52 0.103 0 2
70 10 0.304 0 2
66 22 0.259 0 1
32 52 0.153 0 1
74 52 0.418 0 1
31 70 0.125 0 1
19 15 0.083 0 1
29 10 0.147 0 1
33 52 0.126 0 1
58 5 0.274 0 2
18 100 0.086 0 1
159 5 0.981 0 2
300 30 1.027 0 1
25 22 0.159 0 2
66 22 0.236 0 2
144 30 0.878 0 1
237 5 0.832 0 2
19 30 0.058 0 1
24 100 0.087 0 1
16 100 0.078 0 1
34 70 0.107 0 1
143 30 0.647 0 1
35 100 0.106 0 1
47 100 0.313 0 2
69 22 0.217 0 2
37 40 0.109 0 1
12 30 0.069 0 2
339 15 1.480 0 2
43 52 0.145 0 2
16 22 0.061 0 1
54 52 0.267 0 2
16 15 0.062 0 2
15 10 0.080 0 2
73 5 0.224 0 1
225 30 0.699 0 2
77 52 0.510 0 1
53 5 0.193 0 1
334 52 1.246 0 2
160 70 0.708 0 2
114 100 0.407 0 2
198 30 0.593 0 2
14 15 0.090 0 1
171 52 0.777 0 1
21 15 0.082 0 2
10 40 0.055 0 2
273 5 1.312 0 2
29 52 0.180 0 1
154 100 0.963 0 2
54 15 0.267 0 1
58 52 0.326 0 1
44 10 0.207 0 2
10 40 0.035 0 2
120 10 0.463 0 2
57 15 0.171 0 1
75 70 0.306 0 2
24 10 0.132 0 1
45 40 0.168 0 1
38 5 0.153 0 1
152 52 0.734 0 2
28 100 0.131 0 2
61 100 0.313 0 1
299 40 1.083 0 1
11 5 0.069 0 2
61 52 0.236 0 2
68 70 0.248 0 2
212 10 0.991 0 2
35 22 0.206 0 1
41 100 0.130 0 1
22 10 0.099 0 2
44 22 0.204 0 1
13 40 0.042 0 1
69 70 0.206 0 1
37 40 0.109 0 1
16 100 0.068 0 2
74 5 0.329 0 2
31 52 0.162 0 2
23 52 0.069 0 2
124 52 0.523 0 1
324 10 1.780 0 2
317 52 1.933 0 2
30 100 0.114 0 1
40 100 0.117 0 2
15 22 0.052 0 2
51 22 0.166 0 1
58 15 0.188 0 2
29 10 0.107 0 2
16 70 0.076 0 1
121 52 0.791 0 1
21 5 0.098 0 1
77 10 0.448 0 1
14 30 0.042 0 1
142 70 0.802 0 1
18 5 0.066 0 2
11 22 0.037 0 2
38 40 0.156 0 2
19 70 0.057 0 2
43 100 0.218 0 1
50 15 0.236 0 1
75 5 0.220 0 2
86 30 0.252 0 1
56 22 0.298 0 2
29 100 0.098 0 2
36 100 0.177 0 1
12 22 0.065 0 1
235 100 0.987 0 2
51 15 0.212 0 2
37 100 0.153 0 2
14 30 0.054 0 1
79 70 0.444 0 2
158 30 0.485 0 1
70 10 0.294 0 2
28 40 0.113 0 2
137 100 0.678 0 2
139 70 0.656 0 2
188 70 0.614 0 2
312 100 1.147 0 2
130 5 0.483 0 1
32 70 0.094 0 2
157 40 0.826 0 1
165 70 0.485 0 1
16 22 0.054 0 2
140 70 0.648 0 1
39 70 0.207 0 2
55 52 0.367 0 1
42 30 0.258 0 1
13 10 0.039 0 2
11 15 0.034 0 1
130 52 0.531 0 2
21 70 0.140 0 2
282 22 1.014 0 1
296 15 1.156 0 2
60 15 0.193 0 1
79 100 0.523 0 1
111 15 0.333 0 1
164 22 0.837 0 2
77 22 0.510 0 2
45 15 0.294 0 1
35 30 0.203 0 1
13 5 0.057 0 2
133 52 0.596 0 1
60 5 0.186 0 1
48 40 0.195 0 2
184 15 0.790 0 2
125 22 0.590 0 1
14 70 0.062 0 1
15 22 0.087 0 1
12 10 0.075 0 2
13 40 0.055 0 1
14 52 0.066 0 2
29 52 0.130 0 1
22 52 0.093 0 2
235 70 0.861 0 2
28 22 0.151 0 2
78 40 0.228 0 1
288 52 1.412 0 1
38 15 0.142 0 2
276 52 1.500 0 2
112 40 0.382 0 2
69 70 0.226 0 2
51 100 0.305 0 2
335 30 1.319 0 2
32 10 0.098 0 2
29 22 0.164 0 2
155 15 0.578 0 1
24 15 0.091 0 2
16 40 0.050 0 1
68 40 0.263 0 2
131 22 0.435 0 1
31 10 0.101 0 2
20 30 0.100 0 2
79 100 0.316 0 2
14 30 0.076 0 2
68 5 0.415 0 2
14 10 0.074 0 2
60 22 0.208 0 2
39 40 0.239 0 2
19 52 0.079 0 1
55 70 0.276 0 2
33 40 0.098 0 2
133 22 0.715 0 2
49 70 0.173 0 2
191 22 0.558 0 1
263 30 1.777 0 2
42 5 0.154 0 2
36 100 0.168 0 2
27 70 0.126 0 2
57 5 0.186 0 1
190 22 0.617 0 1
19 5 0.067 0 2
19 40 0.087 0 2
15 15 0.051 0 1
38 5 0.221 0 2
71 52 0.441 0 1
25 70 0.160 0 2
20 40 0.086 0 2
38 40 0.113 0 1
65 40 0.285 0 1
121 100 0.761 0 2
18 40 0.054 0 2
32 10 0.157 0 1
62 100 0.229 0 1
193 52 0.613 0 2
14 40 0.048 0 2
31 52 0.113 0 2
254 30 0.760 0 2
95 52 0.473 0 2
228 40 1.140 0 2
189 22 0.917 0 1
181 40 1.077 0 1
12 100 0.056 0 1
77 15 0.510 0 2
31 40 0.136 0 1
19 30 0.057 0 2
26 22 0.100 0 2
106 5 0.662 0 2
186 15 0.721 0 1
17 22 0.108 0 1
42 70 0.205 0 1
39 15 0.147 0 2
18 22 0.060 0 2
29 100 0.093 0 1
51 5 0.287 0 1
44 40 0.135 0 1
66 5 0.206 0 1
12 70 0.075 0 1
164 70 0.667 0 2
98 30 0.538 0 1
81 40 0.375 0 2
10 5 0.035 0 1
21 52 0.078 0 2
59 100 0.330 0 2
13 70 0.067 0 2
31 70 0.102 0 1
339 30 1.424 0 2
140 5 0.854 0 1
48 22 0.159 0 2
33 5 0.103 0 2
17 52 0.108 0 2
129 52 0.529 0 1
84 15 0.464 0 1
35 15 0.166 0 1
28 10 0.121 0 1
63 15 0.213 0 2
72 15 0.229 0 1
12 70 0.043 0 2
12 15 0.036 0 1
13 40 0.063 0 2
61 10 0.228 0 1
67 22 0.250 0 1
190 70 0.880 0 2
13 22 0.045 0 2
78 10 0.446 0 1
114 22 0.511 0 2
78 10 0.310 0 1
19 40 0.074 0 2
27 52 0.091 0 1
37 40 0.113 0 2
120 10 0.357 0 1
260 22 0.818 0 1
61 15 0.178 0 1
10 5 0.030 0 1
32 52 0.113 0 1
16 10 0.071 0 2
46 40 0.144 0 1
74 70 0.349 0 1
101 100 0.373 0 2
17 22 0.051 0 2
104 30 0.502 0 2
30 40 0.090 0 2
55 40 0.279 0 1
12 70 0.070 0 2
27 30 0.153 0 1
11 40 0.037 0 2
24 30 0.149 0 1
13 30 0.051 0 2
11 22 0.040 0 1
126 22 0.404 0 2
56 70 0.298 0 2
41 15 0.125 0 2
79 100 0.242 0 2
15 15 0.099 0 2
114 10 0.770 0 2
58 70 0.267 0 2
103 52 0.660 0 1
148 10 0.457 0 1
75 22 0.472 0 1
30 30 0.192 0 2
123 10 0.459 0 1
21 5 0.081 0 1
65 40 0.330 0 2
31 70 0.101 0 1
86 30 0.478 0 1
14 100 0.043 0 2
73 100 0.338 0 1
185 5 0.734 0 2
28 30 0.128 0 1
104 70 0.568 0 2
106 40 0.445 0 2
10 52 0.055 0 2
12 70 0.041 0 1
38 30 0.157 0 2
45 15 0.161 0 2
70 52 0.229 0 1
42 52 0.212 0 1
43 30 0.264 0 1
39 22 0.165 0 2
10 100 0.033 0 1
17 5 0.093 0 1
72 30 0.268 0 2
272 22 0.817 0 1
27 5 0.088 0 1
31 100 0.099 0 1
116 15 0.395 0 2
73 30 0.354 0 2
58 52 0.186 0 2
36 22 0.131 0 2
65 30 0.385 0 1
37 40 0.129 0 1
66 30 0.201 0 1
30 30 0.179 0 1
12 30 0.042 0 1
180 100 1.216 0 1
32 40 0.098 0 1
169 5 0.531 0 1
50 100 0.194 0 1
43 40 0.129 0 1
137 40 0.413 0 2
66 30 0.328 0 2
62 5 0.316 0 1
67 40 0.406 0 2
13 10 0.052 0 2
23 10 0.125 0 1
13 15 0.051 0 2
17 40 0.069 0 1
75 52 0.318 0 1
91 15 0.373 0 1
17 40 0.052 0 1
111 22 0.387 0 2
68 22 0.226 0 1
21 70 0.081 0 1
18 10 0.087 0 1
25 10 0.143 0 1
156 5 0.460 0 2
28 15 0.108 0 1
66 5 0.218 0 2
77 52 0.397 0 2
39 5 0.210 0 1
47 40 0.146 0 2
150 22 0.437 0 1
44 30 0.232 0 1
18 52 0.063 0 2
24 15 0.139 0 1
15 30 0.062 0 2
15 40 0.067 0 2
13 70 0.048 0 2
17 70 0.061 0 1
53 5 0.266 0 1
75 70 0.304 0 1
60 5 0.262 0 2
66 10 0.264 0 2
18 52 0.094 0 2
196 40 0.763 0 1
49 40 0.154 0 2
92 100 0.380 0 2
18 100 0.069 0 1
17 52 0.061 0 2
37 70 0.141 0 1
29 30 0.176 0 2
132 52 0.620 0 2
31 70 0.091 0 2
13 100 0.063 0 1
112 22 0.589 0 2
70 52 0.470 0 1
21 5 0.061 0 2
23 40 0.102 0 2
256 100 0.871 0 2
194 52 0.569 0 1
49 40 0.149 0 2
13 30 0.041 0 2
178 5 0.531 0 2
56 100 0.166 0 1
53 10 0.168 0 1
36 15 0.162 0 2
135 5 0.718 0 2
65 10 0.404 0 2
19 70 0.075 0 1
57 5 0.308 0 1
23 70 0.085 0 1
72 10 0.426 0 1
19 22 0.106 0 2
27 22 0.083 0 1
14 52 0.086 0 2
115 40 0.498 0 2
303 15 1.665 0 1
34 40 0.204 0 1
18 22 0.059 0 1
10 22 0.038 0 2
32 5 0.151 0 1
146 5 0.593 0 1
39 52 0.131 0 2
143 22 0.495 0 2
11 10 0.054 0 1
23 100 0.142 0 1
208 22 0.654 0 2
214 30 0.853 0 1
32 5 0.181 0 1
207 10 0.616 0 2
156 30 0.505 0 2
134 5 0.827 0 2
106 22 0.311 0 1
90 52 0.276 0 2
74 22 0.332 0 2
15 10 0.093 0 1
250 5 0.801 0 2
44 5 0.194 0 1
14 10 0.082 0 1
30 10 0.100 0 1
38 10 0.161 0 2
87 5 0.290 0 2
27 40 0.111 0 1
76 15 0.295 0 2
232 15 0.859 0 2
13 40 0.071 0 1
21 52 0.086 0 2
35 70 0.132 0 1
127 70 0.690 0 2
70 40 0.278 0 1
16 10 0.064 0 1
18 10 0.078 0 2
17 10 0.058 0 1
17 30 0.055 0 1
18 52 0.062 0 1
74 10 0.274 0 2
11 70 0.048 0 2
133 40 0.516 0 2
14 40 0.055 0 1
23 15 0.097 0 2
28 5 0.133 0 2
179 22 0.587 0 1
150 22 0.932 0 1
58 15 0.256 0 2
113 100 0.386 0 1
10 100 0.061 0 2
37 10 0.125 0 1
160 15 0.627 0 2
132 70 0.475 0 2
35 10 0.140 0 1
59 100 0.222 0 2
16 10 0.058 0 2
76 10 0.329 0 1
170 5 0.842 0 2
16 30 0.047 0 1
67 15 0.307 0 2
45 22 0.170 0 1
46 52 0.135 0 2
24 5 0.081 0 1
82 5 0.269 0 2
10 22 0.048 0 2
30 100 0.110 0 2
30 30 0.142 0 2
127 10 0.381 0 1
23 15 0.093 0 2
21 22 0.063 0 1
115 22 0.747 0 1
93 70 0.437 0 2
22 22 0.080 0 1
43 100 0.158 0 2
252 100 0.851 0 1
31 30 0.207 0 1
14 22 0.076 0 2
76 30 0.224 0 1
132 100 0.825 0 2
16 40 0.105 0 1
28 52 0.114 0 1
28 40 0.137 0 1
33 30 0.213 0 1
169 30 0.797 0 1
19 5 0.066 0 1
65 10 0.380 0 2
146 15 0.485 0 2
189 22 1.000 0 2
22 70 0.068 0 1
16 10 0.099 0 2
22 10 0.073 0 1
17 5 0.089 0 2
10 30 0.031 0 1
41 100 0.143 0 1
154 30 0.806 0 1
300 70 0.912 0 2
59 70 0.223 0 1
12 40 0.076 0 2
24 22 0.091 0 1
23 52 0.089 0 1
278 52 1.037 0 1
50 52 0.275 0 1
26 52 0.079 0 1
32 100 0.152 0 1
18 100 0.115 0 1
23 70 0.086 0 2
77 70 0.309 0 2
51 30 0.268 0 2
188 30 1.005 0 2
20 10 0.075 0 1
123 30 0.490 0 2
53 22 0.203 0 2
146 22 0.555 0 2
235 40 0.904 0 2
75 52 0.369 0 1
15 30 0.061 0 2
190 52 0.590 0 1
63 70 0.238 0 2
65 22 0.319 0 1
39 30 0.125 0 1
197 52 0.595 0 1
78 15 0.248 0 1
82 40 0.522 0 2
18 30 0.096 0 1
14 52 0.059 0 2
94 52 0.519 0 1
12 5 0.039 0 1
295 15 1.294 0 2
15 15 0.069 0 1
314 5 0.957 0 1
17 5 0.082 0 1
77 30 0.271 0 1
32 5 0.107 0 1
75 30 0.242 0 1
18 15 0.082 0 1
166 10 0.741 0 2
16 30 0.099 0 1
13 10 0.053 0 2
12 15 0.044 0 1
75 30 0.326 0 1
82 30 0.266 0 2
13 10 0.045 0 2
14 70 0.069 0 1
20 22 0.074 0 2
27 22 0.161 0 1
198 100 0.925 0 2
42 70 0.138 0 1
12 5 0.053 0 2
36 5 0.177 0 1
70 40 0.400 0 1
11 70 0.046 0 1
152 10 0.494 0 2
296 100 1.691 0 2
12 70 0.047 0 2
35 15 0.113 0 1
106 15 0.512 0 1
253 10 1.611 0 1
49 5 0.184 0 1
64 22 0.272 0 2
38 22 0.115 0 1
119 15 0.472 0 1
60 30 0.179 0 2
24 5 0.073 0 2
10 22 0.041 0 1
16 22 0.053 0 1
64 52 0.320 0 2
214 5 0.669 0 2
133 52 0.487 0 1
26 70 0.090 0 1
30 5 0.142 0 2
60 52 0.276 0 2
19 40 0.060 0 1
97 100 0.460 0 1
19 40 0.078 0 1
170 52 0.538 0 2
30 40 0.110 0 1
182 5 0.973 0 1
73 30 0.296 0 2
23 5 0.133 0 1
120 52 0.386 0 2
12 15 0.062 0 2
198 52 0.739 0 1
13 52 0.045 0 1
162 30 0.656 0 2
17 22 0.058 0 1
169 5 0.593 0 2
38 40 0.215 0 2
40 40 0.173 0 1
68 100 0.354 0 1
42 15 0.129 0 2
89 100 0.336 0 2
27 30 0.119 0 2
54 5 0.213 0 1
45 22 0.241 0 2
183 100 0.707 0 1
135 40 0.409 0 1
43 15 0.265 0 1
119 30 0.630 0 1
189 52 1.112 0 2
66 52 0.254 0 2
190 52 0.913 0 2
198 70 0.602 0 2
35 22 0.199 0 2
12 40 0.051 0 1
105 70 0.328 0 1
12 100 0.039 0 1
119 15 0.433 0 2
26 10 0.080 0 1
37 30 0.193 0 2
246 52 1.447 0 1
23 10 0.082 0 2
42 5 0.209 0 2
106 40 0.631 0 1
120 10 0.396 0 2
190 22 0.720 0 2
34 30 0.113 0 2
24 30 0.115 0 2
52 15 0.242 0 1
27 30 0.127 0 1
30 100 0.089 0 2
24 22 0.077 0 2
71 10 0.272 0 2
153 5 0.705 0 1
30 30 0.110 0 1
40 100 0.150 0 1
32 30 0.155 0 2
35 15 0.122 0 1
29 22 0.146 0 1
43 5 0.151 0 2
37 70 0.116 0 2
176 70 0.983 0 2
70 100 0.389 0 2
214 30 1.151 0 1
302 30 0.904 0 1
14 30 0.092 0 2
17 52 0.054 0 1
33 70 0.173 0 1
68 100 0.259 0 1
12 100 0.046 0 2
146 40 0.901 0 2
40 15 0.267 0 1
57 15 0.380 0 1
39 5 0.215 0 1
144 22 0.512 0 1
54 5 0.323 0 1
160 5 0.808 0 2
173 70 0.588 0 2
134 52 0.395 0 2
191 52 1.049 0 1
68 10 0.366 0 2
104 22 0.517 0 2
14 10 0.071 0 2
38 40 0.213 0 1
13 5 0.082 0 2
168 70 0.639 0 1
20 70 0.062 0 2
320 30 1.928 0 1
15 70 0.089 0 2
31 40 0.140 0 2
36 40 0.229 0 2
198 40 0.678 0 1
13 30 0.050 0 1
63 5 0.191 0 2
286 100 1.122 0 2
30 22 0.181 0 1
37 22 0.161 0 2
15 100 0.093 0 2
146 52 0.545 0 2
18 22 0.097 0 1
39 5 0.129 0 1
30 100 0.107 0 2
151 100 0.448 0 1
28 22 0.104 0 2
18 10 0.065 0 2
118 52 0.490 0 1
69 30 0.333 0 1
36 10 0.120 0 2
195 70 0.722 0 2
161 40 0.494 0 1
35 22 0.186 0 1
22 70 0.127 0 1
14 100 0.060 0 1
143 10 0.611 0 2
25 30 0.120 0 1
23 70 0.106 0 2
249 52 1.518 0 1
77 70 0.304 0 2
94 5 0.475 0 1
14 15 0.053 0 1
19 40 0.065 0 1
75 40 0.449 0 2
69 22 0.421 0 2
206 30 1.373 0 1
12 70 0.074 0 1
82 100 0.497 0 1
67 30 0.322 0 1
12 15 0.038 0 1
171 22 0.695 0 2
43 10 0.169 0 1
31 100 0.094 0 1
29 5 0.182 0 1
87 70 0.403 0 2
22 40 0.084 0 1
20 100 0.099 0 2
311 22 1.037 0 2
197 52 1.187 0 1
46 10 0.311 0 1
14 70 0.048 0 2
17 100 0.075 0 1
190 70 0.640 0 1
70 15 0.300 0 2
18 70 0.079 0 2
21 52 0.142 0 2
36 5 0.142 0 2
48 52 0.238 0 1
18 52 0.053 0 2
69 70 0.413 0 1
46 100 0.222 0 1
13 40 0.040 0 2
183 5 0.832 0 1
56 15 0.301 0 2
270 10 1.239 0 1
66 15 0.239 0 2
20 5 0.073 0 2
40 30 0.142 0 1
26 40 0.106 0 2
116 22 0.345 0 2
130 40 0.812 0 1
17 5 0.064 0 2
329 70 0.982 0 2
124 30 0.477 0 2
173 22 0.925 0 2
32 5 0.144 0 2
317 30 1.887 0 1
27 100 0.102 0 1
42 22 0.124 0 1
75 70 0.226 0 1
141 100 0.538 0 2
187 52 0.903 0 1
58 100 0.170 0 2
29 52 0.102 0 1
39 30 0.195 0 2
76 30 0.365 0 1
48 30 0.284 0 2
14 15 0.043 0 1
136 15 0.819 0 1
34 15 0.129 0 1
33 22 0.134 0 1
19 100 0.070 0 1
184 40 0.536 0 2
24 100 0.103 0 2
128 15 0.510 0 2
119 40 0.446 0 1
108 30 0.336 0 1
250 10 0.825 0 1
19 10 0.105 0 1
47 52 0.224 0 1
70 30 0.292 0 1
69 40 0.401 0 1
77 100 0.352 0 2
194 15 1.115 0 2
68 5 0.251 0 1
11 15 0.044 0 2
19 100 0.065 0 1
127 15 0.626 0 2
177 22 0.536 0 2
24 30 0.154 0 2
44 100 0.141 0 2
10 22 0.036 0 2
29 15 0.087 0 2
36 100 0.175 0 1
70 70 0.253 0 1
255 15 1.656 0 1
167 52 0.652 0 1
150 15 1.014 0 1
31 100 0.194 0 2
30 10 0.100 0 2
59 15 0.277 0 1
32 5 0.180 0 1
31 15 0.104 0 1
13 52 0.043 0 1
185 30 0.949 0 2
70 5 0.210 0 1
10 40 0.032 0 2
43 70 0.264 0 1
14 15 0.061 0 2
35 52 0.174 0 2
12 52 0.040 0 2
18 30 0.081 0 1
19 30 0.063 0 1
73 52 0.332 0 2
66 70 0.353 0 1
14 22 0.052 0 1
18 22 0.056 0 1
31 70 0.172 0 2
183 52 0.723 0 2
16 70 0.051 0 2
50 70 0.147 0 1
74 30 0.451 0 2
14 10 0.046 0 1
74 5 0.443 0 2
32 52 0.100 0 2
27 15 0.092 0 1
31 30 0.124 0 2
156 100 0.629 0 1
260 52 0.783 0 1
50 70 0.253 0 1
17 10 0.061 0 1
81 22 0.312 0 1
27 100 0.124 0 2
18 5 0.066 0 2
10 10 0.045 0 1
105 100 0.395 0 1
95 52 0.382 0 1
13 30 0.071 0 1
97 40 0.599 0 1
14 30 0.044 0 2
19 22 0.091 0 2
65 15 0.260 0 1
258 10 0.816 0 1
49 52 0.220 0 1
148 30 0.632 0 2
115 70 0.406 0 1
68 52 0.268 0 2
64 10 0.335 0 2
36 30 0.240 0 2
12 52 0.072 0 2
16 22 0.059 0 1
174 52 0.744 0 1
175 30 1.159 0 2
18 10 0.085 0 2
43 22 0.189 0 2
34 100 0.101 0 1
76 40 0.463 0 2
111 15 0.750 0 1
175 10 1.144 0 2
42 70 0.214 0 2
59 52 0.339 0 1
34 22 0.145 0 2
11 40 0.049 0 1
65 40 0.385 0 1
11 40 0.039 0 2
11 100 0.054 0 2
197 15 0.574 0 2
67 15 0.296 0 1
28 100 0.163 0 1
77 30 0.458 0 1
24 15 0.128 0 2
10 52 0.038 0 2
25 100 0.128 0 2
38 52 0.147 0 1
33 70 0.130 0 1
69 100 0.437 0 2
17 100 0.059 0 1
10 52 0.042 0 1
147 5 0.653 0 2
148 70 0.787 0 2
13 100 0.067 0 2
35 30 0.133 0 2
173 22 1.000 0 1
138 40 0.457 0 1
13 52 0.060 0 2
71 52 0.277 0 1
136 52 0.599 0 2
232 100 0.693 0 1
19 52 0.076 0 1
33 100 0.221 0 2
30 52 0.099 0 1
14 10 0.049 0 1
30 70 0.153 0 1
148 40 0.482 0 2
12 15 0.063 0 1
26 100 0.126 0 2
153 52 0.537 0 1
142 70 0.536 0 2
19 100 0.083 0 2
255 70 1.049 0 2
26 40 0.076 0 1
190 52 0.640 0 2
304 70 1.034 0 1
10 30 0.034 0 1
13 5 0.043 0 1
34 10 0.129 0 1
18 40 0.061 0 2
285 5 0.843 0 1
52 22 0.283 0 1
40 30 0.209 0 1
19 70 0.083 0 1
46 15 0.171 0 2
318 40 1.182 0 2
50 10 0.195 0 1
84 40 0.426 0 1
15 22 0.063 0 2
39 5 0.137 0 1
62 15 0.181 0 1
11 22 0.056 0 2
34 52 0.163 0 1
72 10 0.355 0 1
29 70 0.185 0 1
14 22 0.093 0 1
21 5 0.075 0 1
67 5 0.258 0 2
88 70 0.440 0 2
62 5 0.230 0 1
131 100 0.530 0 1
54 15 0.205 0 1
68 52 0.293 0 1
187 10 0.725 0 2
30 100 0.098 0 2
17 100 0.064 0 1
304 15 1.283 0 1
11 22 0.052 0 1
193 70 0.682 0 1
290 30 0.861 0 2
96 15 0.410 0 2
26 30 0.094 0 2
17 5 0.075 0 1
18 5 0.054 0 1
22 5 0.074 0 2
18 5 0.069 0 1
61 30 0.404 0 1
272 15 0.938 0 1
53 70 0.188 0 1
50 70 0.171 0 2
13 5 0.043 0 1
46 100 0.246 0 1
156 100 0.505 0 1
161 10 0.679 0 1
150 22 0.725 0 1
78 15 0.239 0 2
32 52 0.143 0 1
228 40 1.382 0 2
18 22 0.058 0 1
33 15 0.098 0 2
26 52 0.098 0 2
33 15 0.161 0 1
43 22 0.212 0 1
24 15 0.084 0 1
41 15 0.142 0 1
63 40 0.288 0 1
36 70 0.176 0 2
210 15 0.925 0 2
67 70 0.283 0 1
147 10 0.518 0 1
47 5 0.168 0 1
17 70 0.050 0 2
21 10 0.064 0 2
36 22 0.156 0 2
98 40 0.336 0 2
326 30 1.842 0 2
23 70 0.120 1 2
76 22 0.228 1 0
73 30 0.284 1 0
35 5 0.185 1 0
92 100 0.355 1 0
71 10 0.297 1 0
224 5 0.900 1 2
42 70 0.127 1 0
12 22 0.041 1 0
13 22 0.051 1 0
48 100 0.273 1 0
73 5 0.432 1 0
69 22 0.212 1 2
16 40 0.055 1 2
37 10 0.109 1 0
20 70 0.060 1 2
66 5 0.210 1 0
64 40 0.312 1 2
35 5 0.187 1 0
16 52 0.055 1 0
157 40 0.892 1 0
53 52 0.260 1 0
152 30 0.490 1 0
32 5 0.194 1 0
16 10 0.066 1 2
32 40 0.204 1 0
21 52 0.130 1 0
27 52 0.081 1 0
12 40 0.062 1 0
10 5 0.039 1 0
200 30 0.654 1 0
125 100 0.443 1 0
60 52 0.328 1 2
15 15 0.059 1 0
144 70 0.562 1 0
19 100 0.099 1 0
54 40 0.181 1 0
42 100 0.232 1 0
33 30 0.101 1 0
17 40 0.051 1 0
18 52 0.086 1 2
95 22 0.422 1 0
161 15 0.782 1 0
136 40 0.531 1 2
17 15 0.062 1 2
61 40 0.355 1 0
181 15 0.649 1 0
16 40 0.080 1 2
69 30 0.404 1 2
246 22 0.885 1 2
16 15 0.079 1 2
128 40 0.598 1 0
43 40 0.269 1 0
46 40 0.231 1 2
72 22 0.398 1 2
30 5 0.122 1 0
12 5 0.063 1 0
255 70 0.924 1 0
24 40 0.139 1 0
55 52 0.176 1 2
239 10 1.149 1 2
96 70 0.298 1 0
35 100 0.154 1 2
98 100 0.480 1 0
198 22 0.623 1 2
10 10 0.060 1 0
160 15 0.637 1 0
158 22 0.883 1 2
61 30 0.361 1 2
30 52 0.089 1 0
79 52 0.454 1 0
56 70 0.260 1 2
64 30 0.383 1 0
249 15 0.844 1 0
54 30 0.194 1 0
211 52 0.715 1 2
10 5 0.040 1 0
201 100 1.058 1 0
11 52 0.054 1 0
79 40 0.383 1 2
28 100 0.098 1 0
14 70 0.046 1 2
104 30 0.377 1 0
138 5 0.663 1 2
48 30 0.149 1 0
24 15 0.091 1 0
30 52 0.109 1 0
150 5 0.600 1 0
11 10 0.041 1 2
34 15 0.142 1 0
71 30 0.217 1 0
29 70 0.118 1 0
64 40 0.350 1 0
24 5 0.098 1 2
61 10 0.363 1 0
17 15 0.097 1 2
154 5 0.472 1 0
67 5 0.303 1 0
16 40 0.081 1 2
325 5 2.097 1 0
263 40 0.774 1 0
66 100 0.219 1 0
67 70 0.385 1 0
162 100 0.768 1 0
38 22 0.139 1 2
140 15 0.690 1 0
135 70 0.675 1 2
29 15 0.136 1 0
154 5 0.537 1 0
338 100 2.209 1 0
18 5 0.075 1 0
49 52 0.225 1 0
118 70 0.452 1 2
70 40 0.315 1 2
43 10 0.235 1 0
10 15 0.030 1 0
19 30 0.081 1 0
163 5 0.712 1 2
303 15 1.578 1 2
23 100 0.110 1 2
97 10 0.328 1 0
20 40 0.106 1 2
29 40 0.166 1 0
114 30 0.640 1 2
78 15 0.288 1 0
55 52 0.185 1 0
97 10 0.441 1 2
139 40 0.644 1 0
45 40 0.195 1 0
19 100 0.098 1 0
241 40 0.755 1 0
23 10 0.124 1 0
17 100 0.050 1 2
31 40 0.173 1 2
55 22 0.168 1 0
24 22 0.141 1 2
26 40 0.149 1 0
28 22 0.144 1 2
12 30 0.036 1 0
38 10 0.190 1 2
276 10 1.179 1 0
10 30 0.032 1 0
33 70 0.200 1 0
17 10 0.104 1 2
211 70 1.005 1 0
12 30 0.063 1 0
20 100 0.089 1 0
133 70 0.398 1 2
12 52 0.066 1 0
184 30 1.129 1 0
37 15 0.179 1 2
111 100 0.389 1 0
54 40 0.342 1 0
65 40 0.220 1 2
13 100 0.065 1 0
17 52 0.054 1 0
116 15 0.716 1 0
74 10 0.460 1 0
171 52 0.728 1 2
95 10 0.285 1 2
170 22 0.603 1 2
191 15 0.705 1 0
59 40 0.322 1 2
93 70 0.508 1 0
67 100 0.294 1 2
202 52 1.005 1 0
39 40 0.132 1 0
51 5 0.153 1 0
21 5 0.090 1 0
21 5 0.062 1 0
28 100 0.128 1 0
10 15 0.055 1 2
33 15 0.129 1 0
26 40 0.077 1 0
100 10 0.333 1 2
321 5 2.154 1 0
91 10 0.287 1 0
51 10 0.309 1 0
38 22 0.118 1 0
198 5 0.676 1 0
64 10 0.195 1 0
18 15 0.068 1 2
13 5 0.086 1 0
46 5 0.143 1 2
178 5 1.141 1 2
23 15 0.071 1 0
25 100 0.140 1 0
10 10 0.031 1 0
33 22 0.127 1 0
11 40 0.041 1 0
59 5 0.219 1 0
17 52 0.088 1 2
30 10 0.090 1 0
15 100 0.101 1 0
108 70 0.424 1 2
144 22 0.482 1 2
24 22 0.089 1 2
23 100 0.105 1 0
19 40 0.056 1 2
244 15 0.836 1 2
36 5 0.220 1 0
21 10 0.065 1 2
44 5 0.159 1 0
23 30 0.069 1 0
92 15 0.558 1 2
56 100 0.205 1 0
10 100 0.049 1 0
60 15 0.225 1 2
15 22 0.064 1 2
30 100 0.098 1 2
46 52 0.180 1 0
61 52 0.178 1 2
20 15 0.068 1 0
21 52 0.135 1 2
31 10 0.118 1 0
65 52 0.270 1 0
65 52 0.197 1 0
18 5 0.058 1 0
73 10 0.298 1 0
42 100 0.152 1 2
282 70 1.259 1 2
130 70 0.640 1 0
42 70 0.170 1 2
118 5 0.605 1 2
18 70 0.093 1 2
14 52 0.063 1 0
218 40 0.770 1 2
44 15 0.198 1 0
74 52 0.400 1 0
77 100 0.365 1 2
176 52 0.543 1 2
14 10 0.043 1 0
290 22 0.863 1 0
35 100 0.129 1 0
10 22 0.052 1 0
118 5 0.470 1 2
215 15 1.272 1 0
57 52 0.210 1 2
30 22 0.090 1 0
61 40 0.225 1 0
238 100 0.948 1 2
150 100 0.661 1 0
82 40 0.255 1 0
68 10 0.294 1 0
102 10 0.352 1 0
79 10 0.244 1 2
229 70 1.218 1 0
16 5 0.087 1 0
256 10 0.808 1 2
75 10 0.277 1 0
15 15 0.061 1 0
10 70 0.029 1 2
48 22 0.150 1 0
13 100 0.064 1 2
29 10 0.112 1 0
25 15 0.120 1 0
66 40 0.412 1 0
33 70 0.209 1 2
21 70 0.067 1 0
292 22 1.132 1 2
13 10 0.085 1 2
18 22 0.090 1 0
188 70 1.133 1 2
18 100 0.058 1 0
45 52 0.281 1 0
19 52 0.079 1 0
312 5 0.918 1 0
28 22 0.139 1 0
96 40 0.293 1 2
16 22 0.068 1 0
177 15 0.783 1 2
11 70 0.044 1 2
51 22 0.210 1 0
170 22 0.720 1 2
289 52 1.389 1 0
16 10 0.077 1 0
165 15 0.965 1 0
74 10 0.440 1 0
187 30 0.572 1 0
60 30 0.258 1 0
66 30 0.276 1 0
168 40 0.618 1 0
178 15 0.597 1 0
21 52 0.086 1 0
94 5 0.291 1 0
50 22 0.167 1 2
129 30 0.872 1 2
16 10 0.049 1 0
179 100 0.722 1 2
75 10 0.236 1 2
14 100 0.072 1 2
20 100 0.062 1 2
47 22 0.170 1 2
20 70 0.066 1 0
144 10 0.526 1 2
124 52 0.471 1 2
304 100 1.670 1 0
151 10 0.795 1 0
100 100 0.386 1 2
166 15 0.834 1 0
21 40 0.069 1 0
16 22 0.048 1 0
52 5 0.156 1 0
172 15 0.526 1 0
42 30 0.149 1 0
26 5 0.170 1 0
73 15 0.280 1 2
47 70 0.175 1 0
31 22 0.091 1 0
18 10 0.062 1 2
232 40 0.701 1 0
18 52 0.080 1 0
68 15 0.271 1 0
18 70 0.094 1 0
22 100 0.082 1 2
11 70 0.057 1 0
78 15 0.288 1 0
18 15 0.075 1 0
26 52 0.091 1 2
66 70 0.221 1 0
19 30 0.121 1 2
170 5 1.083 1 0
29 40 0.169 1 0
273 5 1.832 1 0
179 30 0.909 1 2
194 30 0.620 1 0
94 30 0.333 1 2
16 100 0.085 1 0
78 10 0.282 1 0
192 10 0.733 1 0
60 15 0.303 1 2
339 30 1.053 1 0
22 30 0.108 1 0
102 52 0.680 1 2
51 70 0.222 1 0
229 22 0.756 1 0
34 5 0.148 1 0
31 52 0.150 1 0
118 70 0.360 1 0
19 52 0.076 1 2
13 100 0.064 1 0
66 100 0.247 1 2
77 100 0.275 1 2
21 40 0.082 1 0
47 30 0.246 1 2
54 100 0.171 1 2
64 40 0.430 1 2
220 15 0.982 1 0
34 22 0.114 1 2
76 52 0.252 1 0
245 5 0.878 1 0
94 52 0.295 1 0
14 52 0.045 1 2
326 10 1.449 1 0
61 15 0.194 1 0
167 30 1.121 1 0
11 52 0.042 1 0
58 30 0.261 1 2
37 70 0.125 1 2
147 30 0.492 1 0
157 52 0.486 1 0
43 30 0.193 1 2
66 100 0.355 1 2
24 52 0.087 1 2
195 5 0.633 1 2
11 15 0.040 1 0
179 52 0.528 1 0
105 40 0.439 1 0
11 70 0.044 1 0
167 30 0.988 1 0
23 15 0.091 1 0
69 15 0.342 1 0
71 52 0.293 1 0
15 70 0.051 1 0
115 52 0.414 1 0
218 100 0.734 1 0
53 52 0.254 1 0
182 10 0.924 1 0
147 52 0.980 1 2
168 40 0.554 1 2
61 15 0.192 1 0
134 15 0.448 1 0
25 5 0.084 1 0
15 22 0.046 1 0
49 100 0.262 1 2
121 22 0.354 1 2
15 52 0.072 1 0
49 15 0.155 1 0
24 22 0.103 1 0
43 70 0.223 1 0
135 30 0.587 1 2
41 5 0.160 1 2
62 30 0.365 1 0
202 22 0.835 1 0
81 40 0.443 1 0
24 15 0.092 1 0
189 70 0.594 1 2
249 10 0.808 1 0
91 10 0.389 1 2
118 30 0.565 1 0
110 70 0.338 1 0
23 22 0.087 1 0
44 70 0.152 1 2
16 52 0.076 1 0
45 5 0.276 1 0
54 40 0.166 1 2
19 52 0.072 1 0
108 70 0.388 1 0
35 15 0.104 1 0
181 22 0.534 1 0
42 30 0.221 1 2
169 40 0.617 1 2
175 10 0.771 1 0
20 70 0.084 1 0
11 100 0.033 1 0
10 52 0.052 1 2
38 22 0.135 1 0
32 40 0.162 1 0
191 5 0.806 1 0
22 5 0.089 1 0
112 40 0.390 1 0
104 40 0.638 1 2
29 70 0.152 1 0
143 5 0.841 1 0
11 30 0.053 1 2
39 10 0.128 1 0
187 70 1.016 1 2
109 70 0.382 1 2
25 100 0.159 1 0
77 22 0.251 1 0
10 70 0.033 1 0
146 100 0.646 1 0
173 10 0.896 1 0
16 22 0.065 1 2
173 40 0.529 1 0
17 100 0.096 1 0
48 15 0.145 1 0
113 70 0.487 1 0
20 5 0.085 1 2
41 10 0.153 1 0
15 52 0.066 1 2
186 10 0.765 1 2
35 70 0.117 1 2
18 40 0.072 1 2
12 10 0.060 1 0
12 10 0.053 1 0
70 10 0.226 1 0
19 5 0.082 1 0
15 22 0.096 1 0
51 5 0.340 1 2
19 15 0.068 1 0
16 5 0.106 1 0
26 5 0.091 1 2
54 5 0.229 1 0
11 15 0.035 1 0
10 30 0.035 1 2
31 15 0.143 1 0
143 52 0.817 1 0
18 40 0.059 1 2
132 5 0.759 1 0
188 70 0.662 1 0
19 52 0.070 1 2
156 100 0.857 1 0
45 40 0.144 1 0
159 15 0.878 1 0
43 30 0.128 1 0
147 52 0.457 1 0
183 70 1.151 1 0
83 52 0.263 1 0
179 30 0.523 1 0
14 30 0.043 1 2
91 22 0.282 1 0
19 10 0.060 1 0
69 70 0.408 1 0
14 10 0.042 1 2
330 22 2.000 1 2
43 40 0.210 1 0
46 10 0.136 1 0
13 52 0.042 1 2
51 10 0.156 1 0
38 15 0.116 1 0
12 100 0.036 1 0
34 22 0.173 1 0
180 22 0.783 1 0
272 30 0.845 1 2
17 100 0.057 1 0
69 22 0.385 1 0
19 52 0.071 1 0
19 52 0.110 1 0
47 15 0.147 1 0
177 22 0.978 1 0
116 100 0.678 1 0
23 5 0.090 1 0
200 30 0.766 1 0
183 10 1.089 1 0
76 70 0.344 1 0
52 22 0.167 1 0
158 10 0.888 1 0
54 10 0.194 1 2
71 52 0.394 1 2
58 100 0.343 1 0
37 10 0.143 1 0
111 40 0.430 1 0
13 52 0.053 1 0
16 15 0.066 1 2
23 70 0.085 1 0
49 70 0.192 1 2
27 70 0.119 1 2
293 100 0.964 1 0
16 40 0.051 1 2
18 70 0.110 1 2
126 40 0.603 1 0
272 40 0.877 1 0
10 10 0.036 1 0
133 5 0.524 1 0
61 5 0.219 1 2
15 5 0.064 1 2
15 52 0.045 1 2
10 70 0.050 1 2
70 30 0.419 1 2
76 22 0.232 1 0
130 10 0.647 1 2
12 30 0.041 1 0
15 30 0.077 1 0
151 30 0.579 1 2
10 100 0.045 1 0
37 70 0.243 1 0
30 100 0.160 1 0
46 5 0.258 1 0
60 15 0.233 1 2
103 70 0.652 1 2
79 5 0.420 1 0
35 5 0.107 1 0
28 5 0.179 1 0
142 30 0.887 1 0
36 22 0.153 1 2
29 100 0.117 1 0
32 100 0.118 1 0
53 30 0.201 1 2
35 40 0.198 1 0
44 22 0.173 1 0
99 30 0.656 1 2
66 52 0.245 1 0
56 70 0.210 1 2
97 10 0.388 1 0
148 30 0.484 1 2
63 22 0.242 1 0
28 5 0.148 1 2
35 70 0.114 1 0
10 15 0.065 1 0
18 22 0.101 1 0
10 70 0.041 1 2
33 15 0.120 1 0
22 70 0.074 1 2
162 70 0.810 1 0
330 15 1.404 1 0
123 22 0.609 1 2
44 5 0.178 1 2
27 10 0.135 1 2
15 22 0.056 1 0
282 52 1.396 1 0
79 52 0.373 1 2
14 5 0.074 1 2
14 15 0.045 1 2
218 22 0.865 1 0
36 10 0.116 1 0
13 100 0.044 1 0
22 15 0.123 1 0
42 22 0.255 1 0
20 70 0.118 1 2
187 15 0.745 1 2
36 5 0.145 1 2
211 22 1.220 1 0
52 52 0.196 1 0
34 52 0.157 1 2
42 52 0.174 1 0
27 30 0.087 1 2
13 30 0.053 1 2
153 5 0.510 1 2
26 10 0.164 1 0
13 100 0.052 1 0
307 15 1.520 1 0
275 10 0.939 1 0
100 5 0.304 1 2
15 100 0.054 1 2
30 22 0.104 1 0
11 70 0.058 1 0
14 52 0.077 1 0
15 22 0.047 1 0
114 10 0.543 1 0
134 30 0.724 1 0
17 15 0.101 1 0
67 40 0.207 1 0
65 5 0.190 1 0
63 10 0.261 1 0
42 5 0.170 1 2
116 30 0.378 1 0
84 10 0.290 1 2
20 70 0.063 1 0
95 52 0.287 1 0
283 22 1.474 1 0
54 52 0.274 1 0
34 10 0.157 1 2
118 100 0.522 1 2
55 100 0.186 1 0
35 22 0.112 1 2
170 52 0.572 1 2
79 5 0.523 1 0
12 5 0.060 1 0
76 70 0.275 1 2
22 5 0.146 1 2
66 52 0.213 1 0
14 70 0.071 1 2
15 10 0.051 1 2
60 5 0.349 1 2
13 10 0.040 1 2
57 10 0.173 1 0
271 10 0.964 1 0
248 100 1.393 1 2
79 40 0.277 1 2
192 10 0.842 1 0
38 15 0.247 1 0
15 70 0.050 1 0
28 10 0.172 1 0
70 100 0.376 1 0
183 40 0.810 1 0
14 100 0.046 1 2
22 52 0.065 1 2
245 100 1.244 1 2
44 5 0.149 1 2
42 40 0.253 1 0
146 15 0.593 1 2
15 10 0.053 1 0
11 10 0.048 1 0
255 5 1.614 1 0
18 5 0.057 1 2
150 15 0.758 1 2
10 40 0.034 1 0
60 30 0.226 1 0
10 100 0.037 1 0
17 70 0.075 1 0
75 5 0.281 1 0
92 100 0.605 1 2
23 5 0.121 1 2
10 30 0.042 1 0
23 10 0.078 1 0
151 22 0.484 1 0
172 15 0.667 1 2
10 52 0.060 1 0
148 5 0.552 1 0
19 5 0.067 1 0
46 100 0.164 1 0
165 30 0.517 1 0
19 70 0.117 1 0
12 70 0.038 1 0
158 5 0.562 1 2
17 15 0.056 1 0
133 30 0.672 1 0
18 5 0.117 1 0
78 30 0.307 1 2
13 100 0.045 1 0
192 70 0.771 1 0
69 30 0.299 1 0
13 10 0.053 1 0
17 5 0.077 1 0
51 30 0.196 1 0
24 70 0.153 1 2
221 40 0.718 1 2
26 100 0.164 1 2
125 22 0.539 1 0
129 52 0.777 1 0
25 52 0.094 1 0
47 15 0.169 1 2
18 22 0.079 1 0
22 100 0.096 1 2
40 10 0.161 1 0
15 70 0.044 1 0
169 52 0.909 1 0
21 70 0.112 1 0
61 15 0.299 1 0
235 10 0.732 1 2
29 22 0.106 1 0
13 100 0.049 1 2
50 30 0.170 1 2
45 5 0.196 1 2
39 100 0.115 1 0
100 40 0.321 1 2
10 100 0.037 1 2
39 30 0.114 1 2
104 70 0.313 1 0
184 30 0.543 1 2
10 52 0.035 1 2
21 30 0.094 1 2
226 52 1.449 1 0
11 52 0.043 1 0
50 5 0.198 1 0
11 22 0.041 1 0
161 52 1.039 1 0
37 70 0.172 1 0
38 10 0.207 1 0
37 30 0.126 1 0
18 15 0.080 1 2
22 40 0.080 1 2
62 30 0.197 1 0
28 30 0.167 1 0
17 52 0.089 1 0
65 30 0.196 1 2
20 5 0.081 1 2
188 15 0.770 1 0
38 15 0.144 1 2
294 5 0.983 1 2
40 40 0.118 1 0
113 40 0.500 1 0
94 22 0.482 1 0
227 5 0.912 1 0
31 40 0.135 1 0
114 70 0.735 1 0
18 52 0.054 1 0
17 70 0.104 1 0
34 40 0.168 1 0
189 22 0.634 1 0
18 100 0.069 1 2
18 22 0.071 1 0
148 70 0.464 1 0
311 30 1.220 1 0
176 22 0.867 1 0
60 70 0.306 1 2
20 70 0.076 1 2
105 40 0.477 1 0
12 5 0.057 1 2
23 15 0.074 1 0
32 5 0.104 1 0
17 15 0.059 1 0
25 100 0.126 1 0
32 10 0.155 1 2
25 10 0.130 1 0
163 22 0.542 1 2
45 5 0.149 1 2
71 52 0.212 1 2
16 22 0.089 1 0
15 15 0.044 1 0
151 40 0.553 1 0
28 10 0.094 1 0
15 30 0.046 1 2
25 10 0.076 1 0
69 5 0.369 1 0
57 40 0.203 1 0
11 70 0.041 1 0
135 15 0.498 1 0
59 52 0.183 1 0
14 22 0.077 1 2
11 52 0.058 1 0
36 70 0.199 1 0
21 30 0.075 1 2
56 40 0.213 1 0
19 100 0.063 1 0
135 15 0.480 1 0
14 22 0.047 1 2
27 22 0.179 1 0
12 15 0.069 1 2
108 52 0.430 1 2
192 40 0.598 1 0
59 22 0.247 1 0
39 10 0.148 1 0
10 5 0.052 1 0
31 22 0.187 1 0
63 52 0.284 1 0
335 22 2.248 1 2
197 22 1.180 1 0
58 15 0.299 1 0
39 5 0.123 1 2
118 100 0.388 1 2
24 70 0.084 1 0
14 100 0.088 1 0
53 52 0.177 1 0
109 5 0.324 1 0
30 100 0.149 1 0
328 30 1.233 1 2
16 70 0.059 1 0
63 5 0.236 1 0
59 22 0.353 1 0
63 5 0.377 1 0
59 30 0.351 1 0
199 10 1.178 1 0
15 22 0.060 1 2
263 70 1.392 1 0
28 70 0.118 1 2
131 15 0.590 1 2
286 100 1.004 1 2
72 10 0.220 1 0
77 22 0.230 1 0
26 52 0.140 1 2
49 70 0.204 1 0
24 40 0.125 1 2
20 30 0.080 1 2
19 70 0.064 1 0
27 22 0.113 1 2
14 5 0.083 1 2
26 40 0.110 1 2
137 40 0.471 1 0
55 100 0.259 1 0
10 5 0.037 1 0
130 5 0.528 1 0
173 15 0.634 1 0
13 52 0.049 1 0
73 30 0.302 1 2
33 22 0.104 1 2
14 22 0.054 1 0
21 15 0.090 1 0
58 15 0.235 1 0
185 5 0.654 1 0
62 70 0.313 1 2
220 30 1.333 1 2
13 100 0.060 1 2
29 100 0.094 1 0
71 52 0.350 1 0
39 22 0.126 1 2
13 22 0.055 1 0
14 15 0.089 1 0
25 5 0.085 1 0
46 100 0.158 1 0
107 52 0.660 1 0
64 22 0.202 1 2
174 10 1.012 1 0
26 52 0.131 1 2
16 40 0.066 1 0
10 30 0.038 1 2
72 22 0.402 1 0
32 100 0.143 1 0
298 15 1.116 1 0
182 40 0.705 1 0
66 52 0.198 1 2
152 70 0.574 1 0
65 40 0.202 1 0
242 5 1.613 1 0
66 52 0.202 1 0
35 40 0.138 1 2
37 70 0.158 1 0
169 30 0.741 1 2
40 10 0.152 1 0
111 5 0.366 1 0
38 30 0.140 1 0
49 70 0.178 1 0
20 100 0.086 1 2
81 70 0.314 1 0
255 22 0.988 1 0
68 10 0.241 1 0
193 100 0.607 1 2
103 10 0.486 1 0
34 100 0.175 1 0
12 52 0.046 1 0
30 15 0.195 1 2
14 100 0.056 1 0
40 30 0.145 1 2
165 100 0.801 1 0
30 10 0.092 1 0
27 22 0.108 1 2
136 10 0.795 1 0
10 40 0.066 1 0
25 100 0.140 1 2
64 15 0.235 1 0
16 10 0.075 1 2
10 10 0.034 1 0
212 10 0.869 1 0
38 30 0.151 1 0
147 40 0.432 1 2
29 52 0.190 1 0
207 40 0.848 1 0
79 22 0.263 1 0
29 5 0.112 1 0
30 10 0.096 1 0
138 40 0.442 1 0
65 70 0.349 1 2
24 70 0.124 1 0
274 40 0.916 1 0
14 15 0.070 1 2
101 40 0.502 1 2
15 15 0.046 1 0
28 10 0.097 1 0
19 15 0.074 1 0
149 30 0.564 1 0
116 22 0.500 1 2
46 15 0.307 1 0
55 70 0.311 1 0
27 40 0.089 1 0
132 5 0.863 1 2
101 52 0.301 1 0
17 15 0.091 1 0
38 22 0.178 1 2
167 70 0.605 1 0
25 52 0.107 1 2
35 100 0.143 1 0
282 40 1.156 1 0
23 22 0.143 1 0
13 5 0.044 1 0
314 70 1.903 1 0
22 5 0.110 1 0
70 52 0.338 1 2
137 5 0.637 1 0
23 70 0.081 1 2
61 10 0.196 1 0
116 10 0.773 1 2
138 30 0.673 1 0
93 5 0.295 1 0
38 100 0.123 1 0
45 5 0.195 1 2
55 30 0.346 1 0
193 70 1.278 1 2
20 100 0.063 1 0
12 100 0.040 1 0
39 70 0.159 1 0
111 70 0.735 1 2
293 5 0.964 1 0
327 30 1.403 1 0
22 70 0.082 1 0
39 10 0.133 1 0
70 30 0.355 1 2
124 40 0.579 1 0
187 100 0.886 1 0
99 5 0.418 1 0
225 5 1.077 1 0
63 5 0.342 1 2
154 22 0.664 1 0
56 10 0.264 1 0
62 100 0.217 1 0
332 70 1.216 1 2
10 40 0.029 1 2
81 52 0.488 1 0
15 22 0.055 1 0
36 5 0.115 1 2
35 70 0.123 1 0
228 5 1.452 1 0
61 15 0.311 1 0
170 40 1.049 1 2
62 15 0.356 1 2
19 40 0.057 1 2
141 10 0.412 1 0
22 5 0.135 1 0
22 30 0.103 1 0
66 5 0.212 1 2
25 10 0.091 1 0
50 5 0.174 1 2
57 15 0.222 1 2
27 52 0.080 1 2
143 30 0.511 1 2
138 10 0.582 1 0
245 40 1.140 1 2
12 10 0.048 1 0
15 30 0.054 1 0
13 40 0.048 1 0
34 100 0.133 1 0
60 100 0.326 1 0
29 40 0.085 1 0
26 40 0.134 1 2
43 30 0.230 1 0
305 10 1.930 1 0
13 22 0.060 1 0
60 22 0.250 1 0
28 40 0.135 1 0
212 100 0.812 1 0
43 30 0.256 1 0
31 30 0.152 1 0
41 40 0.181 1 0
24 22 0.081 1 0
39 70 0.143 1 0
74 15 0.261 1 0
12 10 0.045 1 0
63 100 0.387 1 0
55 5 0.353 1 2
80 10 0.268 1 0
19 100 0.087 1 0
152 15 0.756 1 0
20 22 0.060 1 2
190 5 0.674 1 2
14 40 0.068 1 0
102 5 0.357 1 0
12 100 0.052 1 0
23 10 0.096 1 0
148 10 0.444 1 2
40 70 0.143 1 2
56 10 0.201 1 0
126 10 0.427 1 0
59 40 0.282 1 2
72 100 0.222 1 2
17 52 0.094 1 0
31 70 0.142 1 0
13 52 0.051 1 0
57 15 0.256 1 0
178 10 0.589 1 0
37 15 0.176 1 0
34 40 0.124 1 0
165 5 0.917 1 0
16 5 0.095 1 0
34 15 0.164 1 0
57 10 0.174 1 0
25 70 0.159 1 0
77 10 0.304 1 0
17 52 0.052 1 2
13 40 0.046 1 0
44 15 0.240 1 0
54 30 0.159 1 0
102 100 0.364 1 2
130 40 0.466 1 0
27 22 0.108 1 0
48 52 0.208 1 0
13 100 0.040 1 0
48 30 0.169 1 2
12 100 0.044 1 0
79 15 0.510 1 2
15 15 0.052 1 0
21 52 0.068 1 0
16 40 0.094 1 0
84 22 0.301 1 0
24 10 0.132 1 0
302 30 0.932 1 2
21 22 0.071 1 0
19 5 0.128 1 0
219 15 0.666 1 0
47 40 0.157 1 0
122 40 0.777 1 2
10 70 0.034 1 2
12 10 0.038 1 0
70 52 0.245 1 2
249 40 1.264 1 2
196 10 0.603 1 2
13 10 0.054 1 0
77 15 0.227 1 0
18 52 0.063 1 0
77 52 0.360 1 2
52 15 0.188 2 1
14 15 0.067 2 0
86 5 0.314 2 0
158 30 0.767 2 0
37 5 0.128 2 1
64 100 0.364 2 0
14 10 0.085 2 0
38 22 0.241 2 1
11 40 0.052 2 0
21 30 0.077 2 1
68 100 0.364 2 0
11 52 0.044 2 0
150 10 0.558 2 0
24 22 0.081 2 0
163 15 1.038 2 1
67 5 0.385 2 0
65 15 0.203 2 1
11 30 0.034 2 0
21 22 0.099 2 0
60 5 0.191 2 0
13 100 0.047 2 0
34 52 0.135 2 0
10 5 0.032 2 0
11 10 0.039 2 0
192 70 1.280 2 1
11 5 0.042 2 0
19 5 0.066 2 0
15 100 0.098 2 0
160 52 1.081 2 1
11 10 0.039 2 0
12 52 0.070 2 1
18 15 0.071 2 1
81 70 0.533 2 0
26 100 0.153 2 0
168 30 0.493 2 1
19 22 0.073 2 1
29 22 0.116 2 0
52 100 0.182 2 0
31 70 0.194 2 1
333 15 1.291 2 0
23 15 0.076 2 1
17 15 0.073 2 0
16 30 0.059 2 0
17 30 0.056 2 0
59 70 0.172 2 0
34 40 0.101 2 0
25 52 0.117 2 0
31 30 0.117 2 0
13 22 0.073 2 0
108 52 0.597 2 0
11 30 0.060 2 1
42 40 0.158 2 1
32 15 0.106 2 0
176 40 0.715 2 0
300 5 0.909 2 0
77 100 0.425 2 0
70 15 0.259 2 1
10 10 0.034 2 0
189 15 0.794 2 1
102 40 0.382 2 0
45 5 0.174 2 0
217 40 0.666 2 1
28 5 0.088 2 0
60 52 0.180 2 0
90 52 0.285 2 0
10 22 0.033 2 0
327 10 1.083 2 0
35 22 0.113 2 1
11 5 0.036 2 1
104 5 0.693 2 1
36 100 0.153 2 1
13 30 0.076 2 0
34 70 0.207 2 1
150 70 0.551 2 1
16 52 0.048 2 0
39 52 0.201 2 1
284 15 0.956 2 1
260 70 1.102 2 1
21 30 0.082 2 0
39 5 0.232 2 0
188 15 0.642 2 1
102 100 0.360 2 0
14 22 0.084 2 0
265 22 1.699 2 0
168 40 0.949 2 1
44 22 0.177 2 1
19 52 0.088 2 0
17 15 0.062 2 0
162 70 0.643 2 0
19 5 0.077 2 0
49 100 0.158 2 1
161 5 0.843 2 1
59 70 0.236 2 0
17 5 0.080 2 0
147 100 0.687 2 1
11 30 0.039 2 1
36 10 0.137 2 0
25 5 0.105 2 0
11 5 0.063 2 0
192 70 0.651 2 1
62 10 0.235 2 1
45 100 0.171 2 0
15 22 0.078 2 0
86 5 0.489 2 0
73 15 0.235 2 0
14 5 0.055 2 0
13 40 0.052 2 0
123 5 0.523 2 0
38 70 0.165 2 0
266 10 0.794 2 0
14 100 0.084 2 0
36 30 0.234 2 0
13 30 0.051 2 0
59 52 0.322 2 0
14 100 0.055 2 0
19 10 0.087 2 0
13 40 0.070 2 0
297 70 1.401 2 1
250 70 1.220 2 0
66 10 0.235 2 1
29 100 0.096 2 0
28 52 0.130 2 0
59 15 0.249 2 1
19 100 0.100 2 0
31 100 0.169 2 0
124 5 0.571 2 0
113 100 0.330 2 1
240 100 1.237 2 1
53 52 0.259 2 0
69 22 0.343 2 0
17 22 0.083 2 0
33 70 0.123 2 0
63 30 0.202 2 1
276 100 1.049 2 0
45 40 0.195 2 1
12 22 0.044 2 1
237 5 1.173 2 0
71 70 0.372 2 1
77 15 0.428 2 0
26 22 0.076 2 1
140 5 0.412 2 0
10 10 0.053 2 0
19 100 0.094 2 0
256 15 1.123 2 0
242 22 0.731 2 0
73 30 0.329 2 0
72 30 0.414 2 0
108 5 0.603 2 1
227 40 1.032 2 1
12 52 0.038 2 0
152 22 0.505 2 0
34 52 0.113 2 1
11 40 0.060 2 0
17 5 0.066 2 1
77 100 0.231 2 1
37 30 0.166 2 0
10 5 0.050 2 1
19 5 0.056 2 0
71 10 0.364 2 0
178 40 0.616 2 0
14 70 0.048 2 0
62 70 0.365 2 1
44 40 0.203 2 1
29 40 0.150 2 0
78 10 0.257 2 0
11 30 0.039 2 0
33 70 0.159 2 0
11 40 0.038 2 0
11 15 0.033 2 0
79 10 0.339 2 0
18 22 0.081 2 0
23 100 0.093 2 1
14 15 0.094 2 1
77 10 0.478 2 0
54 70 0.305 2 1
51 5 0.197 2 0
47 52 0.184 2 0
155 30 0.745 2 1
75 70 0.260 2 0
60 10 0.199 2 0
56 70 0.260 2 1
31 10 0.091 2 1
45 5 0.148 2 0
27 15 0.101 2 0
69 10 0.390 2 0
66 30 0.234 2 1
95 30 0.289 2 0
34 22 0.132 2 0
35 30 0.117 2 0
182 5 0.943 2 0
154 70 0.933 2 0
170 70 0.565 2 0
241 70 0.980 2 0
56 30 0.165 2 0
14 5 0.076 2 0
27 10 0.095 2 1
45 22 0.218 2 0
64 10 0.244 2 0
67 10 0.353 2 1
32 30 0.108 2 0
25 30 0.120 2 1
186 5 0.598 2 0
67 5 0.266 2 0
93 30 0.369 2 1
17 15 0.095 2 0
23 40 0.094 2 0
17 40 0.051 2 0
46 30 0.235 2 1
199 70 1.026 2 0
31 100 0.138 2 1
16 40 0.056 2 0
98 15 0.560 2 0
67 5 0.284 2 0
88 10 0.530 2 0
64 5 0.206 2 0
11 15 0.035 2 0
204 30 0.745 2 0
17 22 0.072 2 1
60 15 0.226 2 0
23 40 0.076 2 0
244 22 1.043 2 1
25 22 0.104 2 1
52 30 0.183 2 1
47 30 0.201 2 0
133 100 0.573 2 1
169 5 0.758 2 0
51 52 0.170 2 0
68 40 0.250 2 0
51 5 0.190 2 0
34 70 0.144 2 1
16 30 0.074 2 1
36 22 0.224 2 0
78 10 0.230 2 0
88 5 0.297 2 0
173 15 0.521 2 0
29 5 0.098 2 1
14 52 0.074 2 0
76 10 0.230 2 1
166 10 0.561 2 1
110 100 0.387 2 0
27 70 0.085 2 0
148 10 0.594 2 1
243 52 1.246 2 0
16 70 0.094 2 0
280 40 0.864 2 0
11 10 0.070 2 0
68 15 0.218 2 0
26 70 0.078 2 0
35 5 0.102 2 0
17 52 0.108 2 0
41 10 0.120 2 1
225 52 0.996 2 0
71 10 0.326 2 0
240 70 1.277 2 0
23 52 0.110 2 0
146 5 0.586 2 0
35 52 0.119 2 0
146 10 0.885 2 0
166 100 1.099 2 0
202 40 0.981 2 1
17 40 0.065 2 1
130 10 0.718 2 0
151 22 0.453 2 0
95 40 0.365 2 0
42 22 0.149 2 0
18 52 0.058 2 0
17 10 0.076 2 0
53 100 0.166 2 1
58 40 0.307 2 0
30 52 0.155 2 1
10 30 0.046 2 1
19 5 0.076 2 1
75 22 0.446 2 0
99 10 0.434 2 1
158 10 1.026 2 0
67 10 0.253 2 0
13 30 0.042 2 1
35 15 0.206 2 0
17 22 0.053 2 0
88 52 0.314 2 1
69 100 0.305 2 0
10 15 0.030 2 0
79 52 0.295 2 0
23 100 0.096 2 1
10 22 0.062 2 0
76 30 0.249 2 0
66 40 0.198 2 0
69 52 0.399 2 0
142 30 0.509 2 0
166 52 0.561 2 1
25 52 0.082 2 0
14 40 0.054 2 1
29 100 0.089 2 0
19 30 0.092 2 1
31 52 0.126 2 0
13 52 0.076 2 1
18 22 0.057 2 1
221 22 1.263 2 0
127 52 0.460 2 1
248 10 1.107 2 1
155 70 0.507 2 0
19 52 0.085 2 0
61 22 0.183 2 0
89 15 0.284 2 1
144 40 0.569 2 0
92 40 0.377 2 0
117 10 0.669 2 1
162 30 0.536 2 0
15 30 0.073 2 0
62 15 0.267 2 1
12 52 0.067 2 0
25 10 0.124 2 1
32 22 0.111 2 0
184 100 0.974 2 1
75 40 0.339 2 1
55 52 0.169 2 1
52 15 0.169 2 1
51 100 0.235 2 0
34 52 0.137 2 0
15 5 0.045 2 0
13 52 0.042 2 0
62 15 0.209 2 0
63 10 0.412 2 1
191 100 0.868 2 0
73 70 0.252 2 0
54 22 0.365 2 0
93 15 0.291 2 1
57 100 0.238 2 0
101 52 0.314 2 0
18 52 0.118 2 0
243 70 0.917 2 0
166 100 0.856 2 0
64 5 0.204 2 0
47 70 0.149 2 1
16 5 0.066 2 1
79 10 0.444 2 0
165 100 0.671 2 0
17 15 0.064 2 0
72 22 0.424 2 0
69 30 0.408 2 1
19 100 0.063 2 0
196 10 1.298 2 0
34 22 0.146 2 1
252 52 1.457 2 1
33 22 0.129 2 0
30 30 0.124 2 0
86 100 0.368 2 0
33 15 0.129 2 0
303 52 0.974 2 0
161 5 0.654 2 1
39 100 0.217 2 1
204 15 0.745 2 1
14 22 0.062 2 0
68 40 0.436 2 0
23 52 0.082 2 1
304 52 1.067 2 0
43 30 0.146 2 1
21 15 0.123 2 1
18 40 0.053 2 1
301 52 1.286 2 0
300 40 1.103 2 0
10 5 0.045 2 1
65 10 0.242 2 0
10 5 0.055 2 0
69 70 0.394 2 0
138 15 0.597 2 0
47 70 0.175 2 0
133 70 0.518 2 0
10 10 0.033 2 0
31 10 0.090 2 0
196 15 1.071 2 0
27 52 0.082 2 0
64 40 0.189 2 0
62 10 0.335 2 0
11 40 0.042 2 1
25 70 0.114 2 0
61 100 0.323 2 1
106 40 0.527 2 1
92 10 0.270 2 0
22 40 0.139 2 0
230 70 1.198 2 0
121 40 0.608 2 0
306 40 1.779 2 0
30 70 0.105 2 0
38 15 0.144 2 0
62 70 0.192 2 0
73 40 0.445 2 1
71 15 0.225 2 1
12 22 0.050 2 1
31 70 0.099 2 1
36 30 0.115 2 0
58 22 0.243 2 1
70 10 0.204 2 1
16 5 0.066 2 0
148 100 0.804 2 0
196 15 1.140 2 0
161 15 1.066 2 0
12 5 0.059 2 1
56 30 0.188 2 0
140 10 0.545 2 0
165 5 1.031 2 0
35 22 0.186 2 0
219 40 0.793 2 0
14 52 0.049 2 0
40 5 0.142 2 0
77 30 0.500 2 0
10 70 0.061 2 0
11 22 0.050 2 0
15 100 0.064 2 1
202 100 0.805 2 1
16 52 0.092 2 0
115 52 0.542 2 0
24 40 0.158 2 1
140 22 0.515 2 1
75 70 0.507 2 0
73 15 0.246 2 0
93 70 0.399 2 1
34 40 0.206 2 0
12 22 0.067 2 0
68 40 0.270 2 0
60 30 0.182 2 0
10 52 0.057 2 0
25 5 0.075 2 0
214 10 1.157 2 0
325 100 1.806 2 1
31 70 0.172 2 0
302 40 1.038 2 0
43 5 0.162 2 0
301 30 0.915 2 0
26 100 0.103 2 0
31 22 0.098 2 1
41 40 0.128 2 0
14 40 0.059 2 0
11 40 0.048 2 0
53 5 0.173 2 0
63 40 0.325 2 0
220 5 0.913 2 0
10 5 0.032 2 0
39 70 0.192 2 0
17 100 0.093 2 0
65 10 0.300 2 1
190 5 0.852 2 1
178 70 0.535 2 0
42 15 0.189 2 0
50 70 0.151 2 0
146 10 0.516 2 1
329 40 1.295 2 0
79 10 0.324 2 0
51 52 0.287 2 1
161 100 0.697 2 0
44 52 0.134 2 0
15 70 0.045 2 0
20 22 0.090 2 0
53 52 0.164 2 0
31 70 0.106 2 1
56 70 0.176 2 0
163 30 0.586 2 0
33 100 0.116 2 0
310 70 1.225 2 1
27 5 0.102 2 0
19 30 0.083 2 0
149 52 0.819 2 0
31 5 0.137 2 0
75 15 0.274 2 1
16 22 0.099 2 0
35 15 0.200 2 0
111 22 0.526 2 1
24 40 0.071 2 0
44 5 0.183 2 0
70 15 0.269 2 0
199 15 0.843 2 0
18 22 0.063 2 0
68 40 0.204 2 0
14 40 0.071 2 0
11 70 0.042 2 0
30 40 0.114 2 0
75 30 0.424 2 1
253 30 0.962 2 1
16 22 0.082 2 0
74 40 0.318 2 0
124 10 0.408 2 0
32 40 0.129 2 1
67 15 0.351 2 0
16 5 0.070 2 0
73 30 0.222 2 1
32 22 0.120 2 0
117 30 0.375 2 0
15 100 0.101 2 0
10 100 0.061 2 0
98 100 0.419 2 0
15 5 0.089 2 1
63 30 0.333 2 1
21 30 0.090 2 0
17 22 0.097 2 1
12 40 0.036 2 0
32 30 0.100 2 0
32 22 0.101 2 0
80 100 0.388 2 0
21 22 0.061 2 0
101 5 0.643 2 0
15 40 0.075 2 1
27 70 0.101 2 1
62 22 0.207 2 1
31 22 0.132 2 0
17 52 0.078 2 0
78 30 0.344 2 0
73 40 0.307 2 0
18 22 0.112 2 0
14 30 0.082 2 1
84 22 0.248 2 0
40 70 0.121 2 0
57 52 0.247 2 1
43 100 0.128 2 0
196 70 0.647 2 0
12 30 0.054 2 0
54 22 0.271 2 0
47 15 0.168 2 0
149 10 0.540 2 0
63 52 0.409 2 1
43 100 0.281 2 1
95 5 0.508 2 1
53 70 0.174 2 0
16 15 0.086 2 0
75 52 0.230 2 0
79 5 0.297 2 0
143 40 0.481 2 0
35 100 0.233 2 1
11 22 0.035 2 0
96 5 0.400 2 0
19 40 0.084 2 1
17 10 0.052 2 0
27 22 0.166 2 0
19 10 0.069 2 1
55 10 0.184 2 1
10 70 0.030 2 0
29 10 0.150 2 1
19 100 0.112 2 0
34 30 0.114 2 0
36 22 0.181 2 1
156 30 0.664 2 0
305 5 1.918 2 0
11 15 0.034 2 0
37 5 0.152 2 1
20 15 0.075 2 1
235 22 1.211 2 1
43 100 0.147 2 0
70 40 0.395 2 0
138 70 0.519 2 0
14 100 0.044 2 0
23 15 0.117 2 1
25 52 0.100 2 0
10 22 0.050 2 0
139 52 0.486 2 0
107 70 0.368 2 1
280 100 1.223 2 0
155 100 0.749 2 0
10 52 0.035 2 1
108 15 0.491 2 1
89 70 0.430 2 1
133 70 0.596 2 0
12 10 0.071 2 0
11 70 0.067 2 1
53 10 0.277 2 0
35 70 0.125 2 0
67 30 0.328 2 1
166 70 0.508 2 1
17 52 0.050 2 0
26 52 0.100 2 0
13 30 0.067 2 1
133 22 0.494 2 0
15 52 0.067 2 0
19 52 0.057 2 0
24 22 0.100 2 0
38 15 0.233 2 0
145 5 0.553 2 0
55 52 0.186 2 0
150 52 0.497 2 0
19 5 0.070 2 1
22 15 0.069 2 1
280 40 0.979 2 0
185 22 0.920 2 0
29 5 0.093 2 0
273 70 1.213 2 1
12 22 0.069 2 0
28 5 0.105 2 0
28 100 0.139 2 0
64 100 0.354 2 0
61 100 0.367 2 0
45 10 0.134 2 0
11 52 0.066 2 0
23 70 0.123 2 1
17 52 0.057 2 0
189 30 0.656 2 0
53 15 0.156 2 0
133 30 0.462 2 1
11 22 0.040 2 0
20 70 0.122 2 0
14 52 0.042 2 0
22 10 0.065 2 1
12 10 0.037 2 0
68 5 0.302 2 1
23 22 0.126 2 0
13 22 0.045 2 0
131 15 0.679 2 0
16 52 0.047 2 1
73 22 0.298 2 0
14 22 0.056 2 0
29 22 0.114 2 0
121 100 0.568 2 0
100 22 0.444 2 0
64 100 0.235 2 0
66 22 0.228 2 0
300 5 1.271 2 0
71 22 0.245 2 0
134 5 0.575 2 0
11 100 0.066 2 0
34 22 0.157 2 1
33 52 0.115 2 0
19 30 0.107 2 1
30 30 0.133 2 0
34 5 0.101 2 0
222 10 1.018 2 1
38 5 0.112 2 0
24 52 0.076 2 0
34 10 0.176 2 0
116 5 0.462 2 0
50 100 0.251 2 0
322 70 1.431 2 1
251 5 0.965 2 1
168 40 0.568 2 0
146 40 0.632 2 1
22 40 0.077 2 1
57 22 0.298 2 1
108 22 0.517 2 0
62 30 0.295 2 0
53 70 0.205 2 0
28 70 0.184 2 0
28 52 0.097 2 1
91 70 0.391 2 0
134 52 0.523 2 0
17 40 0.087 2 0
36 40 0.127 2 0
139 52 0.447 2 0
20 100 0.081 2 0
15 15 0.059 2 0
56 30 0.344 2 0
88 15 0.311 2 0
142 30 0.497 2 0
24 5 0.097 2 1
72 100 0.486 2 0
24 100 0.072 2 0
77 52 0.286 2 0
184 10 0.543 2 0
76 5 0.503 2 1
165 5 0.750 2 1
107 40 0.339 2 0
266 52 0.816 2 0
116 40 0.555 2 0
18 10 0.083 2 1
23 15 0.071 2 0
147 22 0.450 2 0
142 10 0.505 2 0
32 15 0.120 2 0
80 52 0.248 2 1
60 22 0.216 2 1
63 5 0.417 2 1
10 10 0.042 2 0
107 100 0.347 2 0
119 40 0.509 2 0
20 15 0.130 2 0
173 100 0.646 2 1
60 15 0.296 2 0
22 10 0.064 2 1
24 30 0.088 2 0
128 15 0.624 2 1
317 22 0.975 2 0
171 10 0.636 2 1
89 22 0.260 2 1
189 52 0.964 2 0
54 15 0.215 2 0
144 10 0.463 2 0
183 52 0.565 2 0
221 30 1.256 2 1
20 40 0.076 2 0
91 22 0.274 2 0
23 10 0.116 2 0
41 70 0.177 2 0
96 100 0.318 2 0
16 40 0.054 2 0
58 70 0.170 2 0
16 70 0.058 2 0
113 52 0.350 2 0
35 22 0.108 2 0
149 52 0.677 2 1
16 15 0.065 2 0
20 22 0.066 2 1
18 100 0.068 2 0
190 40 0.880 2 0
109 10 0.429 2 1
243 5 1.279 2 0
236 52 0.774 2 0
18 10 0.060 2 0
16 10 0.086 2 0
25 5 0.145 2 1
19 5 0.075 2 1
14 10 0.069 2 0
296 22 1.035 2 0
26 52 0.097 2 0
65 40 0.248 2 1
18 10 0.057 2 0
59 70 0.267 2 0
274 30 0.811 2 0
63 100 0.326 2 1
31 40 0.103 2 0
30 10 0.089 2 0
28 100 0.131 2 0
219 100 0.678 2 0
31 10 0.091 2 1
14 100 0.061 2 0
316 5 1.588 2 0
175 30 0.803 2 1
40 70 0.222 2 0
18 100 0.071 2 0
66 22 0.375 2 0
18 40 0.061 2 1
19 52 0.067 2 0
137 22 0.774 2 1
13 70 0.082 2 1
68 52 0.335 2 0
18 30 0.095 2 0
52 40 0.153 2 0
59 15 0.311 2 0
10 5 0.033 2 1
104 30 0.382 2 1
20 40 0.085 2 1
293 5 1.017 2 0
59 30 0.369 2 0
83 15 0.278 2 1
71 22 0.217 2 0
55 22 0.168 2 1
68 70 0.264 2 1
112 15 0.419 2 0
36 10 0.147 2 0
232 100 1.303 2 1
48 15 0.145 2 0
54 52 0.224 2 0
155 10 0.618 2 0
34 30 0.128 2 0
32 22 0.145 2 1
185 70 1.082 2 0
21 10 0.111 2 1
15 22 0.050 2 0
173 40 0.643 2 1
12 30 0.078 2 0
299 40 1.306 2 0
14 52 0.090 2 0
53 15 0.277 2 0
14 22 0.086 2 1
32 52 0.192 2 0
39 22 0.129 2 1
12 15 0.049 2 0
62 15 0.330 2 1
177 5 1.120 2 0
59 52 0.267 2 0
194 10 0.606 2 0
16 52 0.092 2 0
13 15 0.071 2 0
67 30 0.337 2 1
189 52 1.112 2 0
165 10 0.534 2 0
28 52 0.106 2 0
48 10 0.211 2 1
131 52 0.606 2 0
64 52 0.206 2 1
15 10 0.079 2 0
72 40 0.332 2 0
91 5 0.394 2 0
225 40 1.442 2 0
28 30 0.114 2 1
63 52 0.375 2 0
65 52 0.193 2 1
156 70 0.515 2 1
11 5 0.054 2 0
18 15 0.085 2 0
27 5 0.089 2 0
68 30 0.267 2 0
11 5 0.035 2 0
178 30 0.567 2 1
14 15 0.050 2 0
46 30 0.235 2 0
22 10 0.075 2 1
28 40 0.144 2 0
27 10 0.107 2 1
76 15 0.222 2 0
134 40 0.411 2 0
46 15 0.245 2 1
51 15 0.200 2 0
14 52 0.053 2 1
18 100 0.060 2 0
181 40 0.628 2 0
23 100 0.078 2 0
63 5 0.356 2 0
28 70 0.150 2 0
102 100 0.416 2 0
16 52 0.047 2 1
22 5 0.117 2 0
51 40 0.165 2 1
38 10 0.189 2 0
89 22 0.324 2 0
96 52 0.558 2 0
10 70 0.029 2 1
57 70 0.198 2 1
53 100 0.185 2 0
10 52 0.032 2 0
89 15 0.371 2 0
10 22 0.053 2 0
54 40 0.167 2 1
332 22 2.228 2 1
123 40 0.416 2 0
24 40 0.117 2 0
19 22 0.060 2 1
15 22 0.044 2 0
229 5 1.507 2 1
121 22 0.368 2 0
159 10 0.470 2 0
203 70 1.180 2 0
153 30 0.657 2 1
125 100 0.389 2 0
107 15 0.527 2 0
36 15 0.153 2 1
16 10 0.062 2 1
27 100 0.084 2 1
14 22 0.064 2 1
14 40 0.076 2 0
14 30 0.048 2 1
18 10 0.104 2 1
70 70 0.285 2 0
119 70 0.461 2 0
16 52 0.051 2 0
109 70 0.373 2 1
326 5 1.622 2 1
200 100 0.935 2 1
23 30 0.143 2 0
95 15 0.286 2 1
16 100 0.056 2 0
13 30 0.064 2 1
45 70 0.151 2 1
32 5 0.182 2 0
181 30 0.838 2 0
10 22 0.053 2 0
12 30 0.052 2 0
156 5 0.619 2 0
10 5 0.033 2 0
14 30 0.042 2 0
70 15 0.340 2 0
204 100 0.919 2 1
166 30 0.516 2 0
194 40 0.792 2 0
104 10 0.309 2 0
107 15 0.382 2 0
56 52 0.213 2 1
18 100 0.059 2 1
14 30 0.073 2 0
30 100 0.112 2 0
10 52 0.034 2 0
103 30 0.510 2 0
160 40 0.687 2 0
127 70 0.809 2 0
135 30 0.509 2 1
43 15 0.257 2 1
233 15 1.214 2 0
81 5 0.405 2 0
140 100 0.697 2 0
63 70 0.192 2 0
133 52 0.605 2 1
12 40 0.045 2 0
37 22 0.193 2 0
74 100 0.257 2 0
106 40 0.380 2 0
50 100 0.154 2 0
194 52 1.244 2 0
17 30 0.072 2 0
13 40 0.045 2 1
17 15 0.062 2 0
240 10 1.509 2 1
15 100 0.093 2 1
27 22 0.103 2 0
29 40 0.096 2 0
100 70 0.357 2 0
42 15 0.157 2 0
16 5 0.051 2 1
32 70 0.094 2 0
13 10 0.042 2 0
36 5 0.142 2 1
29 30 0.096 2 1
131 15 0.389 2 0
34 22 0.227 2 1
156 40 0.580 2 0
109 100 0.416 2 1
47 22 0.184 2 0
42 15 0.211 2 0
73 40 0.255 2 0
129 30 0.554 2 1
48 10 0.184 2 0
335 52 1.811 2 0
20 10 0.109 2 1
114 15 0.354 2 0
141 22 0.544 2 0
107 5 0.435 2 0
111 15 0.531 2 1
55 40 0.185 2 0
45 100 0.191 2 0
31 15 0.109 2 1
49 70 0.157 2 1
25 5 0.084 2 0
38 15 0.121 2 1
94 70 0.416 2 0
15 100 0.062 2 1
93 5 0.273 2 0
16 10 0.101 2 1
135 30 0.808 2 1
18 40 0.056 2 1
66 5 0.201 2 0
49 22 0.220 2 0
73 70 0.356 2 0
63 30 0.186 2 0
20 100 0.085 2 0
94 10 0.423 2 0
11 52 0.039 2 1
34 30 0.105 2 0
225 22 0.978 2 0
106 5 0.375 2 1
219 22 1.028 2 0
32 10 0.147 2 0
160 100 0.497 2 0
22 52 0.111 2 0
13 100 0.063 2 0
35 40 0.222 2 0
130 5 0.872 2 0
18 30 0.052 2 1
16 22 0.064 2 1
152 52 0.596 2 0
138 5 0.523 2 1
54 5 0.266 2 0
13 5 0.061 2 0
168 15 1.043 2 1
24 52 0.071 2 0
19 40 0.059 2 1
194 22 1.010 2 1
64 30 0.213 2 0
32 70 0.204 2 1
19 30 0.069 2 0
175 5 0.893 2 1
193 22 1.142 2 0
128 5 0.795 2 1
339 100 1.087 2 0
51 5 0.226 2 1
144 40 0.526 2 0
14 30 0.087 2 1
13 15 0.046 2 1
53 30 0.209 2 0
29 30 0.195 2 0
80 22 0.317 2 0
14 22 0.068 2 1
147 10 0.615 2 1
20 15 0.059 2 0
11 22 0.042 2 0
19 5 0.060 2 0
265 10 1.227 2 1
56 5 0.226 2 0
267 70 1.004 2 0
16 22 0.071 2 1
64 30 0.188 2 0
73 15 0.302 2 1
16 30 0.104 2 0
88 15 0.272 2 1
32 40 0.099 2 1
121 40 0.492 2 1
183 100 1.212 2 0
30 100 0.112 2 0
20 100 0.065 2 1
76 30 0.239 2 0
62 15 0.238 2 0
48 30 0.166 2 0
185 40 0.969 2 0
53 10 0.182 2 0
82 30 0.416 2 0
31 10 0.109 2 0
39 70 0.125 2 0
107 70 0.329 2 0
84 40 0.472 2 1
20 40 0.073 2 0
10 100 0.042 2 0
26 30 0.079 2 1
21 40 0.106 2 0
135 52 0.397 2 0
20 10 0.104 2 1
254 40 0.814 2 1
48 22 0.213 2 0
68 52 0.239 2 1
174 5 0.780 2 0
170 22 0.661 2 0
23 40 0.095 2 1
50 52 0.188 2 0
36 100 0.149 2 0
118 40 0.482 2 0
62 40 0.283 2 0
14 52 0.046 2 1
35 100 0.108 2 1
160 100 0.884 2 1
12 70 0.041 2 0
72 22 0.387 2 0
16 10 0.103 2 0
10 15 0.051 2 1
15 70 0.050 2 1
171 22 0.620 2 0
20 52 0.060 2 1
74 100 0.303 2 0
52 5 0.243 2 0
225 22 0.705 2 1
34 5 0.217 2 1
186 15 0.550 2 0
36 30 0.137 2 0
176 40 1.121 2 0
23 15 0.071 2 0
74 40 0.316 2 0
57 30 0.348 2 0
72 100 0.257 2 1
124 40 0.667 2 0
16 5 0.074 2 1
15 15 0.058 2 0
11 70 0.056 2 1
16 52 0.058 2 1
216 100 0.761 2 0
19 40 0.061 2 0
60 52 0.179 2 0
16 15 0.048 2 0
192 30 0.606 2 0
35 70 0.229 2 1
214 5 1.054 2 0
108 15 0.408 2 0
16 40 0.048 2 0
16 30 0.074 2 1
47 15 0.173 2 0
151 70 0.878 2 1
