17 30 0.054 0 2
73 5 0.322 0 1
35 52 0.166 0 1
10 15 0.055 0 1
44 10 0.176 0 1
44 70 0.206 0 2
29 10 0.091 0 1
91 40 0.526 0 1
71 15 0.262 0 1
16 15 0.055 0 2
37 30 0.117 0 1
30 70 0.195 0 2
19 5 0.098 0 2
143 70 0.947 0 1
24 15 0.084 0 2
12 15 0.037 0 1
137 40 0.550 0 2
24 70 0.098 0 2
13 15 0.045 0 2
58 40 0.206 0 1
38 15 0.129 0 1
50 10 0.167 0 2
114 5 0.360 0 2
50 5 0.329 0 1
196 70 0.658 0 2
174 40 0.523 0 2
59 70 0.186 0 1
39 5 0.176 0 1
85 30 0.293 0 1
68 52 0.456 0 1
30 70 0.115 0 1
48 52 0.209 0 2
188 22 0.556 0 1
16 10 0.075 0 1
100 15 0.606 0 1
15 5 0.046 0 2
15 5 0.051 0 1
62 40 0.265 0 1
304 70 1.842 0 2
52 52 0.170 0 2
189 22 0.964 0 2
17 15 0.065 0 1
68 22 0.213 0 1
28 10 0.099 0 1
31 15 0.128 0 2
15 40 0.050 0 1
30 15 0.117 0 1
11 70 0.037 0 1
145 5 0.533 0 1
166 15 0.555 0 1
49 22 0.312 0 2
38 40 0.210 0 2
108 10 0.334 0 2
73 22 0.261 0 2
180 5 0.896 0 2
41 5 0.145 0 1
33 30 0.219 0 2
19 15 0.084 0 2
145 70 0.456 0 2
154 22 0.917 0 1
29 10 0.088 0 2
18 22 0.073 0 1
45 70 0.170 0 1
30 100 0.146 0 2
11 15 0.071 0 1
78 5 0.308 0 1
16 15 0.048 0 2
25 22 0.107 0 2
85 52 0.335 0 1
33 15 0.186 0 2
169 70 0.824 0 2
161 10 0.716 0 1
15 70 0.047 0 2
139 100 0.594 0 1
299 100 1.146 0 2
40 100 0.129 0 1
100 40 0.439 0 1
172 40 0.659 0 2
14 30 0.067 0 2
18 40 0.110 0 2
29 5 0.158 0 2
287 15 0.897 0 2
18 40 0.058 0 2
28 70 0.133 0 2
70 52 0.389 0 2
192 5 0.774 0 2
14 52 0.041 0 2
102 40 0.327 0 1
13 30 0.080 0 2
237 10 0.790 0 2
52 40 0.220 0 2
23 70 0.068 0 1
19 22 0.084 0 1
35 5 0.121 0 2
116 70 0.552 0 2
15 100 0.070 0 1
159 100 0.807 0 1
176 30 0.850 0 2
88 52 0.297 0 2
11 100 0.043 0 2
22 40 0.102 0 2
15 70 0.073 0 2
22 70 0.066 0 1
21 30 0.138 0 1
13 40 0.043 0 1
18 30 0.061 0 2
68 40 0.283 0 2
15 100 0.061 0 1
38 10 0.117 0 1
130 40 0.382 0 2
331 52 1.006 0 2
50 30 0.276 0 2
58 70 0.333 0 2
268 40 1.181 0 1
26 40 0.077 0 1
98 40 0.304 0 1
166 52 0.933 0 2
11 70 0.050 0 1
33 40 0.118 0 2
68 15 0.308 0 1
16 10 0.047 0 2
14 5 0.052 0 1
15 40 0.052 0 2
69 100 0.333 0 1
32 70 0.106 0 1
11 70 0.036 0 1
18 100 0.058 0 2
36 30 0.231 0 2
106 22 0.480 0 1
152 40 0.889 0 2
46 70 0.155 0 1
253 30 1.675 0 1
33 22 0.151 0 2
295 100 1.612 0 1
18 22 0.083 0 1
29 15 0.178 0 2
41 52 0.132 0 2
156 5 0.969 0 1
25 40 0.087 0 2
36 30 0.193 0 1
41 100 0.127 0 1
17 10 0.061 0 1
16 5 0.071 0 2
12 70 0.041 0 2
189 30 0.673 0 1
41 40 0.162 0 1
174 30 0.956 0 1
28 22 0.158 0 1
38 10 0.205 0 2
84 10 0.293 0 1
97 5 0.591 0 2
193 70 0.707 0 1
30 5 0.092 0 1
73 40 0.232 0 2
279 100 1.187 0 1
65 10 0.211 0 1
96 15 0.287 0 1
15 30 0.101 0 2
11 5 0.038 0 1
106 22 0.352 0 1
71 70 0.360 0 2
42 5 0.185 0 2
23 5 0.112 0 2
44 100 0.147 0 2
28 22 0.160 0 2
60 22 0.206 0 2
29 10 0.141 0 2
95 10 0.345 0 1
38 70 0.134 0 1
182 10 0.593 0 1
309 52 1.839 0 2
19 5 0.066 0 1
21 30 0.109 0 1
155 70 0.866 0 2
13 10 0.047 0 2
15 52 0.097 0 1
34 70 0.146 0 2
33 70 0.220 0 1
15 22 0.087 0 1
206 30 0.932 0 1
40 5 0.122 0 2
28 22 0.096 0 2
122 30 0.382 0 2
12 70 0.046 0 1
158 30 0.506 0 1
71 22 0.401 0 1
14 70 0.044 0 1
280 5 1.366 0 2
24 22 0.114 0 2
21 22 0.117 0 2
11 15 0.042 0 1
16 52 0.056 0 1
14 100 0.062 0 1
53 22 0.196 0 2
306 70 0.936 0 2
156 40 0.700 0 1
28 5 0.116 0 1
10 22 0.029 0 2
61 5 0.333 0 2
73 100 0.240 0 2
29 15 0.167 0 2
199 10 0.858 0 1
162 40 0.531 0 1
145 100 0.617 0 1
44 15 0.139 0 2
25 5 0.119 0 1
64 52 0.201 0 1
161 30 0.495 0 1
27 52 0.102 0 1
79 10 0.269 0 2
51 52 0.295 0 2
61 100 0.217 0 2
111 70 0.735 0 2
52 10 0.169 0 2
74 100 0.336 0 1
68 30 0.417 0 1
34 70 0.107 0 2
13 40 0.042 0 1
12 52 0.040 0 2
251 52 1.050 0 2
94 22 0.281 0 1
38 10 0.163 0 1
79 10 0.241 0 2
30 40 0.143 0 1
69 30 0.303 0 2
79 10 0.395 0 2
199 22 1.010 0 1
116 100 0.472 0 1
68 5 0.349 0 1
30 5 0.195 0 1
164 100 0.739 0 2
326 30 1.278 0 1
47 52 0.194 0 1
32 30 0.118 0 1
74 5 0.280 0 2
250 30 0.909 0 1
70 100 0.365 0 2
37 70 0.214 0 2
13 22 0.044 0 1
27 22 0.085 0 2
167 15 0.511 0 2
12 22 0.037 0 1
190 5 0.564 0 2
176 22 0.755 0 2
58 22 0.176 0 2
24 5 0.083 0 1
132 70 0.433 0 2
233 30 1.148 0 2
84 22 0.316 0 1
13 10 0.050 0 1
37 40 0.220 0 1
329 100 1.327 0 2
190 30 1.000 0 2
163 52 0.627 0 2
17 10 0.070 0 1
55 70 0.270 0 2
106 10 0.635 0 2
29 30 0.108 0 1
17 15 0.102 0 1
100 15 0.296 0 1
279 15 1.224 0 1
10 100 0.041 0 2
83 70 0.304 0 2
50 22 0.246 0 1
11 40 0.051 0 2
39 22 0.194 0 2
17 100 0.052 0 2
17 40 0.067 0 1
12 70 0.063 0 1
10 22 0.053 0 1
18 52 0.083 0 1
20 5 0.078 0 2
160 22 0.889 0 2
320 30 1.928 0 1
76 22 0.478 0 1
25 100 0.114 0 1
197 100 1.132 0 1
27 10 0.084 0 1
12 70 0.047 0 2
114 70 0.438 0 2
120 10 0.606 0 1
41 22 0.125 0 1
134 5 0.423 0 2
18 40 0.057 0 2
189 70 0.913 0 1
71 15 0.295 0 2
46 70 0.181 0 1
147 22 0.880 0 2
18 30 0.056 0 1
28 30 0.131 0 2
74 40 0.448 0 2
165 15 0.537 0 1
67 40 0.229 0 2
49 5 0.148 0 1
51 22 0.185 0 2
14 10 0.077 0 2
149 22 0.631 0 2
15 30 0.067 0 2
186 100 0.585 0 2
96 10 0.372 0 1
164 100 0.868 0 1
281 100 1.849 0 1
60 100 0.293 0 2
57 52 0.385 0 2
11 5 0.048 0 1
311 15 1.220 0 1
122 100 0.396 0 2
53 70 0.180 0 2
33 10 0.096 0 1
123 40 0.641 0 1
61 5 0.190 0 2
31 5 0.091 0 2
24 15 0.121 0 1
136 10 0.439 0 1
36 40 0.144 0 2
326 40 0.950 0 2
169 5 0.955 0 2
57 30 0.343 0 2
38 40 0.134 0 2
13 10 0.046 0 1
115 15 0.489 0 2
12 15 0.065 0 1
76 22 0.265 0 2
62 52 0.197 0 1
69 30 0.377 0 2
275 15 0.887 0 1
17 5 0.113 0 1
71 22 0.285 0 1
17 15 0.067 0 1
64 22 0.250 0 2
21 52 0.127 0 1
17 40 0.083 0 1
11 5 0.039 0 1
134 52 0.515 0 2
326 100 1.538 0 2
29 30 0.114 0 1
19 40 0.095 0 1
18 52 0.053 0 2
291 15 0.871 0 1
19 5 0.064 0 1
101 5 0.620 0 1
46 10 0.145 0 2
28 70 0.121 0 2
65 40 0.430 0 1
170 30 0.584 0 1
190 52 1.086 0 2
32 10 0.115 0 1
30 30 0.147 0 1
20 70 0.094 0 2
11 5 0.036 0 1
13 22 0.079 0 1
15 70 0.067 0 1
32 22 0.165 0 2
15 10 0.060 0 2
33 30 0.107 0 1
194 40 0.738 1 2
50 5 0.153 1 0
223 10 0.738 1 0
60 10 0.211 1 0
40 10 0.129 1 0
301 5 0.990 1 0
55 52 0.255 1 0
46 15 0.152 1 2
215 22 1.120 1 0
29 52 0.134 1 2
32 5 0.118 1 0
10 30 0.042 1 2
108 52 0.387 1 2
40 70 0.131 1 0
187 52 0.820 1 2
17 30 0.051 1 0
238 52 0.826 1 0
36 52 0.117 1 0
56 10 0.255 1 0
70 100 0.229 1 0
49 10 0.147 1 2
19 52 0.076 1 0
144 100 0.923 1 2
111 5 0.333 1 2
280 22 1.538 1 2
39 10 0.173 1 0
174 52 0.983 1 0
10 52 0.056 1 0
20 70 0.102 1 0
14 15 0.048 1 0
25 22 0.124 1 0
48 22 0.306 1 0
65 52 0.374 1 2
40 52 0.121 1 0
53 30 0.262 1 0
36 30 0.170 1 2
54 40 0.365 1 2
71 100 0.467 1 0
66 22 0.415 1 0
17 30 0.051 1 0
11 15 0.036 1 0
118 22 0.602 1 0
283 10 1.590 1 2
16 40 0.083 1 2
32 70 0.105 1 2
219 10 0.638 1 0
192 30 0.671 1 0
69 10 0.311 1 2
53 22 0.231 1 0
78 70 0.256 1 0
12 5 0.042 1 0
43 15 0.151 1 0
10 15 0.036 1 2
94 70 0.410 1 2
10 10 0.050 1 2
75 100 0.230 1 0
54 40 0.221 1 0
10 30 0.034 1 0
43 40 0.158 1 2
20 70 0.084 1 2
146 100 0.500 1 0
38 52 0.112 1 0
56 52 0.163 1 0
104 40 0.460 1 0
73 40 0.462 1 2
189 52 0.553 1 2
42 15 0.145 1 2
115 100 0.339 1 2
10 30 0.041 1 0
43 40 0.132 1 2
62 40 0.199 1 0
24 22 0.097 1 2
124 15 0.397 1 0
41 5 0.172 1 0
28 100 0.082 1 2
28 10 0.095 1 0
51 5 0.195 1 0
40 10 0.158 1 2
17 30 0.087 1 2
13 15 0.066 1 0
65 22 0.422 1 0
298 52 0.874 1 0
17 52 0.053 1 0
16 15 0.047 1 0
116 70 0.458 1 0
10 5 0.040 1 0
43 100 0.155 1 0
18 52 0.090 1 2
197 22 1.077 1 0
36 52 0.140 1 0
32 10 0.116 1 0
111 15 0.379 1 2
53 30 0.247 1 0
113 40 0.419 1 2
76 70 0.280 1 0
74 10 0.232 1 0
20 100 0.098 1 2
161 70 0.847 1 0
57 10 0.250 1 0
175 5 0.703 1 0
76 15 0.409 1 0
13 30 0.060 1 0
34 15 0.177 1 2
27 52 0.157 1 0
112 52 0.475 1 0
103 70 0.440 1 0
59 100 0.173 1 0
93 5 0.272 1 2
16 40 0.064 1 0
19 52 0.115 1 0
16 100 0.082 1 0
133 70 0.571 1 0
22 22 0.113 1 0
147 100 0.598 1 0
125 15 0.465 1 0
60 5 0.275 1 2
211 30 0.805 1 0
337 52 1.084 1 0
79 15 0.395 1 0
68 40 0.248 1 0
29 15 0.156 1 0
38 15 0.171 1 0
34 100 0.161 1 2
27 30 0.108 1 2
65 40 0.436 1 2
75 5 0.299 1 2
69 100 0.381 1 2
27 100 0.088 1 0
42 22 0.189 1 0
149 100 0.601 1 0
34 70 0.134 1 2
176 5 0.807 1 0
63 5 0.250 1 0
183 22 0.670 1 0
18 15 0.074 1 2
75 10 0.452 1 2
10 22 0.042 1 0
322 22 2.000 1 0
60 30 0.390 1 0
31 15 0.103 1 0
41 70 0.196 1 0
32 52 0.122 1 0
18 70 0.058 1 2
17 70 0.073 1 0
16 15 0.055 1 0
47 22 0.242 1 0
28 52 0.091 1 2
37 70 0.152 1 0
132 5 0.868 1 0
22 22 0.077 1 2
25 22 0.116 1 0
200 100 1.266 1 0
53 70 0.165 1 0
14 22 0.057 1 0
59 15 0.188 1 0
22 70 0.124 1 2
18 52 0.120 1 0
70 22 0.227 1 0
57 5 0.205 1 0
246 22 0.988 1 2
17 30 0.060 1 2
12 10 0.037 1 0
143 10 0.781 1 2
14 10 0.086 1 0
282 15 1.180 1 0
248 70 0.777 1 0
18 5 0.065 1 0
170 70 0.580 1 2
20 52 0.086 1 0
16 70 0.059 1 2
43 30 0.209 1 2
222 15 0.844 1 2
39 30 0.136 1 0
178 52 0.636 1 0
49 40 0.166 1 0
68 30 0.205 1 0
42 22 0.125 1 2
13 30 0.040 1 0
13 10 0.043 1 0
183 5 1.034 1 0
32 70 0.111 1 0
129 5 0.535 1 0
181 70 0.559 1 2
204 70 1.283 1 0
11 100 0.043 1 0
13 100 0.046 1 0
16 70 0.088 1 2
48 40 0.220 1 0
138 5 0.750 1 0
19 52 0.062 1 2
304 70 1.109 1 0
173 100 0.820 1 0
168 70 0.894 1 0
54 30 0.209 1 0
38 40 0.129 1 2
199 70 0.614 1 0
109 22 0.476 1 0
44 52 0.178 1 0
30 40 0.143 1 2
84 10 0.538 1 0
49 52 0.163 1 0
73 22 0.249 1 0
41 100 0.156 1 0
38 15 0.141 1 2
21 40 0.066 1 2
132 30 0.830 1 2
44 70 0.232 1 2
15 10 0.053 1 2
17 40 0.104 1 0
137 22 0.919 1 0
127 22 0.479 1 0
20 100 0.061 1 0
15 100 0.069 1 2
14 40 0.074 1 2
16 10 0.080 1 0
222 5 1.067 1 2
24 40 0.096 1 2
21 22 0.068 1 2
33 15 0.182 1 0
321 52 1.013 1 0
97 40 0.307 1 2
39 100 0.150 1 0
103 70 0.409 1 0
56 22 0.165 1 0
105 40 0.469 1 0
29 15 0.132 1 0
63 10 0.341 1 2
39 10 0.145 1 0
284 100 1.145 1 2
18 70 0.076 1 0
21 30 0.066 1 2
63 5 0.260 1 2
30 30 0.103 1 0
273 10 1.083 1 0
81 22 0.458 1 0
38 52 0.132 1 0
44 22 0.197 1 0
46 40 0.161 1 2
33 30 0.097 1 0
37 5 0.160 1 0
13 52 0.040 1 0
12 52 0.053 1 0
181 15 0.670 1 0
86 10 0.462 1 2
18 5 0.067 1 0
60 52 0.218 1 2
24 40 0.072 1 0
166 5 0.525 1 0
11 10 0.052 1 2
59 100 0.295 1 0
35 100 0.229 1 0
10 30 0.039 1 0
42 30 0.275 1 0
80 100 0.356 1 2
115 5 0.350 1 2
122 40 0.408 1 2
169 100 0.556 1 2
10 40 0.066 1 0
28 15 0.084 1 0
55 40 0.342 1 0
66 22 0.254 1 0
63 100 0.276 1 0
40 30 0.142 1 0
120 30 0.632 1 2
136 70 0.440 1 2
321 15 1.783 1 0
58 22 0.182 1 2
11 70 0.039 1 2
55 100 0.353 1 2
13 70 0.050 1 2
106 70 0.533 1 2
47 40 0.181 1 0
139 70 0.507 1 0
64 5 0.303 1 2
199 22 0.698 1 0
14 70 0.056 1 2
140 5 0.673 1 2
53 22 0.207 1 0
50 30 0.207 1 2
178 10 0.664 1 2
195 30 0.924 1 2
33 5 0.124 1 2
232 70 0.756 1 2
55 70 0.297 1 2
18 40 0.120 1 2
18 10 0.109 1 0
28 40 0.188 1 0
127 30 0.608 1 2
51 15 0.274 1 0
16 100 0.058 1 2
10 5 0.053 1 0
14 10 0.043 1 2
123 70 0.490 1 2
12 40 0.074 1 0
70 15 0.370 1 0
34 15 0.100 1 0
64 10 0.432 1 0
15 5 0.045 1 0
19 30 0.112 1 0
134 70 0.517 1 0
47 40 0.162 1 2
133 5 0.686 1 0
79 15 0.276 1 0
17 40 0.054 1 0
46 15 0.309 1 0
46 5 0.222 1 0
36 15 0.134 1 0
199 70 0.799 1 0
17 15 0.094 1 0
23 15 0.084 1 2
73 30 0.456 1 2
34 22 0.110 1 0
204 30 1.259 1 0
35 15 0.138 1 0
11 30 0.032 1 0
91 10 0.489 1 0
29 40 0.094 1 0
31 100 0.146 1 0
44 52 0.166 1 0
331 30 1.615 1 2
162 52 0.633 1 0
68 52 0.321 1 0
19 52 0.107 1 0
177 40 0.720 1 0
24 22 0.091 1 0
52 70 0.301 1 0
43 100 0.131 1 2
82 100 0.494 1 2
16 30 0.080 1 0
196 52 0.624 1 0
10 40 0.038 1 0
116 22 0.358 1 2
113 5 0.500 1 2
12 100 0.057 1 0
23 70 0.130 1 2
25 10 0.078 1 2
70 30 0.247 1 0
177 100 0.519 1 0
142 15 0.959 1 0
37 22 0.187 1 2
61 30 0.231 1 2
120 40 0.682 1 2
51 70 0.161 1 0
40 70 0.164 1 0
13 22 0.066 1 2
16 52 0.050 1 0
234 30 0.791 1 0
33 30 0.151 1 0
268 22 1.039 1 0
18 40 0.097 1 0
18 100 0.068 1 0
13 22 0.051 1 0
40 70 0.157 1 0
136 5 0.444 1 0
216 70 1.113 1 0
19 15 0.086 1 0
77 100 0.352 1 0
14 52 0.088 1 2
75 10 0.257 1 0
115 30 0.747 1 2
337 40 1.832 1 2
31 100 0.205 2 0
12 22 0.035 2 0
16 30 0.094 2 0
23 70 0.116 2 0
152 40 0.879 2 0
27 30 0.105 2 0
47 40 0.154 2 1
147 5 0.674 2 0
58 15 0.171 2 1
40 30 0.165 2 1
23 5 0.085 2 1
108 5 0.482 2 1
11 22 0.041 2 0
24 70 0.080 2 0
10 70 0.052 2 0
10 30 0.031 2 0
81 70 0.471 2 0
155 70 0.465 2 0
16 5 0.068 2 0
117 22 0.472 2 1
53 10 0.176 2 1
22 70 0.067 2 0
53 22 0.342 2 1
34 30 0.176 2 1
169 15 0.567 2 0
14 5 0.076 2 0
154 5 0.484 2 0
165 52 0.652 2 1
57 52 0.247 2 0
25 52 0.088 2 1
61 100 0.236 2 1
200 40 0.707 2 0
32 30 0.124 2 1
119 52 0.548 2 0
33 22 0.115 2 1
15 5 0.077 2 1
45 70 0.253 2 1
323 15 1.095 2 0
43 52 0.219 2 1
104 100 0.338 2 1
82 40 0.423 2 0
275 15 1.267 2 0
266 15 1.593 2 0
106 52 0.323 2 0
23 70 0.152 2 1
103 100 0.656 2 0
43 22 0.147 2 0
22 52 0.101 2 0
177 100 0.578 2 0
242 52 1.180 2 0
15 22 0.055 2 0
10 100 0.056 2 0
187 22 0.596 2 0
131 40 0.630 2 1
78 5 0.348 2 0
82 100 0.480 2 0
12 100 0.046 2 1
30 52 0.109 2 0
13 22 0.053 2 0
222 40 0.763 2 1
18 70 0.065 2 0
39 100 0.121 2 0
59 30 0.174 2 1
78 10 0.260 2 1
18 10 0.115 2 0
288 52 1.309 2 1
155 30 0.896 2 1
20 5 0.077 2 0
64 40 0.330 2 0
89 52 0.261 2 0
322 52 1.750 2 1
15 5 0.047 2 1
66 15 0.235 2 0
11 70 0.060 2 0
64 40 0.413 2 0
65 5 0.225 2 0
16 40 0.056 2 0
22 22 0.112 2 1
44 5 0.137 2 0
42 30 0.129 2 0
31 52 0.094 2 0
137 52 0.675 2 0
11 70 0.054 2 0
33 100 0.154 2 1
148 70 0.632 2 1
78 30 0.494 2 1
13 70 0.049 2 0
20 15 0.063 2 0
137 40 0.531 2 0
38 15 0.125 2 0
74 15 0.243 2 0
15 40 0.050 2 0
33 5 0.099 2 0
134 52 0.506 2 0
39 10 0.129 2 0
37 22 0.234 2 0
12 22 0.051 2 0
167 10 0.655 2 0
138 100 0.539 2 0
31 5 0.138 2 1
15 22 0.051 2 0
26 70 0.079 2 1
32 52 0.116 2 1
115 100 0.434 2 0
123 100 0.586 2 1
13 5 0.079 2 0
203 40 0.796 2 1
57 40 0.361 2 0
83 15 0.311 2 0
24 5 0.077 2 0
47 52 0.230 2 0
50 30 0.177 2 1
23 52 0.124 2 1
63 40 0.191 2 0
68 10 0.422 2 0
39 10 0.116 2 0
29 15 0.146 2 0
10 10 0.051 2 0
12 100 0.048 2 0
54 100 0.230 2 0
77 30 0.475 2 0
68 10 0.211 2 0
18 10 0.089 2 1
135 30 0.444 2 0
25 40 0.094 2 1
40 5 0.169 2 1
94 52 0.274 2 0
18 10 0.086 2 1
20 70 0.106 2 0
11 70 0.061 2 1
267 100 0.957 2 0
12 52 0.046 2 0
106 30 0.667 2 1
11 52 0.035 2 1
22 15 0.095 2 0
61 40 0.204 2 1
65 30 0.264 2 1
36 100 0.228 2 0
280 5 0.952 2 1
20 40 0.121 2 1
12 52 0.053 2 0
14 10 0.053 2 1
126 40 0.406 2 0
186 100 0.935 2 0
10 70 0.057 2 0
93 70 0.497 2 0
13 100 0.039 2 0
83 15 0.252 2 0
27 10 0.093 2 1
11 70 0.058 2 0
61 10 0.389 2 1
10 40 0.040 2 1
77 10 0.336 2 1
53 40 0.329 2 0
22 40 0.139 2 0
54 52 0.267 2 0
18 70 0.078 2 1
180 22 0.887 2 0
19 52 0.082 2 1
65 30 0.194 2 1
170 22 0.813 2 1
42 10 0.256 2 0
103 15 0.352 2 0
76 100 0.347 2 0
286 30 0.883 2 1
77 5 0.342 2 1
75 30 0.276 2 1
64 52 0.241 2 1
18 5 0.058 2 0
72 70 0.214 2 1
62 15 0.274 2 1
113 15 0.396 2 0
18 22 0.059 2 0
17 22 0.052 2 0
54 40 0.208 2 1
10 5 0.032 2 1
13 100 0.055 2 0
114 15 0.371 2 0
56 10 0.269 2 0
16 100 0.077 2 0
33 100 0.196 2 0
235 15 0.748 2 1
29 100 0.127 2 0
127 52 0.399 2 1
268 100 1.027 2 0
171 100 0.663 2 1
138 70 0.802 2 0
161 10 0.870 2 0
36 10 0.125 2 0
336 40 1.688 2 1
129 100 0.606 2 0
17 30 0.070 2 0
26 100 0.093 2 0
56 30 0.184 2 0
38 40 0.181 2 0
12 22 0.081 2 0
16 52 0.076 2 1
15 40 0.088 2 0
82 30 0.245 2 0
15 15 0.075 2 0
275 70 1.083 2 1
15 70 0.061 2 0
102 70 0.309 2 1
149 10 0.519 2 1
19 10 0.071 2 1
10 70 0.064 2 1
24 10 0.093 2 0
271 30 0.850 2 1
12 40 0.063 2 1
19 52 0.058 2 0
72 10 0.255 2 1
14 22 0.046 2 0
11 30 0.047 2 1
89 15 0.443 2 0
50 15 0.185 2 1
62 5 0.261 2 0
124 100 0.423 2 1
51 40 0.170 2 1
31 52 0.099 2 1
162 22 0.942 2 0
21 22 0.078 2 1
33 15 0.116 2 1
30 15 0.137 2 0
72 10 0.442 2 0
43 30 0.127 2 0
112 100 0.609 2 0
14 22 0.093 2 0
75 52 0.408 2 1
96 15 0.513 2 0
182 52 0.619 2 0
134 100 0.510 2 0
77 70 0.445 2 1
52 5 0.225 2 1
338 52 1.063 2 0
52 40 0.263 2 0
65 40 0.304 2 0
274 10 1.146 2 0
125 22 0.427 2 0
12 52 0.036 2 1
21 70 0.100 2 0
30 70 0.155 2 0
43 70 0.159 2 0
25 100 0.100 2 1
25 40 0.086 2 1
17 70 0.050 2 0
14 30 0.062 2 1
23 22 0.096 2 1
221 15 1.014 2 1
13 30 0.059 2 0
17 52 0.053 2 0
18 22 0.070 2 0
75 30 0.452 2 0
36 15 0.211 2 1
66 100 0.212 2 0
16 52 0.076 2 0
189 70 0.571 2 1
169 10 0.540 2 0
148 10 0.542 2 0
64 40 0.220 2 0
100 15 0.298 2 1
38 5 0.194 2 1
165 5 0.660 2 1
18 100 0.090 2 1
34 100 0.180 2 1
117 15 0.544 2 1
36 100 0.171 2 1
20 5 0.068 2 1
10 40 0.043 2 0
243 52 1.642 2 0
167 52 0.633 2 0
76 100 0.248 2 0
35 100 0.226 2 0
63 5 0.362 2 1
17 30 0.062 2 0
310 10 1.469 2 0
27 100 0.117 2 0
81 5 0.466 2 0
76 10 0.227 2 0
14 52 0.041 2 0
12 22 0.042 2 0
15 5 0.067 2 0
14 40 0.068 2 1
33 40 0.121 2 0
311 15 1.285 2 0
13 22 0.062 2 0
27 10 0.089 2 0
19 100 0.059 2 0
323 30 1.392 2 1
14 100 0.049 2 1
16 10 0.077 2 1
40 10 0.169 2 0
14 10 0.046 2 1
120 40 0.435 2 1
166 15 0.779 2 1
18 5 0.067 2 0
16 100 0.071 2 1
13 70 0.076 2 0
10 52 0.032 2 0
10 70 0.039 2 1
18 22 0.057 2 0
11 10 0.068 2 0
30 40 0.196 2 0
230 15 0.871 2 0
140 70 0.765 2 0
279 100 0.821 2 1
18 100 0.064 2 1
335 40 1.551 2 1
287 100 1.007 2 0
287 10 1.360 2 0
52 5 0.351 2 1
32 30 0.205 2 0
137 10 0.806 2 1
19 22 0.072 2 0
29 5 0.089 2 0
279 22 0.996 2 0
10 100 0.066 2 1
110 40 0.428 2 0
10 70 0.051 2 1
11 40 0.034 2 1
65 10 0.204 2 1
10 52 0.053 2 0
136 10 0.472 2 0
32 40 0.106 2 0
80 10 0.235 2 0
78 5 0.487 2 0
121 15 0.579 2 0
221 10 1.493 2 1
10 40 0.031 2 1
57 52 0.291 2 0
25 52 0.136 2 0
70 22 0.219 2 0
139 22 0.457 2 0
15 70 0.045 2 1
36 52 0.206 2 1
16 5 0.086 2 0
291 52 0.939 2 0
15 10 0.046 2 0
179 70 0.619 2 0
38 22 0.149 2 1
136 70 0.845 2 0
23 70 0.068 2 0
157 70 0.613 2 0
58 40 0.216 2 0
153 15 0.513 2 0
58 52 0.258 2 0
62 15 0.400 2 0
20 10 0.080 2 1
298 10 1.060 2 1
15 15 0.083 2 0
18 22 0.079 2 0
32 100 0.096 2 0
86 22 0.298 2 0
323 70 1.003 2 0
26 10 0.149 2 0
304 15 1.376 2 0
12 30 0.037 2 0
13 10 0.052 2 1
52 15 0.185 2 1
12 15 0.053 2 1
186 52 0.819 2 0
99 30 0.346 2 0
28 52 0.106 2 0
69 40 0.251 2 0
159 10 0.587 2 0
17 52 0.110 2 1
23 52 0.116 2 0
20 10 0.064 2 0
113 5 0.665 2 0
94 10 0.307 2 0
61 30 0.191 2 1
