19 15 0.082 0 3
32 100 0.216 0 2
71 5 0.256 0 3
32 70 0.096 0 1
24 22 0.145 0 1
26 10 0.127 0 1
48 10 0.174 0 1
75 70 0.234 0 2
38 5 0.165 0 2
181 100 0.699 0 3
138 52 0.550 0 2
86 5 0.273 0 3
32 5 0.139 0 2
150 5 0.570 0 1
167 70 0.497 0 1
339 70 1.904 0 3
13 52 0.041 0 2
30 22 0.182 0 1
19 10 0.059 0 2
77 40 0.318 0 1
61 10 0.205 0 1
47 100 0.139 0 1
195 5 0.802 0 3
55 10 0.304 0 1
14 10 0.047 0 3
96 30 0.323 0 2
165 5 0.846 0 1
17 10 0.065 0 1
55 52 0.276 0 3
13 10 0.042 0 1
14 52 0.062 0 2
36 30 0.185 0 2
224 100 1.217 0 2
13 10 0.045 0 3
26 30 0.083 0 3
13 70 0.076 0 3
42 52 0.132 0 2
35 10 0.227 0 1
21 100 0.124 0 2
54 22 0.176 0 1
63 30 0.247 0 1
68 15 0.268 0 2
159 100 0.994 0 3
115 30 0.365 0 1
26 22 0.127 0 1
38 52 0.208 0 1
14 10 0.055 0 2
195 22 1.275 0 1
136 22 0.509 0 3
27 40 0.092 0 3
12 40 0.043 0 2
94 70 0.294 0 1
26 22 0.135 0 2
29 30 0.181 0 3
319 30 1.519 0 3
116 15 0.634 0 2
24 10 0.080 0 1
149 10 0.550 0 2
167 100 0.528 0 1
118 15 0.645 0 3
18 5 0.057 0 2
54 40 0.175 0 3
26 52 0.088 0 3
151 15 0.592 0 2
53 40 0.180 0 3
56 22 0.211 0 3
57 52 0.310 0 3
121 70 0.406 0 1
189 30 0.654 0 1
82 5 0.267 0 2
30 70 0.091 0 1
30 40 0.105 0 2
100 15 0.315 0 2
122 40 0.813 0 1
259 5 1.560 0 1
25 22 0.161 0 3
82 22 0.294 0 1
39 40 0.201 0 1
36 30 0.114 0 2
77 10 0.309 0 3
17 10 0.085 0 3
19 30 0.085 0 2
18 30 0.091 0 1
29 30 0.088 0 2
39 40 0.205 0 1
135 5 0.498 0 3
184 10 0.588 0 3
161 15 0.619 0 1
75 22 0.377 0 1
35 22 0.137 0 3
10 100 0.031 0 3
75 70 0.260 0 3
74 22 0.258 0 3
55 100 0.180 0 1
39 15 0.163 0 3
197 22 0.912 0 2
329 52 1.424 0 2
10 52 0.036 0 1
13 70 0.074 0 2
42 52 0.219 0 1
169 22 0.556 0 2
38 70 0.136 0 3
36 15 0.226 0 2
25 100 0.109 0 3
262 15 1.506 0 3
174 5 0.628 0 2
18 40 0.071 0 3
81 30 0.266 0 1
76 5 0.222 0 1
21 10 0.066 0 3
71 70 0.359 0 3
52 10 0.206 0 2
119 52 0.386 0 2
72 100 0.264 0 2
11 40 0.049 0 1
29 70 0.122 0 1
29 30 0.111 0 2
38 52 0.187 0 1
22 100 0.148 0 2
72 30 0.329 0 1
68 10 0.265 0 2
10 10 0.056 0 2
78 30 0.234 0 3
52 10 0.168 0 1
42 15 0.280 0 1
54 100 0.327 0 2
198 100 1.151 0 2
329 30 1.418 0 3
299 22 1.031 0 3
43 30 0.141 0 3
202 100 0.835 0 1
16 70 0.051 0 3
198 5 1.286 0 2
21 100 0.087 0 3
103 22 0.313 0 1
15 5 0.076 0 1
41 10 0.144 0 3
60 22 0.276 0 3
21 5 0.103 0 3
17 40 0.099 0 2
12 40 0.035 0 3
50 52 0.147 0 2
71 30 0.368 0 3
33 100 0.159 0 1
37 5 0.121 0 1
39 5 0.160 0 2
71 40 0.297 0 2
119 5 0.704 0 1
33 10 0.183 0 2
202 15 0.824 0 1
35 10 0.154 0 2
34 70 0.148 0 2
42 10 0.137 0 1
145 15 0.450 0 2
23 30 0.126 0 1
177 15 1.011 0 3
87 52 0.284 0 1
230 10 0.744 0 3
333 5 1.137 0 2
16 5 0.075 0 1
18 52 0.090 0 2
149 5 0.856 0 2
50 22 0.256 0 3
71 5 0.464 0 2
11 70 0.043 0 1
34 5 0.102 0 2
138 70 0.758 0 1
119 10 0.458 0 2
82 15 0.248 0 3
56 52 0.221 0 3
59 22 0.201 0 2
85 52 0.272 0 3
23 52 0.110 0 1
61 10 0.181 0 3
115 15 0.719 0 2
332 22 1.212 0 3
50 52 0.246 0 3
78 22 0.313 0 1
97 5 0.319 0 1
18 40 0.098 0 1
28 100 0.130 0 1
303 22 1.098 0 3
247 15 0.988 0 2
63 15 0.219 0 2
60 10 0.293 0 2
12 22 0.048 0 2
106 5 0.312 0 1
243 5 0.734 0 1
58 10 0.227 0 1
111 70 0.603 0 1
10 10 0.034 0 1
205 52 0.751 0 3
19 22 0.090 0 3
65 100 0.344 0 3
276 52 0.952 0 3
67 5 0.265 0 3
10 22 0.038 0 3
171 10 1.103 0 3
27 22 0.088 0 2
54 5 0.240 0 2
29 15 0.169 0 2
184 5 0.648 0 1
15 30 0.065 0 2
73 70 0.228 0 2
326 10 1.249 0 3
56 52 0.211 0 2
69 70 0.253 0 2
36 5 0.206 0 2
14 40 0.060 0 3
68 10 0.239 0 3
51 40 0.152 0 3
51 30 0.176 0 3
12 70 0.053 0 2
114 10 0.386 0 1
19 100 0.082 0 2
43 5 0.202 0 3
93 15 0.413 0 1
178 5 0.530 0 1
111 10 0.466 0 3
28 30 0.106 0 1
147 40 0.693 0 1
185 22 0.709 0 1
29 22 0.113 0 1
25 5 0.149 0 2
48 15 0.151 0 2
150 100 0.607 0 1
19 5 0.061 0 2
37 52 0.118 0 1
44 5 0.145 0 1
122 15 0.439 0 3
15 22 0.062 0 2
81 70 0.242 0 1
80 10 0.286 0 2
70 15 0.234 0 1
61 15 0.184 0 3
67 70 0.216 0 3
17 10 0.086 0 1
316 22 1.411 0 2
16 30 0.061 0 1
13 15 0.054 0 2
10 52 0.042 0 3
23 10 0.150 0 1
10 15 0.029 0 2
124 40 0.800 0 1
38 10 0.211 0 3
191 22 0.614 0 1
153 40 0.535 0 2
52 10 0.188 0 3
61 30 0.199 0 3
12 5 0.077 0 3
13 40 0.042 0 1
148 10 0.467 0 3
43 40 0.151 0 2
24 30 0.107 0 3
220 15 1.350 0 2
12 70 0.044 0 3
12 5 0.073 0 3
192 5 1.049 0 1
38 52 0.212 0 1
18 10 0.106 0 1
12 10 0.050 0 1
76 40 0.378 0 1
36 52 0.171 0 1
16 52 0.075 0 3
253 100 0.742 0 3
54 70 0.180 0 3
10 30 0.045 0 3
28 40 0.085 0 1
11 52 0.060 0 1
40 30 0.165 0 2
87 15 0.422 0 3
23 40 0.086 0 1
23 70 0.082 0 1
140 52 0.693 0 1
19 5 0.060 0 1
24 52 0.121 0 1
57 40 0.175 0 1
48 22 0.279 0 3
33 40 0.102 0 2
22 52 0.065 0 3
79 30 0.283 0 3
86 10 0.310 0 3
76 15 0.298 0 1
138 100 0.419 0 3
29 52 0.168 0 2
71 100 0.275 0 2
24 5 0.092 0 2
13 30 0.076 0 1
14 40 0.060 0 2
34 22 0.187 0 3
65 22 0.291 0 3
250 30 1.163 0 2
25 15 0.106 0 3
33 10 0.160 0 3
313 40 1.050 0 3
11 40 0.071 0 3
10 70 0.059 0 1
120 70 0.471 0 1
42 15 0.173 0 2
62 5 0.258 0 3
31 30 0.153 0 2
15 5 0.049 0 2
228 70 1.004 0 2
31 52 0.122 0 2
30 10 0.129 0 2
73 52 0.271 0 1
17 52 0.057 0 1
26 40 0.104 0 3
57 40 0.248 0 2
300 10 1.515 0 1
58 70 0.173 0 3
31 30 0.093 0 2
36 15 0.141 0 2
29 70 0.111 0 3
12 52 0.066 0 3
11 40 0.040 0 3
26 30 0.084 0 1
113 22 0.507 0 1
45 22 0.300 0 1
18 100 0.074 0 2
36 40 0.130 0 2
45 100 0.142 0 3
77 70 0.269 0 2
68 52 0.340 0 2
39 40 0.147 0 3
228 52 0.715 0 2
36 15 0.220 0 3
16 52 0.054 0 2
157 100 0.707 0 2
22 10 0.115 0 2
95 22 0.397 0 1
75 30 0.507 0 2
60 30 0.221 0 3
11 52 0.044 0 2
10 10 0.036 0 3
10 15 0.032 0 2
13 52 0.065 0 1
31 70 0.128 0 1
195 22 0.774 0 3
51 10 0.277 0 1
12 5 0.050 0 3
37 52 0.143 0 1
29 100 0.100 0 1
29 100 0.112 0 1
77 52 0.414 0 1
26 22 0.080 0 1
67 10 0.209 0 2
65 70 0.286 0 1
43 5 0.163 0 3
124 10 0.512 0 2
28 10 0.103 0 1
152 30 0.578 0 1
28 52 0.115 0 2
175 5 0.720 0 2
11 100 0.055 0 2
16 30 0.051 0 1
10 30 0.037 0 3
43 10 0.242 0 2
84 40 0.283 0 2
10 70 0.036 0 1
180 70 0.874 0 1
22 40 0.079 0 1
15 40 0.072 0 2
25 40 0.087 0 1
133 22 0.407 0 1
70 52 0.279 0 3
32 70 0.122 0 3
27 22 0.181 0 2
17 10 0.106 0 3
19 70 0.079 0 3
146 70 0.497 0 3
33 10 0.214 0 2
191 5 0.923 0 3
10 100 0.032 0 2
151 40 0.632 0 1
142 100 0.528 0 1
50 40 0.158 0 2
37 30 0.135 0 2
69 52 0.267 0 1
188 15 0.969 0 3
91 5 0.338 0 2
109 5 0.333 0 1
75 5 0.233 0 3
92 30 0.582 0 3
161 100 0.671 0 3
17 22 0.071 0 3
189 30 0.721 0 2
197 15 0.696 0 3
78 100 0.298 0 2
108 52 0.498 0 2
39 100 0.123 0 2
22 40 0.093 0 2
123 15 0.441 0 3
13 100 0.060 0 2
93 22 0.311 0 1
24 70 0.102 0 1
294 10 1.278 0 3
21 70 0.073 0 2
46 15 0.186 0 1
12 52 0.062 0 2
12 10 0.036 0 3
224 10 0.661 0 2
166 100 0.814 0 1
35 70 0.179 0 2
18 22 0.060 0 3
15 70 0.066 0 1
162 10 0.714 0 2
36 40 0.175 0 2
10 15 0.048 0 3
75 5 0.414 0 3
132 10 0.670 0 3
68 15 0.206 0 3
43 5 0.165 0 1
31 30 0.162 0 2
138 30 0.687 0 3
109 22 0.324 0 3
189 30 1.038 0 1
17 40 0.050 0 3
172 5 0.851 0 3
195 5 1.161 0 1
11 15 0.046 0 1
51 70 0.195 0 3
40 100 0.235 0 3
17 5 0.083 0 1
19 100 0.089 0 2
16 15 0.091 0 2
33 40 0.182 0 1
10 15 0.042 0 3
51 100 0.159 0 1
37 22 0.179 0 3
15 5 0.050 0 2
21 5 0.091 0 2
48 22 0.218 0 3
51 70 0.298 0 3
156 15 0.500 0 3
29 30 0.091 0 2
12 100 0.048 0 2
69 10 0.225 0 3
26 30 0.095 0 2
328 15 1.540 0 3
181 22 0.618 0 1
56 22 0.217 0 2
58 52 0.232 0 1
15 15 0.057 0 1
58 15 0.372 0 1
31 22 0.180 0 3
55 70 0.188 0 3
30 15 0.136 0 3
125 30 0.434 0 2
58 52 0.197 0 1
13 30 0.074 0 3
146 100 0.772 0 1
16 100 0.048 0 2
12 40 0.048 0 1
77 10 0.425 0 1
102 52 0.309 0 2
73 15 0.384 0 2
155 70 0.718 0 3
156 5 0.700 0 3
22 100 0.078 0 1
65 5 0.195 0 1
252 70 0.933 0 1
14 5 0.047 0 1
76 5 0.429 0 1
11 70 0.036 0 1
108 22 0.730 0 1
12 30 0.036 0 2
59 52 0.311 0 1
42 5 0.130 0 3
35 15 0.126 0 2
31 5 0.104 0 1
18 22 0.060 0 1
333 70 1.359 0 1
13 40 0.047 0 3
35 52 0.143 0 3
17 15 0.100 0 1
234 10 0.804 0 3
10 52 0.065 0 2
10 52 0.041 0 1
50 100 0.166 0 2
19 70 0.073 0 2
44 5 0.220 0 3
49 10 0.183 0 2
14 22 0.048 0 3
67 70 0.372 0 3
74 10 0.379 0 2
14 40 0.053 0 1
50 40 0.157 0 3
11 10 0.057 0 2
20 40 0.116 0 2
48 100 0.150 0 3
105 15 0.331 0 3
121 40 0.725 0 1
85 100 0.512 0 3
38 5 0.134 0 2
76 5 0.264 0 1
202 52 1.092 0 3
59 40 0.249 0 2
10 70 0.036 0 1
36 70 0.144 0 3
309 70 0.948 0 2
40 15 0.190 0 1
10 100 0.035 0 3
116 40 0.395 0 2
24 5 0.075 0 1
126 30 0.396 0 1
194 52 0.764 0 1
146 70 0.497 0 2
253 30 0.934 0 1
162 30 1.095 0 3
14 5 0.042 0 3
42 52 0.125 0 3
66 10 0.230 0 2
107 100 0.333 0 1
35 22 0.216 0 1
150 70 0.652 0 3
59 10 0.378 0 1
40 22 0.126 0 3
17 30 0.109 0 2
14 15 0.058 0 1
44 15 0.189 0 2
194 100 0.583 0 3
50 22 0.189 0 3
33 10 0.099 0 1
133 22 0.442 0 1
22 100 0.102 0 2
198 30 1.037 0 2
13 15 0.048 0 1
109 22 0.327 0 2
54 5 0.295 0 3
32 52 0.132 0 1
34 15 0.206 0 2
168 5 0.669 0 3
17 15 0.056 0 1
41 100 0.133 0 3
19 10 0.091 0 2
19 70 0.090 0 1
17 10 0.105 0 3
19 70 0.095 0 1
202 40 0.656 0 2
77 10 0.235 0 3
33 30 0.128 0 1
10 70 0.032 0 1
24 22 0.109 0 1
139 15 0.848 0 1
191 30 0.581 0 1
173 10 0.783 0 1
32 70 0.123 0 1
75 52 0.299 0 1
15 10 0.098 0 1
18 30 0.077 0 2
162 100 0.497 0 1
189 100 0.652 0 2
46 30 0.221 0 3
11 10 0.047 0 3
174 30 0.853 0 1
96 30 0.372 0 1
218 5 1.397 0 2
12 30 0.075 0 3
272 10 0.842 0 2
64 30 0.305 0 2
68 5 0.412 0 1
25 40 0.081 0 2
36 70 0.148 0 1
308 40 1.232 0 2
107 15 0.425 0 2
34 70 0.160 0 2
42 15 0.167 0 3
20 22 0.090 0 1
62 30 0.302 0 2
164 10 0.482 0 2
59 15 0.193 0 3
120 15 0.370 0 3
39 52 0.252 0 3
27 40 0.080 0 1
10 15 0.031 0 1
55 30 0.355 0 2
249 52 0.889 0 3
23 10 0.124 0 1
151 40 0.475 0 2
18 30 0.068 0 2
76 5 0.232 0 2
169 30 0.619 0 1
73 15 0.268 0 1
58 15 0.224 0 1
68 52 0.217 0 2
57 40 0.184 0 3
28 100 0.094 0 1
11 52 0.047 0 3
18 52 0.065 0 1
18 15 0.089 0 3
18 100 0.075 0 1
75 5 0.260 0 3
18 22 0.057 0 1
17 40 0.077 0 2
19 52 0.076 0 2
10 70 0.052 0 2
106 40 0.352 0 3
15 40 0.053 0 3
175 22 0.799 0 2
12 5 0.057 0 3
142 100 0.509 0 1
178 22 0.645 0 1
23 10 0.131 0 1
139 10 0.478 0 2
51 100 0.279 0 3
15 15 0.046 0 3
32 100 0.157 0 3
54 22 0.267 0 3
22 52 0.102 0 3
50 10 0.186 0 2
60 22 0.333 0 3
36 40 0.133 0 2
231 40 0.762 0 3
31 52 0.126 0 1
91 10 0.545 0 1
18 70 0.069 0 1
20 22 0.071 0 1
59 100 0.212 0 2
18 22 0.120 0 1
129 10 0.725 0 1
19 70 0.123 0 3
60 70 0.302 0 3
119 5 0.620 0 2
229 10 0.871 0 2
121 22 0.412 0 3
12 22 0.044 0 1
39 10 0.116 0 1
63 70 0.235 0 3
164 70 0.752 0 1
67 22 0.228 0 1
165 15 0.604 0 2
22 5 0.081 0 3
104 5 0.419 0 1
55 40 0.284 0 2
16 52 0.075 0 3
13 40 0.050 0 2
78 30 0.245 0 2
57 22 0.174 0 3
17 40 0.071 0 1
37 40 0.110 0 3
22 70 0.103 0 3
74 22 0.288 0 1
70 22 0.260 0 1
41 70 0.135 0 1
54 52 0.158 0 2
22 70 0.077 0 2
12 22 0.043 0 1
165 22 0.912 0 1
67 70 0.379 0 2
236 30 0.808 0 3
201 10 0.971 0 1
53 100 0.187 0 2
36 70 0.218 0 3
32 52 0.118 0 1
47 40 0.156 0 2
56 15 0.350 0 3
45 5 0.214 0 3
257 52 1.094 0 3
29 70 0.099 0 1
16 5 0.065 0 3
31 100 0.186 0 1
69 70 0.240 0 3
174 40 0.902 0 2
46 40 0.180 0 1
28 52 0.089 0 3
14 70 0.077 0 2
20 52 0.067 0 3
75 22 0.231 0 1
193 5 0.772 0 2
33 22 0.117 0 1
47 52 0.146 0 2
24 15 0.120 0 3
22 10 0.081 0 2
62 30 0.225 0 3
109 52 0.375 0 1
29 5 0.133 0 2
11 22 0.045 0 2
54 22 0.160 0 1
18 30 0.099 0 2
71 100 0.410 0 1
190 40 0.941 0 2
158 52 0.924 0 3
79 40 0.342 0 3
163 100 0.872 0 1
244 5 1.135 0 1
95 100 0.361 0 2
222 40 0.700 0 1
18 40 0.059 0 3
36 22 0.124 0 1
13 30 0.084 0 3
212 52 0.675 0 1
168 70 0.598 0 2
190 30 0.565 0 1
53 30 0.231 0 1
130 100 0.450 0 3
23 30 0.132 0 3
102 52 0.416 0 2
137 30 0.428 0 1
56 30 0.190 0 1
18 100 0.096 0 2
57 30 0.238 0 3
39 10 0.191 0 3
33 30 0.110 0 3
19 5 0.069 0 1
128 10 0.559 0 1
37 100 0.113 0 1
74 15 0.295 0 3
40 70 0.225 0 3
34 70 0.131 0 2
12 100 0.063 0 1
196 10 0.601 0 3
14 10 0.055 0 3
11 52 0.060 0 2
25 70 0.087 0 2
14 22 0.051 0 1
99 15 0.310 0 1
148 70 0.493 0 1
191 40 0.645 0 2
61 30 0.216 0 1
217 70 0.638 0 3
54 22 0.180 0 3
63 15 0.211 0 3
59 40 0.364 0 3
69 40 0.291 0 1
82 52 0.299 0 1
37 10 0.161 0 1
24 5 0.113 0 2
10 15 0.030 0 3
15 30 0.056 0 2
14 22 0.074 0 3
28 15 0.165 0 2
48 15 0.191 0 1
19 22 0.064 0 2
13 5 0.040 0 2
332 15 1.450 0 1
37 100 0.113 0 3
52 5 0.179 0 1
45 70 0.294 0 1
226 15 0.983 0 3
57 5 0.291 0 3
66 5 0.342 0 3
162 40 0.623 0 3
52 5 0.156 0 3
59 52 0.378 0 2
23 15 0.116 0 3
47 100 0.162 0 1
27 40 0.110 0 2
123 5 0.644 0 1
32 70 0.213 0 2
11 10 0.054 0 1
326 40 1.405 0 2
115 52 0.405 0 3
39 15 0.130 0 3
16 40 0.059 0 3
12 5 0.037 0 1
208 22 0.839 0 2
51 40 0.216 0 3
17 5 0.061 0 2
100 15 0.676 0 3
93 10 0.508 0 3
37 52 0.138 0 2
20 52 0.070 0 1
339 30 1.030 0 2
87 5 0.377 0 3
36 30 0.111 0 2
18 22 0.107 0 2
46 100 0.148 0 2
63 70 0.350 0 1
47 5 0.137 0 1
17 10 0.050 0 2
13 5 0.064 0 2
216 5 0.956 0 2
46 40 0.149 0 3
117 40 0.490 0 3
190 70 0.635 0 1
27 70 0.091 0 2
123 40 0.361 0 2
146 100 0.497 0 1
111 40 0.468 0 2
99 10 0.647 0 2
67 30 0.272 0 1
201 70 0.691 0 1
51 30 0.231 0 1
132 22 0.657 0 3
113 5 0.401 0 1
14 100 0.077 0 3
181 70 0.686 0 3
114 40 0.394 0 2
52 5 0.227 0 3
108 100 0.325 0 2
39 40 0.192 0 1
17 30 0.105 0 1
13 52 0.058 0 2
286 5 0.997 0 3
199 15 0.892 0 2
27 100 0.112 0 3
95 52 0.537 0 2
147 30 0.980 0 3
28 30 0.124 0 1
47 15 0.189 0 3
17 100 0.070 0 1
29 10 0.092 0 1
54 5 0.316 0 3
32 5 0.168 0 3
97 30 0.382 0 2
67 40 0.257 0 3
41 22 0.185 0 3
32 52 0.209 0 2
177 15 0.598 0 3
38 5 0.225 0 2
17 70 0.110 0 2
47 30 0.173 0 3
235 52 0.701 0 2
95 22 0.537 0 2
213 15 1.115 0 3
117 22 0.502 0 2
46 70 0.311 0 3
150 70 0.444 0 1
191 52 0.643 0 3
92 100 0.309 0 3
73 30 0.294 0 2
42 100 0.220 0 2
62 22 0.189 0 3
66 52 0.361 0 3
14 30 0.074 0 3
24 5 0.070 0 2
17 52 0.064 0 1
45 5 0.234 0 1
91 5 0.288 0 2
150 100 0.566 0 3
138 40 0.597 0 1
89 70 0.310 0 3
39 30 0.175 0 3
14 5 0.063 0 1
67 30 0.414 0 2
16 5 0.050 0 1
16 5 0.053 0 2
30 15 0.181 0 2
40 15 0.181 0 3
25 70 0.101 0 1
124 10 0.629 0 3
124 70 0.399 0 3
101 10 0.346 0 3
85 15 0.299 0 2
14 30 0.045 0 1
14 22 0.066 0 3
17 10 0.051 0 1
187 22 0.831 0 2
68 15 0.262 0 3
198 70 0.835 0 1
36 5 0.161 0 3
29 70 0.152 0 3
12 5 0.046 0 2
57 5 0.238 0 1
119 70 0.371 0 2
76 22 0.484 0 1
12 30 0.048 0 3
20 40 0.062 0 3
15 40 0.063 0 3
268 22 0.908 0 1
34 22 0.230 0 3
30 22 0.091 0 3
14 30 0.050 0 2
36 100 0.109 0 2
24 30 0.095 0 2
10 5 0.035 0 2
22 40 0.081 0 1
35 100 0.171 0 1
58 30 0.341 0 3
44 70 0.181 0 2
24 15 0.122 0 1
29 10 0.093 0 1
19 70 0.114 0 3
76 40 0.310 0 3
67 52 0.307 0 2
30 40 0.088 0 3
12 5 0.053 0 1
11 30 0.033 0 1
63 15 0.251 0 1
146 52 0.427 0 1
232 5 0.869 0 2
14 10 0.053 0 1
302 10 1.017 0 1
13 22 0.075 0 2
17 30 0.064 0 3
23 52 0.075 0 2
166 5 0.615 0 2
24 22 0.071 0 2
188 70 1.074 0 2
10 22 0.037 0 2
69 30 0.203 0 3
19 15 0.064 0 2
224 30 0.661 0 2
87 15 0.540 0 1
32 40 0.107 0 3
263 22 1.377 0 3
59 30 0.187 0 3
13 10 0.059 0 1
113 40 0.635 0 3
127 30 0.794 0 1
70 70 0.222 0 2
14 70 0.049 0 1
27 15 0.166 0 2
260 70 0.884 0 1
153 52 0.490 0 1
56 52 0.292 0 1
18 52 0.073 0 3
77 52 0.393 0 2
172 52 0.637 0 1
20 70 0.133 0 2
138 10 0.750 0 2
19 40 0.093 0 1
57 22 0.380 0 3
19 52 0.117 0 2
53 40 0.236 0 1
236 30 0.952 0 1
11 40 0.032 0 1
30 52 0.130 0 1
122 10 0.412 0 2
60 52 0.274 0 3
174 5 0.795 0 1
97 5 0.519 0 2
271 10 0.903 0 2
28 30 0.128 0 1
55 70 0.342 0 2
151 5 0.677 0 1
28 70 0.138 0 2
158 5 0.497 0 1
79 52 0.244 0 2
17 100 0.076 0 3
17 10 0.051 0 2
135 15 0.804 0 3
13 70 0.042 0 1
63 40 0.192 0 1
302 70 1.024 0 2
24 40 0.145 0 2
14 40 0.046 0 3
54 52 0.178 0 3
150 52 0.510 0 1
15 70 0.045 0 3
39 40 0.121 0 3
13 52 0.069 0 2
173 30 0.715 0 1
37 15 0.133 0 2
38 100 0.207 0 1
74 15 0.352 0 1
300 5 1.351 0 1
264 100 1.382 0 3
33 22 0.132 0 1
11 100 0.071 0 1
48 5 0.242 0 1
158 15 0.653 0 1
18 100 0.056 0 2
103 100 0.346 0 3
163 70 1.019 0 1
36 40 0.199 0 3
19 100 0.057 0 3
53 30 0.351 0 3
122 15 0.391 0 2
31 70 0.130 0 1
175 40 1.167 0 1
56 40 0.233 0 3
25 5 0.123 0 1
31 100 0.200 0 2
51 100 0.313 0 1
17 22 0.050 0 1
36 5 0.225 0 3
17 40 0.079 0 3
126 22 0.406 0 1
56 100 0.250 0 2
73 70 0.316 0 1
13 15 0.080 0 2
100 70 0.478 0 3
20 10 0.062 0 3
170 70 0.759 0 1
42 30 0.255 0 3
129 70 0.451 0 3
284 70 0.835 0 2
19 22 0.098 0 1
121 10 0.766 0 2
12 52 0.050 0 2
72 100 0.447 0 2
26 30 0.133 0 1
16 30 0.058 0 1
36 15 0.126 0 2
36 40 0.114 0 3
12 30 0.036 0 1
330 40 0.968 0 2
186 70 0.865 0 1
12 100 0.054 0 3
33 22 0.217 0 1
94 70 0.343 0 2
26 22 0.102 0 1
17 100 0.067 0 2
77 10 0.389 0 1
11 15 0.056 0 2
64 70 0.199 0 1
263 10 1.697 0 1
211 70 0.938 0 2
20 5 0.129 0 2
22 30 0.068 0 2
36 100 0.117 0 3
44 5 0.141 0 2
23 30 0.079 0 1
66 70 0.322 0 1
20 30 0.097 0 3
269 52 1.401 0 2
23 10 0.086 0 1
307 70 0.919 0 1
31 52 0.129 0 1
71 22 0.221 0 3
119 10 0.661 0 1
132 10 0.548 0 2
37 22 0.119 0 1
40 15 0.126 0 1
56 40 0.265 0 1
27 30 0.112 0 3
226 40 0.866 0 3
72 40 0.251 0 3
292 30 1.921 0 3
121 15 0.368 0 2
30 22 0.175 0 2
17 30 0.061 0 1
23 100 0.073 0 1
57 10 0.218 0 1
14 22 0.059 0 1
14 10 0.044 0 3
18 52 0.090 0 3
78 40 0.513 0 3
79 22 0.414 0 1
31 30 0.106 0 1
20 10 0.072 0 2
195 40 0.947 0 3
31 52 0.113 0 1
78 5 0.396 0 1
15 15 0.047 0 1
105 5 0.409 0 1
41 10 0.212 0 3
137 22 0.721 0 3
55 30 0.271 0 3
290 15 1.074 0 1
36 52 0.191 0 3
24 30 0.119 0 3
44 100 0.152 0 1
72 30 0.483 0 1
52 52 0.194 0 3
316 5 1.225 0 3
14 5 0.057 0 2
28 52 0.110 0 2
35 70 0.110 0 2
295 100 1.482 0 3
35 15 0.110 0 3
39 5 0.171 0 2
73 100 0.417 0 3
95 30 0.528 0 2
27 10 0.117 0 3
260 40 1.040 0 3
135 30 0.912 0 3
27 70 0.106 0 2
18 15 0.054 0 1
38 15 0.130 0 3
203 15 0.746 0 2
163 5 0.519 0 3
305 40 1.215 0 1
128 100 0.740 0 1
15 52 0.061 1 0
15 30 0.057 1 3
18 40 0.054 1 3
61 30 0.225 1 2
47 15 0.144 1 0
73 15 0.220 1 3
10 15 0.033 1 0
18 22 0.089 1 2
38 40 0.212 1 3
66 15 0.391 1 0
64 52 0.260 1 2
39 10 0.115 1 2
10 100 0.045 1 3
16 5 0.091 1 0
207 15 1.389 1 0
144 15 0.699 1 0
26 30 0.101 1 0
27 10 0.087 1 2
104 22 0.559 1 0
296 100 1.003 1 0
129 52 0.496 1 3
58 10 0.337 1 0
23 30 0.144 1 2
75 52 0.278 1 2
27 15 0.101 1 0
47 22 0.267 1 0
291 5 1.492 1 0
79 15 0.256 1 2
184 10 0.979 1 3
15 5 0.051 1 3
246 70 0.961 1 0
11 30 0.038 1 2
41 5 0.188 1 0
17 5 0.096 1 0
22 10 0.066 1 3
54 5 0.163 1 3
56 70 0.232 1 2
142 30 0.589 1 2
47 10 0.285 1 0
328 10 1.224 1 0
23 5 0.097 1 0
145 5 0.890 1 0
23 70 0.085 1 2
70 70 0.338 1 3
10 15 0.035 1 0
159 40 0.791 1 3
11 10 0.057 1 3
252 15 1.605 1 3
180 30 0.525 1 2
34 15 0.125 1 2
275 40 0.851 1 3
13 70 0.047 1 2
80 22 0.348 1 0
198 30 0.888 1 2
229 52 0.674 1 0
15 5 0.063 1 0
68 52 0.245 1 0
138 52 0.419 1 3
75 5 0.349 1 2
159 22 0.930 1 0
21 100 0.077 1 2
47 40 0.264 1 0
35 5 0.113 1 2
33 100 0.107 1 0
131 30 0.441 1 3
37 10 0.145 1 0
66 100 0.324 1 0
68 100 0.291 1 2
15 15 0.055 1 0
16 100 0.049 1 2
63 40 0.278 1 0
45 70 0.263 1 0
62 52 0.188 1 3
32 70 0.129 1 3
29 10 0.112 1 2
75 22 0.293 1 0
67 22 0.279 1 0
117 40 0.377 1 0
11 40 0.042 1 0
18 5 0.079 1 0
49 70 0.183 1 3
51 52 0.160 1 0
18 100 0.063 1 0
30 5 0.122 1 2
40 100 0.200 1 2
37 40 0.226 1 3
19 70 0.093 1 2
39 70 0.187 1 3
70 100 0.419 1 0
71 100 0.444 1 3
17 5 0.069 1 3
66 100 0.231 1 3
77 30 0.310 1 3
19 30 0.094 1 0
324 40 1.232 1 2
141 30 0.496 1 0
22 5 0.088 1 2
12 30 0.057 1 2
58 30 0.328 1 0
113 100 0.334 1 3
19 100 0.057 1 3
14 10 0.053 1 2
55 52 0.270 1 3
22 10 0.088 1 0
30 52 0.166 1 0
14 100 0.052 1 0
35 70 0.148 1 3
13 70 0.060 1 2
116 30 0.367 1 2
19 15 0.109 1 0
161 52 0.797 1 2
81 15 0.248 1 0
222 100 0.723 1 2
222 100 1.150 1 2
70 22 0.318 1 2
11 22 0.050 1 3
321 15 1.151 1 3
45 40 0.256 1 2
13 40 0.048 1 0
232 10 1.389 1 2
19 10 0.082 1 2
15 70 0.044 1 0
68 10 0.292 1 2
77 52 0.307 1 2
147 22 0.967 1 0
13 15 0.073 1 3
11 30 0.034 1 0
14 100 0.058 1 3
18 100 0.111 1 0
133 5 0.395 1 2
268 10 1.295 1 2
70 70 0.234 1 3
10 5 0.043 1 3
10 30 0.030 1 0
104 10 0.553 1 0
136 30 0.479 1 2
138 22 0.657 1 0
69 70 0.257 1 0
114 10 0.487 1 2
167 70 0.586 1 0
246 22 1.352 1 0
16 40 0.065 1 0
76 10 0.288 1 2
51 5 0.180 1 2
13 40 0.038 1 0
50 15 0.195 1 2
108 100 0.540 1 0
28 30 0.176 1 0
65 52 0.216 1 3
262 22 0.768 1 0
196 52 0.838 1 0
58 30 0.349 1 2
35 100 0.182 1 0
74 10 0.319 1 2
78 70 0.373 1 2
54 5 0.181 1 0
186 30 0.606 1 3
64 30 0.234 1 0
239 30 0.697 1 3
16 22 0.054 1 0
56 15 0.215 1 2
55 100 0.309 1 0
16 15 0.055 1 2
27 30 0.086 1 0
188 40 1.146 1 0
44 30 0.131 1 2
57 10 0.261 1 2
87 22 0.275 1 0
180 70 0.575 1 0
39 40 0.170 1 0
165 52 0.596 1 3
142 52 0.478 1 2
46 100 0.189 1 0
30 100 0.109 1 0
327 5 1.721 1 3
69 5 0.272 1 3
13 22 0.054 1 3
17 70 0.107 1 0
12 70 0.037 1 2
54 70 0.242 1 2
75 5 0.236 1 2
36 52 0.107 1 0
103 70 0.454 1 0
82 15 0.529 1 3
82 10 0.319 1 3
18 15 0.075 1 3
24 40 0.083 1 0
134 70 0.601 1 3
27 70 0.081 1 0
14 30 0.045 1 0
48 40 0.150 1 0
52 10 0.167 1 0
19 22 0.061 1 2
37 15 0.134 1 0
122 100 0.709 1 2
78 22 0.415 1 3
71 10 0.433 1 3
12 70 0.040 1 3
154 10 0.616 1 2
198 10 0.865 1 0
17 70 0.108 1 0
34 100 0.137 1 0
11 30 0.038 1 0
17 5 0.108 1 2
28 15 0.089 1 0
40 30 0.165 1 3
12 30 0.047 1 2
338 5 1.050 1 0
78 100 0.462 1 3
48 15 0.221 1 2
70 22 0.329 1 0
15 10 0.065 1 0
42 15 0.251 1 0
13 5 0.060 1 3
11 22 0.048 1 2
193 10 0.605 1 3
28 100 0.181 1 0
19 100 0.107 1 0
182 40 0.545 1 2
24 30 0.071 1 0
22 70 0.073 1 2
240 70 0.805 1 3
288 40 1.358 1 2
14 40 0.042 1 0
298 15 0.952 1 0
33 40 0.127 1 2
41 40 0.203 1 0
13 10 0.059 1 0
79 10 0.251 1 0
38 100 0.130 1 3
26 10 0.084 1 0
103 100 0.582 1 0
307 5 1.133 1 0
175 70 0.561 1 0
161 10 0.617 1 0
187 70 1.255 1 0
70 70 0.241 1 3
157 30 0.940 1 2
24 15 0.147 1 0
14 15 0.059 1 0
67 5 0.279 1 2
42 70 0.143 1 3
117 52 0.356 1 3
183 100 1.096 1 0
72 15 0.221 1 3
147 10 0.467 1 0
10 40 0.061 1 0
173 40 0.911 1 2
132 15 0.447 1 0
37 70 0.150 1 0
125 100 0.446 1 3
74 30 0.222 1 2
80 22 0.304 1 0
34 5 0.106 1 2
87 70 0.362 1 3
175 5 0.723 1 0
94 100 0.400 1 0
29 22 0.174 1 0
162 52 0.726 1 3
51 70 0.175 1 3
50 15 0.336 1 2
39 15 0.145 1 0
56 5 0.171 1 2
114 40 0.362 1 3
15 22 0.082 1 2
43 10 0.175 1 2
65 70 0.213 1 3
281 15 1.191 1 0
170 40 0.603 1 2
19 22 0.114 1 3
268 40 1.000 1 0
14 70 0.052 1 0
12 15 0.047 1 3
65 15 0.307 1 3
222 30 0.681 1 0
20 10 0.120 1 0
21 15 0.094 1 2
17 22 0.108 1 0
34 5 0.102 1 0
70 70 0.321 1 2
92 70 0.312 1 0
35 5 0.166 1 0
47 10 0.143 1 3
29 22 0.093 1 3
194 22 0.812 1 3
50 5 0.156 1 0
28 40 0.137 1 0
94 15 0.409 1 0
19 70 0.084 1 0
78 70 0.234 1 3
73 52 0.329 1 3
13 5 0.042 1 0
221 100 0.860 1 2
98 100 0.333 1 3
73 15 0.399 1 0
30 5 0.111 1 0
23 100 0.085 1 2
68 15 0.223 1 3
36 30 0.168 1 3
13 52 0.045 1 2
215 22 1.369 1 0
316 70 1.175 1 2
34 10 0.215 1 2
11 30 0.046 1 3
37 100 0.171 1 2
13 100 0.046 1 0
37 100 0.151 1 0
46 40 0.141 1 2
13 22 0.053 1 2
222 40 1.269 1 3
75 5 0.237 1 3
41 30 0.164 1 0
37 52 0.116 1 2
148 22 0.617 1 3
85 30 0.346 1 2
15 22 0.093 1 2
332 70 2.170 1 2
17 40 0.087 1 3
71 100 0.278 1 0
47 40 0.204 1 2
68 10 0.402 1 2
10 30 0.042 1 0
14 52 0.046 1 2
59 100 0.355 1 2
82 10 0.358 1 3
28 40 0.131 1 0
193 100 0.645 1 3
22 40 0.075 1 3
226 15 0.793 1 0
35 100 0.153 1 2
31 52 0.107 1 0
34 30 0.170 1 3
79 70 0.441 1 0
69 22 0.273 1 3
161 40 0.679 1 0
10 22 0.033 1 3
21 5 0.077 1 0
139 22 0.419 1 3
26 22 0.097 1 0
27 5 0.166 1 3
11 70 0.038 1 0
46 30 0.150 1 0
16 70 0.107 1 2
31 52 0.141 1 3
39 70 0.182 1 2
37 15 0.219 1 0
208 52 0.797 1 0
20 10 0.068 1 3
35 15 0.109 1 0
16 10 0.072 1 0
158 22 0.667 1 0
171 30 0.818 1 3
209 5 1.089 1 0
26 10 0.151 1 0
31 30 0.126 1 0
158 52 0.505 1 3
35 22 0.106 1 0
24 40 0.156 1 0
17 40 0.061 1 2
98 5 0.521 1 3
27 100 0.154 1 0
19 70 0.099 1 2
16 100 0.061 1 3
80 5 0.328 1 3
31 52 0.148 1 0
34 10 0.129 1 0
18 100 0.086 1 2
227 10 0.915 1 0
217 100 0.813 1 3
12 15 0.058 1 2
19 22 0.114 1 3
14 40 0.073 1 0
73 52 0.228 1 2
22 10 0.137 1 2
38 10 0.241 1 2
294 22 0.958 1 2
47 5 0.155 1 2
23 70 0.074 1 2
98 70 0.327 1 2
14 30 0.061 1 0
66 100 0.216 1 2
67 30 0.214 1 3
25 100 0.073 1 0
30 52 0.151 1 2
16 22 0.072 1 0
33 5 0.165 1 2
281 5 0.915 1 0
160 52 0.936 1 2
50 5 0.184 1 2
17 70 0.060 1 2
12 70 0.043 1 2
15 30 0.092 1 0
28 40 0.100 1 0
146 52 0.505 1 0
179 52 0.539 1 0
95 40 0.415 1 3
37 100 0.164 1 0
36 30 0.135 1 3
70 15 0.210 1 0
156 52 0.614 1 2
10 30 0.046 1 3
176 30 0.552 1 0
260 10 1.061 1 0
55 10 0.362 1 0
34 10 0.207 1 0
15 15 0.068 1 0
35 40 0.108 1 0
20 22 0.071 1 0
35 22 0.121 1 0
15 40 0.087 1 3
311 100 0.926 1 2
161 52 0.894 1 3
37 15 0.108 1 0
168 70 0.767 1 0
20 22 0.079 1 2
174 5 1.137 1 3
13 10 0.058 1 3
245 15 0.828 1 3
19 5 0.102 1 2
24 15 0.075 1 3
11 30 0.040 1 0
12 5 0.064 1 3
53 22 0.162 1 0
41 5 0.277 1 3
60 22 0.306 1 3
40 40 0.231 1 3
44 15 0.259 1 0
14 5 0.068 1 3
22 10 0.068 1 3
24 52 0.136 1 2
219 100 0.723 1 2
10 10 0.051 1 2
55 52 0.322 1 2
35 5 0.165 1 3
37 30 0.146 1 0
21 70 0.072 1 0
64 100 0.278 1 3
16 52 0.055 1 3
13 10 0.049 1 2
153 22 0.869 1 2
323 40 1.201 1 2
11 40 0.064 1 3
36 52 0.107 1 3
46 100 0.160 1 3
176 5 0.721 1 2
64 30 0.311 1 2
111 15 0.417 1 2
17 22 0.072 1 0
127 40 0.467 1 3
301 70 2.020 1 2
13 22 0.087 1 0
34 70 0.164 1 0
166 100 1.044 1 3
170 40 0.528 1 2
66 70 0.202 1 2
147 5 0.758 1 2
26 10 0.104 1 2
106 22 0.507 1 2
18 10 0.110 1 0
200 70 0.683 1 0
27 10 0.157 1 0
16 30 0.058 1 3
273 40 0.835 1 0
59 5 0.349 1 2
127 52 0.406 1 0
237 22 1.339 1 0
154 10 0.590 1 3
22 15 0.102 1 0
16 40 0.048 1 0
74 52 0.225 1 2
14 10 0.056 1 0
20 30 0.069 1 3
77 30 0.510 1 2
29 30 0.106 1 0
24 5 0.115 1 0
141 15 0.662 1 3
13 10 0.069 1 3
69 40 0.216 1 0
36 100 0.235 1 0
17 52 0.057 1 3
16 40 0.048 1 2
156 52 0.736 1 0
37 10 0.123 1 0
323 40 0.967 1 0
175 30 0.572 1 0
37 40 0.167 1 3
45 15 0.189 1 0
13 5 0.052 1 0
36 15 0.146 1 3
10 10 0.056 1 3
137 100 0.588 1 3
128 40 0.448 1 3
15 10 0.077 1 0
162 100 0.976 1 2
12 10 0.078 1 0
37 15 0.182 1 0
54 5 0.278 1 3
51 70 0.159 1 2
11 70 0.032 1 0
28 52 0.135 1 2
28 10 0.101 1 0
182 100 1.071 1 3
96 52 0.395 1 0
19 5 0.073 1 2
75 5 0.444 1 2
77 52 0.295 1 2
17 5 0.103 1 3
211 10 0.615 1 2
52 22 0.244 1 2
28 52 0.125 1 2
34 10 0.118 1 0
66 40 0.373 1 2
140 100 0.558 1 2
110 10 0.519 1 0
336 40 1.548 1 0
38 15 0.181 1 0
68 52 0.235 1 0
18 30 0.085 1 0
163 52 0.916 1 0
45 15 0.256 1 2
117 22 0.713 1 2
307 100 0.895 1 2
14 5 0.078 1 0
33 10 0.106 1 2
14 100 0.062 1 3
30 40 0.201 1 3
11 10 0.036 1 0
16 15 0.108 1 2
321 70 1.172 1 0
20 22 0.059 1 0
19 10 0.068 1 0
280 52 1.162 1 2
271 100 1.335 1 0
44 10 0.169 1 0
27 10 0.088 1 0
14 15 0.045 1 3
19 70 0.091 1 3
75 52 0.288 1 0
28 100 0.106 1 3
13 5 0.072 1 0
17 100 0.077 1 0
21 22 0.115 1 0
190 30 1.203 1 2
33 30 0.205 1 0
56 22 0.165 1 3
75 5 0.399 1 0
35 15 0.215 1 2
194 10 0.698 1 2
22 52 0.136 1 0
13 22 0.062 1 0
23 52 0.078 1 0
24 40 0.157 1 2
148 22 0.597 1 0
37 10 0.141 1 0
75 100 0.231 1 0
19 22 0.066 1 0
17 40 0.057 1 0
66 5 0.437 1 2
59 52 0.314 1 0
167 15 0.553 1 0
186 10 0.565 1 2
64 100 0.427 1 2
337 40 2.188 1 3
14 10 0.054 1 2
59 40 0.311 1 0
181 100 0.584 1 0
90 30 0.364 1 0
13 5 0.087 1 0
80 5 0.238 1 0
71 100 0.403 1 0
35 22 0.116 1 0
13 52 0.064 1 0
17 70 0.085 1 2
75 15 0.361 1 0
17 5 0.104 1 2
161 5 0.722 1 3
57 5 0.207 1 2
183 52 0.888 1 2
109 52 0.355 1 0
18 40 0.053 1 0
34 15 0.160 1 0
158 10 0.469 1 0
37 52 0.180 1 0
163 10 0.921 1 0
64 30 0.405 1 0
59 5 0.183 1 0
33 15 0.135 1 3
104 5 0.330 1 3
121 52 0.504 1 2
15 70 0.044 1 2
74 70 0.243 1 3
13 30 0.058 1 2
38 5 0.257 1 2
301 100 1.132 1 0
47 70 0.193 1 0
48 22 0.180 1 0
109 52 0.398 1 3
54 100 0.175 1 3
162 40 0.540 1 0
16 52 0.058 1 3
50 15 0.170 1 0
12 5 0.073 1 2
181 52 1.028 1 3
66 52 0.221 1 0
135 30 0.440 1 2
73 22 0.311 1 3
37 15 0.242 1 0
75 52 0.393 1 0
15 5 0.070 1 0
15 15 0.063 1 3
26 10 0.104 1 0
12 100 0.063 1 0
16 22 0.069 1 0
11 15 0.073 1 0
43 40 0.195 1 0
19 100 0.088 1 0
149 15 0.458 1 0
39 100 0.141 1 0
77 100 0.231 1 0
152 40 0.628 1 3
11 100 0.036 1 2
115 22 0.545 1 3
24 40 0.085 1 0
39 30 0.214 1 3
48 70 0.198 1 3
293 70 1.236 1 0
196 100 0.630 1 0
19 5 0.098 1 0
17 22 0.106 1 2
329 22 1.138 1 0
134 52 0.732 1 2
96 5 0.434 1 0
13 5 0.069 1 2
172 100 0.925 1 2
16 40 0.078 1 2
14 100 0.059 1 0
141 100 0.695 1 0
28 5 0.146 1 2
165 100 0.897 1 3
93 5 0.286 1 0
203 52 0.860 1 0
77 10 0.461 1 3
17 22 0.069 1 3
115 40 0.441 1 3
12 52 0.050 1 0
193 40 0.889 1 2
75 100 0.399 1 0
31 5 0.110 1 0
62 30 0.276 1 3
330 10 1.701 1 3
70 40 0.279 1 0
289 15 1.170 1 3
44 10 0.282 1 0
150 10 0.577 1 2
35 10 0.169 1 0
20 10 0.066 1 0
37 52 0.130 1 3
45 30 0.143 1 0
102 30 0.600 1 0
48 10 0.230 1 3
68 52 0.221 1 0
39 10 0.162 1 3
14 15 0.050 1 0
92 30 0.487 1 0
72 5 0.313 1 2
41 52 0.144 1 0
12 70 0.052 1 0
110 100 0.485 1 0
54 52 0.208 1 2
13 40 0.058 1 0
27 5 0.166 1 0
31 100 0.091 1 0
15 5 0.068 1 0
65 5 0.239 1 2
191 5 0.682 1 0
159 100 0.820 1 0
117 100 0.405 1 2
18 10 0.089 1 2
187 15 0.690 1 3
34 52 0.150 1 0
12 70 0.048 1 3
294 100 0.939 1 0
26 40 0.130 1 0
42 5 0.140 1 0
19 52 0.076 1 0
15 70 0.048 1 3
120 15 0.502 1 0
36 22 0.170 1 3
19 15 0.064 1 0
263 5 1.129 1 3
23 52 0.071 1 0
12 22 0.036 1 2
43 70 0.155 1 0
54 15 0.274 1 2
113 5 0.711 1 0
186 30 0.544 1 0
23 70 0.123 1 0
124 30 0.403 1 0
191 5 0.827 1 0
197 10 1.279 1 3
184 40 0.669 1 0
261 70 1.563 1 2
35 15 0.132 1 0
54 15 0.310 1 3
176 15 1.158 1 0
63 22 0.286 1 0
105 40 0.528 1 3
37 52 0.115 1 0
12 5 0.037 1 2
14 15 0.044 1 0
57 5 0.383 1 0
171 10 0.905 1 0
14 15 0.051 1 0
77 70 0.520 1 2
19 70 0.062 1 0
17 5 0.059 1 0
75 40 0.231 1 3
70 52 0.220 1 0
62 15 0.291 1 0
27 5 0.085 1 0
103 22 0.379 1 0
20 30 0.065 1 0
259 40 0.985 1 3
31 52 0.109 1 3
36 30 0.213 1 0
138 5 0.471 1 3
22 100 0.111 1 2
66 52 0.410 1 0
26 100 0.083 1 0
77 22 0.416 1 0
14 30 0.052 1 3
153 40 0.546 1 0
111 5 0.536 1 2
26 10 0.097 1 0
50 5 0.279 1 0
78 15 0.338 1 2
167 30 0.542 1 2
34 70 0.192 1 0
40 70 0.157 1 0
195 70 1.283 1 0
23 100 0.111 1 3
78 15 0.239 1 2
259 30 1.188 1 3
13 15 0.054 1 0
99 70 0.460 1 0
15 5 0.091 1 2
17 15 0.088 1 3
85 30 0.431 1 2
19 52 0.087 1 0
64 10 0.203 1 3
81 30 0.431 1 3
10 52 0.068 1 0
26 22 0.111 1 2
76 30 0.396 1 0
48 30 0.168 1 2
17 40 0.076 1 0
28 30 0.086 1 0
56 5 0.179 1 0
25 15 0.088 1 0
16 40 0.051 1 0
42 40 0.130 1 0
44 22 0.183 1 3
16 52 0.054 1 2
195 22 0.619 1 3
22 40 0.126 1 0
35 5 0.123 1 3
14 22 0.059 1 0
15 30 0.047 1 3
58 70 0.214 1 3
13 70 0.044 1 3
209 5 0.701 1 2
34 70 0.134 1 2
56 30 0.290 1 2
10 5 0.036 1 0
16 30 0.051 1 3
144 40 0.431 1 3
56 15 0.192 1 0
48 52 0.163 1 2
68 10 0.335 1 2
12 70 0.037 1 0
16 30 0.107 1 0
189 40 0.871 1 3
65 52 0.208 1 3
111 40 0.653 1 0
11 52 0.074 1 0
72 100 0.264 1 3
76 15 0.295 1 2
31 100 0.113 1 2
271 5 0.985 1 0
36 22 0.108 1 0
22 52 0.111 1 3
144 15 0.482 1 3
61 70 0.186 1 3
55 5 0.175 1 2
54 30 0.261 1 3
14 15 0.074 1 0
60 5 0.227 1 0
38 10 0.139 1 0
71 100 0.458 1 2
152 22 0.553 1 0
198 52 0.921 1 2
14 40 0.093 1 0
207 70 1.107 1 2
194 5 0.591 1 0
53 15 0.215 1 0
38 70 0.157 1 0
95 40 0.353 1 3
112 10 0.358 1 0
36 30 0.124 1 3
148 100 0.622 1 0
218 5 0.773 1 3
138 15 0.491 1 0
156 30 0.716 1 2
138 70 0.762 1 0
121 15 0.627 1 0
179 70 0.886 1 3
173 10 0.762 1 0
178 40 1.011 1 0
67 100 0.387 1 0
29 30 0.162 1 0
304 52 1.670 1 3
167 100 0.612 1 2
52 100 0.207 1 2
15 22 0.062 1 0
190 22 0.720 1 2
11 40 0.063 1 3
215 5 1.144 1 0
115 22 0.367 1 0
71 30 0.303 1 2
77 22 0.298 1 2
77 30 0.453 1 0
92 10 0.302 1 3
15 15 0.052 1 0
75 30 0.344 1 3
200 100 0.778 1 0
143 40 0.498 1 3
15 22 0.044 1 3
45 70 0.175 1 2
197 100 0.714 1 2
179 100 1.155 1 2
17 40 0.053 1 0
107 52 0.486 1 3
71 10 0.262 1 0
149 40 0.564 1 2
11 10 0.048 1 0
56 5 0.184 1 0
100 70 0.461 1 0
16 10 0.073 1 0
107 5 0.660 1 0
338 5 1.050 1 0
16 70 0.047 1 0
308 70 1.638 1 2
76 52 0.228 1 0
55 10 0.353 1 0
32 10 0.200 1 0
51 70 0.196 1 0
72 30 0.444 1 3
14 70 0.044 1 2
15 70 0.091 1 3
17 100 0.056 1 2
53 15 0.184 1 2
150 70 0.595 1 3
14 100 0.051 1 0
74 15 0.295 1 2
37 5 0.121 1 0
121 10 0.425 1 2
217 5 0.798 1 3
10 5 0.056 1 0
174 22 0.879 1 0
27 15 0.104 1 0
47 52 0.299 1 0
19 10 0.123 1 0
159 52 0.526 1 0
67 15 0.210 1 2
17 30 0.067 1 0
333 100 1.405 1 0
11 15 0.035 1 3
47 100 0.141 1 2
27 40 0.096 1 0
36 15 0.155 1 0
10 70 0.045 1 2
14 52 0.078 1 3
27 100 0.123 1 2
79 30 0.391 1 0
18 70 0.082 1 3
74 40 0.272 1 0
18 40 0.116 1 2
34 70 0.143 1 0
51 22 0.290 1 0
15 15 0.046 1 2
112 40 0.602 1 0
38 30 0.221 1 0
13 40 0.050 1 2
18 30 0.057 1 0
326 30 1.120 1 0
77 52 0.503 1 0
185 40 0.801 1 3
116 15 0.498 1 2
53 10 0.346 1 0
16 10 0.096 1 0
55 15 0.188 1 0
23 5 0.106 1 0
10 22 0.062 1 3
16 30 0.101 1 0
13 15 0.072 1 3
23 5 0.146 1 2
13 30 0.045 1 2
46 15 0.234 1 3
23 15 0.137 1 0
14 15 0.063 1 2
78 15 0.287 1 2
39 70 0.138 1 2
68 22 0.456 1 0
231 10 0.816 1 3
78 10 0.321 1 2
275 40 1.185 1 0
15 52 0.053 1 0
258 30 0.945 1 0
10 70 0.037 1 0
322 100 2.118 1 2
33 22 0.130 1 0
27 70 0.084 1 0
164 100 0.480 1 3
21 70 0.082 1 0
74 52 0.311 1 3
70 15 0.229 1 2
19 5 0.092 1 0
41 40 0.192 1 2
79 40 0.312 1 0
69 22 0.257 1 3
19 15 0.107 1 0
14 15 0.058 1 0
14 22 0.048 1 0
226 100 0.816 1 2
171 70 0.872 1 0
14 100 0.058 1 3
178 40 0.709 1 0
38 52 0.188 1 0
28 10 0.086 1 3
23 100 0.085 1 3
89 100 0.385 1 2
16 10 0.084 1 0
74 5 0.325 1 0
24 52 0.098 1 2
149 40 0.693 1 2
13 15 0.041 1 2
50 15 0.171 1 2
21 40 0.077 1 0
52 70 0.160 1 3
15 70 0.052 1 0
44 10 0.150 1 0
324 40 2.077 1 3
51 5 0.271 1 0
12 52 0.047 1 3
45 10 0.139 1 3
46 5 0.277 1 0
135 15 0.425 1 0
16 15 0.052 1 0
21 15 0.086 1 0
183 40 0.741 1 0
64 40 0.205 1 3
27 15 0.081 1 0
248 15 0.829 1 0
149 10 0.716 1 3
106 100 0.592 1 3
29 40 0.139 1 0
49 30 0.283 1 2
58 5 0.206 1 0
38 10 0.177 1 0
16 10 0.081 1 2
51 52 0.325 1 2
141 40 0.940 1 0
11 5 0.039 1 0
20 5 0.099 1 0
23 15 0.082 1 3
121 52 0.494 1 0
14 70 0.087 1 0
16 5 0.055 1 3
22 52 0.072 1 2
109 15 0.606 1 3
11 15 0.066 1 0
17 10 0.091 1 0
176 10 0.647 1 0
42 15 0.188 1 0
82 40 0.436 1 2
10 70 0.029 1 0
106 100 0.361 1 0
83 52 0.542 1 0
15 10 0.071 1 3
39 5 0.183 1 0
15 100 0.086 1 3
32 10 0.164 1 3
20 10 0.132 1 0
262 52 0.814 1 0
33 10 0.133 1 2
34 5 0.148 1 2
68 40 0.400 1 0
10 52 0.040 1 0
56 100 0.223 1 3
55 15 0.335 1 2
117 30 0.588 1 0
18 40 0.102 1 2
57 70 0.229 1 0
302 30 0.984 1 0
95 40 0.438 1 0
17 52 0.072 1 3
14 52 0.060 1 3
24 15 0.140 1 3
17 52 0.061 1 2
42 70 0.124 1 0
34 70 0.173 1 2
104 40 0.351 1 3
17 15 0.106 1 2
143 70 0.622 1 0
22 10 0.093 1 0
25 10 0.095 1 0
70 15 0.302 1 0
17 5 0.069 1 0
10 40 0.040 1 2
18 15 0.060 1 0
54 100 0.309 1 2
220 22 0.898 1 3
63 70 0.227 1 0
57 10 0.172 1 0
11 40 0.040 1 3
48 15 0.210 1 2
23 10 0.071 1 0
13 5 0.057 1 3
228 100 1.004 1 2
50 10 0.325 1 0
43 30 0.184 1 0
302 40 1.166 1 2
49 30 0.306 2 1
18 52 0.067 2 3
194 22 0.826 2 0
49 30 0.262 2 1
36 5 0.106 2 0
23 30 0.069 2 0
40 100 0.148 2 0
78 40 0.473 2 0
51 10 0.215 2 0
13 100 0.067 2 0
126 52 0.373 2 0
34 100 0.111 2 0
152 70 0.549 2 0
39 30 0.224 2 0
75 40 0.357 2 0
187 10 0.984 2 0
11 100 0.054 2 0
152 10 0.492 2 0
46 40 0.232 2 3
165 52 0.842 2 1
58 40 0.221 2 3
20 15 0.071 2 1
30 10 0.126 2 1
331 30 1.283 2 3
17 22 0.066 2 3
51 5 0.212 2 0
29 70 0.148 2 3
171 100 0.636 2 0
178 52 0.535 2 0
18 100 0.094 2 3
36 5 0.115 2 0
321 100 1.118 2 1
29 30 0.175 2 0
58 5 0.192 2 1
93 15 0.336 2 0
18 52 0.090 2 0
230 40 0.804 2 0
37 40 0.233 2 0
33 10 0.152 2 3
134 5 0.494 2 3
133 70 0.403 2 0
15 52 0.073 2 0
68 22 0.311 2 1
40 22 0.219 2 0
89 70 0.399 2 0
14 100 0.075 2 3
141 22 0.450 2 1
18 70 0.116 2 1
10 52 0.050 2 0
62 52 0.211 2 3
118 40 0.608 2 0
44 70 0.186 2 0
36 10 0.181 2 1
33 40 0.110 2 0
12 30 0.062 2 0
18 15 0.058 2 0
38 10 0.142 2 1
19 100 0.110 2 1
177 100 0.790 2 0
53 40 0.203 2 3
117 15 0.358 2 3
19 22 0.097 2 1
245 22 0.953 2 3
101 5 0.483 2 3
199 52 1.309 2 1
168 22 1.018 2 1
70 5 0.254 2 1
39 70 0.151 2 0
77 10 0.231 2 0
37 40 0.114 2 0
18 5 0.064 2 0
133 5 0.449 2 1
143 52 0.668 2 3
30 10 0.144 2 0
73 30 0.459 2 0
18 30 0.056 2 0
20 52 0.119 2 0
79 52 0.332 2 0
123 52 0.680 2 3
80 100 0.339 2 3
126 52 0.621 2 0
40 40 0.179 2 1
71 30 0.231 2 1
32 30 0.163 2 0
41 5 0.129 2 0
99 40 0.409 2 0
167 52 0.720 2 0
67 5 0.303 2 1
28 15 0.151 2 0
60 70 0.244 2 1
64 100 0.231 2 0
76 100 0.333 2 1
79 40 0.276 2 3
62 70 0.302 2 0
158 30 0.617 2 0
60 40 0.225 2 0
278 70 1.086 2 0
24 52 0.094 2 0
59 10 0.174 2 0
163 5 0.921 2 1
194 10 0.956 2 1
19 22 0.077 2 0
84 10 0.313 2 3
24 5 0.079 2 0
16 15 0.088 2 0
17 22 0.089 2 3
24 5 0.076 2 0
332 100 1.566 2 0
10 10 0.035 2 1
17 70 0.100 2 3
58 100 0.245 2 1
12 52 0.044 2 0
56 22 0.182 2 0
31 15 0.104 2 3
199 30 0.995 2 1
254 10 1.171 2 1
15 15 0.099 2 3
24 52 0.090 2 0
199 100 0.743 2 1
141 15 0.580 2 3
155 15 0.471 2 0
52 52 0.173 2 0
10 5 0.050 2 0
18 40 0.093 2 1
13 52 0.055 2 0
50 70 0.175 2 3
68 52 0.199 2 3
23 30 0.106 2 3
16 100 0.066 2 0
222 15 0.974 2 3
19 100 0.099 2 1
107 22 0.341 2 0
34 70 0.150 2 3
246 52 0.831 2 0
210 40 0.693 2 1
58 10 0.187 2 3
18 15 0.075 2 3
17 10 0.076 2 0
188 10 0.577 2 0
71 52 0.270 2 0
16 5 0.066 2 3
121 52 0.478 2 1
113 100 0.601 2 0
17 10 0.052 2 0
100 100 0.552 2 0
68 40 0.221 2 0
153 30 0.607 2 1
121 15 0.669 2 1
10 52 0.051 2 0
21 22 0.094 2 3
13 52 0.076 2 1
151 15 0.449 2 1
278 70 0.866 2 1
189 30 0.628 2 0
173 5 0.546 2 3
41 100 0.181 2 0
64 40 0.259 2 0
60 100 0.273 2 0
14 5 0.094 2 1
138 10 0.611 2 1
35 22 0.117 2 3
39 15 0.173 2 0
17 30 0.052 2 3
31 15 0.157 2 0
36 10 0.130 2 3
188 22 0.580 2 0
53 70 0.301 2 3
76 5 0.406 2 0
18 70 0.080 2 0
23 30 0.069 2 0
142 10 0.418 2 3
18 5 0.090 2 0
16 15 0.098 2 3
165 5 0.575 2 0
25 22 0.077 2 0
74 30 0.300 2 3
105 30 0.512 2 0
31 15 0.134 2 0
16 40 0.094 2 1
18 52 0.109 2 1
49 40 0.212 2 3
15 5 0.088 2 1
90 52 0.377 2 3
113 22 0.557 2 0
179 10 0.533 2 3
36 52 0.113 2 3
129 52 0.386 2 1
102 40 0.596 2 0
77 15 0.461 2 0
10 70 0.055 2 1
30 70 0.094 2 1
117 10 0.398 2 0
48 100 0.151 2 0
58 22 0.387 2 1
27 100 0.091 2 3
210 15 0.890 2 3
156 30 0.463 2 0
31 5 0.091 2 0
249 10 0.874 2 1
30 100 0.103 2 1
11 30 0.063 2 0
232 10 0.935 2 1
249 40 0.905 2 1
11 70 0.038 2 3
239 30 0.830 2 0
45 15 0.287 2 1
44 15 0.147 2 0
11 22 0.058 2 1
115 15 0.429 2 0
24 100 0.076 2 0
203 22 0.599 2 0
17 100 0.062 2 1
32 70 0.145 2 3
38 30 0.209 2 1
66 52 0.251 2 3
12 10 0.058 2 0
37 15 0.193 2 1
25 10 0.117 2 0
49 100 0.191 2 0
155 15 0.503 2 3
15 15 0.059 2 0
195 70 0.741 2 0
148 30 0.617 2 0
53 70 0.338 2 0
11 40 0.056 2 0
15 52 0.050 2 3
93 30 0.315 2 0
82 40 0.453 2 0
30 70 0.128 2 3
45 40 0.180 2 0
92 52 0.270 2 3
37 22 0.159 2 0
11 22 0.064 2 0
325 40 1.738 2 0
79 30 0.350 2 0
47 100 0.137 2 3
173 40 0.638 2 0
32 30 0.151 2 0
19 52 0.062 2 0
67 52 0.201 2 0
62 10 0.350 2 0
76 10 0.490 2 0
34 100 0.131 2 0
17 5 0.073 2 3
30 22 0.096 2 0
199 70 0.580 2 1
239 10 1.039 2 0
22 22 0.118 2 0
30 15 0.163 2 1
17 70 0.058 2 1
23 40 0.097 2 3
35 30 0.224 2 0
19 70 0.111 2 0
54 52 0.344 2 0
35 15 0.145 2 0
170 40 0.607 2 3
295 40 1.372 2 3
55 10 0.225 2 0
39 70 0.139 2 3
99 40 0.607 2 3
31 22 0.176 2 0
17 30 0.056 2 0
120 52 0.566 2 3
197 52 1.053 2 0
168 100 0.520 2 0
83 5 0.255 2 0
34 70 0.175 2 3
197 10 0.614 2 0
50 40 0.278 2 0
34 5 0.227 2 3
123 22 0.477 2 3
198 70 0.971 2 0
77 10 0.252 2 0
175 15 0.668 2 0
27 5 0.094 2 1
56 30 0.183 2 0
145 40 0.500 2 3
17 10 0.059 2 0
161 22 0.936 2 0
22 5 0.107 2 0
11 22 0.064 2 3
18 5 0.091 2 0
112 15 0.636 2 1
15 52 0.097 2 0
72 40 0.333 2 1
227 10 0.668 2 3
37 15 0.189 2 0
48 52 0.162 2 1
54 5 0.342 2 1
180 52 0.786 2 3
62 22 0.183 2 0
27 5 0.128 2 0
56 22 0.192 2 0
318 40 2.052 2 3
163 5 1.045 2 3
48 100 0.148 2 1
116 15 0.652 2 0
10 40 0.061 2 3
148 70 0.433 2 0
60 40 0.308 2 1
36 15 0.172 2 3
18 52 0.058 2 0
42 5 0.158 2 1
12 52 0.056 2 0
38 52 0.145 2 3
70 15 0.223 2 1
33 100 0.162 2 3
15 15 0.060 2 1
13 40 0.082 2 0
10 5 0.062 2 0
71 30 0.368 2 1
12 52 0.071 2 0
74 30 0.300 2 1
63 15 0.222 2 0
27 70 0.081 2 3
72 100 0.426 2 1
50 10 0.278 2 3
40 100 0.133 2 0
10 30 0.030 2 1
34 100 0.120 2 0
38 100 0.127 2 3
265 30 1.262 2 0
36 70 0.228 2 3
187 52 0.654 2 0
36 70 0.116 2 0
18 40 0.065 2 1
73 40 0.445 2 0
39 40 0.198 2 3
108 52 0.560 2 0
18 40 0.107 2 3
72 100 0.213 2 0
39 52 0.127 2 0
21 5 0.098 2 1
207 70 1.262 2 0
12 22 0.056 2 3
82 40 0.516 2 0
176 30 1.017 2 1
93 52 0.371 2 1
79 10 0.403 2 0
37 22 0.168 2 0
68 10 0.453 2 1
94 15 0.312 2 3
46 22 0.168 2 0
191 10 1.194 2 0
132 70 0.447 2 3
76 70 0.418 2 3
77 15 0.381 2 1
171 22 0.525 2 1
42 15 0.164 2 0
35 40 0.229 2 3
22 10 0.137 2 0
51 10 0.203 2 0
25 30 0.084 2 3
128 40 0.549 2 0
12 40 0.036 2 3
60 15 0.222 2 0
17 70 0.075 2 0
12 40 0.047 2 0
61 52 0.330 2 0
84 52 0.422 2 0
19 15 0.088 2 0
101 100 0.439 2 0
12 22 0.046 2 0
13 10 0.081 2 0
219 5 0.849 2 1
41 15 0.227 2 3
162 52 1.059 2 0
294 10 1.793 2 1
151 52 0.472 2 0
77 10 0.472 2 0
15 10 0.093 2 1
14 30 0.060 2 0
129 30 0.816 2 0
75 5 0.237 2 1
20 10 0.106 2 0
62 100 0.196 2 0
18 100 0.113 2 0
23 70 0.099 2 1
91 22 0.343 2 3
55 10 0.183 2 0
192 30 0.762 2 0
49 40 0.188 2 1
11 15 0.043 2 0
142 40 0.428 2 1
79 22 0.449 2 0
57 70 0.248 2 0
10 22 0.029 2 3
17 15 0.058 2 1
295 5 1.234 2 3
86 30 0.280 2 1
175 22 0.829 2 0
39 5 0.117 2 1
202 100 1.174 2 0
40 30 0.191 2 0
270 100 0.931 2 0
253 100 1.654 2 0
27 22 0.111 2 1
113 22 0.469 2 1
119 52 0.492 2 3
55 22 0.170 2 3
77 22 0.500 2 0
60 15 0.202 2 0
170 22 0.934 2 1
288 100 0.862 2 1
201 15 0.634 2 3
119 70 0.592 2 0
13 10 0.071 2 0
14 52 0.050 2 0
13 22 0.070 2 0
160 10 0.542 2 0
30 30 0.195 2 0
20 40 0.083 2 3
126 30 0.532 2 3
25 40 0.083 2 1
33 5 0.209 2 0
12 10 0.046 2 3
65 70 0.249 2 0
126 10 0.615 2 3
26 22 0.097 2 1
13 70 0.045 2 1
24 70 0.073 2 3
19 15 0.063 2 0
292 10 1.070 2 1
14 22 0.069 2 0
67 22 0.399 2 1
14 30 0.054 2 3
21 22 0.067 2 1
212 100 0.671 2 0
73 15 0.378 2 3
301 100 0.918 2 0
52 22 0.257 2 3
18 52 0.090 2 0
295 22 1.117 2 0
197 52 0.868 2 0
17 10 0.058 2 0
32 5 0.098 2 3
29 15 0.155 2 0
309 70 1.361 2 0
73 70 0.238 2 0
67 70 0.242 2 3
53 30 0.323 2 1
41 40 0.145 2 3
198 40 0.739 2 3
278 30 1.193 2 0
85 5 0.457 2 3
37 100 0.140 2 3
208 100 0.791 2 1
35 100 0.126 2 3
74 22 0.248 2 1
28 100 0.142 2 1
177 30 0.516 2 3
54 10 0.239 2 0
52 5 0.257 2 3
14 30 0.092 2 1
189 10 0.950 2 0
78 52 0.377 2 0
115 10 0.436 2 0
152 10 0.664 2 0
24 40 0.080 2 1
56 30 0.337 2 0
51 10 0.201 2 0
22 70 0.066 2 3
29 52 0.160 2 1
13 22 0.068 2 3
327 70 1.335 2 0
167 100 1.037 2 0
74 30 0.261 2 3
16 22 0.059 2 0
19 15 0.090 2 3
16 5 0.077 2 0
51 52 0.156 2 1
36 40 0.218 2 1
136 15 0.425 2 0
56 52 0.327 2 0
78 52 0.257 2 3
21 40 0.135 2 1
78 5 0.305 2 0
54 30 0.208 2 1
33 22 0.157 2 0
14 30 0.086 2 3
68 52 0.450 2 1
15 15 0.050 2 0
13 30 0.060 2 3
39 70 0.215 2 3
10 15 0.038 2 0
237 10 0.806 2 1
190 5 0.560 2 3
12 70 0.052 2 1
18 40 0.096 2 1
11 100 0.056 2 3
17 22 0.081 2 0
156 22 0.929 2 0
50 22 0.195 2 1
239 22 1.532 2 3
188 52 0.851 2 0
17 40 0.058 2 1
188 40 0.767 2 3
79 70 0.331 2 1
10 10 0.029 2 0
13 70 0.063 2 0
10 10 0.032 2 0
141 30 0.616 2 0
23 52 0.076 2 0
100 5 0.505 2 0
23 52 0.108 2 3
18 52 0.121 2 3
70 30 0.337 2 3
71 10 0.275 2 0
204 52 1.229 2 0
151 52 0.786 2 3
33 5 0.149 2 0
59 10 0.192 2 0
58 70 0.333 2 0
23 40 0.084 2 1
26 70 0.102 2 0
39 30 0.118 2 3
167 70 0.843 2 3
25 52 0.112 2 3
20 52 0.098 2 3
26 22 0.080 2 1
27 5 0.096 2 3
12 5 0.043 2 3
10 100 0.040 2 0
54 40 0.247 2 0
39 70 0.185 2 0
260 15 0.788 2 3
158 5 0.658 2 0
95 10 0.338 2 0
71 52 0.301 2 0
14 22 0.059 2 3
197 40 0.684 2 1
34 5 0.133 2 1
17 10 0.108 2 3
118 22 0.656 2 0
74 70 0.352 2 0
15 40 0.098 2 1
24 5 0.109 2 1
36 52 0.149 2 0
30 22 0.173 2 3
22 40 0.138 2 0
56 30 0.185 2 3
72 10 0.400 2 0
58 15 0.172 2 3
26 15 0.122 2 0
17 10 0.064 2 3
37 40 0.142 2 1
11 10 0.066 2 0
57 52 0.175 2 0
135 10 0.493 2 1
23 100 0.092 2 1
11 40 0.035 2 3
16 40 0.058 2 1
146 30 0.890 2 3
38 30 0.152 2 0
66 70 0.228 2 0
36 70 0.212 2 0
339 52 1.050 2 0
123 70 0.366 2 0
74 40 0.222 2 0
153 5 0.569 2 1
246 22 0.734 2 0
10 30 0.034 2 0
57 40 0.282 2 0
111 70 0.345 2 0
72 22 0.263 2 3
183 15 0.707 2 3
115 22 0.564 2 0
28 52 0.149 2 0
15 10 0.096 2 0
11 40 0.042 2 0
61 30 0.262 2 0
58 52 0.171 2 0
59 100 0.328 2 3
15 22 0.054 2 1
104 52 0.565 2 3
276 5 1.415 2 0
16 22 0.048 2 0
82 15 0.307 2 3
39 10 0.141 2 0
76 40 0.360 2 0
187 100 0.670 2 0
168 15 0.689 2 0
19 52 0.109 2 1
34 52 0.171 2 0
57 100 0.256 2 0
73 22 0.354 2 0
114 70 0.770 2 3
159 40 0.654 2 1
30 22 0.172 2 0
44 100 0.190 2 1
190 52 0.651 2 1
95 10 0.448 2 0
131 5 0.784 2 3
204 52 1.041 2 1
10 100 0.052 2 0
15 22 0.081 2 1
182 5 1.182 2 0
96 30 0.615 2 0
28 52 0.090 2 3
15 5 0.077 2 0
30 22 0.181 2 0
52 5 0.299 2 0
11 15 0.047 2 0
32 15 0.101 2 0
23 22 0.075 2 0
186 52 0.614 2 1
27 5 0.135 2 0
160 22 0.812 2 3
36 52 0.163 2 0
250 10 1.337 2 3
51 30 0.162 2 1
31 22 0.093 2 1
52 100 0.156 2 0
68 52 0.215 2 1
28 22 0.144 2 3
23 52 0.074 2 0
178 100 0.873 2 0
17 10 0.074 2 0
241 100 0.876 2 0
182 10 0.835 2 1
245 5 1.541 2 1
92 40 0.462 2 0
193 10 1.049 2 1
37 10 0.208 2 1
116 15 0.571 2 0
13 10 0.039 2 0
58 70 0.261 2 1
41 70 0.157 2 3
13 70 0.046 2 0
17 100 0.089 2 0
45 40 0.298 2 0
44 52 0.168 2 0
35 70 0.144 2 0
28 10 0.152 2 1
34 52 0.162 2 0
73 70 0.397 2 0
48 30 0.167 2 3
34 40 0.147 2 3
51 15 0.153 2 0
26 40 0.124 2 3
46 22 0.209 2 0
14 22 0.050 2 0
29 10 0.132 2 0
78 70 0.451 2 0
31 52 0.119 2 3
41 70 0.135 2 3
191 22 0.641 2 1
66 70 0.357 2 0
193 15 1.055 2 0
92 70 0.276 2 0
115 15 0.377 2 0
61 22 0.229 2 1
235 100 1.083 2 0
12 40 0.052 2 0
23 22 0.128 2 1
58 30 0.182 2 1
18 22 0.102 2 3
17 5 0.069 2 0
60 30 0.239 2 3
24 10 0.082 2 0
71 40 0.281 2 1
26 22 0.131 2 1
161 15 0.491 2 0
24 10 0.085 2 0
68 15 0.422 2 0
45 52 0.151 2 0
145 70 0.525 2 1
12 15 0.044 2 1
16 52 0.053 2 0
25 22 0.098 2 3
94 15 0.351 2 0
90 100 0.306 2 3
69 52 0.304 2 0
37 10 0.206 2 0
19 40 0.066 2 3
56 22 0.191 2 3
57 22 0.356 2 3
41 22 0.263 2 3
19 100 0.070 2 1
18 30 0.118 2 0
47 15 0.164 2 1
278 22 1.448 2 3
186 70 0.604 2 3
11 10 0.052 2 3
16 40 0.056 2 1
20 52 0.078 2 1
262 30 1.023 2 0
20 30 0.132 2 3
61 100 0.178 2 0
78 40 0.462 2 1
64 5 0.342 2 0
243 52 0.832 2 0
20 100 0.073 2 3
64 40 0.317 2 3
338 5 1.779 2 0
19 10 0.060 2 0
17 10 0.106 2 0
38 40 0.124 2 1
23 15 0.095 2 3
11 22 0.039 2 0
116 30 0.611 2 1
54 100 0.239 2 0
27 10 0.095 2 1
17 10 0.054 2 1
120 5 0.594 2 0
78 5 0.288 2 0
122 100 0.567 2 0
176 30 0.838 2 1
76 30 0.330 2 0
268 100 1.043 2 0
16 52 0.063 2 3
98 40 0.346 2 1
192 52 0.611 2 1
95 100 0.505 2 0
25 52 0.091 2 0
38 40 0.153 2 0
46 52 0.142 2 3
130 70 0.628 2 3
181 5 0.710 2 3
13 5 0.049 2 1
15 100 0.074 2 0
38 100 0.147 2 0
233 100 0.782 2 0
10 70 0.051 2 1
137 15 0.675 2 1
19 70 0.115 2 1
151 15 0.686 2 1
68 15 0.360 2 0
12 15 0.042 2 3
93 52 0.394 2 0
68 22 0.287 2 1
167 5 0.570 2 0
126 40 0.378 2 3
14 5 0.050 2 3
10 52 0.030 2 0
151 10 0.689 2 0
57 40 0.221 2 0
266 5 0.950 2 0
28 40 0.155 2 1
273 52 1.007 2 1
31 40 0.097 2 1
10 10 0.032 2 0
40 70 0.118 2 0
19 30 0.075 2 1
66 22 0.208 2 3
17 70 0.077 2 3
17 52 0.056 2 3
165 22 0.750 2 0
115 30 0.373 2 1
246 22 1.038 2 1
11 52 0.073 2 1
118 30 0.641 2 1
187 10 0.858 2 3
19 70 0.060 2 0
15 40 0.058 2 0
21 52 0.078 2 0
40 10 0.240 2 0
19 52 0.087 2 0
128 40 0.437 2 0
13 22 0.048 2 0
84 22 0.248 2 1
187 15 0.806 2 1
36 70 0.186 2 0
70 52 0.304 2 1
31 10 0.105 2 0
11 70 0.041 2 3
264 15 1.526 2 0
63 52 0.399 2 1
49 30 0.173 2 0
286 100 1.409 2 0
45 52 0.140 2 0
10 10 0.030 2 3
14 22 0.067 2 0
110 70 0.505 2 3
76 10 0.514 2 3
51 100 0.230 2 3
129 70 0.777 2 1
28 22 0.187 2 0
17 10 0.059 2 1
14 70 0.042 2 1
133 30 0.613 2 0
64 5 0.210 2 3
59 22 0.322 2 1
19 70 0.075 2 1
55 70 0.177 2 1
11 30 0.044 2 0
12 40 0.038 2 3
81 10 0.466 2 0
40 70 0.260 2 1
11 15 0.046 2 3
10 10 0.029 2 0
74 70 0.365 2 1
244 22 0.787 2 0
14 100 0.069 2 0
35 15 0.235 2 3
12 100 0.055 2 1
66 30 0.371 2 3
76 70 0.322 2 1
135 22 0.410 2 3
14 5 0.058 2 1
169 10 0.645 2 0
337 15 2.006 2 3
45 52 0.202 2 0
17 70 0.104 2 1
261 52 0.811 2 3
70 70 0.361 2 0
303 100 1.603 2 0
60 5 0.200 2 1
40 10 0.147 2 1
88 40 0.267 2 0
34 15 0.173 2 3
36 40 0.134 2 0
67 15 0.387 2 0
46 30 0.156 2 3
194 10 0.581 2 1
61 22 0.289 2 3
275 10 1.141 2 3
147 30 0.497 2 0
14 15 0.042 2 1
18 40 0.080 2 0
53 22 0.165 2 0
39 30 0.117 2 0
84 10 0.361 2 3
290 70 0.855 2 3
16 100 0.100 2 1
280 30 1.026 2 0
10 5 0.067 2 0
72 70 0.275 2 0
19 22 0.084 2 0
16 70 0.058 2 0
12 52 0.045 2 0
91 5 0.332 2 0
16 52 0.080 2 1
176 22 0.962 2 1
10 15 0.035 2 0
186 15 0.637 2 0
77 15 0.355 2 0
16 40 0.107 2 1
30 52 0.110 2 1
11 30 0.034 2 3
167 22 0.831 2 1
66 10 0.283 2 0
11 40 0.064 2 1
12 15 0.044 2 0
306 10 1.450 2 0
13 40 0.048 2 0
25 40 0.079 2 1
141 15 0.491 2 3
13 40 0.072 2 3
132 15 0.772 2 0
47 5 0.281 2 0
17 100 0.050 2 0
132 70 0.458 2 1
60 30 0.359 2 0
46 5 0.136 2 1
69 30 0.275 2 1
112 52 0.477 2 0
12 22 0.054 2 1
35 52 0.127 2 0
20 30 0.116 2 0
17 70 0.058 2 0
78 100 0.370 2 1
59 15 0.309 2 0
58 10 0.272 2 0
161 100 0.481 2 3
23 100 0.079 2 1
157 5 0.508 2 1
69 100 0.303 2 0
22 5 0.077 2 0
24 40 0.106 2 1
149 15 0.993 2 0
57 10 0.247 2 0
72 22 0.240 2 3
67 22 0.245 2 0
30 70 0.161 2 0
17 52 0.061 2 1
56 5 0.299 2 3
184 100 0.848 2 3
108 40 0.454 2 3
159 40 0.776 2 1
40 30 0.152 2 0
38 15 0.129 2 0
62 52 0.363 2 0
165 5 0.541 2 1
65 100 0.382 2 3
50 30 0.195 2 0
99 22 0.391 2 1
173 10 0.951 2 3
28 10 0.173 2 1
141 30 0.876 2 3
30 40 0.108 2 0
256 52 0.889 2 0
192 30 0.642 2 0
13 15 0.062 2 0
19 100 0.089 2 0
37 100 0.144 2 1
189 10 0.580 2 0
298 5 1.155 2 0
16 70 0.095 2 3
215 10 1.311 2 0
171 52 0.507 2 3
31 40 0.113 2 0
19 22 0.060 2 0
29 52 0.094 2 0
39 15 0.198 2 0
39 30 0.199 2 0
25 15 0.083 2 0
13 30 0.087 2 3
66 10 0.237 2 3
262 30 1.124 2 1
97 30 0.332 2 1
180 15 0.818 2 0
61 52 0.281 2 0
196 15 1.016 2 3
22 52 0.117 2 0
132 10 0.657 2 3
141 15 0.522 2 3
16 70 0.103 2 0
95 70 0.490 2 0
27 30 0.175 2 3
39 40 0.193 2 0
23 15 0.120 2 3
83 52 0.267 2 0
28 22 0.096 2 3
164 70 0.484 2 0
55 22 0.197 2 0
39 70 0.231 2 0
186 100 0.600 2 0
16 10 0.047 2 0
14 5 0.054 2 3
76 40 0.234 2 3
39 22 0.155 2 0
25 52 0.102 2 3
217 5 0.841 2 0
221 52 0.850 2 1
105 70 0.314 2 0
20 40 0.070 2 3
178 30 0.890 2 0
15 30 0.080 2 1
31 100 0.111 2 1
51 40 0.189 2 1
23 52 0.113 2 0
141 40 0.770 2 1
77 40 0.472 2 0
33 22 0.097 2 3
246 5 1.242 2 0
39 22 0.143 2 1
334 70 1.148 2 0
83 40 0.390 2 0
20 40 0.060 2 1
76 15 0.450 2 3
52 70 0.181 2 3
24 10 0.162 2 0
30 70 0.126 2 3
12 52 0.035 2 0
331 22 1.068 2 0
31 30 0.112 2 3
55 10 0.325 2 3
11 15 0.073 2 1
17 70 0.085 2 0
71 40 0.307 2 3
30 52 0.164 2 0
148 30 0.925 2 1
305 70 1.235 2 0
42 15 0.124 2 0
59 22 0.299 2 0
250 52 0.896 2 3
12 5 0.036 2 0
79 40 0.338 2 3
15 22 0.052 2 0
103 10 0.359 2 3
16 10 0.076 2 3
69 5 0.307 2 3
14 70 0.060 2 3
21 70 0.099 2 3
270 10 1.800 2 1
15 40 0.066 2 0
68 5 0.333 2 3
196 70 0.626 2 3
156 100 1.006 2 0
339 100 1.622 2 0
145 52 0.500 2 1
220 22 0.859 2 0
19 70 0.073 2 3
116 100 0.498 2 0
69 30 0.264 2 0
88 70 0.300 2 0
27 22 0.182 2 1
14 100 0.044 2 0
53 22 0.221 2 3
292 70 1.587 2 3
32 5 0.109 2 0
75 40 0.322 2 0
78 40 0.326 2 0
170 5 0.511 3 0
122 70 0.381 3 2
134 52 0.580 3 0
46 100 0.159 3 0
10 52 0.063 3 1
21 5 0.102 3 0
189 30 0.955 3 1
27 10 0.105 3 1
67 22 0.222 3 0
46 22 0.193 3 2
148 22 0.594 3 0
29 52 0.118 3 0
183 30 1.181 3 0
199 30 0.771 3 1
19 30 0.123 3 1
19 22 0.091 3 2
14 70 0.065 3 2
88 52 0.386 3 1
43 40 0.151 3 2
14 15 0.058 3 0
105 10 0.319 3 0
45 100 0.281 3 0
179 52 0.840 3 0
65 100 0.399 3 1
137 40 0.585 3 1
73 52 0.284 3 0
183 15 0.762 3 1
52 70 0.191 3 2
79 40 0.378 3 2
118 30 0.628 3 0
122 5 0.689 3 2
68 10 0.324 3 1
45 10 0.164 3 0
26 52 0.136 3 1
11 52 0.045 3 0
192 40 0.623 3 0
16 5 0.084 3 2
52 15 0.168 3 1
178 52 0.828 3 0
21 15 0.129 3 2
172 30 0.827 3 2
64 40 0.364 3 0
17 15 0.087 3 0
45 10 0.227 3 2
35 30 0.212 3 0
10 30 0.033 3 0
39 52 0.220 3 0
35 22 0.211 3 0
113 5 0.502 3 1
152 52 0.461 3 0
16 10 0.059 3 1
10 5 0.038 3 2
89 30 0.320 3 0
164 100 0.584 3 0
17 100 0.067 3 2
218 22 0.801 3 1
25 22 0.117 3 2
126 100 0.555 3 0
313 52 1.886 3 0
29 100 0.171 3 2
135 15 0.489 3 2
330 70 1.054 3 0
58 15 0.326 3 0
18 52 0.114 3 1
86 30 0.483 3 2
73 30 0.213 3 0
145 70 0.684 3 2
17 52 0.112 3 1
178 30 1.079 3 0
214 40 0.790 3 0
32 22 0.158 3 1
132 10 0.494 3 0
122 5 0.445 3 2
17 70 0.088 3 0
24 10 0.159 3 2
24 15 0.084 3 2
119 5 0.454 3 2
47 52 0.158 3 1
27 5 0.113 3 0
272 70 1.283 3 0
76 30 0.392 3 0
30 10 0.139 3 2
11 70 0.038 3 0
46 52 0.135 3 2
15 52 0.044 3 2
87 10 0.373 3 1
131 15 0.612 3 2
42 40 0.158 3 1
231 10 0.859 3 0
138 100 0.471 3 0
16 30 0.074 3 2
15 15 0.099 3 1
295 30 0.870 3 2
37 70 0.111 3 0
11 10 0.044 3 0
154 22 0.575 3 0
20 15 0.060 3 0
314 5 1.023 3 0
15 30 0.087 3 2
22 70 0.100 3 2
24 52 0.086 3 2
10 70 0.067 3 2
30 10 0.130 3 0
105 10 0.498 3 0
26 5 0.108 3 0
81 10 0.342 3 1
218 15 0.699 3 0
60 70 0.251 3 1
169 70 0.617 3 0
73 70 0.289 3 2
102 40 0.634 3 0
305 22 1.013 3 1
29 52 0.086 3 2
236 15 0.887 3 2
209 70 1.168 3 0
11 40 0.046 3 0
23 100 0.135 3 1
11 70 0.042 3 1
275 22 1.403 3 2
86 70 0.369 3 0
30 15 0.090 3 2
144 10 0.637 3 0
63 10 0.197 3 0
229 100 0.804 3 0
209 10 0.749 3 1
36 70 0.206 3 0
12 22 0.040 3 1
140 10 0.892 3 2
120 30 0.714 3 2
26 70 0.166 3 2
50 22 0.172 3 1
18 15 0.085 3 0
228 70 0.713 3 2
121 52 0.545 3 1
12 30 0.055 3 1
188 100 0.810 3 2
27 15 0.170 3 0
163 5 0.849 3 1
15 100 0.070 3 0
32 40 0.135 3 0
43 100 0.135 3 2
11 70 0.035 3 1
23 10 0.101 3 1
14 70 0.054 3 1
13 30 0.050 3 0
21 70 0.114 3 0
72 5 0.387 3 1
144 100 0.520 3 2
199 5 1.301 3 0
68 40 0.398 3 0
83 10 0.426 3 0
76 100 0.347 3 2
34 15 0.174 3 0
19 100 0.106 3 0
10 10 0.045 3 0
21 15 0.071 3 0
57 40 0.277 3 1
143 22 0.650 3 1
29 10 0.174 3 1
180 10 0.643 3 0
129 15 0.453 3 2
89 15 0.356 3 0
44 100 0.179 3 0
40 10 0.161 3 2
12 15 0.070 3 0
22 100 0.097 3 0
13 30 0.043 3 2
160 15 0.516 3 2
49 5 0.218 3 2
10 5 0.037 3 2
10 70 0.049 3 0
19 15 0.066 3 2
11 100 0.036 3 2
94 100 0.528 3 0
244 15 1.348 3 0
147 15 0.439 3 0
14 5 0.054 3 0
38 52 0.150 3 1
23 5 0.118 3 0
19 40 0.117 3 1
38 10 0.142 3 1
55 5 0.344 3 1
274 5 1.083 3 0
21 10 0.099 3 0
250 100 0.996 3 2
61 22 0.305 3 0
150 10 0.620 3 0
10 30 0.049 3 0
12 70 0.052 3 1
75 100 0.497 3 1
33 40 0.103 3 2
12 10 0.051 3 0
42 22 0.221 3 1
298 5 1.568 3 0
79 15 0.333 3 0
17 100 0.073 3 0
254 22 0.779 3 1
53 30 0.215 3 0
21 22 0.081 3 1
108 15 0.593 3 0
334 30 1.228 3 1
19 40 0.062 3 2
227 10 1.081 3 0
114 5 0.345 3 0
41 15 0.182 3 1
38 100 0.111 3 0
15 15 0.062 3 1
12 22 0.050 3 0
88 70 0.307 3 1
59 40 0.196 3 0
126 40 0.624 3 1
115 30 0.575 3 2
67 10 0.275 3 0
24 5 0.117 3 1
23 70 0.071 3 0
66 52 0.252 3 0
43 5 0.141 3 1
18 52 0.068 3 2
73 100 0.236 3 2
32 15 0.213 3 0
112 52 0.615 3 0
155 70 0.705 3 2
96 10 0.593 3 2
293 100 1.820 3 2
288 5 1.858 3 1
221 5 1.111 3 2
15 22 0.064 3 2
234 100 0.975 3 0
326 70 1.509 3 0
13 52 0.071 3 1
120 40 0.597 3 1
66 22 0.249 3 1
39 22 0.185 3 0
10 40 0.047 3 2
198 70 0.846 3 1
36 15 0.160 3 0
95 100 0.298 3 1
75 70 0.336 3 0
19 40 0.075 3 2
13 30 0.051 3 0
23 10 0.082 3 0
37 5 0.220 3 0
10 10 0.037 3 0
15 15 0.082 3 2
15 70 0.075 3 1
51 30 0.166 3 0
182 70 0.771 3 0
182 70 0.827 3 1
78 70 0.254 3 1
17 10 0.054 3 1
38 52 0.111 3 2
270 10 1.274 3 0
96 100 0.519 3 0
21 70 0.087 3 0
39 52 0.171 3 0
65 30 0.270 3 1
28 22 0.085 3 0
57 40 0.326 3 2
171 5 0.725 3 2
13 70 0.049 3 0
55 5 0.230 3 2
66 30 0.247 3 1
108 40 0.393 3 0
46 5 0.215 3 2
16 5 0.103 3 1
61 22 0.201 3 2
52 100 0.170 3 0
40 100 0.219 3 1
32 52 0.193 3 1
96 52 0.545 3 0
13 15 0.044 3 1
198 30 0.744 3 1
34 22 0.114 3 0
19 100 0.068 3 0
93 40 0.301 3 0
14 5 0.042 3 2
19 40 0.123 3 0
14 52 0.067 3 0
153 15 0.648 3 1
174 30 0.956 3 0
168 10 0.683 3 0
129 5 0.816 3 2
15 5 0.055 3 0
27 10 0.099 3 1
204 70 0.742 3 1
96 10 0.314 3 1
48 22 0.158 3 0
34 10 0.181 3 1
17 70 0.055 3 0
42 52 0.129 3 0
84 30 0.279 3 2
64 22 0.296 3 0
10 70 0.031 3 0
37 22 0.154 3 1
15 15 0.048 3 2
27 40 0.084 3 2
12 40 0.037 3 2
55 100 0.206 3 2
17 70 0.066 3 2
70 15 0.370 3 2
173 10 0.930 3 0
35 40 0.129 3 2
44 70 0.136 3 0
337 100 1.398 3 2
193 70 0.825 3 0
67 5 0.199 3 0
116 40 0.595 3 1
18 52 0.108 3 0
30 52 0.105 3 0
51 40 0.295 3 0
42 52 0.147 3 2
189 52 0.716 3 1
14 5 0.088 3 0
15 70 0.055 3 0
31 5 0.102 3 1
11 52 0.045 3 2
330 52 1.320 3 0
13 10 0.078 3 0
21 100 0.097 3 2
115 15 0.605 3 2
18 40 0.105 3 2
333 22 1.099 3 0
62 10 0.274 3 2
18 10 0.091 3 2
317 15 1.064 3 0
77 30 0.328 3 0
41 10 0.256 3 1
52 30 0.230 3 1
37 70 0.127 3 1
51 100 0.321 3 1
81 100 0.332 3 2
21 22 0.087 3 0
31 100 0.123 3 1
115 52 0.558 3 0
43 52 0.274 3 1
18 22 0.055 3 0
32 15 0.105 3 0
55 52 0.275 3 2
55 22 0.257 3 0
24 40 0.117 3 1
33 22 0.123 3 0
77 100 0.385 3 0
267 100 1.508 3 1
64 5 0.302 3 2
97 30 0.503 3 0
51 100 0.336 3 0
141 100 0.434 3 1
30 40 0.169 3 0
301 22 1.000 3 2
14 5 0.090 3 1
233 15 1.110 3 0
29 100 0.144 3 2
17 5 0.051 3 0
35 30 0.128 3 2
98 15 0.551 3 0
33 22 0.134 3 2
17 30 0.066 3 0
196 10 0.863 3 2
62 52 0.305 3 2
34 22 0.195 3 0
47 15 0.137 3 0
39 22 0.217 3 0
16 22 0.059 3 0
65 52 0.433 3 1
10 30 0.029 3 0
190 70 0.830 3 0
166 100 0.508 3 0
115 30 0.418 3 2
33 5 0.161 3 0
26 40 0.086 3 1
16 70 0.048 3 0
109 22 0.367 3 0
127 15 0.433 3 0
73 100 0.440 3 2
79 52 0.285 3 2
10 52 0.055 3 0
25 15 0.074 3 2
77 100 0.281 3 2
68 15 0.349 3 0
78 15 0.241 3 0
27 52 0.154 3 0
54 52 0.163 3 0
14 70 0.045 3 1
29 15 0.100 3 2
91 5 0.361 3 1
20 15 0.123 3 0
18 15 0.053 3 0
29 15 0.175 3 2
60 10 0.199 3 1
17 40 0.068 3 2
47 5 0.173 3 0
215 15 0.964 3 1
55 100 0.218 3 2
136 30 0.743 3 1
25 52 0.089 3 0
10 10 0.039 3 1
110 30 0.386 3 1
77 40 0.312 3 2
31 40 0.204 3 0
89 100 0.326 3 1
15 70 0.079 3 0
13 10 0.081 3 0
128 5 0.776 3 2
47 22 0.281 3 1
302 40 1.034 3 0
63 40 0.226 3 0
137 5 0.672 3 2
12 5 0.048 3 1
47 10 0.148 3 1
66 10 0.224 3 1
67 22 0.345 3 2
17 30 0.085 3 0
155 22 0.847 3 2
79 52 0.403 3 0
13 5 0.055 3 2
323 52 1.982 3 0
311 10 1.023 3 2
15 52 0.066 3 0
19 100 0.060 3 1
15 22 0.090 3 0
52 30 0.236 3 2
17 15 0.052 3 0
25 22 0.119 3 0
52 40 0.159 3 0
336 22 1.070 3 0
311 30 1.095 3 2
156 70 0.754 3 0
84 22 0.440 3 0
16 52 0.048 3 0
66 5 0.375 3 1
21 52 0.082 3 2
13 22 0.069 3 0
143 70 0.812 3 0
18 15 0.054 3 2
11 10 0.046 3 0
39 15 0.128 3 0
16 70 0.077 3 2
25 30 0.087 3 0
29 22 0.193 3 2
71 52 0.382 3 0
188 15 0.979 3 1
137 30 0.710 3 2
49 40 0.144 3 1
331 10 1.870 3 0
101 70 0.526 3 0
100 40 0.422 3 2
16 10 0.058 3 0
231 10 0.979 3 2
59 15 0.212 3 2
12 5 0.053 3 2
30 70 0.121 3 0
34 70 0.108 3 2
63 40 0.242 3 2
12 70 0.048 3 1
27 30 0.167 3 0
19 10 0.067 3 0
219 10 0.644 3 0
36 52 0.146 3 1
196 100 0.598 3 0
49 15 0.233 3 2
42 52 0.196 3 0
36 5 0.140 3 1
20 70 0.059 3 0
11 22 0.052 3 2
79 100 0.482 3 2
12 100 0.036 3 0
80 40 0.364 3 0
39 10 0.145 3 0
24 22 0.098 3 0
70 10 0.207 3 2
121 100 0.417 3 0
42 30 0.154 3 0
46 40 0.260 3 0
88 10 0.308 3 2
17 70 0.054 3 0
49 5 0.308 3 0
179 5 0.644 3 0
48 30 0.298 3 2
237 40 1.472 3 0
30 22 0.088 3 1
48 40 0.187 3 0
178 40 0.659 3 1
11 30 0.047 3 1
74 10 0.230 3 0
81 70 0.260 3 0
64 10 0.286 3 0
10 52 0.045 3 2
119 30 0.389 3 0
49 30 0.179 3 0
56 100 0.364 3 2
64 70 0.320 3 2
24 52 0.075 3 2
50 70 0.266 3 0
125 15 0.439 3 1
41 70 0.220 3 2
20 10 0.073 3 0
206 40 1.114 3 1
109 15 0.331 3 2
16 15 0.065 3 0
132 30 0.567 3 0
11 10 0.049 3 1
10 100 0.033 3 0
54 15 0.342 3 1
315 22 1.479 3 0
60 10 0.180 3 0
37 30 0.242 3 1
12 100 0.053 3 0
78 15 0.245 3 0
33 100 0.208 3 2
193 10 1.142 3 0
25 100 0.074 3 0
93 15 0.372 3 2
10 40 0.045 3 2
11 10 0.035 3 0
134 100 0.409 3 0
49 40 0.176 3 0
15 70 0.087 3 1
39 15 0.154 3 0
51 10 0.273 3 0
245 40 0.736 3 0
18 15 0.060 3 1
40 22 0.148 3 1
20 22 0.067 3 1
38 70 0.144 3 0
46 5 0.134 3 1
44 100 0.198 3 0
122 15 0.494 3 1
43 52 0.221 3 2
60 10 0.186 3 0
104 40 0.398 3 2
39 70 0.168 3 1
29 10 0.132 3 2
59 5 0.319 3 1
28 30 0.082 3 1
34 22 0.114 3 0
153 70 0.715 3 2
11 15 0.042 3 0
335 10 1.163 3 1
28 30 0.082 3 1
19 10 0.099 3 1
15 10 0.089 3 0
12 22 0.050 3 2
18 100 0.069 3 2
48 40 0.203 3 1
24 15 0.120 3 0
167 22 0.616 3 0
34 22 0.111 3 0
189 10 0.896 3 0
132 22 0.470 3 1
27 100 0.092 3 1
79 52 0.305 3 0
126 15 0.660 3 0
10 15 0.053 3 0
45 100 0.208 3 1
152 10 0.650 3 2
56 40 0.271 3 0
274 70 1.042 3 1
118 100 0.678 3 2
79 70 0.383 3 1
10 10 0.033 3 0
60 70 0.375 3 1
300 70 1.911 3 0
134 100 0.436 3 1
37 30 0.140 3 0
27 10 0.095 3 0
19 22 0.072 3 0
13 40 0.071 3 0
91 10 0.299 3 2
52 70 0.287 3 0
37 70 0.112 3 0
24 100 0.106 3 0
187 30 0.605 3 0
68 52 0.332 3 0
18 22 0.058 3 1
37 100 0.242 3 2
21 15 0.101 3 1
218 52 0.835 3 0
75 40 0.229 3 1
45 30 0.294 3 1
29 40 0.089 3 1
152 30 0.559 3 2
139 30 0.479 3 1
10 5 0.032 3 2
91 100 0.595 3 0
47 40 0.168 3 0
59 10 0.187 3 0
65 22 0.359 3 0
13 70 0.042 3 0
16 52 0.066 3 0
25 100 0.156 3 0
43 5 0.173 3 2
36 70 0.214 3 0
274 10 1.350 3 1
298 30 1.187 3 2
307 5 1.678 3 2
84 40 0.462 3 0
81 30 0.319 3 0
156 10 0.486 3 0
19 40 0.060 3 2
242 52 1.004 3 0
29 52 0.113 3 0
71 40 0.305 3 1
132 100 0.805 3 2
10 15 0.036 3 0
103 22 0.320 3 0
43 30 0.187 3 0
81 15 0.340 3 0
107 70 0.320 3 0
87 70 0.326 3 2
72 70 0.340 3 1
183 15 0.888 3 1
54 5 0.252 3 2
198 10 0.598 3 0
333 70 2.135 3 0
32 30 0.125 3 0
33 70 0.158 3 2
34 30 0.131 3 0
112 70 0.419 3 2
153 52 0.573 3 2
36 70 0.113 3 2
34 15 0.130 3 1
246 70 0.842 3 0
15 22 0.051 3 1
39 5 0.207 3 0
19 100 0.063 3 0
33 100 0.116 3 0
160 15 0.500 3 0
72 100 0.262 3 2
16 52 0.076 3 1
67 22 0.224 3 2
51 5 0.282 3 1
164 5 0.524 3 0
298 10 1.046 3 0
162 52 0.733 3 0
42 52 0.135 3 0
46 52 0.150 3 0
181 15 0.614 3 2
11 40 0.071 3 0
39 100 0.217 3 1
25 70 0.098 3 1
33 30 0.158 3 2
75 30 0.391 3 0
28 100 0.099 3 0
39 22 0.239 3 1
29 10 0.098 3 2
12 22 0.044 3 1
165 5 0.571 3 0
66 15 0.293 3 0
21 22 0.068 3 0
248 30 1.503 3 0
103 52 0.349 3 0
300 70 1.091 3 0
49 5 0.232 3 1
33 22 0.098 3 0
24 52 0.070 3 2
32 10 0.162 3 1
55 40 0.340 3 1
188 52 0.616 3 1
29 22 0.130 3 2
39 10 0.202 3 2
20 70 0.087 3 1
43 10 0.169 3 2
47 10 0.158 3 2
26 5 0.164 3 2
14 10 0.080 3 0
136 22 0.834 3 1
13 15 0.050 3 1
59 70 0.286 3 2
27 100 0.106 3 0
338 5 1.878 3 1
12 22 0.041 3 0
28 52 0.106 3 0
12 15 0.036 3 0
31 30 0.093 3 0
14 40 0.061 3 0
110 100 0.493 3 0
60 30 0.355 3 0
14 15 0.053 3 2
189 5 1.016 3 1
19 5 0.128 3 0
66 15 0.261 3 0
161 10 0.533 3 0
79 30 0.296 3 1
177 30 0.532 3 2
37 22 0.192 3 0
82 30 0.264 3 1
28 15 0.090 3 1
103 5 0.592 3 2
17 100 0.107 3 2
193 10 0.858 3 0
62 52 0.273 3 1
53 30 0.293 3 0
15 52 0.047 3 2
149 100 0.637 3 0
66 10 0.276 3 0
11 5 0.047 3 2
159 40 0.506 3 1
61 5 0.295 3 0
18 5 0.091 3 1
246 70 1.422 3 0
195 5 1.016 3 0
12 5 0.048 3 0
297 40 1.046 3 0
27 15 0.129 3 2
79 15 0.482 3 0
162 22 0.704 3 1
14 5 0.094 3 1
19 5 0.128 3 2
19 70 0.073 3 2
19 5 0.056 3 1
19 40 0.068 3 1
36 15 0.222 3 1
10 40 0.062 3 1
206 70 0.792 3 0
150 15 0.915 3 2
53 52 0.168 3 1
11 30 0.053 3 0
96 22 0.505 3 2
31 10 0.098 3 2
32 22 0.179 3 1
29 22 0.089 3 1
133 100 0.397 3 2
65 5 0.376 3 1
86 22 0.366 3 2
24 30 0.147 3 2
110 40 0.507 3 0
196 15 1.153 3 2
183 70 0.602 3 1
27 40 0.117 3 0
12 100 0.079 3 1
98 5 0.521 3 0
66 5 0.338 3 0
32 15 0.186 3 2
76 40 0.258 3 1
197 70 1.082 3 0
55 40 0.224 3 0
75 70 0.227 3 1
199 30 0.836 3 1
305 22 1.101 3 2
16 10 0.068 3 1
26 100 0.079 3 1
60 100 0.177 3 2
78 10 0.317 3 2
31 30 0.173 3 0
25 10 0.083 3 2
220 70 0.741 3 1
52 15 0.154 3 0
13 5 0.052 3 0
36 5 0.133 3 2
74 15 0.490 3 2
115 22 0.353 3 0
17 100 0.091 3 1
11 22 0.034 3 0
20 10 0.059 3 0
32 22 0.123 3 0
41 70 0.160 3 2
102 70 0.366 3 2
62 40 0.242 3 1
13 30 0.038 3 2
19 30 0.067 3 0
36 70 0.165 3 0
37 70 0.113 3 2
20 70 0.059 3 2
57 30 0.263 3 0
13 30 0.041 3 0
43 30 0.136 3 0
14 22 0.050 3 1
284 52 1.274 3 0
294 100 1.000 3 2
66 10 0.201 3 1
62 30 0.298 3 2
164 5 0.543 3 0
193 70 0.599 3 1
126 30 0.401 3 1
17 40 0.104 3 0
30 70 0.132 3 2
23 15 0.105 3 2
36 100 0.125 3 2
26 100 0.145 3 2
22 40 0.106 3 0
10 52 0.065 3 0
61 30 0.265 3 1
177 100 0.639 3 0
61 40 0.262 3 2
164 5 0.605 3 1
17 40 0.067 3 0
12 52 0.049 3 1
12 40 0.067 3 0
153 15 0.944 3 0
24 10 0.117 3 0
43 70 0.225 3 0
73 15 0.361 3 1
149 52 0.493 3 0
28 70 0.165 3 0
24 52 0.144 3 0
33 5 0.105 3 0
73 30 0.315 3 0
43 22 0.139 3 0
21 70 0.081 3 1
11 100 0.039 3 0
131 52 0.809 3 2
13 30 0.064 3 2
330 40 0.994 3 0
115 10 0.615 3 0
14 10 0.056 3 1
39 30 0.188 3 0
32 10 0.104 3 0
203 22 1.160 3 0
334 30 1.047 3 0
134 70 0.705 3 1
41 10 0.180 3 1
32 40 0.205 3 0
114 40 0.683 3 1
67 5 0.411 3 2
13 40 0.060 3 1
21 100 0.106 3 2
63 15 0.299 3 0
194 52 0.851 3 2
16 22 0.050 3 0
183 5 0.612 3 0
90 30 0.562 3 0
80 52 0.379 3 0
65 10 0.232 3 1
19 22 0.089 3 2
123 40 0.769 3 0
26 52 0.156 3 2
30 40 0.115 3 1
11 52 0.036 3 0
10 15 0.042 3 2
79 52 0.414 3 2
77 10 0.231 3 2
42 5 0.182 3 1
59 40 0.259 3 2
91 100 0.277 3 1
84 30 0.449 3 0
30 100 0.183 3 0
33 70 0.204 3 0
67 100 0.232 3 0
314 10 1.847 3 0
17 52 0.078 3 2
80 10 0.263 3 0
16 22 0.057 3 0
20 70 0.094 3 2
21 40 0.074 3 2
39 100 0.127 3 0
150 40 0.673 3 0
116 70 0.690 3 1
79 100 0.473 3 0
61 10 0.260 3 0
39 15 0.174 3 0
83 52 0.415 3 0
96 70 0.280 3 0
113 22 0.706 3 1
37 100 0.176 3 0
27 52 0.080 3 0
72 15 0.288 3 0
14 22 0.042 3 0
192 100 1.067 3 2
54 100 0.262 3 2
318 22 1.738 3 0
19 5 0.103 3 2
36 100 0.119 3 2
97 5 0.306 3 0
63 5 0.220 3 0
64 70 0.190 3 1
40 15 0.149 3 1
194 15 0.812 3 2
50 10 0.236 3 1
64 10 0.254 3 2
19 22 0.055 3 0
14 100 0.092 3 2
164 10 0.577 3 2
160 15 0.648 3 0
31 52 0.179 3 0
67 100 0.248 3 0
307 10 1.616 3 0
179 15 0.836 3 2
285 15 1.014 3 0
59 22 0.319 3 1
167 40 0.578 3 1
22 10 0.073 3 2
37 40 0.224 3 1
17 40 0.058 3 1
65 100 0.414 3 1
210 100 1.221 3 0
12 40 0.044 3 2
63 5 0.300 3 2
25 30 0.081 3 0
64 70 0.325 3 0
25 22 0.110 3 0
248 10 1.676 3 0
65 5 0.192 3 0
59 52 0.366 3 0
11 70 0.038 3 2
12 22 0.045 3 0
119 70 0.773 3 0
44 15 0.188 3 2
248 40 0.773 3 2
56 30 0.204 3 0
28 52 0.082 3 0
20 15 0.069 3 1
39 100 0.184 3 0
15 10 0.055 3 1
270 30 0.849 3 1
18 52 0.121 3 0
12 40 0.051 3 0
33 15 0.113 3 1
35 70 0.132 3 1
50 52 0.152 3 0
14 70 0.047 3 0
26 52 0.100 3 0
22 70 0.077 3 1
318 30 1.426 3 0
30 10 0.150 3 1
142 30 0.904 3 0
33 70 0.131 3 0
78 52 0.229 3 0
86 40 0.503 3 0
156 30 0.632 3 2
10 15 0.039 3 0
35 10 0.182 3 1
61 30 0.379 3 0
39 5 0.143 3 1
83 5 0.550 3 0
19 10 0.128 3 0
28 5 0.099 3 0
163 40 0.738 3 2
16 100 0.067 3 1
191 22 0.586 3 1
18 40 0.070 3 0
147 52 0.531 3 0
76 100 0.500 3 0
33 15 0.106 3 0
105 30 0.550 3 2
75 15 0.314 3 2
192 52 0.693 3 1
13 15 0.070 3 0
95 15 0.291 3 0
38 40 0.117 3 1
80 52 0.421 3 0
17 10 0.066 3 2
39 70 0.147 3 2
33 100 0.120 3 0
68 10 0.201 3 0
34 15 0.123 3 1
52 30 0.159 3 0
42 70 0.130 3 0
31 40 0.094 3 1
78 70 0.417 3 0
103 22 0.317 3 0
14 22 0.055 3 1
59 100 0.219 3 1
27 22 0.149 3 2
16 10 0.075 3 0
142 10 0.732 3 1
40 15 0.120 3 1
12 5 0.035 3 0
79 30 0.277 3 0
21 40 0.087 3 0
28 22 0.137 3 0
131 22 0.642 3 0
184 15 1.150 3 2
18 52 0.108 3 0
38 5 0.204 3 1
265 10 1.128 3 0
26 22 0.078 3 2
138 22 0.603 3 1
123 52 0.388 3 2
10 22 0.047 3 1
45 52 0.174 3 0
43 22 0.126 3 1
136 22 0.529 3 1
70 70 0.210 3 0
60 100 0.179 3 1
198 40 0.615 3 0
173 22 0.551 3 1
308 40 0.933 3 0
62 15 0.237 3 1
66 70 0.407 3 2
83 30 0.485 3 0
46 10 0.236 3 0
49 5 0.145 3 0
92 10 0.304 3 0
24 22 0.102 3 2
164 15 1.025 3 0
17 52 0.101 3 0
171 22 0.594 3 1
190 15 1.033 3 2
236 30 1.439 3 2
19 5 0.097 3 0
17 5 0.051 3 1
34 30 0.170 3 0
248 52 0.915 3 0
