114 40 0.399 0 1
63 10 0.232 0 1
129 10 0.594 0 2
85 10 0.378 0 1
21 52 0.125 0 2
58 100 0.253 0 2
139 52 0.579 0 2
167 52 0.903 0 1
37 30 0.178 0 2
123 5 0.552 0 2
12 40 0.045 0 2
183 70 0.673 0 1
59 10 0.235 0 2
17 15 0.104 0 1
165 22 0.579 0 1
10 10 0.068 0 1
11 22 0.038 0 1
13 15 0.059 0 2
21 5 0.066 0 2
21 5 0.104 0 1
22 15 0.085 0 1
118 52 0.365 0 1
34 10 0.188 0 1
12 70 0.062 0 2
19 40 0.072 0 1
20 100 0.087 0 1
26 40 0.082 0 1
22 70 0.079 0 2
78 70 0.419 0 2
151 100 0.473 0 2
16 15 0.047 0 1
35 22 0.227 0 2
133 10 0.451 0 2
49 40 0.181 0 1
11 5 0.038 0 1
196 52 0.740 0 2
45 52 0.216 0 2
49 10 0.210 0 2
30 10 0.092 0 1
52 52 0.245 0 2
305 22 1.196 0 2
50 22 0.191 0 1
15 10 0.066 0 2
118 10 0.496 0 2
186 52 0.823 0 1
78 22 0.517 0 2
292 30 1.207 0 2
48 15 0.231 0 1
13 5 0.062 0 2
167 15 0.548 0 2
16 70 0.069 0 1
153 100 0.643 0 1
32 40 0.096 0 1
11 30 0.042 0 1
111 52 0.329 0 2
19 15 0.102 0 2
82 10 0.265 0 1
323 15 1.455 0 1
15 22 0.050 0 1
36 15 0.122 0 1
33 70 0.129 0 2
19 10 0.063 0 2
143 15 0.678 0 1
29 30 0.134 0 2
18 10 0.087 0 1
235 10 1.416 0 2
130 10 0.599 0 1
54 15 0.270 0 1
10 5 0.033 0 1
138 22 0.857 0 2
20 10 0.105 0 2
85 22 0.300 0 1
36 100 0.234 0 2
25 100 0.086 0 1
24 70 0.094 0 2
10 22 0.043 0 1
46 52 0.170 0 1
111 40 0.707 0 2
30 5 0.092 0 1
29 30 0.098 0 1
32 5 0.130 0 1
56 30 0.198 0 2
181 22 0.838 0 1
46 10 0.140 0 2
90 22 0.431 0 2
205 100 0.614 0 1
15 10 0.044 0 2
29 5 0.141 0 1
76 15 0.455 0 2
277 40 1.787 0 1
21 10 0.106 0 1
156 22 0.624 0 2
31 52 0.091 0 2
147 5 0.495 0 1
63 10 0.217 0 1
35 100 0.135 0 2
22 100 0.088 0 1
29 15 0.173 0 2
102 10 0.403 0 2
110 70 0.387 0 1
43 40 0.142 0 2
13 40 0.046 0 2
183 100 0.561 0 1
29 30 0.086 0 1
71 5 0.223 0 2
18 70 0.093 0 1
10 30 0.039 0 2
29 100 0.181 0 1
19 22 0.084 0 1
13 100 0.072 0 1
199 52 0.659 0 1
164 15 0.896 0 2
74 22 0.226 0 1
33 70 0.101 0 2
132 10 0.706 0 2
76 10 0.404 0 1
56 70 0.224 0 1
37 5 0.173 0 1
60 10 0.317 0 2
67 52 0.254 0 1
17 40 0.078 0 2
18 5 0.072 0 1
13 30 0.079 0 1
29 10 0.091 0 1
10 22 0.047 0 1
112 10 0.455 0 1
57 40 0.187 0 2
66 10 0.221 0 1
124 70 0.412 0 2
113 5 0.511 0 2
115 5 0.550 0 2
101 22 0.307 0 2
21 70 0.122 0 2
40 15 0.125 0 1
17 30 0.071 0 2
35 40 0.222 0 2
141 70 0.481 0 1
12 70 0.041 0 2
196 100 1.043 0 2
101 40 0.312 0 1
20 22 0.067 0 2
18 15 0.087 0 2
19 22 0.056 0 2
128 10 0.404 0 1
84 30 0.564 0 1
10 30 0.030 0 2
30 15 0.100 0 2
189 22 1.160 0 2
84 22 0.538 0 2
14 52 0.062 0 1
185 30 0.845 0 1
19 15 0.062 0 2
35 52 0.114 0 2
49 70 0.152 0 2
67 100 0.313 0 1
64 15 0.223 0 1
52 22 0.222 0 2
105 52 0.461 0 1
43 30 0.141 0 2
12 52 0.036 0 2
112 15 0.332 0 1
199 5 0.745 0 1
170 5 0.528 0 2
41 30 0.196 0 2
77 22 0.381 0 1
39 70 0.142 0 2
66 22 0.393 0 2
64 10 0.372 0 1
38 100 0.218 0 1
185 70 1.156 0 2
15 22 0.047 0 1
29 5 0.137 0 2
155 70 0.550 0 2
331 52 1.329 0 1
31 10 0.101 0 2
152 100 0.813 0 1
59 10 0.188 0 2
43 52 0.167 0 1
55 10 0.248 0 1
143 10 0.584 0 1
36 30 0.164 0 2
12 40 0.066 0 1
188 40 0.548 0 1
27 100 0.124 0 2
132 100 0.440 0 1
189 30 0.558 0 2
173 30 1.018 0 1
10 15 0.048 0 1
71 10 0.394 0 2
191 10 0.567 0 2
16 5 0.061 0 1
106 70 0.525 0 2
42 22 0.132 0 2
19 100 0.086 0 2
68 10 0.253 0 2
230 15 0.913 0 1
15 30 0.049 0 1
58 52 0.206 0 1
21 70 0.081 0 2
22 10 0.116 0 2
157 15 0.785 0 2
10 5 0.046 0 1
49 5 0.240 0 1
37 70 0.111 0 2
14 22 0.071 0 2
53 100 0.260 0 1
11 40 0.057 0 1
55 10 0.219 0 1
78 30 0.276 0 1
192 30 0.646 0 1
30 52 0.182 0 1
67 10 0.419 0 2
12 40 0.035 0 2
12 52 0.035 0 2
19 70 0.059 0 1
28 52 0.132 0 1
24 30 0.090 0 2
125 10 0.558 0 1
32 100 0.110 0 2
113 30 0.341 0 2
40 40 0.160 0 2
18 40 0.062 0 1
17 22 0.096 0 2
290 5 1.443 0 2
197 100 1.247 0 2
45 100 0.139 0 2
17 30 0.092 0 1
22 5 0.065 0 1
16 40 0.098 0 2
125 5 0.394 0 1
14 52 0.060 0 1
223 10 1.385 0 2
75 70 0.221 0 1
83 40 0.503 0 1
161 10 0.663 0 1
15 10 0.068 0 2
164 70 1.038 0 1
11 30 0.056 0 2
17 70 0.052 0 2
189 10 0.620 0 1
123 100 0.372 0 1
34 40 0.113 0 1
244 10 0.753 0 1
79 22 0.252 0 2
27 40 0.116 0 2
149 100 0.819 0 1
26 5 0.120 0 1
50 5 0.173 0 1
66 100 0.361 0 2
198 30 0.773 0 1
10 22 0.039 0 2
34 52 0.142 0 1
138 5 0.550 0 1
67 70 0.392 0 2
16 40 0.051 0 2
285 70 0.908 0 2
214 70 0.748 0 1
18 100 0.085 0 1
227 15 0.857 0 1
23 100 0.070 0 2
26 15 0.078 0 2
29 22 0.117 0 2
46 100 0.282 0 2
93 52 0.311 0 2
19 22 0.110 0 2
18 15 0.069 0 2
140 22 0.881 0 2
10 10 0.061 0 1
92 70 0.402 0 2
38 22 0.127 0 2
74 40 0.320 0 2
40 52 0.187 0 2
10 70 0.034 0 1
14 15 0.063 0 1
52 30 0.181 0 2
34 10 0.108 0 1
38 5 0.114 0 2
79 70 0.434 0 2
24 30 0.104 0 2
45 100 0.134 0 1
16 100 0.057 0 1
19 100 0.057 0 1
211 10 1.213 0 1
170 5 0.688 0 1
98 15 0.321 0 1
22 100 0.115 0 2
27 52 0.091 0 1
264 22 1.217 0 1
11 52 0.042 0 2
188 52 1.080 0 2
25 15 0.094 0 1
13 30 0.065 0 2
78 100 0.273 0 1
16 70 0.083 0 2
35 40 0.164 0 2
10 5 0.061 0 1
39 40 0.115 0 1
12 30 0.043 0 1
217 40 0.660 0 2
16 100 0.056 0 2
10 52 0.042 0 1
238 5 0.732 0 1
191 100 0.923 0 2
141 70 0.887 0 1
198 15 0.980 0 2
28 10 0.089 0 2
16 40 0.071 0 1
98 40 0.334 0 2
36 22 0.172 0 1
46 22 0.154 0 2
14 30 0.049 0 1
174 100 0.633 0 2
227 70 0.690 0 1
48 100 0.219 0 2
21 52 0.067 0 2
39 30 0.114 0 2
85 100 0.261 0 2
15 40 0.047 0 2
41 22 0.158 0 1
12 10 0.061 0 1
47 30 0.187 0 2
100 30 0.292 0 2
40 70 0.182 0 2
16 30 0.056 0 1
14 40 0.070 0 1
198 15 1.037 0 2
103 52 0.342 0 1
302 40 1.573 0 2
38 52 0.139 0 1
105 5 0.401 0 1
16 40 0.054 0 1
88 30 0.312 0 2
16 52 0.062 0 2
47 10 0.142 0 1
19 15 0.095 0 2
76 52 0.420 0 2
176 10 0.522 0 1
18 30 0.074 0 1
26 5 0.152 0 2
10 10 0.031 0 2
190 70 0.619 0 2
53 70 0.204 0 1
190 30 0.667 0 2
57 40 0.322 0 2
268 22 0.908 0 1
11 10 0.037 0 2
96 100 0.421 0 2
25 15 0.102 0 2
12 100 0.077 0 2
19 52 0.059 0 1
13 100 0.042 0 1
13 10 0.067 0 2
17 30 0.057 0 1
179 52 1.126 0 1
86 22 0.555 0 2
11 40 0.043 0 1
17 52 0.063 0 2
37 40 0.136 0 2
108 30 0.327 0 1
11 30 0.055 0 2
127 100 0.547 0 2
151 5 0.632 0 1
63 10 0.223 0 2
77 5 0.461 0 1
13 52 0.067 0 2
155 10 0.625 0 2
48 10 0.274 0 2
10 70 0.037 0 2
19 100 0.067 0 1
316 10 1.129 0 1
93 5 0.351 0 1
13 70 0.059 0 2
11 22 0.039 0 2
23 70 0.131 0 1
14 15 0.056 0 1
290 70 1.312 0 1
104 22 0.303 0 1
63 10 0.234 0 1
11 10 0.034 0 2
17 40 0.064 0 2
57 40 0.295 0 2
50 15 0.196 0 1
42 100 0.194 0 1
33 100 0.178 0 1
25 70 0.147 0 2
45 5 0.271 0 1
11 70 0.037 0 2
64 100 0.395 0 1
158 30 0.836 0 1
35 100 0.173 0 2
21 5 0.114 0 1
89 30 0.410 0 1
308 22 1.962 0 2
147 5 0.505 0 1
15 10 0.100 0 2
17 52 0.051 0 2
14 30 0.077 0 2
24 100 0.082 0 2
244 10 0.805 0 1
189 52 0.614 0 2
103 10 0.323 0 1
52 100 0.187 0 2
14 52 0.069 0 1
89 15 0.271 0 2
38 22 0.217 0 2
13 5 0.050 0 1
77 10 0.257 0 1
10 15 0.035 0 1
182 22 0.550 0 2
53 40 0.217 0 1
20 100 0.064 0 1
117 10 0.401 0 2
66 5 0.261 0 2
234 30 0.830 0 1
52 30 0.286 0 2
78 10 0.271 0 1
33 10 0.120 0 1
163 52 0.911 0 1
153 52 0.591 0 1
97 30 0.561 0 2
56 100 0.252 0 2
18 5 0.103 0 1
51 30 0.305 0 1
11 70 0.048 0 1
23 10 0.077 0 1
39 15 0.198 0 1
60 22 0.221 0 2
74 100 0.251 0 1
70 40 0.318 0 1
273 70 1.123 0 1
38 40 0.170 0 1
275 5 0.972 0 1
21 10 0.085 0 1
21 100 0.063 0 2
17 70 0.056 0 1
60 22 0.175 0 2
77 15 0.356 0 2
286 30 0.888 0 1
24 5 0.125 0 2
22 30 0.129 0 1
142 5 0.432 0 1
100 5 0.667 0 1
14 40 0.054 0 1
10 40 0.035 0 1
185 52 0.564 0 1
13 5 0.066 0 1
36 30 0.199 0 2
19 5 0.117 0 1
17 10 0.096 0 1
20 70 0.074 0 2
33 70 0.160 0 2
58 52 0.178 0 2
76 52 0.434 0 2
39 52 0.121 0 2
19 22 0.077 0 2
183 52 0.590 0 1
11 22 0.038 0 1
307 100 1.955 0 2
17 10 0.102 0 2
111 100 0.422 0 2
195 10 0.985 0 1
18 15 0.114 0 2
35 22 0.160 0 1
266 10 1.142 0 1
20 10 0.059 0 1
12 40 0.072 0 2
49 52 0.251 0 2
149 10 0.671 0 1
35 70 0.113 0 2
37 40 0.167 0 2
148 52 0.542 0 1
283 100 0.956 0 2
132 15 0.407 0 1
29 70 0.094 0 2
29 22 0.089 0 2
181 22 0.597 0 2
165 15 0.817 0 1
33 5 0.165 0 1
18 100 0.065 0 1
167 5 0.717 0 2
33 22 0.128 0 2
41 52 0.125 0 1
161 40 0.679 0 1
70 5 0.236 0 1
323 52 1.272 0 2
24 15 0.107 0 2
40 52 0.123 0 2
17 30 0.083 0 2
31 15 0.114 0 2
125 22 0.786 0 1
166 22 0.610 0 1
41 15 0.151 0 1
42 40 0.166 0 2
63 15 0.268 0 1
252 5 1.340 0 1
126 22 0.670 0 2
129 15 0.467 0 2
27 52 0.126 0 1
138 52 0.767 0 1
20 52 0.128 0 2
183 70 0.799 0 2
13 52 0.057 0 2
106 5 0.322 0 2
47 70 0.230 0 2
132 10 0.680 0 1
245 10 0.894 0 2
79 10 0.311 0 2
268 52 1.011 0 2
47 52 0.247 0 2
124 40 0.500 0 1
33 30 0.102 0 2
37 22 0.148 0 2
32 5 0.110 0 1
196 40 0.895 0 1
307 15 1.213 0 1
24 70 0.095 0 2
43 70 0.158 0 2
267 40 1.508 0 1
19 15 0.085 0 2
139 22 0.607 0 1
86 52 0.259 0 2
12 15 0.036 0 2
20 30 0.086 0 2
56 30 0.209 0 1
18 40 0.091 0 2
54 70 0.207 0 2
12 100 0.037 0 1
37 52 0.169 0 1
10 22 0.052 0 2
158 30 0.782 0 2
206 40 0.698 0 1
63 70 0.264 0 1
21 100 0.084 0 1
63 15 0.265 0 1
116 10 0.592 0 2
14 100 0.046 0 1
164 10 0.828 0 2
198 22 1.100 0 2
49 22 0.177 0 2
164 22 0.547 0 2
26 70 0.148 0 1
15 52 0.094 0 1
188 10 0.582 0 1
13 30 0.055 0 2
21 30 0.107 0 1
41 70 0.192 0 2
70 40 0.225 0 2
85 10 0.538 0 2
46 30 0.140 0 1
82 15 0.500 0 1
16 10 0.082 0 2
65 22 0.194 0 2
18 15 0.055 0 1
76 5 0.442 0 2
33 40 0.103 0 2
269 22 1.257 0 1
19 30 0.070 0 2
31 40 0.120 0 2
162 22 0.848 0 1
87 10 0.576 0 1
17 5 0.071 0 2
121 40 0.362 0 2
25 40 0.092 0 2
243 22 1.528 0 2
15 52 0.075 0 2
322 40 1.268 0 2
82 30 0.443 0 1
85 10 0.339 0 1
139 100 0.405 0 2
19 100 0.071 0 1
118 5 0.399 0 1
70 30 0.363 0 2
172 30 0.717 0 1
158 52 0.500 0 2
38 40 0.121 0 2
18 15 0.069 0 2
60 40 0.218 0 2
13 5 0.051 0 2
160 40 0.478 0 2
234 5 1.093 0 2
19 52 0.097 0 1
13 52 0.044 0 2
219 100 1.129 0 1
10 100 0.037 0 1
26 40 0.105 0 2
22 70 0.082 0 1
70 22 0.260 0 1
151 15 0.484 0 2
12 40 0.066 0 2
12 30 0.040 0 1
18 15 0.082 0 1
160 10 0.780 0 2
33 15 0.168 0 1
117 5 0.422 0 1
278 100 0.969 0 1
10 100 0.066 0 1
35 100 0.135 0 1
22 70 0.129 0 2
46 100 0.216 0 1
14 40 0.042 0 2
57 70 0.177 0 2
17 22 0.051 0 1
192 10 0.747 0 1
12 5 0.038 0 2
33 15 0.125 0 1
272 22 0.951 0 2
10 100 0.056 0 2
38 30 0.126 0 2
46 15 0.210 0 1
13 40 0.061 0 1
106 15 0.702 0 2
275 5 1.786 0 1
15 5 0.073 0 1
82 40 0.273 0 2
40 40 0.154 0 1
46 22 0.143 0 1
126 10 0.545 0 1
77 52 0.445 0 1
10 100 0.047 0 2
142 5 0.421 0 1
165 15 0.637 0 1
16 30 0.057 0 1
82 40 0.446 0 2
41 15 0.167 0 1
54 10 0.243 0 1
16 22 0.104 0 1
58 15 0.289 0 1
67 15 0.444 0 1
58 30 0.349 0 2
39 15 0.119 0 2
21 52 0.070 0 1
26 15 0.096 0 2
156 70 0.834 0 2
165 52 0.494 0 1
74 70 0.279 0 1
57 10 0.253 0 1
19 10 0.095 0 1
28 52 0.134 0 2
110 40 0.651 0 1
70 5 0.407 0 1
26 10 0.123 0 2
47 22 0.172 0 1
27 10 0.098 0 1
125 5 0.828 0 1
35 30 0.197 0 2
22 100 0.070 0 1
35 22 0.199 0 1
35 100 0.155 0 1
18 15 0.071 0 1
22 52 0.072 0 1
12 52 0.045 0 1
14 15 0.080 0 2
164 5 0.850 0 1
32 15 0.097 0 2
12 22 0.044 0 2
35 52 0.110 0 1
11 100 0.037 0 2
35 15 0.130 0 1
87 10 0.420 0 1
17 70 0.069 0 1
19 15 0.102 0 2
39 5 0.207 0 1
11 100 0.043 0 1
17 100 0.089 0 1
192 15 0.937 0 1
16 100 0.086 0 2
168 30 0.522 0 1
77 40 0.318 0 1
187 22 0.760 0 2
12 70 0.075 0 1
67 52 0.206 0 2
16 30 0.056 0 1
18 100 0.096 0 1
41 10 0.154 0 2
296 100 1.249 0 1
169 15 1.056 0 2
131 5 0.407 0 1
144 100 0.556 0 2
39 52 0.118 0 2
158 15 0.554 0 2
74 100 0.216 0 2
298 10 1.133 0 2
32 22 0.111 0 1
119 40 0.583 0 1
15 100 0.097 0 2
62 10 0.212 0 2
78 5 0.353 0 2
11 22 0.037 0 1
269 100 1.650 0 2
199 30 0.900 0 1
24 10 0.075 0 1
11 22 0.037 0 2
310 70 1.115 0 1
35 100 0.121 0 2
97 70 0.471 0 1
38 30 0.159 0 2
57 30 0.218 0 2
18 10 0.070 0 1
45 10 0.237 0 1
63 70 0.275 0 2
60 22 0.302 0 2
21 70 0.089 0 2
121 15 0.432 0 1
57 100 0.363 0 2
45 52 0.144 0 1
21 52 0.069 0 2
35 22 0.126 0 1
18 10 0.075 0 2
129 22 0.471 0 1
34 70 0.140 0 2
145 52 0.456 0 2
19 70 0.071 0 1
11 70 0.039 0 2
19 30 0.108 0 2
263 15 1.429 0 1
332 10 1.339 0 2
320 70 2.119 0 2
334 100 1.110 0 1
57 52 0.326 0 1
178 15 0.580 0 1
311 100 1.215 0 2
49 40 0.253 0 2
73 70 0.252 0 1
31 10 0.091 0 1
136 100 0.411 0 2
45 70 0.205 0 2
39 10 0.235 0 2
160 10 0.497 0 2
14 30 0.049 0 2
15 52 0.044 0 2
102 52 0.618 0 2
17 52 0.108 0 1
25 22 0.130 0 1
26 15 0.111 0 2
237 40 1.022 0 2
78 15 0.285 0 2
50 5 0.153 0 2
23 52 0.093 0 1
96 10 0.378 0 2
143 22 0.422 0 1
31 100 0.182 0 1
12 15 0.043 0 2
262 15 0.792 0 1
19 15 0.070 0 2
282 10 1.052 0 1
16 30 0.053 0 2
22 22 0.102 0 1
28 100 0.136 0 2
38 40 0.164 0 2
37 70 0.121 0 2
35 30 0.117 0 1
33 30 0.127 0 2
16 10 0.061 0 2
15 30 0.062 0 1
30 40 0.111 0 1
14 40 0.044 0 1
45 52 0.290 0 2
136 52 0.407 0 2
155 52 0.721 0 1
43 100 0.281 0 1
104 100 0.479 0 1
17 15 0.076 0 2
177 15 0.562 0 2
38 15 0.196 0 2
15 15 0.054 0 2
10 22 0.032 0 1
69 22 0.277 0 1
44 22 0.265 0 2
196 10 0.596 0 1
91 30 0.337 0 2
248 22 1.046 0 1
152 30 0.700 0 1
110 5 0.327 0 2
41 22 0.252 0 2
50 52 0.311 0 1
27 100 0.136 0 1
15 70 0.053 0 2
125 15 0.430 0 1
50 15 0.181 0 1
250 22 0.909 0 1
168 5 0.737 0 2
38 22 0.123 0 1
57 70 0.317 0 2
54 5 0.167 0 1
97 40 0.354 0 1
20 52 0.094 0 1
160 10 0.884 0 2
68 10 0.221 0 2
43 40 0.206 0 1
54 22 0.265 0 2
61 52 0.293 0 1
182 70 0.580 0 1
71 52 0.346 0 1
72 100 0.312 0 1
26 15 0.159 0 2
23 5 0.070 0 2
16 5 0.065 0 1
59 22 0.182 0 2
51 52 0.219 0 2
336 15 1.412 0 1
60 40 0.255 0 2
20 22 0.059 0 1
91 5 0.368 0 1
18 30 0.115 0 1
70 70 0.464 0 2
156 30 0.600 0 1
19 40 0.092 0 2
73 70 0.238 0 1
60 52 0.214 0 2
26 5 0.143 0 2
29 40 0.155 0 1
17 40 0.086 0 2
23 40 0.090 0 1
127 30 0.668 0 2
17 70 0.086 0 2
64 40 0.235 0 1
26 22 0.109 0 1
29 10 0.181 0 1
64 52 0.193 0 1
23 10 0.084 0 1
12 5 0.039 0 2
16 40 0.068 0 1
13 22 0.040 0 1
32 70 0.184 0 2
30 5 0.147 0 2
29 22 0.085 0 2
63 22 0.207 0 2
19 10 0.075 0 2
30 15 0.108 0 2
22 30 0.075 0 2
50 5 0.198 0 1
17 52 0.065 0 2
30 30 0.106 0 1
137 22 0.500 0 1
38 70 0.248 0 2
199 15 0.670 0 1
20 10 0.079 0 1
58 40 0.276 0 2
67 15 0.221 0 1
46 40 0.207 0 2
36 5 0.164 0 1
52 70 0.167 0 1
156 5 0.687 0 1
74 40 0.259 0 1
169 10 1.134 0 1
172 5 0.819 0 2
318 40 1.860 0 1
21 52 0.061 0 2
263 10 0.809 0 2
34 100 0.118 0 1
62 30 0.213 0 2
67 15 0.203 0 1
40 40 0.128 0 2
13 100 0.049 0 2
12 100 0.047 0 2
83 100 0.260 0 1
48 22 0.191 0 1
32 15 0.111 0 1
29 22 0.175 0 1
116 30 0.730 0 1
146 70 0.449 0 1
88 70 0.400 0 1
129 22 0.672 0 2
18 15 0.070 0 2
31 15 0.129 0 2
31 52 0.097 0 2
47 5 0.283 0 1
56 15 0.364 0 1
57 5 0.173 0 1
169 10 0.556 0 1
23 70 0.108 0 2
107 100 0.709 0 1
13 5 0.043 0 2
29 40 0.135 0 2
61 70 0.284 0 1
29 15 0.121 0 2
33 70 0.097 0 1
34 30 0.141 0 1
20 100 0.084 0 1
14 5 0.054 0 1
131 10 0.606 0 2
72 100 0.414 0 2
46 30 0.221 0 2
32 52 0.158 0 1
18 100 0.065 0 2
38 15 0.127 0 2
45 15 0.269 0 1
13 5 0.042 0 2
328 100 1.000 0 1
32 40 0.169 0 1
19 52 0.071 0 2
22 5 0.091 0 1
114 5 0.543 0 1
60 15 0.260 0 2
148 70 0.643 0 1
245 52 1.467 0 1
225 40 1.442 0 1
19 40 0.059 0 2
131 15 0.512 0 1
192 52 0.619 0 2
31 70 0.099 0 2
208 100 0.856 0 1
93 40 0.514 0 1
16 15 0.072 0 2
24 5 0.079 0 1
34 22 0.103 0 1
18 70 0.080 0 2
73 22 0.257 0 2
38 70 0.154 0 1
102 52 0.376 0 1
85 52 0.287 0 2
17 70 0.051 0 2
18 15 0.069 0 1
21 70 0.074 0 2
35 22 0.116 0 1
143 22 0.953 0 1
20 22 0.088 0 1
30 5 0.099 0 2
176 5 0.633 0 2
61 52 0.324 0 2
25 100 0.092 0 1
28 10 0.148 0 1
148 70 0.484 0 2
154 100 0.497 0 2
39 15 0.158 0 1
56 5 0.313 0 2
36 30 0.124 0 1
25 40 0.083 0 2
19 5 0.070 0 1
59 100 0.364 0 2
75 5 0.241 0 2
81 22 0.286 0 1
132 15 0.660 0 1
221 52 0.884 0 2
247 5 0.849 0 1
65 10 0.258 0 1
82 70 0.369 0 2
25 15 0.080 0 2
12 10 0.075 0 2
159 100 0.740 0 2
13 40 0.086 0 1
326 100 1.918 0 2
165 40 0.637 0 2
32 5 0.107 0 2
188 22 0.570 0 2
76 40 0.415 0 2
20 100 0.078 0 1
139 10 0.412 0 2
20 40 0.089 0 2
31 5 0.132 0 1
12 15 0.045 0 1
194 52 0.886 0 2
29 30 0.184 0 2
10 22 0.036 0 2
100 15 0.415 0 2
55 5 0.175 0 2
141 40 0.445 0 1
43 40 0.212 0 2
279 100 1.224 0 1
66 30 0.255 0 2
12 100 0.065 0 1
90 70 0.344 0 2
22 70 0.065 0 1
49 15 0.329 0 2
150 70 0.462 0 1
149 22 0.931 0 2
42 10 0.142 0 2
26 70 0.142 0 1
13 10 0.073 0 2
70 15 0.317 0 1
276 40 1.095 0 1
73 15 0.259 0 1
38 70 0.120 0 1
15 5 0.058 0 1
61 22 0.216 0 2
163 100 0.652 0 1
77 40 0.450 0 2
15 30 0.062 0 2
98 100 0.403 0 2
213 70 1.430 0 1
28 40 0.123 0 1
29 10 0.190 0 1
28 22 0.114 0 1
11 52 0.034 0 1
34 15 0.109 0 2
29 30 0.106 0 2
108 100 0.452 0 1
16 22 0.103 0 1
35 52 0.176 0 1
20 100 0.086 0 1
27 30 0.087 0 1
14 52 0.080 0 1
60 22 0.270 0 1
180 15 0.566 0 2
188 100 0.642 0 1
37 22 0.116 0 1
184 10 0.548 0 1
17 100 0.104 0 1
34 22 0.110 0 2
64 100 0.227 0 2
21 30 0.091 0 2
153 100 0.692 0 1
33 22 0.150 0 1
14 30 0.052 0 1
61 100 0.330 0 2
18 30 0.121 0 1
62 15 0.250 0 1
39 30 0.173 0 2
24 100 0.115 0 2
14 30 0.042 0 1
195 22 1.037 0 1
169 30 0.494 0 2
15 40 0.051 0 1
206 30 1.051 0 2
337 52 1.135 0 1
16 52 0.051 0 2
56 15 0.341 0 1
74 70 0.224 0 2
64 40 0.267 0 2
19 40 0.109 0 2
19 70 0.091 0 2
33 5 0.101 0 1
168 100 0.625 0 2
29 22 0.172 0 1
13 100 0.045 0 2
17 15 0.097 0 1
105 22 0.356 0 2
23 22 0.095 0 1
77 52 0.310 0 1
165 70 0.912 0 2
15 40 0.055 0 1
78 100 0.451 0 1
64 22 0.253 0 2
55 22 0.238 0 1
27 100 0.152 0 1
230 5 0.958 0 1
48 30 0.191 0 2
16 30 0.048 0 2
19 30 0.095 0 1
194 15 0.713 0 1
81 30 0.278 0 1
49 5 0.197 0 2
88 15 0.500 0 2
184 15 0.763 0 1
209 100 0.661 0 2
11 100 0.049 0 1
29 15 0.177 0 2
15 100 0.066 0 2
164 30 0.516 0 2
306 15 1.354 0 1
25 10 0.084 1 0
37 10 0.234 1 0
13 100 0.084 1 2
28 52 0.104 1 0
14 30 0.073 1 2
19 70 0.111 1 0
18 5 0.057 1 0
100 5 0.476 1 2
13 52 0.043 1 2
24 30 0.076 1 0
74 5 0.333 1 0
28 15 0.188 1 0
62 70 0.230 1 0
331 40 1.000 1 2
41 22 0.199 1 0
15 40 0.088 1 2
17 5 0.077 1 0
17 100 0.079 1 0
11 5 0.033 1 2
27 52 0.175 1 2
168 30 0.675 1 0
19 100 0.075 1 0
28 70 0.099 1 0
168 15 0.568 1 0
14 22 0.050 1 0
32 40 0.112 1 0
51 15 0.225 1 0
19 40 0.057 1 0
163 5 0.531 1 2
135 22 0.562 1 0
56 10 0.245 1 0
119 15 0.436 1 0
25 15 0.110 1 0
41 100 0.139 1 0
12 10 0.052 1 2
131 10 0.458 1 0
43 10 0.194 1 0
142 100 0.441 1 2
17 22 0.063 1 0
312 30 1.040 1 0
16 52 0.063 1 0
13 22 0.077 1 0
12 30 0.047 1 0
128 5 0.703 1 0
10 22 0.060 1 0
48 30 0.156 1 0
89 40 0.379 1 2
32 40 0.133 1 0
99 70 0.338 1 2
18 15 0.109 1 0
38 100 0.199 1 0
62 30 0.210 1 0
23 5 0.152 1 0
69 22 0.265 1 2
43 30 0.163 1 2
21 100 0.099 1 0
18 22 0.097 1 0
185 40 0.737 1 0
60 30 0.176 1 2
167 40 0.652 1 2
49 22 0.150 1 0
83 15 0.395 1 2
59 52 0.333 1 2
86 15 0.278 1 2
24 40 0.070 1 0
19 22 0.067 1 0
68 22 0.311 1 2
116 22 0.617 1 0
43 10 0.131 1 0
11 100 0.034 1 0
319 100 1.922 1 0
27 70 0.095 1 0
152 5 0.481 1 0
118 100 0.384 1 2
17 70 0.078 1 0
74 15 0.241 1 0
96 30 0.398 1 0
86 15 0.345 1 0
82 100 0.248 1 2
90 22 0.317 1 0
12 22 0.058 1 0
210 100 1.099 1 0
10 40 0.059 1 0
27 15 0.148 1 2
13 40 0.051 1 0
53 10 0.344 1 2
23 52 0.155 1 2
10 22 0.033 1 2
67 40 0.259 1 0
69 5 0.431 1 2
47 70 0.313 1 0
13 100 0.039 1 0
62 40 0.239 1 2
67 52 0.243 1 0
15 52 0.065 1 0
17 30 0.072 1 2
37 22 0.172 1 0
10 22 0.046 1 2
17 5 0.074 1 0
151 70 0.515 1 2
48 22 0.253 1 0
17 70 0.093 1 2
36 70 0.222 1 0
19 15 0.098 1 2
35 5 0.102 1 2
12 52 0.038 1 0
277 22 1.392 1 2
198 22 0.736 1 0
17 5 0.075 1 0
11 52 0.069 1 0
50 22 0.316 1 2
87 30 0.444 1 2
17 70 0.082 1 0
10 70 0.061 1 0
14 30 0.050 1 2
11 70 0.064 1 0
15 30 0.057 1 0
42 30 0.157 1 0
14 100 0.041 1 0
189 40 0.711 1 0
19 22 0.117 1 0
63 100 0.362 1 2
14 70 0.057 1 0
55 10 0.291 1 0
99 52 0.391 1 0
21 22 0.081 1 2
58 22 0.178 1 0
333 30 1.061 1 0
72 10 0.296 1 2
335 10 1.006 1 0
11 5 0.046 1 0
39 100 0.174 1 0
13 15 0.087 1 0
78 30 0.283 1 0
39 30 0.175 1 0
70 5 0.237 1 0
25 22 0.118 1 2
69 5 0.205 1 0
78 5 0.318 1 0
90 15 0.411 1 0
196 30 1.114 1 0
168 70 0.812 1 2
35 100 0.201 1 2
131 10 0.526 1 0
77 10 0.478 1 0
212 52 0.782 1 0
185 10 0.617 1 0
17 30 0.058 1 0
18 30 0.064 1 2
18 70 0.065 1 0
42 22 0.187 1 2
131 15 0.627 1 0
110 22 0.526 1 0
50 22 0.249 1 2
14 100 0.041 1 0
12 70 0.046 1 0
18 15 0.052 1 0
17 70 0.058 1 2
11 22 0.039 1 2
78 10 0.342 1 0
79 22 0.230 1 0
42 30 0.195 1 2
31 10 0.116 1 0
36 22 0.161 1 2
57 40 0.239 1 2
255 40 0.820 1 0
20 40 0.102 1 0
108 15 0.489 1 0
38 22 0.242 1 0
327 10 1.380 1 2
65 15 0.210 1 2
11 22 0.052 1 2
19 52 0.056 1 2
23 40 0.127 1 0
23 52 0.108 1 2
20 70 0.062 1 0
42 30 0.141 1 2
76 10 0.373 1 0
26 52 0.091 1 2
23 52 0.070 1 2
16 5 0.048 1 0
10 30 0.037 1 0
100 5 0.297 1 0
18 70 0.116 1 0
33 30 0.148 1 2
180 70 1.216 1 0
209 22 0.836 1 0
50 5 0.154 1 0
45 70 0.134 1 0
61 52 0.249 1 0
13 10 0.084 1 2
31 52 0.103 1 0
23 70 0.120 1 0
35 30 0.130 1 0
60 10 0.309 1 0
75 15 0.493 1 2
14 52 0.050 1 0
11 30 0.037 1 0
77 15 0.450 1 0
56 100 0.199 1 2
89 70 0.385 1 2
36 15 0.120 1 0
73 52 0.258 1 2
11 10 0.045 1 0
59 22 0.288 1 0
21 40 0.108 1 0
212 10 0.934 1 2
114 5 0.452 1 2
127 10 0.738 1 0
10 30 0.034 1 0
54 30 0.196 1 0
52 52 0.153 1 0
25 30 0.099 1 0
16 40 0.101 1 0
12 40 0.046 1 0
54 52 0.165 1 0
22 30 0.089 1 0
151 100 0.451 1 0
94 5 0.336 1 2
14 52 0.067 1 0
91 22 0.572 1 0
47 30 0.294 1 0
32 52 0.131 1 0
15 52 0.079 1 0
42 70 0.162 1 0
25 10 0.076 1 2
36 40 0.225 1 0
183 52 1.158 1 0
16 70 0.047 1 0
198 30 0.643 1 0
66 5 0.287 1 2
77 22 0.271 1 2
71 70 0.326 1 0
24 10 0.110 1 0
19 5 0.059 1 0
10 22 0.030 1 0
98 10 0.460 1 2
172 15 0.637 1 0
11 70 0.049 1 0
89 30 0.503 1 2
94 30 0.425 1 0
47 30 0.254 1 0
183 52 0.598 1 2
244 22 1.070 1 0
142 30 0.502 1 2
269 100 1.312 1 2
101 40 0.312 1 0
71 30 0.336 1 0
155 10 0.480 1 0
249 10 1.083 1 0
248 40 1.494 1 0
13 15 0.046 1 2
16 30 0.064 1 2
10 15 0.057 1 0
72 15 0.411 1 0
29 52 0.126 1 2
29 22 0.101 1 2
76 15 0.261 1 0
143 22 0.458 1 0
22 100 0.108 1 2
207 15 1.101 1 0
138 40 0.423 1 0
101 70 0.421 1 0
15 70 0.074 1 2
37 100 0.188 1 0
53 30 0.211 1 2
16 10 0.051 1 2
18 52 0.082 1 0
74 10 0.343 1 0
107 70 0.611 1 0
19 30 0.101 1 2
64 100 0.211 1 2
142 22 0.546 1 0
14 22 0.059 1 0
104 30 0.308 1 0
13 70 0.067 1 0
14 30 0.046 1 2
55 5 0.274 1 2
30 70 0.203 1 2
179 30 0.626 1 0
73 15 0.219 1 0
315 100 1.216 1 0
121 70 0.457 1 2
235 22 0.723 1 0
38 52 0.172 1 0
141 30 0.934 1 2
12 52 0.046 1 2
199 100 0.686 1 2
36 30 0.106 1 2
231 30 0.797 1 0
104 10 0.533 1 2
22 22 0.122 1 2
29 15 0.095 1 0
15 22 0.054 1 0
39 15 0.195 1 0
139 100 0.529 1 0
19 15 0.061 1 0
24 70 0.091 1 0
55 5 0.216 1 2
15 15 0.079 1 0
138 30 0.527 1 2
16 52 0.062 1 0
12 15 0.055 1 2
41 40 0.133 1 0
56 22 0.215 1 2
18 5 0.102 1 2
18 5 0.071 1 0
119 10 0.488 1 0
48 40 0.254 1 2
21 100 0.069 1 2
32 70 0.106 1 2
75 40 0.246 1 0
67 40 0.303 1 0
41 10 0.120 1 0
88 22 0.378 1 0
28 5 0.141 1 0
115 70 0.618 1 0
21 40 0.066 1 0
316 22 1.795 1 0
121 10 0.593 1 0
44 100 0.170 1 0
37 100 0.120 1 0
74 5 0.413 1 0
141 5 0.518 1 2
24 100 0.096 1 2
17 22 0.074 1 0
63 40 0.326 1 0
62 10 0.233 1 0
81 70 0.295 1 0
280 15 1.321 1 0
296 5 1.609 1 0
49 70 0.146 1 0
18 100 0.079 1 0
29 30 0.132 1 2
140 5 0.432 1 0
52 30 0.166 1 0
78 15 0.494 1 0
11 100 0.074 1 0
13 10 0.082 1 0
69 22 0.243 1 2
16 52 0.098 1 0
21 22 0.091 1 2
240 15 0.702 1 0
31 5 0.123 1 2
48 10 0.166 1 0
67 40 0.328 1 0
125 15 0.498 1 2
208 100 1.333 1 0
60 5 0.351 1 0
179 10 0.601 1 2
53 100 0.178 1 2
11 100 0.070 1 0
10 52 0.029 1 0
29 70 0.129 1 0
32 70 0.180 1 0
120 40 0.710 1 2
62 15 0.252 1 2
67 70 0.213 1 0
14 52 0.071 1 0
27 22 0.089 1 2
19 22 0.098 1 2
19 40 0.071 1 0
13 15 0.040 1 0
13 15 0.041 1 0
61 10 0.298 1 0
161 5 0.533 1 0
66 15 0.317 1 0
31 15 0.102 1 0
23 100 0.140 1 0
13 22 0.050 1 0
160 5 0.525 1 0
153 70 0.732 1 0
246 10 0.791 1 0
19 22 0.067 1 0
319 100 1.505 1 0
37 70 0.218 1 2
214 100 1.019 1 0
71 52 0.326 1 0
35 5 0.223 1 0
69 40 0.207 1 2
14 70 0.058 1 2
20 22 0.067 1 2
15 5 0.049 1 0
26 5 0.120 1 0
19 15 0.074 1 0
73 15 0.240 1 2
145 100 0.490 1 0
292 40 1.688 1 2
13 5 0.044 1 0
60 22 0.300 1 0
17 5 0.090 1 2
332 40 1.125 1 0
19 40 0.057 1 0
38 5 0.199 1 2
45 22 0.204 1 2
10 22 0.050 1 0
48 30 0.287 1 2
40 15 0.117 1 2
39 10 0.212 1 0
130 100 0.596 1 0
25 30 0.142 1 0
148 52 0.440 1 0
13 15 0.065 1 2
12 22 0.041 1 2
71 15 0.355 1 0
73 22 0.412 1 0
17 52 0.071 1 0
31 10 0.168 1 0
50 40 0.168 1 0
126 100 0.372 1 2
56 30 0.173 1 2
19 100 0.082 1 0
104 5 0.354 1 0
50 70 0.168 1 2
30 10 0.195 1 0
30 40 0.155 1 0
58 22 0.259 1 0
134 30 0.519 1 0
271 30 1.111 1 0
167 30 0.517 1 0
11 10 0.040 1 2
64 70 0.234 1 0
95 52 0.633 1 0
15 15 0.058 1 0
32 70 0.209 1 2
38 5 0.114 1 0
28 70 0.135 1 2
14 52 0.070 1 0
152 40 0.497 1 2
10 10 0.062 1 0
21 10 0.116 1 0
23 5 0.074 1 0
185 22 0.683 1 0
48 5 0.161 1 0
22 10 0.071 1 2
45 52 0.164 1 2
68 52 0.245 1 0
232 70 0.795 1 2
126 52 0.508 1 0
171 5 0.715 1 0
19 5 0.070 1 0
126 70 0.846 1 0
44 15 0.191 1 2
175 5 1.094 1 0
118 5 0.379 1 0
282 52 0.847 1 2
40 15 0.154 1 0
325 70 1.052 1 0
76 30 0.328 1 0
55 52 0.304 1 0
124 100 0.481 1 0
11 30 0.059 1 0
153 70 0.512 1 0
17 70 0.054 1 0
32 5 0.154 1 0
188 70 1.027 1 0
25 15 0.097 1 0
40 10 0.241 1 0
18 10 0.065 1 2
20 15 0.062 1 0
19 22 0.092 1 2
56 10 0.211 1 0
78 15 0.264 1 0
29 100 0.124 1 0
35 5 0.114 1 0
11 5 0.063 1 2
14 15 0.059 1 0
12 5 0.054 1 0
75 70 0.286 1 2
39 30 0.176 1 0
12 22 0.036 1 0
69 22 0.239 1 0
257 15 0.788 1 0
148 30 0.587 1 0
15 30 0.087 1 0
18 100 0.061 1 0
78 40 0.273 1 2
185 100 1.016 1 0
110 10 0.502 1 0
67 40 0.435 1 0
175 5 0.591 1 2
68 15 0.340 1 0
10 5 0.034 1 2
125 40 0.625 1 0
11 52 0.037 1 2
195 30 0.582 1 0
36 40 0.125 1 2
118 5 0.761 1 0
16 5 0.074 1 2
50 52 0.162 1 0
274 52 1.745 1 0
58 5 0.193 1 0
21 70 0.093 1 0
27 22 0.095 1 0
182 52 0.771 1 2
57 5 0.324 1 0
16 5 0.070 1 0
33 40 0.125 1 2
16 15 0.084 1 0
16 10 0.058 1 2
41 70 0.202 1 2
29 5 0.155 1 0
55 10 0.267 1 0
206 52 0.862 1 0
127 22 0.444 1 0
27 40 0.085 1 0
60 70 0.217 1 0
55 22 0.162 1 0
24 30 0.096 1 0
25 22 0.097 1 0
42 15 0.140 1 0
22 70 0.127 1 0
162 10 0.566 1 2
10 15 0.035 1 0
27 10 0.165 1 0
261 10 1.601 1 2
11 10 0.037 1 0
65 30 0.257 1 0
12 40 0.053 1 0
37 22 0.179 1 0
26 15 0.105 1 0
65 52 0.196 1 0
54 10 0.178 1 2
11 100 0.034 1 0
15 70 0.070 1 0
19 52 0.068 1 0
11 30 0.044 1 0
98 15 0.328 1 0
81 70 0.243 1 0
157 10 0.641 1 2
31 40 0.105 1 2
68 30 0.218 1 0
72 100 0.296 1 2
10 22 0.059 1 0
40 40 0.188 1 2
12 15 0.051 1 2
62 22 0.328 1 2
73 30 0.275 1 0
41 40 0.255 1 0
30 30 0.184 1 0
14 70 0.054 1 0
17 30 0.080 1 0
124 100 0.405 1 0
183 22 0.631 1 2
17 40 0.051 1 0
16 100 0.065 1 2
86 100 0.326 1 0
31 100 0.203 1 0
43 22 0.164 1 0
12 15 0.048 1 0
170 100 0.700 1 0
60 70 0.249 1 0
39 15 0.163 1 0
78 40 0.315 1 0
91 40 0.529 1 2
19 52 0.098 1 0
170 22 0.705 1 0
144 15 0.463 1 0
37 52 0.250 1 2
48 30 0.144 1 0
51 22 0.250 1 0
63 30 0.192 1 0
84 10 0.361 1 0
100 70 0.323 1 2
55 10 0.344 1 0
18 40 0.072 1 0
15 30 0.092 1 2
102 52 0.520 1 0
22 15 0.079 1 2
24 15 0.143 1 0
21 52 0.120 1 0
143 52 0.481 1 0
67 70 0.285 1 0
149 30 0.514 1 2
72 5 0.225 1 0
93 100 0.339 1 0
15 100 0.074 1 0
50 22 0.157 1 0
16 70 0.052 1 0
66 30 0.291 1 0
18 70 0.073 1 0
80 30 0.369 1 0
34 40 0.151 1 2
153 70 0.492 1 0
15 30 0.058 1 0
42 100 0.167 1 0
24 30 0.074 1 0
36 70 0.171 1 0
42 70 0.210 1 2
51 30 0.179 1 0
40 22 0.145 1 2
60 52 0.345 1 0
193 100 1.214 1 0
10 52 0.034 1 2
15 30 0.068 1 0
31 5 0.113 1 0
14 100 0.070 1 2
64 5 0.306 1 0
130 22 0.544 1 0
21 52 0.114 1 2
10 70 0.032 1 0
61 70 0.265 1 2
140 70 0.519 1 0
171 5 0.737 1 0
258 100 0.794 1 0
336 22 1.750 1 2
99 15 0.346 1 2
243 5 0.717 1 2
80 70 0.465 1 2
70 15 0.330 1 0
34 52 0.121 1 0
34 30 0.109 1 2
38 40 0.221 1 0
80 100 0.325 1 2
36 15 0.110 1 0
64 70 0.214 1 0
16 70 0.072 1 0
74 15 0.365 1 0
76 5 0.487 1 0
54 10 0.213 1 0
210 30 1.280 1 0
17 40 0.062 1 0
228 70 1.219 1 0
34 52 0.135 1 0
30 40 0.157 1 0
14 30 0.060 1 0
20 15 0.128 1 0
46 52 0.156 1 0
196 15 0.662 1 0
28 5 0.182 1 2
266 10 0.813 1 0
120 22 0.504 1 0
61 22 0.179 1 2
69 5 0.204 1 0
249 30 0.739 1 0
19 22 0.097 1 0
13 10 0.041 1 0
15 22 0.056 1 0
42 22 0.147 1 0
34 22 0.207 1 0
15 22 0.088 1 0
16 30 0.096 1 2
37 5 0.199 1 2
76 52 0.452 1 2
293 100 1.054 1 0
206 10 1.364 1 0
74 22 0.230 1 0
48 5 0.141 1 2
63 22 0.186 1 0
93 22 0.628 1 2
187 52 1.051 1 2
63 70 0.401 1 0
14 10 0.054 1 0
99 10 0.309 1 0
51 52 0.200 1 2
81 10 0.450 1 0
137 52 0.405 1 0
47 15 0.216 1 0
27 40 0.113 1 2
145 22 0.495 1 0
21 15 0.082 1 0
58 52 0.189 1 0
69 70 0.232 1 0
18 100 0.060 1 2
42 70 0.135 1 2
52 30 0.163 1 2
22 52 0.096 1 2
22 30 0.107 1 0
33 5 0.137 1 0
18 100 0.076 1 0
231 10 1.144 1 0
131 10 0.434 1 0
173 70 1.088 1 0
31 10 0.179 1 2
187 15 0.579 1 0
125 52 0.417 1 2
290 5 1.503 1 0
33 30 0.123 1 0
13 70 0.039 1 0
33 40 0.212 1 0
117 30 0.791 1 0
31 22 0.130 1 0
29 40 0.087 1 0
15 15 0.093 1 2
133 22 0.764 1 0
29 5 0.128 1 0
156 30 0.719 1 0
320 70 1.074 1 0
75 100 0.412 1 0
171 100 0.799 1 2
103 5 0.355 1 0
41 40 0.129 1 2
222 70 0.937 1 2
29 10 0.139 1 0
39 22 0.209 1 2
61 100 0.302 1 0
27 5 0.098 1 0
18 10 0.057 1 2
18 10 0.068 1 0
18 100 0.075 1 0
181 70 0.637 1 0
16 22 0.072 1 2
18 5 0.099 1 0
14 15 0.045 1 0
65 10 0.289 1 0
13 100 0.047 1 0
75 40 0.336 1 0
115 40 0.777 1 0
22 100 0.087 1 0
33 15 0.163 1 0
32 30 0.111 1 0
185 40 0.925 1 0
225 30 0.712 1 0
48 40 0.192 1 0
49 100 0.240 1 0
84 15 0.429 1 2
33 70 0.109 1 2
73 100 0.215 1 0
126 30 0.475 1 2
13 15 0.071 1 0
75 15 0.248 1 0
197 52 0.657 1 0
183 10 0.709 1 0
16 30 0.060 1 0
278 5 1.503 1 0
17 52 0.101 1 0
113 5 0.546 1 2
11 52 0.049 1 2
65 10 0.337 1 2
18 100 0.074 1 0
15 15 0.044 1 0
284 10 1.000 1 2
56 52 0.213 1 0
33 70 0.199 1 0
18 15 0.057 1 0
139 5 0.434 1 0
16 30 0.065 1 0
21 70 0.068 1 0
86 70 0.424 1 0
29 70 0.096 1 0
144 22 0.472 1 2
167 52 0.588 1 2
41 15 0.122 1 2
22 30 0.067 1 0
131 100 0.873 1 0
23 52 0.083 1 0
73 15 0.248 1 0
176 40 0.540 1 2
31 15 0.098 1 0
47 22 0.303 1 2
12 70 0.052 1 0
77 5 0.435 1 0
18 22 0.118 1 0
12 5 0.039 1 2
17 5 0.050 1 0
63 5 0.290 1 0
56 10 0.210 1 0
158 22 0.806 1 2
53 15 0.227 1 0
106 100 0.671 1 0
17 30 0.074 1 2
74 52 0.282 1 0
18 52 0.119 1 0
12 5 0.039 1 0
174 5 0.845 1 0
210 40 0.772 1 0
32 15 0.117 1 2
14 15 0.083 1 0
49 10 0.316 1 2
39 30 0.119 1 0
30 30 0.100 1 0
14 30 0.085 1 2
20 70 0.114 1 0
36 15 0.141 1 0
15 40 0.065 1 0
21 22 0.081 1 0
164 22 0.745 1 0
67 40 0.271 1 0
20 10 0.070 1 0
175 70 0.563 1 0
124 100 0.409 1 2
233 52 0.724 1 2
51 10 0.178 1 0
11 100 0.039 1 0
177 22 0.535 1 0
15 15 0.052 1 0
24 40 0.142 1 2
14 5 0.053 1 0
13 15 0.047 1 0
46 100 0.243 1 0
12 22 0.046 1 0
122 5 0.515 1 2
63 5 0.228 1 2
161 100 0.739 1 2
38 52 0.226 1 0
95 100 0.368 1 0
93 5 0.508 1 0
29 70 0.162 1 0
26 40 0.081 1 2
168 100 0.496 1 2
18 40 0.066 1 0
13 10 0.077 1 0
47 22 0.159 1 0
337 52 1.465 1 2
18 15 0.070 1 0
18 52 0.088 1 2
65 22 0.289 1 0
67 5 0.345 1 2
25 100 0.098 1 0
38 40 0.183 1 0
109 40 0.411 1 0
82 52 0.332 1 0
21 30 0.085 1 0
87 10 0.279 1 0
19 15 0.055 1 0
128 10 0.711 1 2
11 52 0.050 1 2
21 30 0.134 1 0
25 5 0.090 1 0
29 30 0.139 1 0
56 22 0.341 1 0
61 10 0.228 1 2
25 52 0.074 1 0
41 52 0.131 1 0
12 40 0.048 1 0
171 30 0.620 1 2
62 22 0.212 1 0
10 40 0.047 1 0
74 30 0.381 1 0
60 15 0.177 1 0
70 52 0.372 1 0
38 5 0.209 1 0
26 100 0.104 1 0
17 40 0.053 1 2
121 30 0.661 1 0
29 22 0.123 1 2
207 15 0.702 1 2
78 70 0.237 1 0
334 15 1.184 1 0
25 10 0.090 1 2
40 40 0.153 1 2
78 5 0.267 1 0
44 70 0.134 1 0
38 100 0.125 1 0
19 30 0.112 1 0
31 52 0.147 1 0
18 52 0.083 1 2
169 5 0.648 1 0
182 10 0.601 1 0
86 5 0.460 1 0
163 5 0.959 1 0
122 10 0.616 1 0
18 15 0.080 1 2
17 40 0.052 1 0
52 5 0.155 1 0
26 22 0.097 1 0
79 22 0.299 1 0
40 30 0.162 1 2
63 100 0.256 1 0
102 40 0.330 1 0
195 52 0.580 1 0
34 40 0.108 1 2
31 100 0.112 1 2
21 40 0.075 1 0
190 10 0.688 1 2
16 70 0.057 1 2
10 30 0.029 1 2
308 10 1.034 1 2
83 10 0.366 1 0
29 22 0.099 1 0
117 100 0.376 1 0
19 40 0.095 1 2
178 30 0.659 1 0
46 22 0.181 1 0
35 22 0.104 1 2
31 40 0.177 1 0
32 52 0.195 1 2
27 30 0.154 1 2
217 15 1.315 1 2
15 100 0.054 1 0
31 100 0.150 1 0
72 10 0.396 1 0
300 15 1.478 1 0
102 40 0.405 1 0
60 10 0.287 1 0
170 70 0.588 1 0
33 30 0.198 1 0
21 52 0.104 1 2
14 70 0.066 1 2
12 40 0.039 1 2
72 70 0.293 1 0
11 22 0.039 1 2
10 100 0.043 1 0
36 30 0.175 1 2
169 22 1.063 1 2
17 10 0.103 1 0
269 15 1.352 1 2
44 30 0.136 1 2
269 15 0.964 1 0
76 22 0.503 1 0
29 5 0.126 1 2
67 100 0.374 1 0
65 100 0.240 1 2
16 5 0.101 1 0
32 22 0.179 1 2
57 52 0.322 1 2
17 10 0.050 1 2
104 30 0.308 1 0
22 22 0.074 1 2
18 15 0.079 1 2
176 10 0.631 1 0
66 40 0.229 1 0
17 5 0.068 1 0
62 30 0.210 1 0
34 30 0.149 1 0
106 70 0.457 1 0
16 70 0.081 1 2
31 10 0.194 1 0
20 22 0.069 1 0
333 5 1.238 1 0
32 40 0.130 1 0
159 70 0.578 1 0
17 40 0.051 1 0
41 100 0.127 1 0
11 100 0.042 1 0
150 70 0.607 1 0
117 10 0.643 1 0
16 22 0.089 1 0
193 52 0.670 1 0
281 22 0.915 1 2
90 30 0.588 1 0
56 100 0.258 1 0
228 30 1.530 1 2
27 15 0.087 1 0
12 22 0.052 1 0
90 22 0.508 1 2
15 15 0.060 1 2
52 70 0.231 1 0
29 52 0.094 1 0
29 100 0.095 1 0
63 10 0.309 1 0
280 52 0.897 1 2
76 5 0.252 1 0
188 30 1.005 1 0
12 52 0.043 1 2
27 40 0.126 1 2
269 52 1.660 1 0
11 22 0.050 1 2
105 70 0.396 1 0
69 5 0.359 1 2
10 40 0.035 1 0
12 52 0.051 1 2
18 22 0.053 1 0
113 52 0.498 1 0
58 100 0.302 1 0
177 40 0.790 1 2
58 52 0.339 1 0
196 100 0.638 1 0
65 15 0.337 1 0
145 5 0.477 1 0
99 52 0.359 1 0
57 22 0.184 1 0
25 15 0.113 1 0
133 15 0.610 1 0
165 52 0.602 1 0
209 10 0.685 1 2
64 52 0.395 1 2
15 52 0.090 1 0
32 52 0.143 1 0
35 70 0.154 1 2
56 100 0.215 1 0
190 30 0.603 1 0
77 5 0.445 1 2
76 10 0.452 1 2
248 70 0.747 1 0
32 52 0.135 1 0
131 52 0.403 1 0
197 22 0.668 1 0
12 40 0.044 1 2
55 15 0.169 1 0
12 5 0.054 1 2
26 40 0.141 1 2
177 5 0.885 1 0
308 22 0.903 1 0
88 40 0.494 1 2
197 10 0.585 1 2
68 10 0.207 1 0
17 30 0.065 1 2
14 15 0.052 1 0
197 40 0.706 1 0
162 15 0.942 1 0
74 40 0.307 1 0
23 52 0.085 1 0
12 22 0.072 1 0
15 30 0.094 1 0
247 10 1.525 1 0
45 52 0.232 1 0
15 5 0.084 1 2
70 15 0.435 1 2
176 10 0.863 1 0
37 40 0.131 1 2
39 100 0.150 1 0
17 10 0.106 1 0
74 22 0.301 1 0
155 5 0.668 1 0
134 40 0.395 1 0
161 52 0.503 1 0
73 22 0.273 1 0
71 70 0.214 1 2
56 40 0.276 1 2
34 10 0.194 1 0
13 15 0.063 1 2
35 22 0.117 1 0
30 30 0.169 1 2
12 52 0.062 1 0
37 22 0.172 1 0
50 10 0.266 1 0
33 10 0.120 1 2
10 100 0.038 1 2
74 15 0.359 1 0
278 10 0.952 1 0
58 10 0.244 1 2
52 22 0.256 1 0
19 5 0.079 1 0
38 30 0.170 1 2
108 5 0.610 1 2
286 5 1.744 1 0
25 30 0.094 1 0
16 15 0.078 1 2
14 22 0.051 1 0
32 40 0.141 1 2
44 52 0.143 1 0
251 22 1.274 1 2
178 40 0.572 1 0
16 30 0.049 1 0
19 22 0.127 1 2
13 70 0.049 1 0
32 5 0.129 1 0
44 100 0.138 1 2
15 15 0.086 1 0
142 5 0.877 1 0
31 52 0.138 1 2
208 52 0.671 1 0
190 10 0.607 1 0
11 22 0.060 1 0
173 10 1.061 1 0
16 100 0.070 1 0
24 30 0.081 1 0
32 40 0.094 1 0
117 5 0.632 1 0
58 100 0.294 1 0
152 5 0.993 1 0
36 100 0.129 1 0
243 5 0.774 1 2
76 15 0.487 1 0
240 52 0.819 1 0
184 70 0.548 1 0
54 52 0.207 1 0
76 30 0.384 1 2
106 22 0.616 1 0
74 10 0.249 1 0
69 30 0.367 1 2
28 30 0.113 1 2
45 22 0.246 1 0
62 70 0.352 1 2
15 5 0.062 1 0
18 22 0.070 1 2
228 10 1.146 1 0
100 10 0.676 1 0
18 5 0.063 1 0
171 52 0.574 1 0
19 52 0.117 1 2
151 40 0.541 1 0
41 5 0.144 1 2
23 40 0.071 1 2
32 10 0.144 1 2
11 15 0.056 1 2
12 22 0.067 1 0
280 40 1.321 1 0
34 5 0.105 1 2
159 22 0.855 1 0
41 52 0.160 1 0
243 40 1.095 1 0
16 70 0.074 1 0
158 15 0.794 1 0
19 30 0.060 1 0
34 40 0.109 1 0
61 40 0.282 1 0
153 100 0.619 1 2
22 10 0.101 1 0
62 5 0.371 1 0
18 30 0.061 1 2
101 70 0.656 1 0
31 52 0.147 2 1
18 10 0.065 2 0
192 30 1.239 2 1
127 100 0.436 2 1
334 70 2.257 2 0
310 15 1.505 2 0
42 30 0.192 2 0
124 40 0.752 2 1
168 70 0.533 2 0
55 15 0.162 2 0
70 70 0.446 2 0
52 10 0.169 2 0
328 5 1.000 2 1
124 70 0.790 2 1
11 40 0.071 2 0
15 10 0.056 2 1
17 70 0.071 2 0
79 15 0.333 2 0
67 22 0.206 2 0
76 5 0.455 2 0
12 30 0.041 2 1
24 70 0.075 2 0
13 100 0.065 2 1
71 10 0.327 2 1
85 100 0.321 2 0
36 30 0.214 2 0
27 100 0.158 2 1
32 22 0.124 2 1
191 40 0.715 2 0
15 70 0.077 2 1
23 40 0.069 2 0
70 70 0.310 2 1
27 5 0.093 2 0
94 15 0.301 2 0
15 40 0.055 2 1
45 100 0.254 2 0
72 52 0.266 2 0
80 52 0.287 2 0
22 40 0.109 2 1
64 10 0.390 2 0
18 40 0.093 2 1
141 70 0.434 2 0
56 5 0.243 2 1
15 15 0.057 2 0
176 10 0.936 2 0
39 70 0.119 2 0
50 22 0.166 2 0
44 30 0.161 2 0
23 52 0.095 2 0
34 70 0.116 2 1
14 10 0.058 2 1
229 100 1.324 2 0
16 15 0.057 2 1
285 100 1.541 2 0
155 70 0.457 2 1
187 15 0.776 2 0
16 15 0.050 2 1
17 40 0.075 2 0
295 22 0.875 2 0
51 15 0.309 2 1
10 5 0.057 2 0
13 15 0.057 2 0
135 30 0.696 2 0
39 15 0.247 2 0
138 5 0.683 2 0
16 40 0.091 2 1
93 52 0.435 2 0
161 40 0.472 2 1
88 52 0.295 2 0
11 22 0.056 2 1
182 52 0.669 2 1
16 30 0.055 2 0
91 30 0.555 2 1
19 70 0.059 2 1
43 22 0.253 2 0
45 10 0.131 2 0
108 30 0.333 2 1
76 10 0.328 2 1
37 22 0.236 2 0
67 5 0.201 2 0
104 40 0.373 2 1
11 22 0.040 2 0
19 5 0.056 2 1
31 15 0.093 2 0
178 10 0.612 2 1
11 22 0.042 2 0
102 100 0.349 2 0
28 70 0.110 2 0
64 30 0.388 2 0
37 10 0.181 2 0
36 100 0.179 2 0
67 22 0.372 2 0
18 70 0.064 2 0
11 22 0.032 2 0
138 30 0.500 2 0
26 70 0.144 2 0
14 100 0.061 2 0
29 70 0.097 2 1
63 10 0.328 2 0
185 70 0.605 2 1
233 22 1.421 2 0
49 40 0.147 2 0
75 70 0.326 2 0
10 52 0.045 2 0
16 10 0.066 2 0
38 100 0.163 2 1
19 40 0.104 2 0
70 52 0.208 2 0
327 10 1.528 2 0
31 5 0.099 2 1
198 15 0.680 2 0
327 5 1.557 2 0
15 40 0.071 2 1
161 30 0.599 2 1
273 52 1.066 2 0
48 52 0.174 2 0
188 22 1.087 2 0
13 15 0.049 2 1
37 40 0.134 2 0
49 10 0.174 2 1
34 52 0.125 2 0
12 40 0.074 2 1
26 5 0.076 2 0
155 70 0.928 2 0
175 15 0.574 2 1
15 40 0.074 2 1
41 52 0.127 2 1
10 52 0.040 2 0
10 15 0.037 2 0
28 100 0.102 2 1
31 15 0.116 2 0
149 30 0.680 2 0
13 10 0.071 2 0
18 100 0.054 2 1
16 5 0.052 2 0
186 30 0.935 2 0
77 40 0.478 2 1
335 5 1.091 2 1
47 30 0.186 2 0
119 10 0.399 2 1
43 52 0.208 2 1
138 52 0.431 2 1
90 5 0.288 2 0
59 15 0.176 2 0
63 30 0.387 2 0
50 52 0.243 2 0
129 30 0.467 2 0
41 15 0.240 2 0
98 52 0.366 2 0
14 70 0.061 2 0
231 10 0.786 2 0
27 70 0.084 2 0
94 100 0.339 2 1
71 10 0.370 2 0
10 40 0.031 2 0
73 100 0.264 2 0
12 10 0.062 2 0
15 30 0.051 2 0
22 22 0.087 2 1
36 40 0.121 2 1
23 15 0.080 2 1
112 30 0.602 2 0
38 15 0.177 2 0
286 22 1.139 2 0
38 30 0.128 2 1
16 10 0.066 2 0
25 70 0.078 2 1
38 100 0.191 2 1
35 52 0.179 2 0
32 40 0.206 2 1
287 70 1.079 2 0
24 10 0.073 2 0
126 100 0.818 2 0
52 70 0.230 2 1
22 5 0.065 2 0
52 70 0.325 2 0
156 30 0.508 2 0
107 30 0.401 2 0
31 15 0.179 2 0
52 5 0.174 2 0
10 30 0.056 2 0
92 5 0.368 2 1
56 52 0.181 2 1
117 5 0.369 2 1
19 70 0.063 2 1
71 100 0.403 2 0
74 22 0.276 2 1
16 40 0.075 2 1
78 52 0.335 2 1
38 52 0.253 2 0
12 70 0.041 2 0
35 100 0.202 2 0
271 22 1.390 2 1
11 15 0.060 2 0
18 30 0.052 2 1
23 10 0.068 2 1
19 15 0.066 2 1
76 70 0.328 2 0
33 40 0.145 2 0
123 30 0.423 2 0
30 70 0.140 2 1
79 40 0.374 2 0
38 5 0.171 2 0
19 10 0.069 2 1
96 30 0.343 2 0
57 5 0.202 2 0
11 5 0.074 2 0
118 15 0.549 2 1
39 5 0.114 2 0
161 70 0.472 2 1
27 22 0.082 2 0
160 15 0.856 2 0
13 70 0.043 2 1
15 52 0.098 2 1
146 30 0.485 2 1
50 5 0.153 2 1
20 40 0.071 2 0
59 22 0.179 2 1
224 30 1.072 2 0
46 5 0.277 2 0
113 52 0.467 2 0
30 10 0.100 2 0
24 22 0.083 2 0
18 22 0.085 2 0
18 15 0.086 2 0
26 30 0.082 2 0
93 52 0.380 2 1
13 5 0.074 2 0
193 15 0.970 2 0
72 70 0.310 2 0
19 22 0.118 2 0
213 22 0.703 2 0
17 30 0.078 2 1
14 100 0.070 2 0
32 30 0.139 2 0
11 10 0.037 2 0
204 5 0.634 2 0
19 70 0.062 2 0
51 30 0.165 2 0
74 22 0.308 2 0
142 100 0.877 2 1
10 70 0.048 2 0
14 22 0.057 2 1
135 10 0.767 2 1
85 40 0.452 2 0
17 5 0.080 2 0
13 70 0.056 2 0
92 10 0.281 2 1
17 5 0.101 2 0
64 5 0.403 2 0
89 30 0.283 2 0
18 70 0.070 2 0
172 40 0.639 2 0
72 10 0.217 2 0
47 52 0.172 2 1
44 100 0.239 2 1
17 40 0.076 2 1
29 10 0.129 2 0
74 52 0.411 2 0
65 15 0.201 2 0
57 22 0.377 2 0
34 22 0.130 2 1
46 10 0.214 2 0
138 15 0.511 2 0
106 52 0.361 2 1
78 100 0.413 2 0
72 10 0.216 2 0
284 70 1.844 2 1
46 40 0.201 2 0
178 10 0.647 2 1
17 40 0.051 2 1
145 100 0.819 2 1
11 22 0.046 2 0
17 70 0.055 2 0
127 22 0.510 2 1
294 10 1.195 2 0
46 70 0.145 2 0
52 10 0.183 2 1
21 40 0.125 2 0
198 30 1.106 2 0
24 70 0.118 2 1
54 30 0.316 2 0
50 70 0.151 2 0
72 15 0.301 2 0
19 70 0.107 2 0
103 22 0.585 2 0
156 100 0.459 2 0
213 70 1.139 2 0
61 40 0.218 2 0
69 15 0.292 2 0
235 15 0.864 2 1
35 52 0.131 2 0
20 70 0.103 2 0
35 100 0.119 2 0
27 70 0.114 2 0
194 100 0.738 2 0
41 52 0.210 2 1
174 100 0.888 2 0
17 100 0.098 2 1
12 22 0.076 2 0
34 40 0.121 2 0
20 30 0.078 2 1
197 100 1.031 2 1
59 22 0.267 2 1
36 30 0.155 2 0
58 30 0.211 2 1
190 22 0.623 2 1
38 15 0.141 2 0
86 5 0.460 2 0
24 40 0.090 2 0
106 15 0.318 2 0
83 22 0.417 2 1
10 30 0.035 2 0
141 15 0.416 2 0
22 5 0.103 2 1
16 100 0.085 2 1
208 40 0.738 2 0
23 100 0.096 2 1
329 70 1.188 2 1
72 70 0.477 2 0
124 30 0.508 2 1
11 40 0.058 2 0
75 15 0.258 2 1
26 5 0.155 2 1
163 5 0.522 2 1
240 52 1.589 2 0
68 22 0.216 2 0
294 70 1.289 2 0
67 100 0.249 2 0
217 100 1.254 2 1
10 100 0.031 2 1
183 70 0.843 2 0
34 10 0.140 2 0
33 5 0.182 2 0
193 30 0.576 2 1
77 70 0.464 2 0
33 100 0.213 2 1
27 100 0.096 2 0
67 70 0.332 2 0
82 30 0.319 2 0
64 10 0.395 2 0
54 40 0.273 2 1
155 5 0.508 2 1
62 40 0.263 2 0
168 22 0.675 2 1
77 100 0.289 2 0
24 15 0.075 2 0
16 40 0.051 2 0
333 22 1.528 2 0
75 22 0.481 2 0
191 22 1.110 2 0
226 100 0.782 2 0
11 22 0.033 2 1
24 100 0.096 2 0
15 5 0.094 2 1
10 5 0.039 2 1
117 70 0.385 2 1
117 40 0.544 2 0
70 40 0.256 2 0
72 100 0.248 2 0
334 100 1.193 2 1
18 100 0.078 2 1
26 5 0.116 2 0
24 5 0.092 2 1
55 5 0.239 2 1
16 10 0.049 2 1
53 15 0.185 2 0
35 100 0.158 2 0
15 52 0.045 2 0
42 52 0.132 2 0
158 15 0.617 2 0
82 15 0.536 2 0
19 15 0.072 2 1
172 10 0.610 2 1
56 30 0.185 2 0
36 100 0.111 2 1
10 40 0.056 2 0
10 10 0.041 2 0
14 5 0.080 2 1
11 10 0.063 2 1
16 10 0.099 2 0
91 10 0.495 2 0
20 70 0.093 2 1
46 15 0.152 2 0
110 52 0.696 2 0
52 40 0.221 2 1
62 70 0.258 2 0
23 5 0.071 2 0
36 5 0.136 2 0
30 15 0.109 2 0
11 70 0.032 2 0
72 10 0.265 2 0
38 40 0.117 2 0
67 10 0.212 2 1
158 70 0.658 2 0
281 100 0.867 2 0
75 22 0.490 2 0
116 22 0.699 2 0
36 100 0.149 2 1
36 70 0.118 2 0
24 5 0.095 2 0
14 22 0.045 2 0
16 100 0.059 2 0
20 52 0.126 2 0
164 15 0.482 2 0
52 100 0.200 2 0
14 40 0.046 2 0
58 100 0.222 2 0
20 5 0.091 2 1
14 22 0.055 2 0
12 30 0.045 2 0
50 15 0.190 2 1
80 52 0.516 2 0
40 100 0.158 2 0
94 5 0.534 2 1
111 30 0.360 2 0
11 5 0.040 2 1
14 40 0.059 2 0
184 15 0.800 2 0
17 10 0.069 2 0
16 52 0.094 2 0
10 100 0.031 2 1
63 100 0.253 2 1
21 10 0.081 2 1
60 5 0.184 2 1
122 15 0.437 2 0
34 22 0.142 2 1
47 52 0.233 2 0
20 100 0.067 2 1
41 40 0.123 2 0
22 40 0.068 2 1
156 70 0.456 2 1
17 15 0.074 2 0
17 100 0.075 2 0
13 10 0.050 2 0
20 15 0.109 2 0
43 40 0.189 2 1
11 10 0.034 2 1
16 40 0.089 2 1
21 22 0.107 2 1
95 15 0.394 2 1
33 22 0.133 2 0
61 40 0.229 2 0
74 30 0.413 2 0
23 40 0.153 2 0
39 70 0.218 2 0
108 52 0.527 2 1
232 15 0.943 2 0
56 70 0.329 2 0
13 15 0.066 2 1
160 70 0.796 2 0
98 15 0.628 2 0
39 52 0.159 2 1
276 10 1.865 2 0
15 100 0.077 2 1
43 100 0.224 2 0
92 30 0.387 2 0
83 15 0.500 2 0
106 15 0.408 2 0
187 52 0.751 2 1
16 5 0.067 2 0
328 100 0.973 2 0
43 40 0.162 2 0
41 15 0.134 2 0
58 10 0.188 2 1
261 5 0.949 2 1
54 52 0.164 2 0
14 30 0.090 2 0
158 5 0.924 2 1
10 52 0.030 2 1
43 100 0.239 2 0
24 100 0.112 2 0
14 70 0.042 2 1
179 100 0.536 2 0
153 15 0.450 2 1
17 100 0.057 2 1
98 22 0.390 2 1
223 15 0.845 2 0
12 40 0.040 2 1
153 30 0.850 2 1
189 5 0.974 2 0
31 15 0.160 2 0
333 10 2.220 2 0
53 40 0.272 2 0
21 10 0.068 2 0
27 5 0.146 2 0
16 15 0.070 2 1
29 40 0.086 2 0
11 15 0.033 2 1
18 100 0.058 2 1
64 100 0.410 2 0
161 52 0.856 2 0
332 15 1.092 2 0
70 70 0.243 2 0
13 40 0.083 2 0
156 100 0.812 2 0
49 100 0.288 2 1
164 52 0.577 2 1
13 52 0.061 2 1
57 70 0.284 2 0
177 100 0.994 2 0
55 15 0.301 2 0
24 15 0.096 2 0
42 15 0.186 2 0
17 100 0.076 2 0
77 70 0.321 2 1
208 30 1.292 2 0
53 15 0.187 2 0
27 100 0.090 2 0
50 40 0.321 2 0
19 15 0.071 2 0
19 5 0.064 2 0
35 30 0.129 2 1
25 52 0.095 2 1
66 5 0.440 2 0
19 30 0.095 2 0
28 100 0.086 2 0
84 30 0.346 2 0
15 30 0.073 2 0
184 15 0.601 2 0
59 5 0.360 2 1
32 5 0.152 2 0
338 100 1.682 2 1
45 70 0.198 2 0
22 70 0.110 2 0
80 15 0.239 2 0
10 30 0.040 2 0
10 52 0.061 2 1
152 5 0.910 2 0
13 10 0.051 2 1
75 5 0.419 2 0
47 52 0.182 2 0
19 10 0.119 2 1
14 40 0.056 2 0
59 10 0.214 2 0
76 15 0.478 2 0
13 15 0.048 2 0
135 40 0.758 2 1
17 30 0.056 2 0
32 5 0.114 2 1
180 70 0.796 2 0
50 40 0.216 2 1
68 22 0.402 2 0
13 10 0.079 2 1
13 52 0.041 2 1
14 52 0.055 2 0
251 40 1.268 2 1
121 10 0.486 2 0
22 10 0.126 2 1
315 70 1.864 2 0
71 30 0.262 2 0
19 30 0.115 2 0
16 52 0.059 2 0
18 5 0.057 2 0
61 10 0.332 2 0
40 10 0.136 2 1
10 15 0.037 2 1
17 5 0.055 2 1
43 15 0.153 2 0
10 100 0.047 2 1
56 30 0.242 2 1
79 52 0.288 2 0
33 10 0.145 2 0
295 10 0.980 2 0
12 22 0.042 2 1
45 40 0.150 2 0
52 40 0.349 2 0
16 10 0.076 2 1
184 40 0.995 2 0
135 15 0.434 2 0
51 22 0.155 2 0
129 40 0.675 2 1
50 5 0.211 2 0
10 100 0.046 2 1
18 100 0.090 2 0
10 52 0.035 2 0
25 40 0.096 2 0
164 22 1.006 2 1
55 40 0.204 2 0
333 30 1.725 2 0
48 100 0.168 2 0
10 40 0.038 2 1
13 10 0.044 2 0
15 22 0.080 2 0
60 30 0.319 2 0
10 40 0.045 2 0
48 15 0.218 2 0
19 5 0.058 2 0
97 22 0.290 2 0
172 70 0.560 2 0
34 100 0.171 2 0
30 70 0.129 2 0
14 22 0.047 2 1
10 52 0.041 2 1
165 10 0.775 2 0
32 40 0.162 2 1
18 100 0.103 2 0
189 10 0.566 2 0
19 100 0.105 2 0
66 100 0.207 2 0
31 22 0.143 2 1
31 22 0.204 2 1
253 10 1.454 2 0
113 52 0.372 2 1
30 22 0.119 2 1
17 100 0.069 2 1
47 100 0.146 2 0
30 15 0.106 2 0
221 15 0.929 2 1
81 100 0.405 2 1
37 22 0.196 2 0
122 70 0.542 2 1
11 15 0.037 2 0
28 100 0.129 2 0
70 52 0.292 2 0
54 30 0.314 2 0
12 5 0.046 2 0
30 5 0.128 2 0
29 100 0.170 2 1
31 52 0.116 2 1
54 10 0.348 2 0
30 30 0.162 2 1
65 30 0.290 2 0
23 5 0.097 2 0
41 40 0.121 2 0
67 70 0.303 2 0
30 22 0.129 2 1
198 52 0.690 2 0
11 40 0.054 2 1
126 70 0.521 2 1
19 40 0.067 2 0
27 52 0.085 2 1
27 5 0.108 2 0
25 10 0.153 2 0
26 70 0.089 2 0
31 100 0.157 2 0
15 5 0.097 2 1
49 52 0.195 2 0
43 15 0.231 2 0
209 10 0.661 2 1
19 100 0.091 2 0
17 52 0.093 2 0
242 40 0.752 2 0
19 22 0.079 2 0
51 5 0.338 2 0
52 70 0.256 2 1
84 22 0.412 2 0
35 10 0.105 2 1
239 15 0.839 2 0
145 100 0.442 2 1
23 5 0.091 2 0
147 30 0.710 2 0
98 70 0.613 2 1
71 10 0.394 2 0
54 15 0.271 2 0
114 100 0.540 2 1
35 52 0.120 2 1
12 30 0.039 2 0
72 5 0.424 2 1
21 10 0.090 2 0
35 10 0.176 2 0
10 52 0.035 2 0
14 15 0.053 2 0
13 52 0.039 2 1
33 40 0.163 2 0
23 30 0.076 2 1
28 40 0.091 2 0
61 40 0.203 2 0
19 70 0.068 2 0
258 40 0.857 2 0
182 30 0.892 2 1
125 40 0.440 2 1
11 100 0.036 2 0
37 100 0.117 2 0
107 40 0.575 2 0
10 5 0.031 2 1
107 52 0.415 2 0
119 22 0.531 2 1
150 15 0.704 2 0
16 30 0.101 2 1
146 100 0.485 2 1
198 70 0.868 2 0
76 30 0.249 2 1
172 10 0.738 2 0
14 5 0.058 2 0
47 100 0.170 2 0
37 30 0.180 2 1
197 70 0.661 2 0
163 30 0.591 2 0
186 15 0.823 2 0
35 70 0.128 2 0
30 100 0.143 2 0
104 70 0.375 2 0
19 100 0.056 2 0
134 70 0.396 2 0
64 10 0.288 2 1
74 30 0.314 2 0
21 22 0.125 2 1
106 70 0.315 2 0
14 40 0.051 2 0
12 22 0.054 2 1
147 40 0.565 2 1
102 70 0.498 2 0
46 5 0.159 2 1
13 30 0.041 2 1
67 5 0.322 2 0
305 10 1.230 2 0
37 52 0.247 2 1
78 5 0.467 2 0
24 10 0.110 2 0
234 22 1.453 2 0
64 30 0.226 2 0
73 15 0.424 2 0
36 100 0.211 2 1
28 70 0.084 2 0
165 10 1.044 2 1
30 30 0.113 2 0
146 40 0.874 2 0
74 10 0.497 2 0
61 5 0.305 2 0
114 40 0.528 2 0
10 70 0.030 2 0
21 40 0.070 2 0
28 70 0.146 2 0
112 22 0.393 2 0
65 22 0.272 2 0
24 5 0.151 2 0
62 52 0.238 2 1
188 40 1.106 2 0
190 5 0.565 2 1
226 40 0.869 2 0
15 52 0.048 2 0
18 5 0.065 2 0
51 22 0.155 2 0
48 40 0.202 2 0
66 52 0.272 2 0
328 22 1.257 2 0
197 15 0.938 2 0
10 100 0.050 2 0
39 100 0.135 2 1
29 52 0.124 2 1
16 10 0.087 2 0
64 5 0.211 2 1
119 5 0.406 2 0
28 100 0.181 2 0
81 70 0.362 2 0
58 15 0.241 2 1
106 52 0.387 2 0
17 5 0.053 2 1
63 22 0.199 2 1
28 22 0.089 2 0
57 100 0.171 2 0
280 30 1.267 2 0
63 5 0.375 2 0
10 22 0.062 2 1
333 70 1.699 2 0
24 40 0.086 2 0
94 15 0.326 2 0
29 100 0.093 2 0
13 15 0.054 2 0
12 100 0.042 2 0
13 100 0.075 2 0
47 70 0.160 2 1
12 52 0.052 2 0
125 22 0.406 2 0
15 100 0.062 2 0
69 15 0.218 2 0
134 15 0.657 2 0
164 70 0.487 2 0
96 100 0.356 2 1
24 52 0.131 2 1
166 30 1.099 2 0
25 22 0.113 2 0
12 5 0.055 2 1
19 22 0.057 2 1
164 22 0.994 2 1
14 5 0.095 2 0
85 15 0.312 2 0
15 30 0.061 2 1
52 22 0.157 2 1
273 52 1.066 2 0
42 70 0.133 2 0
28 70 0.176 2 1
145 5 0.612 2 1
97 100 0.353 2 0
122 70 0.390 2 1
30 15 0.096 2 0
12 30 0.057 2 0
60 52 0.189 2 0
52 40 0.243 2 0
149 100 0.530 2 0
49 40 0.306 2 0
15 40 0.061 2 0
12 15 0.063 2 1
117 40 0.506 2 0
297 10 1.822 2 0
124 52 0.382 2 0
77 40 0.231 2 0
187 70 0.839 2 1
16 15 0.064 2 0
25 40 0.077 2 0
229 10 0.804 2 0
112 40 0.709 2 0
14 22 0.051 2 0
22 5 0.083 2 0
181 22 0.761 2 1
110 30 0.433 2 0
19 40 0.062 2 0
101 5 0.449 2 0
243 70 1.070 2 1
166 5 0.725 2 1
63 30 0.242 2 1
76 40 0.239 2 0
40 15 0.117 2 0
117 52 0.380 2 1
74 15 0.425 2 1
30 100 0.098 2 0
18 52 0.060 2 0
21 5 0.061 2 1
74 52 0.231 2 0
273 52 1.133 2 1
122 22 0.537 2 1
31 40 0.097 2 0
15 52 0.062 2 0
39 30 0.161 2 0
168 5 0.706 2 0
16 5 0.056 2 1
33 70 0.100 2 0
11 15 0.047 2 1
12 100 0.051 2 0
34 100 0.186 2 1
328 15 1.238 2 0
74 22 0.343 2 0
28 15 0.096 2 1
139 40 0.450 2 0
137 40 0.596 2 0
139 15 0.594 2 0
72 100 0.326 2 1
41 100 0.210 2 0
49 40 0.230 2 0
34 52 0.146 2 1
16 15 0.060 2 1
10 40 0.038 2 0
156 52 0.460 2 1
51 30 0.150 2 1
92 100 0.354 2 1
98 30 0.322 2 0
11 10 0.068 2 1
84 52 0.389 2 1
165 30 0.902 2 1
178 15 0.962 2 0
13 100 0.055 2 0
19 15 0.106 2 0
15 100 0.052 2 0
18 100 0.075 2 0
48 70 0.208 2 0
38 5 0.123 2 1
39 40 0.148 2 0
11 100 0.059 2 0
22 30 0.120 2 0
24 100 0.087 2 1
14 30 0.043 2 0
47 30 0.283 2 0
13 5 0.079 2 0
13 70 0.083 2 1
13 10 0.065 2 0
64 100 0.237 2 0
46 40 0.272 2 0
127 5 0.457 2 1
25 70 0.095 2 0
71 70 0.220 2 1
289 30 0.970 2 0
68 70 0.308 2 0
12 30 0.053 2 0
66 70 0.289 2 0
18 40 0.071 2 0
54 10 0.248 2 1
52 100 0.313 2 0
38 10 0.245 2 0
11 40 0.041 2 0
37 15 0.247 2 0
19 15 0.086 2 0
94 70 0.378 2 1
25 70 0.080 2 0
39 70 0.244 2 1
292 70 0.866 2 0
95 15 0.546 2 0
23 40 0.094 2 1
68 40 0.241 2 0
52 52 0.224 2 1
11 30 0.045 2 1
18 40 0.053 2 0
10 52 0.037 2 0
66 5 0.311 2 0
65 40 0.401 2 0
32 22 0.116 2 1
88 70 0.484 2 0
40 5 0.141 2 1
20 10 0.089 2 1
16 10 0.052 2 0
36 100 0.131 2 1
135 22 0.408 2 1
29 10 0.085 2 0
12 22 0.055 2 0
11 52 0.072 2 0
19 5 0.066 2 0
214 30 0.647 2 1
31 15 0.138 2 0
50 52 0.211 2 0
84 10 0.385 2 0
38 22 0.131 2 0
161 15 0.821 2 0
149 22 0.598 2 0
12 30 0.048 2 1
92 15 0.298 2 0
178 10 1.079 2 1
145 15 0.589 2 0
66 15 0.405 2 1
10 5 0.045 2 0
195 30 0.980 2 0
54 52 0.208 2 1
34 5 0.127 2 0
19 22 0.109 2 1
107 22 0.480 2 0
107 15 0.314 2 0
35 5 0.149 2 0
71 22 0.264 2 1
56 100 0.164 2 0
54 30 0.158 2 0
317 5 1.660 2 0
287 15 1.772 2 0
63 10 0.223 2 0
41 10 0.166 2 0
198 52 0.839 2 0
188 22 0.866 2 1
106 30 0.405 2 0
25 52 0.116 2 0
39 40 0.260 2 0
173 70 0.852 2 0
98 40 0.293 2 0
10 22 0.040 2 1
11 40 0.062 2 1
92 15 0.440 2 0
37 30 0.209 2 0
137 5 0.682 2 0
10 70 0.045 2 1
21 22 0.068 2 0
27 15 0.178 2 1
114 5 0.384 2 1
72 70 0.369 2 0
173 10 0.769 2 0
38 100 0.187 2 0
93 100 0.431 2 0
72 22 0.429 2 0
13 5 0.075 2 0
22 100 0.130 2 0
41 22 0.162 2 0
16 30 0.064 2 0
58 52 0.296 2 1
14 5 0.047 2 0
21 10 0.068 2 0
10 15 0.043 2 0
16 22 0.068 2 0
32 10 0.150 2 0
74 15 0.443 2 1
195 30 1.219 2 0
312 40 2.094 2 1
18 40 0.066 2 0
160 40 1.060 2 1
172 52 0.754 2 1
48 52 0.238 2 0
156 15 0.678 2 0
112 40 0.557 2 0
16 70 0.067 2 0
96 40 0.409 2 0
232 30 1.459 2 0
12 70 0.036 2 0
39 40 0.117 2 0
27 30 0.127 2 0
112 52 0.644 2 0
74 22 0.296 2 0
315 52 1.016 2 0
64 22 0.224 2 0
53 70 0.164 2 0
228 30 0.946 2 0
66 10 0.286 2 0
202 22 0.620 2 0
45 52 0.182 2 0
11 15 0.065 2 1
19 22 0.090 2 0
91 22 0.450 2 0
187 70 0.558 2 0
11 52 0.043 2 0
39 22 0.140 2 0
26 22 0.093 2 0
63 52 0.260 2 1
16 15 0.053 2 0
90 15 0.274 2 1
160 30 0.748 2 0
66 15 0.391 2 0
52 100 0.256 2 0
223 10 1.168 2 0
30 10 0.090 2 0
45 5 0.180 2 0
185 30 0.801 2 0
97 15 0.606 2 0
18 100 0.056 2 1
15 100 0.051 2 0
13 15 0.088 2 1
73 15 0.462 2 0
15 52 0.065 2 0
54 10 0.196 2 1
55 100 0.169 2 1
66 22 0.365 2 0
179 22 0.541 2 0
15 15 0.047 2 0
17 40 0.051 2 0
21 40 0.072 2 1
12 30 0.079 2 0
41 52 0.191 2 0
11 100 0.042 2 0
225 30 1.372 2 0
69 5 0.239 2 1
35 22 0.170 2 1
148 100 0.461 2 1
34 70 0.212 2 1
10 30 0.056 2 0
10 100 0.044 2 0
36 100 0.136 2 1
190 52 0.792 2 0
33 40 0.152 2 0
11 5 0.035 2 0
38 52 0.118 2 0
206 30 0.945 2 0
17 52 0.056 2 1
21 100 0.104 2 0
334 15 1.025 2 0
23 100 0.086 2 0
52 5 0.302 2 1
119 15 0.778 2 0
44 52 0.137 2 0
18 100 0.085 2 0
156 70 0.923 2 1
161 10 0.478 2 0
117 52 0.613 2 0
43 15 0.141 2 1
168 5 0.598 2 1
13 30 0.051 2 0
25 70 0.105 2 0
15 52 0.067 2 0
99 70 0.308 2 0
55 52 0.204 2 0
18 70 0.062 2 1
10 5 0.063 2 0
174 22 1.067 2 0
