27 30 0.124 0 2
17 30 0.108 0 1
79 100 0.500 0 2
70 70 0.315 0 2
113 40 0.638 0 1
22 10 0.115 0 1
93 100 0.280 0 2
21 10 0.095 0 1
84 100 0.549 0 1
21 70 0.108 0 2
31 100 0.200 0 2
12 10 0.037 0 1
193 15 0.569 0 1
116 10 0.768 0 1
51 52 0.288 0 1
13 52 0.050 0 1
27 70 0.131 0 2
300 10 1.463 0 2
26 100 0.083 0 2
14 5 0.062 0 1
12 5 0.055 0 2
303 40 1.656 0 1
98 5 0.334 0 2
191 40 0.690 0 2
14 30 0.045 0 2
83 40 0.290 0 2
72 30 0.365 0 2
25 15 0.156 0 1
24 15 0.098 0 2
14 15 0.069 0 2
114 22 0.348 0 2
192 10 0.722 0 1
194 52 0.894 0 1
136 52 0.680 0 1
14 22 0.044 0 2
24 22 0.078 0 2
18 22 0.107 0 2
37 40 0.151 0 2
229 10 0.688 0 1
101 22 0.352 0 1
66 10 0.363 0 1
31 40 0.104 0 1
23 52 0.090 0 2
70 30 0.335 0 1
28 52 0.159 0 1
63 100 0.273 0 1
17 30 0.050 0 2
94 52 0.295 0 1
38 15 0.116 0 1
246 10 1.406 0 2
16 15 0.061 0 2
96 100 0.434 0 1
35 5 0.190 0 2
85 5 0.423 0 1
60 5 0.274 0 1
27 52 0.089 0 1
21 52 0.080 0 1
102 52 0.528 0 1
46 10 0.204 0 1
38 10 0.194 0 1
303 15 1.038 0 1
12 30 0.056 0 2
89 70 0.285 0 1
99 100 0.643 0 1
61 52 0.307 0 1
192 40 1.000 0 2
335 10 1.040 0 2
67 70 0.406 0 1
17 30 0.063 0 1
23 22 0.104 0 2
68 10 0.204 0 2
83 30 0.449 0 2
20 10 0.064 0 2
205 40 0.779 0 1
15 100 0.078 0 2
326 30 1.689 0 1
37 52 0.116 0 2
304 15 1.689 0 2
118 22 0.408 0 2
196 70 1.054 0 1
19 70 0.058 0 1
64 40 0.299 0 1
105 30 0.550 0 2
163 70 1.058 0 2
13 40 0.061 0 2
124 15 0.481 0 2
251 22 1.249 0 1
33 70 0.107 0 1
106 5 0.355 0 1
11 22 0.048 0 2
25 70 0.131 0 1
54 40 0.182 0 1
52 40 0.297 0 2
13 52 0.039 0 1
54 30 0.162 0 2
76 70 0.360 0 1
71 70 0.425 0 1
62 5 0.213 0 1
14 52 0.085 0 2
64 40 0.231 0 1
47 52 0.181 0 1
118 52 0.457 0 1
65 15 0.376 0 1
21 30 0.083 0 1
17 22 0.081 0 2
175 15 0.522 0 1
51 70 0.203 0 2
14 22 0.059 0 2
16 52 0.091 0 1
24 30 0.113 0 2
60 30 0.175 0 2
192 70 0.611 0 1
165 10 0.559 0 1
33 22 0.198 0 2
37 10 0.128 0 2
319 22 1.772 0 2
11 10 0.054 0 1
30 100 0.090 0 1
125 22 0.845 0 1
19 10 0.061 0 1
18 70 0.074 0 2
270 30 1.607 0 2
10 100 0.046 0 1
43 40 0.240 0 1
45 15 0.181 0 2
18 100 0.056 0 1
330 30 1.352 0 2
31 30 0.170 0 2
163 30 0.578 0 2
19 100 0.074 0 2
10 5 0.034 0 2
12 30 0.048 0 2
45 5 0.217 0 2
15 30 0.101 0 2
12 10 0.044 0 1
46 5 0.299 0 1
57 5 0.176 0 2
10 5 0.050 0 1
82 52 0.288 0 1
52 70 0.224 0 1
22 30 0.101 0 2
19 15 0.060 0 2
33 10 0.097 0 2
175 52 1.094 0 1
24 5 0.098 0 2
305 15 0.965 0 2
116 100 0.758 0 2
25 5 0.142 0 1
16 30 0.049 0 2
14 30 0.054 0 1
17 22 0.104 0 2
189 5 1.074 0 1
110 15 0.696 0 2
186 40 0.618 0 2
13 100 0.057 0 2
18 70 0.115 0 1
12 70 0.055 0 2
17 5 0.079 0 1
82 40 0.276 0 2
30 52 0.104 0 1
326 52 1.606 0 1
206 52 1.040 0 1
45 10 0.132 0 1
62 52 0.367 0 2
151 100 0.451 0 1
91 22 0.277 0 1
73 70 0.372 0 2
21 10 0.065 0 2
58 40 0.257 0 2
10 40 0.066 0 2
143 52 0.427 0 2
32 5 0.134 0 1
34 15 0.228 0 2
277 15 1.149 0 1
74 10 0.277 0 1
30 52 0.111 0 1
84 15 0.298 0 1
31 30 0.138 0 1
33 40 0.112 0 1
72 70 0.236 0 2
11 15 0.043 0 2
160 52 0.478 0 2
122 5 0.570 0 1
31 5 0.110 0 2
147 40 0.586 0 1
67 30 0.217 0 2
13 5 0.058 0 1
63 5 0.354 0 2
32 10 0.111 0 2
13 15 0.042 0 1
150 15 0.781 0 2
87 52 0.408 0 2
55 40 0.353 0 1
72 40 0.219 0 1
82 30 0.254 0 2
52 10 0.193 0 2
35 10 0.142 0 2
14 15 0.051 0 2
14 100 0.058 0 2
10 22 0.052 0 2
10 15 0.040 0 1
36 70 0.243 0 2
193 52 0.854 0 1
12 15 0.044 0 2
159 15 0.750 0 2
39 22 0.163 0 1
30 100 0.092 0 2
163 100 0.780 0 2
39 5 0.123 0 1
164 15 0.547 0 2
292 5 0.933 0 2
10 40 0.047 0 2
80 22 0.510 0 2
101 5 0.591 0 1
130 52 0.558 0 2
174 5 0.763 0 1
270 22 1.421 0 1
38 40 0.168 0 1
158 15 0.482 0 2
186 70 1.057 0 1
27 52 0.084 0 2
78 5 0.316 0 2
238 22 0.768 0 2
45 22 0.148 0 2
11 70 0.065 0 1
17 52 0.060 0 1
15 5 0.062 0 2
144 22 0.941 0 1
168 70 0.866 0 2
15 52 0.062 0 1
26 70 0.112 0 1
10 5 0.031 0 1
88 22 0.456 0 1
12 40 0.036 0 2
53 10 0.168 0 2
12 15 0.037 0 2
313 22 1.442 0 2
253 22 1.318 0 1
187 52 0.979 0 2
74 15 0.278 0 2
13 10 0.042 0 1
20 30 0.070 0 2
29 40 0.130 0 1
93 52 0.300 0 1
23 100 0.102 0 2
80 10 0.419 0 2
138 15 0.488 0 1
114 22 0.334 0 1
183 52 0.915 0 2
11 10 0.050 0 1
38 10 0.150 0 2
18 70 0.062 0 2
39 100 0.181 0 2
13 5 0.053 0 1
24 40 0.119 0 2
58 30 0.213 0 1
17 5 0.103 0 2
196 5 0.698 0 2
39 30 0.163 0 1
184 15 0.814 0 2
14 52 0.056 0 2
34 5 0.137 0 1
53 10 0.166 0 1
16 22 0.055 0 2
23 70 0.074 0 1
14 40 0.048 0 2
25 30 0.101 0 1
21 5 0.087 0 1
29 40 0.123 0 1
24 5 0.076 0 2
36 70 0.161 0 2
38 100 0.151 0 2
137 40 0.761 0 1
37 52 0.128 0 2
12 100 0.036 0 1
188 40 0.737 0 2
107 70 0.433 0 1
75 100 0.305 0 2
32 10 0.134 0 1
14 5 0.079 0 2
136 52 0.810 0 1
37 100 0.156 0 2
18 70 0.115 0 1
14 70 0.069 0 2
20 10 0.090 0 1
27 22 0.097 0 2
10 40 0.050 0 2
33 10 0.117 0 2
65 52 0.351 0 1
194 30 0.980 0 1
46 22 0.214 0 1
41 5 0.151 0 1
123 40 0.609 0 1
16 70 0.080 0 1
97 15 0.390 0 2
186 15 1.208 0 2
143 22 0.591 0 1
27 52 0.086 0 2
18 5 0.061 0 2
29 15 0.092 0 2
16 10 0.073 0 1
17 22 0.066 0 2
51 40 0.295 0 2
18 40 0.103 0 1
104 40 0.578 0 1
133 70 0.470 0 2
10 5 0.037 0 1
12 15 0.046 0 1
151 5 0.507 0 1
26 40 0.099 0 1
274 30 1.004 0 2
43 15 0.156 0 1
129 5 0.399 0 1
78 70 0.359 0 1
295 5 1.081 0 2
284 22 1.193 0 2
17 40 0.090 0 1
18 22 0.075 0 2
94 30 0.534 0 1
126 52 0.370 0 1
16 10 0.078 0 1
127 70 0.525 0 1
15 70 0.059 0 1
210 70 0.847 0 2
13 52 0.044 0 2
45 30 0.164 0 2
60 22 0.264 0 1
27 5 0.141 0 2
18 52 0.075 0 2
66 22 0.198 0 2
59 15 0.193 0 2
63 22 0.220 0 1
54 100 0.176 0 1
17 70 0.082 0 1
19 30 0.081 0 2
14 40 0.043 0 1
69 40 0.300 0 2
66 5 0.351 0 1
12 52 0.081 0 1
23 52 0.150 0 1
69 15 0.287 0 1
55 15 0.179 0 2
63 40 0.394 0 1
26 10 0.151 0 1
34 100 0.111 0 1
267 70 0.875 0 1
67 30 0.218 0 1
100 30 0.513 0 2
140 70 0.588 0 2
307 30 1.003 0 1
50 100 0.188 0 1
11 5 0.042 0 1
70 52 0.222 0 2
40 5 0.136 0 1
10 70 0.033 0 2
23 100 0.110 0 1
11 70 0.042 0 2
166 52 0.555 0 1
25 10 0.152 0 2
35 10 0.110 0 2
63 15 0.414 0 1
324 10 1.636 0 2
28 15 0.112 0 2
23 70 0.082 0 1
163 100 0.832 0 2
15 5 0.048 0 1
143 70 0.502 0 1
24 15 0.075 0 2
65 70 0.236 0 1
59 30 0.285 0 1
34 30 0.128 0 1
21 40 0.087 0 2
23 10 0.108 0 1
24 70 0.078 0 2
19 30 0.074 0 1
85 22 0.374 0 1
11 10 0.039 0 1
37 100 0.243 0 2
37 70 0.198 0 2
15 52 0.047 0 1
49 70 0.314 0 1
19 52 0.095 0 1
14 22 0.055 0 2
17 22 0.072 0 1
17 10 0.057 0 1
247 15 1.103 0 1
112 22 0.536 0 1
186 5 0.721 0 1
146 30 0.476 0 2
51 40 0.236 0 2
15 15 0.061 0 2
39 22 0.115 0 1
32 70 0.193 0 2
301 52 1.132 0 1
11 100 0.037 0 1
35 22 0.143 0 2
113 40 0.331 0 1
86 15 0.360 0 1
11 22 0.047 0 2
35 10 0.129 0 2
104 10 0.444 0 2
32 15 0.093 0 1
15 70 0.068 0 2
14 22 0.042 0 1
198 40 0.832 0 2
17 10 0.066 0 1
39 10 0.130 0 1
60 22 0.217 0 2
172 30 0.723 0 1
71 52 0.209 0 2
49 70 0.147 0 2
14 22 0.047 0 1
32 22 0.178 0 2
42 22 0.162 0 2
119 30 0.378 0 1
92 22 0.372 0 2
17 70 0.061 0 2
100 100 0.433 0 1
45 10 0.206 0 1
61 15 0.196 0 1
66 10 0.282 0 2
115 30 0.424 0 1
49 15 0.144 0 1
10 22 0.063 0 2
108 10 0.370 0 1
70 22 0.464 0 2
77 22 0.428 0 1
49 15 0.240 0 2
12 5 0.042 0 1
50 52 0.309 0 1
19 30 0.075 0 2
33 15 0.107 0 2
165 30 0.506 0 2
29 10 0.105 0 1
30 70 0.104 0 1
23 30 0.098 0 2
76 30 0.463 0 1
45 10 0.160 0 1
66 10 0.210 0 1
156 30 0.780 0 1
39 70 0.239 0 2
17 100 0.112 0 2
122 30 0.444 0 1
33 22 0.151 0 1
49 15 0.182 0 2
15 5 0.050 0 2
256 70 1.506 0 1
68 5 0.275 0 2
194 100 0.695 0 2
12 15 0.045 0 2
77 52 0.363 0 1
152 40 0.563 0 1
19 10 0.066 0 1
31 100 0.091 0 1
63 22 0.227 0 1
63 100 0.216 0 1
146 30 0.709 0 2
12 10 0.066 0 1
16 30 0.051 0 2
218 52 0.760 0 1
69 30 0.228 0 1
324 5 2.077 0 1
87 10 0.473 0 2
35 5 0.163 0 2
269 52 0.876 0 1
182 30 0.892 0 2
22 40 0.071 0 2
17 100 0.081 0 2
14 5 0.088 0 1
11 70 0.054 0 1
15 5 0.045 0 1
28 52 0.082 0 1
48 22 0.149 0 1
56 22 0.368 0 2
119 22 0.474 0 1
332 52 1.502 0 2
42 40 0.223 0 2
152 15 0.557 0 1
42 22 0.137 0 1
12 40 0.047 0 1
71 70 0.473 0 2
155 5 0.452 0 2
14 30 0.061 0 1
30 22 0.088 0 1
34 40 0.146 0 2
14 40 0.043 0 1
243 70 1.227 0 2
25 5 0.122 0 2
20 10 0.080 0 2
328 22 1.055 0 2
31 10 0.092 0 1
46 100 0.168 0 2
335 30 1.171 0 1
28 5 0.130 0 2
337 5 1.056 0 2
52 30 0.163 0 1
165 40 1.058 0 1
62 30 0.208 0 1
10 5 0.058 0 1
69 15 0.296 0 2
25 5 0.118 0 1
14 15 0.071 0 1
32 10 0.157 0 1
51 30 0.165 0 1
124 40 0.800 0 1
61 52 0.185 0 2
175 15 1.023 0 1
18 10 0.056 0 2
168 15 0.606 0 1
96 22 0.300 0 2
19 70 0.106 0 1
69 15 0.235 0 2
145 52 0.843 0 1
31 30 0.135 0 1
49 100 0.234 0 1
73 5 0.303 0 2
10 100 0.035 0 1
31 22 0.191 0 2
32 5 0.170 0 2
43 30 0.285 0 2
21 40 0.080 0 2
91 70 0.382 0 2
14 22 0.057 0 2
79 15 0.284 0 1
83 100 0.435 0 2
17 40 0.068 0 1
14 40 0.044 0 2
196 70 0.653 0 2
19 70 0.099 0 1
52 5 0.244 0 2
15 70 0.052 0 2
105 52 0.443 0 1
170 100 0.700 0 2
327 100 1.409 0 2
33 70 0.223 0 2
172 30 0.647 0 2
211 10 0.641 0 1
46 30 0.307 0 1
19 52 0.114 0 1
64 15 0.219 0 1
14 22 0.082 0 1
14 5 0.075 0 1
34 52 0.114 0 2
58 5 0.195 0 2
36 52 0.159 0 1
282 52 1.431 0 2
281 100 0.927 0 1
201 100 0.926 0 2
69 52 0.312 0 2
67 70 0.429 0 2
186 5 0.689 0 1
21 22 0.081 0 2
25 5 0.083 0 2
211 22 1.227 0 1
211 100 0.938 0 2
102 10 0.408 0 2
90 40 0.280 0 1
320 5 1.151 0 2
63 22 0.300 0 1
73 40 0.220 0 2
105 10 0.530 0 2
17 70 0.106 0 2
18 15 0.053 0 1
20 40 0.127 0 1
24 15 0.107 0 1
43 15 0.203 0 2
48 40 0.141 0 1
34 5 0.204 0 1
160 100 0.582 0 1
97 15 0.551 0 1
86 15 0.314 0 2
22 40 0.072 0 1
15 5 0.062 0 1
280 30 1.609 0 1
45 70 0.187 0 2
37 5 0.114 0 2
45 40 0.242 0 1
157 40 0.785 0 2
253 10 1.072 0 1
29 30 0.116 0 1
59 5 0.196 0 2
18 100 0.114 0 1
168 10 0.564 0 1
19 22 0.115 0 1
12 40 0.042 0 2
14 22 0.073 0 1
16 10 0.051 0 2
161 22 0.526 0 1
48 70 0.166 0 1
64 100 0.295 0 1
60 30 0.246 0 1
190 5 0.583 0 1
11 15 0.048 0 1
19 15 0.064 0 2
49 30 0.185 0 1
79 100 0.270 0 2
270 52 1.205 0 2
165 22 0.927 0 1
75 52 0.478 0 1
14 5 0.049 0 2
25 22 0.077 0 2
41 40 0.268 0 2
31 70 0.119 0 2
73 52 0.397 0 2
100 22 0.437 0 2
22 40 0.108 0 1
42 40 0.139 0 1
70 70 0.205 0 1
28 5 0.117 0 2
189 52 0.677 0 1
100 100 0.334 0 2
15 15 0.068 0 1
36 5 0.171 0 2
44 15 0.148 0 2
56 52 0.204 0 1
71 70 0.249 0 2
16 40 0.073 0 1
15 100 0.079 0 2
18 15 0.115 0 1
28 30 0.086 0 1
175 15 0.510 0 1
12 22 0.043 0 1
14 5 0.049 0 2
185 40 1.108 0 1
45 15 0.139 0 1
243 40 1.008 0 2
33 30 0.103 0 1
14 100 0.059 0 1
149 10 0.478 0 2
34 15 0.163 0 1
53 70 0.212 0 1
150 40 0.591 0 1
25 22 0.094 0 2
43 52 0.147 0 1
50 22 0.162 0 2
22 30 0.086 0 2
13 5 0.067 0 1
18 70 0.091 0 1
30 70 0.088 0 1
18 10 0.073 0 2
12 15 0.038 0 1
11 40 0.041 0 1
300 10 1.974 0 1
64 100 0.312 0 1
105 30 0.323 0 2
40 70 0.163 0 2
111 100 0.569 0 2
20 10 0.080 0 1
76 22 0.390 0 2
130 100 0.408 0 1
16 15 0.097 0 1
111 70 0.575 0 1
17 52 0.051 0 2
41 40 0.241 0 2
37 52 0.129 0 2
40 70 0.258 0 2
122 30 0.508 0 1
26 70 0.145 0 2
159 22 0.558 0 1
184 22 0.939 0 1
81 70 0.435 0 2
13 40 0.050 0 1
51 15 0.225 0 2
20 10 0.067 0 2
17 15 0.055 0 1
197 100 0.627 0 2
18 30 0.056 0 1
35 30 0.174 0 2
104 100 0.419 0 1
153 30 0.939 0 2
66 15 0.332 0 1
59 100 0.299 0 2
81 15 0.342 0 1
184 52 0.617 0 2
14 30 0.056 0 1
69 52 0.342 0 1
12 15 0.076 0 1
48 5 0.244 0 1
22 10 0.088 0 2
66 40 0.291 0 1
178 22 1.203 0 1
35 40 0.138 0 1
92 10 0.467 0 1
141 22 0.488 0 1
18 30 0.065 0 1
90 22 0.273 0 1
84 52 0.331 0 2
63 5 0.201 0 1
37 5 0.136 0 2
41 52 0.189 0 1
286 100 1.343 0 1
316 5 1.904 0 2
69 5 0.211 0 2
11 10 0.035 0 1
307 22 1.651 0 1
224 22 0.671 0 1
17 22 0.052 0 2
19 70 0.100 0 2
40 40 0.117 0 2
309 70 1.398 0 1
171 30 0.668 0 2
18 52 0.057 0 1
79 22 0.248 0 2
165 100 0.887 0 2
66 70 0.391 0 2
23 52 0.116 0 1
29 5 0.129 0 1
242 22 1.163 0 1
34 15 0.117 0 1
202 70 0.647 0 1
195 5 0.580 0 1
26 5 0.079 0 1
75 10 0.375 0 1
32 5 0.158 0 1
15 30 0.071 0 1
329 10 1.449 0 1
169 15 0.587 0 1
25 52 0.128 0 1
24 15 0.121 0 2
35 30 0.149 0 1
74 30 0.234 0 1
21 22 0.066 0 2
14 5 0.090 0 2
19 15 0.058 0 2
163 5 0.554 0 1
19 40 0.056 0 2
196 10 0.580 0 1
19 70 0.056 0 1
16 30 0.055 0 1
28 10 0.138 0 1
67 40 0.198 0 2
33 30 0.169 0 1
13 100 0.053 0 2
31 40 0.141 0 2
13 30 0.074 0 2
73 52 0.274 0 1
58 100 0.221 0 2
85 15 0.266 0 2
22 5 0.113 0 2
17 40 0.096 0 1
65 40 0.270 0 2
13 40 0.045 0 2
56 22 0.359 0 1
11 30 0.034 0 1
16 30 0.056 0 1
13 100 0.087 0 1
123 10 0.500 0 1
28 100 0.083 0 1
13 22 0.056 0 1
28 15 0.096 0 1
67 30 0.453 0 1
23 100 0.106 0 1
190 100 0.720 0 1
29 30 0.143 0 2
137 100 0.770 0 1
87 22 0.405 0 1
19 5 0.069 0 1
11 10 0.034 0 2
20 30 0.089 0 1
57 22 0.221 0 2
75 15 0.240 0 1
72 15 0.264 0 1
49 30 0.190 0 2
225 100 0.812 0 2
257 5 1.236 0 2
22 30 0.108 0 2
38 22 0.129 0 2
50 10 0.287 0 2
36 100 0.140 0 2
10 40 0.044 0 2
24 40 0.115 0 2
19 15 0.059 0 2
258 40 0.857 0 1
37 100 0.122 0 1
67 52 0.209 0 2
49 22 0.167 0 1
19 30 0.082 0 2
19 5 0.071 0 1
30 30 0.192 0 2
14 22 0.053 0 1
68 30 0.343 0 1
299 30 1.060 0 1
76 22 0.315 0 2
57 30 0.167 0 2
63 52 0.301 0 1
39 52 0.234 0 1
79 40 0.385 0 2
45 15 0.285 0 2
186 15 0.592 0 1
13 22 0.076 0 2
102 52 0.307 0 1
27 22 0.124 0 2
88 15 0.282 0 2
55 10 0.322 0 1
183 100 0.893 0 2
161 70 0.953 0 1
35 52 0.121 0 1
93 10 0.380 0 2
13 30 0.047 0 1
18 100 0.054 0 1
60 5 0.361 0 1
50 40 0.325 0 1
24 52 0.119 0 2
199 15 0.589 0 2
11 30 0.041 0 2
224 15 1.062 0 2
44 15 0.146 0 2
18 5 0.074 0 2
34 40 0.174 0 1
97 22 0.338 0 1
46 40 0.231 0 1
35 15 0.196 0 2
44 15 0.249 0 2
22 15 0.107 0 1
37 10 0.245 0 1
189 5 0.703 0 1
62 100 0.246 0 2
12 100 0.061 0 2
68 52 0.221 0 2
76 22 0.507 0 2
19 52 0.070 0 2
12 52 0.050 0 1
106 5 0.697 0 2
122 100 0.570 0 2
18 100 0.078 0 1
12 15 0.056 0 2
29 100 0.088 0 1
35 52 0.169 0 1
44 22 0.222 0 1
18 5 0.058 0 1
296 22 1.057 0 2
39 10 0.220 0 1
10 70 0.058 0 1
72 40 0.480 0 2
17 40 0.062 0 1
91 40 0.565 0 2
125 70 0.812 0 1
31 40 0.093 0 2
131 30 0.398 0 2
134 52 0.565 0 1
86 15 0.281 0 1
48 40 0.169 0 2
179 100 0.688 0 1
50 10 0.276 0 1
27 15 0.089 0 1
169 5 0.645 0 2
13 10 0.043 0 1
58 70 0.180 0 2
12 5 0.046 0 2
22 10 0.137 0 2
34 52 0.111 0 1
11 15 0.071 0 1
11 40 0.048 0 2
23 15 0.146 0 2
198 22 0.692 0 1
19 100 0.058 0 2
34 70 0.225 0 1
166 30 0.527 0 2
23 30 0.083 0 2
326 15 1.294 0 1
149 22 0.540 0 2
20 22 0.072 0 1
115 5 0.412 0 1
33 40 0.119 0 1
77 70 0.233 0 1
47 5 0.239 0 1
22 22 0.101 0 1
37 15 0.191 0 1
15 100 0.045 0 2
12 40 0.043 0 2
76 52 0.269 0 1
28 100 0.123 0 1
63 70 0.200 0 2
142 52 0.461 0 1
49 15 0.241 0 1
39 5 0.178 0 1
13 100 0.049 0 2
30 100 0.096 0 1
107 22 0.591 0 1
16 40 0.058 0 1
254 70 1.109 0 2
322 10 1.162 0 2
79 10 0.342 0 1
89 52 0.281 0 2
15 5 0.056 0 1
15 40 0.064 0 1
155 15 0.764 0 2
56 15 0.220 0 1
31 40 0.170 0 2
156 15 0.929 0 2
17 52 0.092 0 2
144 100 0.658 0 2
190 40 0.676 0 1
76 30 0.345 0 1
35 52 0.181 0 2
33 15 0.220 0 1
78 10 0.275 0 1
46 40 0.257 0 1
11 70 0.052 0 2
47 100 0.315 0 1
41 10 0.200 0 1
32 100 0.125 0 1
15 10 0.072 0 1
70 10 0.220 0 2
31 40 0.093 0 1
98 15 0.547 0 2
180 70 0.861 0 1
60 70 0.333 0 1
24 22 0.078 0 2
25 70 0.141 0 2
280 52 0.927 0 1
74 100 0.305 0 2
114 22 0.588 0 2
10 100 0.049 0 2
71 30 0.357 0 2
37 15 0.157 0 1
24 30 0.102 0 2
19 5 0.069 0 1
153 40 1.007 0 2
66 5 0.207 0 2
49 5 0.162 0 1
26 52 0.087 0 1
18 15 0.080 0 2
70 30 0.311 0 1
33 40 0.151 0 2
79 5 0.262 0 1
10 100 0.034 0 2
36 5 0.146 0 2
148 5 0.755 0 1
296 70 0.914 0 1
32 70 0.147 0 2
287 22 0.944 0 2
86 22 0.257 0 1
124 5 0.488 0 1
31 15 0.166 0 2
126 40 0.374 0 1
16 5 0.075 0 2
292 15 1.264 0 2
143 40 0.477 0 2
55 70 0.190 0 2
139 40 0.671 0 1
68 5 0.279 0 1
258 10 1.418 0 1
19 30 0.109 0 2
28 70 0.104 0 1
110 10 0.331 0 2
122 15 0.360 0 1
312 22 0.920 0 2
93 70 0.479 0 2
10 22 0.034 0 1
19 22 0.064 0 1
157 100 0.467 0 1
98 100 0.329 0 2
87 22 0.403 0 1
56 52 0.286 0 1
16 5 0.075 0 1
171 52 0.650 0 2
61 40 0.319 0 2
19 22 0.061 0 2
139 70 0.885 0 2
136 40 0.489 0 2
30 70 0.129 0 2
38 30 0.137 0 1
68 22 0.212 0 1
77 70 0.233 0 1
37 30 0.154 0 1
159 15 0.476 0 2
13 70 0.043 0 2
328 22 0.982 0 2
254 40 1.649 0 2
41 10 0.137 0 2
167 5 1.012 0 2
55 100 0.193 0 2
15 5 0.061 0 1
44 52 0.265 0 1
17 30 0.081 0 2
15 22 0.080 0 1
193 100 0.627 0 2
27 100 0.138 0 1
49 100 0.302 0 1
101 70 0.352 0 1
45 15 0.302 0 2
26 30 0.121 0 2
265 30 0.978 0 2
15 5 0.063 0 1
38 52 0.119 0 2
12 22 0.077 0 1
135 70 0.525 0 1
50 30 0.243 0 2
333 22 1.337 0 2
174 10 0.809 0 2
273 40 1.177 0 1
31 30 0.120 0 1
10 52 0.033 0 2
146 30 0.834 0 1
16 22 0.105 0 2
88 40 0.415 0 2
302 52 1.198 0 2
15 5 0.045 0 2
35 5 0.151 0 2
83 100 0.355 0 2
43 5 0.132 0 1
20 52 0.123 0 2
27 15 0.111 0 2
14 30 0.058 0 1
203 5 1.122 0 2
96 22 0.440 0 2
88 100 0.260 0 1
89 10 0.265 0 1
125 70 0.450 0 1
114 70 0.770 0 2
86 30 0.577 0 2
61 15 0.318 0 1
33 22 0.114 0 2
141 15 0.592 0 1
75 100 0.385 0 2
336 52 1.213 0 2
259 10 1.335 0 1
30 40 0.096 0 2
62 15 0.253 0 1
188 5 0.974 0 2
288 30 1.269 0 2
334 100 1.713 0 2
293 70 0.867 0 2
134 30 0.691 0 2
18 22 0.090 0 2
23 52 0.155 0 1
72 100 0.369 0 2
34 70 0.179 0 2
60 10 0.269 0 2
10 5 0.048 0 1
17 22 0.096 0 1
39 22 0.156 0 1
36 70 0.119 0 1
17 10 0.072 0 2
67 22 0.424 0 1
11 15 0.052 0 2
135 22 0.685 0 2
231 52 0.822 0 1
101 70 0.470 0 2
177 5 0.889 0 1
61 30 0.275 0 2
107 15 0.530 0 1
198 40 0.783 0 2
13 40 0.039 0 2
29 70 0.152 0 2
115 52 0.669 0 1
76 15 0.244 0 2
64 15 0.208 0 1
56 15 0.337 0 1
22 100 0.091 0 1
62 5 0.373 0 2
292 10 1.860 0 1
130 52 0.510 0 2
31 5 0.122 0 2
37 100 0.112 0 1
19 5 0.112 0 2
39 15 0.238 0 1
181 70 0.658 0 2
227 5 0.912 0 2
241 10 0.748 0 2
14 52 0.047 0 1
13 10 0.052 0 2
17 70 0.083 0 1
63 40 0.275 0 1
34 5 0.106 0 1
100 15 0.300 0 2
25 22 0.090 0 1
39 10 0.123 0 2
19 10 0.077 0 2
55 40 0.183 0 1
32 40 0.139 0 1
44 5 0.226 0 1
17 52 0.097 0 2
43 10 0.168 0 2
79 15 0.331 0 2
37 100 0.122 0 2
16 70 0.101 0 2
13 40 0.065 0 1
22 70 0.148 0 1
94 10 0.312 0 1
11 40 0.070 0 1
15 22 0.082 0 2
126 52 0.716 0 1
206 30 0.720 0 1
157 22 0.498 0 2
182 70 0.827 0 1
13 5 0.061 0 2
37 30 0.119 0 2
14 15 0.065 0 1
27 30 0.134 0 2
70 30 0.215 0 1
17 70 0.105 0 2
32 70 0.117 0 2
102 100 0.440 0 1
14 15 0.066 0 2
34 70 0.105 0 2
20 52 0.072 0 2
199 22 0.589 0 2
18 15 0.063 0 2
63 100 0.259 0 1
43 15 0.213 0 2
56 10 0.275 0 1
11 52 0.040 0 1
19 10 0.116 0 2
193 5 0.694 0 1
42 40 0.132 0 2
185 10 0.869 0 1
24 40 0.148 0 2
130 70 0.551 0 1
35 30 0.128 0 2
31 100 0.188 0 1
300 5 1.875 0 2
27 40 0.126 0 1
75 70 0.235 0 2
11 30 0.035 0 2
25 5 0.146 0 2
14 5 0.049 0 2
240 40 1.622 0 2
42 70 0.147 0 1
43 5 0.152 0 2
37 40 0.215 0 2
12 15 0.039 0 2
39 15 0.119 0 2
29 30 0.179 0 2
54 10 0.241 0 2
33 30 0.102 0 2
39 70 0.133 0 1
102 30 0.353 0 1
57 30 0.257 0 2
307 70 1.243 0 2
23 40 0.068 0 2
10 40 0.036 0 1
160 22 0.491 0 1
16 5 0.068 0 2
55 22 0.312 0 2
34 22 0.160 0 2
159 15 0.475 0 1
51 52 0.199 0 2
54 5 0.183 0 2
59 30 0.278 0 2
30 30 0.101 0 1
62 15 0.413 0 1
199 15 1.185 0 1
24 100 0.101 0 1
52 30 0.265 0 2
89 10 0.397 0 2
178 22 1.029 0 2
25 70 0.077 0 2
224 40 1.052 0 2
13 100 0.052 0 2
153 22 0.495 0 1
13 100 0.054 0 1
19 52 0.062 0 2
75 40 0.325 0 2
19 52 0.102 0 2
142 10 0.830 0 2
65 100 0.404 0 1
107 10 0.507 0 1
18 10 0.060 0 2
79 5 0.530 0 1
12 30 0.061 0 1
38 52 0.215 0 2
101 100 0.358 0 2
14 5 0.048 0 1
177 22 0.558 0 1
52 22 0.209 0 2
332 30 2.101 0 2
173 30 0.558 0 2
25 52 0.108 0 2
175 40 0.561 0 1
15 5 0.046 0 1
173 5 0.801 0 2
41 70 0.122 0 2
73 100 0.263 0 2
131 5 0.546 0 1
313 40 1.692 0 1
11 10 0.034 0 2
17 100 0.068 0 1
88 10 0.404 0 2
63 22 0.229 0 1
10 40 0.032 0 1
54 70 0.208 0 2
116 15 0.592 0 1
142 5 0.414 0 2
219 10 0.745 0 1
53 52 0.165 0 2
70 40 0.400 0 2
134 10 0.424 0 2
16 30 0.049 0 2
12 40 0.077 0 2
13 52 0.044 0 2
15 52 0.074 0 2
36 15 0.121 0 1
40 70 0.270 0 1
14 30 0.048 0 2
18 52 0.054 0 1
11 100 0.045 0 2
31 52 0.092 0 2
28 40 0.185 0 1
69 52 0.399 0 2
90 52 0.431 0 1
25 70 0.161 0 2
95 15 0.331 0 1
181 30 0.819 0 2
25 5 0.095 0 2
25 15 0.137 0 2
198 30 0.697 0 1
276 52 1.255 0 1
164 30 1.038 0 2
58 40 0.287 0 1
51 15 0.149 0 2
61 70 0.305 0 1
66 22 0.307 0 2
26 100 0.160 0 1
71 40 0.220 0 1
16 10 0.047 0 2
35 15 0.170 0 2
262 70 1.506 0 1
13 100 0.056 0 1
164 22 0.808 0 1
18 52 0.074 0 1
151 5 0.680 0 1
10 40 0.057 0 1
69 30 0.314 0 2
78 30 0.304 0 2
305 70 1.085 0 2
157 70 0.534 0 1
44 5 0.186 0 1
46 100 0.164 0 2
58 52 0.173 0 2
71 10 0.277 0 2
153 15 0.900 0 2
310 100 0.939 0 1
143 100 0.550 0 2
58 10 0.299 0 1
23 52 0.074 0 1
154 5 0.740 0 1
39 10 0.224 0 1
175 5 0.522 0 2
157 30 0.918 0 1
16 10 0.067 0 2
27 30 0.099 0 1
81 5 0.536 0 1
16 70 0.068 0 1
10 40 0.037 0 1
56 10 0.311 0 1
22 30 0.093 0 1
10 22 0.032 0 1
18 10 0.058 0 2
180 40 0.717 0 1
196 40 0.742 0 2
51 22 0.336 0 1
123 15 0.416 0 2
76 5 0.292 0 1
115 30 0.357 0 2
94 100 0.297 0 1
21 22 0.100 0 2
102 52 0.468 0 1
159 22 1.006 0 1
30 22 0.092 0 2
10 100 0.062 0 1
28 22 0.168 0 1
292 40 1.708 0 1
96 40 0.533 0 2
35 15 0.141 0 1
45 70 0.133 0 2
80 52 0.335 0 1
44 52 0.157 0 1
188 100 1.146 0 1
16 70 0.057 0 1
174 100 0.523 0 1
165 70 0.565 0 2
13 22 0.046 0 2
119 100 0.583 0 1
12 100 0.052 0 1
242 5 0.742 0 2
52 22 0.315 0 1
60 100 0.217 0 2
19 5 0.117 0 1
11 5 0.060 0 1
136 5 0.567 0 2
157 70 0.540 0 2
204 5 0.729 0 1
102 52 0.637 0 2
18 30 0.058 0 1
19 52 0.100 0 2
30 22 0.105 0 1
122 70 0.598 0 1
43 10 0.151 0 1
53 100 0.202 0 2
27 5 0.104 0 1
140 40 0.761 0 1
14 10 0.092 0 1
28 15 0.113 0 1
338 52 1.673 0 2
31 52 0.125 0 1
38 10 0.211 0 1
29 40 0.128 0 2
13 15 0.040 0 1
48 10 0.242 0 2
30 30 0.108 0 2
16 40 0.076 0 2
15 15 0.047 0 1
23 22 0.073 0 1
18 52 0.058 0 1
52 30 0.232 0 2
11 5 0.050 0 1
18 15 0.065 0 2
169 22 0.589 0 1
102 40 0.680 0 2
14 52 0.043 0 2
178 15 0.539 0 2
165 100 0.943 0 1
26 52 0.107 0 2
14 40 0.056 0 1
291 52 1.193 0 2
56 30 0.201 0 2
18 100 0.086 0 1
39 15 0.220 0 1
39 70 0.134 0 2
79 70 0.233 0 2
19 30 0.060 0 2
11 10 0.046 0 1
14 52 0.068 0 2
19 100 0.059 0 1
22 52 0.145 0 2
198 22 0.736 0 1
16 52 0.048 0 2
323 70 1.524 0 2
15 5 0.071 0 1
33 30 0.135 0 1
40 10 0.122 0 1
78 30 0.382 0 2
167 52 0.739 0 1
17 70 0.112 0 2
79 15 0.488 0 2
44 100 0.159 0 1
175 70 0.897 0 1
309 30 1.717 0 1
304 70 2.054 0 2
68 5 0.211 0 1
14 52 0.065 0 2
221 30 0.880 0 1
59 52 0.230 0 1
20 5 0.060 0 1
125 10 0.484 0 1
12 15 0.036 0 1
31 10 0.180 0 1
45 52 0.141 0 1
301 52 1.010 0 2
13 22 0.038 0 2
67 100 0.332 0 2
17 100 0.112 0 1
32 15 0.119 0 1
26 22 0.097 0 2
63 15 0.223 0 2
58 22 0.182 0 1
73 100 0.374 0 1
14 52 0.066 0 1
54 100 0.181 0 2
53 100 0.241 0 2
51 52 0.166 0 1
20 30 0.068 0 1
25 52 0.091 0 2
287 15 0.870 0 1
23 15 0.105 0 2
313 40 1.605 0 1
19 22 0.118 0 2
31 30 0.161 0 1
24 100 0.159 0 1
195 30 0.619 0 1
68 52 0.224 0 2
19 52 0.059 0 2
76 10 0.259 0 1
40 52 0.119 0 2
19 10 0.064 0 2
19 70 0.074 0 2
87 5 0.288 0 1
36 15 0.128 0 1
18 100 0.088 0 2
38 40 0.180 0 1
122 100 0.646 0 2
81 30 0.463 0 2
75 22 0.366 0 2
28 5 0.085 0 1
94 70 0.324 0 2
13 100 0.040 0 2
18 30 0.059 0 1
69 15 0.303 0 1
72 30 0.356 0 1
38 10 0.171 0 2
62 100 0.231 0 1
29 5 0.144 0 2
83 5 0.399 0 2
18 5 0.099 0 1
29 30 0.096 0 1
69 70 0.423 0 1
18 70 0.095 0 2
159 100 0.914 0 1
19 30 0.084 0 1
50 10 0.160 0 2
114 5 0.648 0 1
11 5 0.038 0 1
13 52 0.038 0 2
212 52 0.876 0 2
29 15 0.089 0 1
108 70 0.430 0 2
293 5 0.877 0 2
218 5 0.703 0 1
174 30 0.780 0 2
28 30 0.099 0 2
307 5 1.020 0 1
28 52 0.111 0 1
187 52 0.668 0 1
13 15 0.054 0 1
173 52 0.724 0 2
60 52 0.178 0 1
224 70 0.922 0 2
23 52 0.100 0 1
37 100 0.209 0 2
68 52 0.372 0 1
242 100 0.740 0 2
19 5 0.086 0 2
49 10 0.262 0 2
10 10 0.029 0 2
60 100 0.188 0 2
17 40 0.109 0 2
19 30 0.079 0 1
165 52 0.724 0 2
12 100 0.066 0 2
45 10 0.253 0 2
36 30 0.172 0 1
35 5 0.230 0 1
19 52 0.114 0 1
97 15 0.309 0 1
162 22 0.604 0 2
10 70 0.031 0 1
96 10 0.378 0 2
295 30 1.266 0 1
90 40 0.427 0 1
185 100 0.959 0 2
70 100 0.286 0 2
116 52 0.347 0 1
68 5 0.368 0 2
17 22 0.114 0 1
46 22 0.204 0 2
30 70 0.141 0 2
162 15 0.485 0 1
14 30 0.082 0 2
19 5 0.081 0 1
34 22 0.148 0 2
47 22 0.179 0 2
72 30 0.326 0 2
25 100 0.075 0 2
190 100 0.557 0 2
148 100 0.914 0 2
139 30 0.412 0 1
14 52 0.050 0 1
339 52 1.982 0 1
122 70 0.722 0 2
291 15 1.106 0 1
112 10 0.347 0 1
60 40 0.229 0 1
153 30 0.994 0 1
29 52 0.088 0 1
116 22 0.359 0 1
26 52 0.140 0 1
13 70 0.048 0 2
28 52 0.118 0 1
11 100 0.054 0 2
42 52 0.156 0 1
17 100 0.066 0 1
250 22 0.769 0 1
191 15 0.864 0 2
16 30 0.057 0 2
10 40 0.056 0 2
200 100 1.026 0 1
29 30 0.085 0 2
147 100 0.891 0 1
76 30 0.236 0 2
18 22 0.061 0 2
24 100 0.091 0 1
38 70 0.115 0 1
50 10 0.248 0 1
113 40 0.335 0 1
66 10 0.386 0 1
23 15 0.074 0 1
50 52 0.260 0 2
32 15 0.162 0 2
36 70 0.175 0 1
19 52 0.082 0 1
28 15 0.100 0 2
69 52 0.429 0 2
17 40 0.081 0 2
26 30 0.090 0 2
59 15 0.229 0 1
21 40 0.076 0 2
51 15 0.254 0 1
44 100 0.196 0 2
28 30 0.103 0 2
35 100 0.115 0 1
71 70 0.415 0 2
28 22 0.140 0 1
14 52 0.065 0 2
108 22 0.706 0 1
124 30 0.646 0 1
67 100 0.392 0 1
17 100 0.079 0 1
68 70 0.231 0 1
18 5 0.067 0 1
20 52 0.133 0 2
46 52 0.231 0 2
34 70 0.212 0 1
143 10 0.749 0 1
121 5 0.517 0 1
66 70 0.259 0 1
66 30 0.386 0 1
129 22 0.629 0 2
289 5 1.170 0 1
47 15 0.234 0 2
32 15 0.152 0 2
37 10 0.127 0 1
25 15 0.102 0 2
90 40 0.457 0 1
249 15 0.976 0 1
30 30 0.133 0 2
69 30 0.247 0 1
188 40 0.810 0 1
128 52 0.584 0 2
332 22 1.383 0 1
37 100 0.157 0 1
114 70 0.419 0 1
181 15 0.748 0 1
35 70 0.125 0 1
16 100 0.065 0 1
29 15 0.177 0 2
43 30 0.145 0 2
70 52 0.255 0 1
27 70 0.180 0 1
18 70 0.091 0 1
68 40 0.210 0 2
54 10 0.223 0 1
192 5 0.578 0 2
113 22 0.359 0 1
154 52 0.755 0 1
199 100 1.005 0 2
16 5 0.093 0 1
16 40 0.090 0 1
70 40 0.283 0 1
38 100 0.114 0 1
19 40 0.119 0 1
45 30 0.138 0 2
107 100 0.408 0 1
14 40 0.075 0 1
14 5 0.080 0 1
57 22 0.167 0 1
31 30 0.126 0 1
38 40 0.142 0 1
22 5 0.133 0 2
17 70 0.057 0 2
47 100 0.239 0 1
71 30 0.252 0 2
42 15 0.127 0 1
16 30 0.068 0 2
51 10 0.212 0 1
14 10 0.070 0 2
54 40 0.186 0 2
35 52 0.112 0 1
17 10 0.059 0 1
36 5 0.107 0 2
14 40 0.069 0 2
12 22 0.060 0 1
15 100 0.063 0 1
10 22 0.032 0 1
16 10 0.065 0 2
69 15 0.448 0 1
156 40 0.582 0 1
36 40 0.140 0 1
54 30 0.199 0 1
97 10 0.503 0 1
35 40 0.210 0 1
15 100 0.090 0 2
35 15 0.136 0 1
29 100 0.134 0 2
259 22 0.766 0 1
167 52 0.949 0 1
30 5 0.117 0 2
105 22 0.525 0 1
117 40 0.424 0 2
127 10 0.819 0 2
54 5 0.161 0 1
266 52 0.937 0 2
13 15 0.048 0 2
52 15 0.234 0 2
41 5 0.123 0 1
283 40 1.685 0 2
20 40 0.059 0 1
12 52 0.051 0 1
40 15 0.139 0 2
99 5 0.374 0 1
123 30 0.411 1 0
60 5 0.276 1 2
139 70 0.537 1 2
169 10 0.549 1 0
144 30 0.431 1 2
35 100 0.104 1 0
11 22 0.038 1 2
13 5 0.040 1 2
223 70 0.688 1 2
39 70 0.188 1 0
48 100 0.142 1 0
34 10 0.143 1 0
117 100 0.696 1 2
17 5 0.063 1 2
74 22 0.308 1 0
25 52 0.121 1 0
129 40 0.504 1 0
29 52 0.178 1 0
14 30 0.055 1 2
242 5 0.942 1 0
11 22 0.039 1 0
10 5 0.029 1 0
235 70 0.963 1 2
14 52 0.055 1 0
337 10 1.812 1 2
26 22 0.159 1 2
114 40 0.695 1 0
13 100 0.039 1 2
14 40 0.051 1 2
94 100 0.308 1 2
171 100 0.541 1 2
100 5 0.565 1 0
38 100 0.192 1 0
188 10 1.087 1 0
133 40 0.821 1 0
28 30 0.152 1 2
52 40 0.225 1 0
74 22 0.477 1 0
77 22 0.325 1 0
199 5 0.675 1 0
13 5 0.039 1 2
80 30 0.262 1 0
51 70 0.160 1 0
21 5 0.075 1 0
37 70 0.206 1 0
35 40 0.189 1 0
32 5 0.193 1 2
79 70 0.527 1 0
171 100 0.584 1 0
14 15 0.089 1 2
131 30 0.572 1 0
47 22 0.203 1 0
334 22 1.265 1 0
55 10 0.215 1 0
28 22 0.171 1 0
30 100 0.105 1 2
47 15 0.219 1 2
10 40 0.030 1 0
39 52 0.129 1 0
33 70 0.100 1 2
24 15 0.072 1 2
26 5 0.164 1 0
10 10 0.056 1 0
112 52 0.377 1 0
221 40 0.775 1 0
47 15 0.283 1 0
20 15 0.059 1 0
44 40 0.138 1 2
305 30 1.439 1 2
19 5 0.119 1 2
57 10 0.209 1 0
27 100 0.119 1 0
174 22 0.685 1 2
17 5 0.062 1 0
17 10 0.054 1 0
155 40 0.601 1 2
139 30 0.466 1 0
18 100 0.053 1 0
36 30 0.115 1 0
14 40 0.047 1 0
11 22 0.038 1 0
18 15 0.071 1 2
56 10 0.316 1 0
166 5 0.656 1 2
16 100 0.077 1 0
17 5 0.106 1 0
34 5 0.120 1 2
170 30 0.569 1 0
16 10 0.055 1 0
66 22 0.353 1 0
42 52 0.124 1 0
16 30 0.099 1 2
52 100 0.163 1 0
71 100 0.461 1 0
334 15 1.113 1 0
69 70 0.305 1 0
30 10 0.124 1 0
14 30 0.049 1 0
25 5 0.074 1 0
32 52 0.099 1 0
13 30 0.055 1 0
83 22 0.503 1 0
156 10 0.987 1 0
38 22 0.131 1 0
22 40 0.088 1 2
16 22 0.068 1 2
56 22 0.287 1 0
33 22 0.123 1 0
47 40 0.311 1 0
32 15 0.215 1 0
109 100 0.369 1 0
36 70 0.142 1 0
14 70 0.052 1 2
161 15 0.481 1 2
55 22 0.192 1 0
51 52 0.315 1 0
46 100 0.176 1 0
20 100 0.060 1 2
15 15 0.056 1 0
139 40 0.519 1 0
295 22 1.405 1 0
146 70 0.523 1 0
204 30 0.632 1 2
76 100 0.302 1 0
58 15 0.257 1 0
17 30 0.115 1 0
104 40 0.356 1 2
75 15 0.220 1 0
19 40 0.122 1 0
180 15 0.700 1 0
132 22 0.557 1 0
11 100 0.072 1 0
78 100 0.250 1 2
48 70 0.156 1 0
12 40 0.038 1 2
190 30 1.073 1 0
53 52 0.163 1 0
67 15 0.230 1 2
15 22 0.079 1 0
188 22 0.556 1 0
184 52 0.601 1 0
13 5 0.051 1 2
186 30 0.669 1 2
294 10 1.144 1 0
27 70 0.106 1 2
16 52 0.050 1 0
333 10 1.337 1 0
42 30 0.176 1 2
128 30 0.692 1 0
195 30 0.970 1 0
19 40 0.064 1 2
51 5 0.243 1 2
92 5 0.324 1 0
26 100 0.130 1 0
163 100 0.976 1 2
241 40 0.960 1 2
13 100 0.041 1 0
69 52 0.280 1 0
52 70 0.252 1 0
36 5 0.226 1 0
62 22 0.194 1 0
75 10 0.221 1 2
13 30 0.084 1 0
39 70 0.222 1 0
25 70 0.076 1 0
24 10 0.114 1 2
32 10 0.194 1 2
88 10 0.270 1 2
55 30 0.180 1 0
31 5 0.123 1 0
21 22 0.065 1 0
181 5 0.870 1 0
72 10 0.333 1 0
11 70 0.052 1 2
154 40 0.720 1 2
66 100 0.402 1 2
111 22 0.730 1 0
33 10 0.133 1 0
79 100 0.459 1 0
135 5 0.458 1 0
20 22 0.070 1 0
49 15 0.266 1 0
60 22 0.242 1 0
23 15 0.078 1 0
171 70 0.792 1 0
18 10 0.108 1 2
315 22 1.105 1 0
167 52 0.603 1 2
18 30 0.062 1 0
261 30 0.891 1 0
170 52 0.511 1 0
144 30 0.894 1 0
19 15 0.090 1 0
177 70 1.079 1 0
193 15 1.245 1 2
125 15 0.475 1 2
80 10 0.506 1 0
126 40 0.401 1 0
228 100 0.669 1 0
50 52 0.303 1 0
10 5 0.033 1 2
158 10 0.721 1 2
15 40 0.050 1 0
71 22 0.423 1 2
210 10 0.667 1 0
173 5 0.790 1 2
18 100 0.099 1 0
134 5 0.395 1 0
124 5 0.362 1 0
22 70 0.108 1 0
199 52 0.787 1 0
19 70 0.107 1 2
21 15 0.065 1 2
323 100 1.900 1 2
182 10 0.558 1 0
49 10 0.234 1 0
25 15 0.101 1 0
98 30 0.570 1 0
16 70 0.068 1 0
15 10 0.060 1 2
146 70 0.518 1 0
16 5 0.083 1 0
17 22 0.078 1 2
53 10 0.277 1 2
219 15 0.763 1 0
164 40 1.101 1 0
10 30 0.052 1 0
46 40 0.240 1 0
14 100 0.092 1 0
14 100 0.080 1 0
63 40 0.185 1 0
14 30 0.083 1 0
56 15 0.189 1 0
286 22 1.869 1 2
273 30 0.803 1 2
78 30 0.510 1 0
15 70 0.084 1 0
120 52 0.609 1 0
42 70 0.137 1 2
72 5 0.300 1 0
33 10 0.217 1 0
61 100 0.266 1 2
27 52 0.097 1 0
12 5 0.038 1 0
45 10 0.268 1 2
218 40 0.663 1 0
13 5 0.045 1 0
16 15 0.088 1 0
303 10 1.612 1 0
57 5 0.224 1 0
71 15 0.248 1 0
115 22 0.596 1 2
33 5 0.117 1 2
60 22 0.305 1 0
61 22 0.183 1 2
154 52 0.577 1 2
60 10 0.312 1 0
13 10 0.053 1 0
266 5 1.694 1 0
16 52 0.096 1 0
58 5 0.188 1 2
19 70 0.080 1 0
86 22 0.491 1 0
332 52 1.537 1 0
42 40 0.263 1 0
54 15 0.187 1 2
20 15 0.086 1 2
72 40 0.462 1 0
197 100 0.782 1 0
14 30 0.046 1 0
212 100 1.325 1 0
160 22 0.498 1 0
136 30 0.602 1 2
14 70 0.080 1 2
205 30 0.754 1 2
33 5 0.117 1 0
21 40 0.082 1 0
14 15 0.080 1 2
95 70 0.590 1 0
112 52 0.622 1 2
39 52 0.229 1 0
139 30 0.577 1 2
65 30 0.237 1 0
80 15 0.274 1 0
69 5 0.418 1 0
10 100 0.047 1 2
36 70 0.126 1 0
15 52 0.082 1 2
65 5 0.236 1 2
47 10 0.294 1 0
15 5 0.063 1 0
74 10 0.237 1 0
93 70 0.616 1 0
191 5 1.151 1 0
160 52 0.731 1 0
37 70 0.204 1 0
109 22 0.657 1 2
119 22 0.370 1 0
106 10 0.445 1 2
57 10 0.200 1 2
25 70 0.104 1 2
36 40 0.120 1 0
45 30 0.162 1 0
101 52 0.620 1 2
17 40 0.056 1 2
62 15 0.221 1 0
166 5 0.856 1 0
64 15 0.249 1 0
85 100 0.509 1 0
12 10 0.055 1 0
20 52 0.109 1 0
13 5 0.038 1 0
58 10 0.367 1 2
19 10 0.102 1 2
27 100 0.112 1 2
293 100 1.409 1 0
25 100 0.151 1 0
24 22 0.079 1 2
186 22 0.809 1 0
78 5 0.281 1 2
115 40 0.337 1 0
39 22 0.129 1 2
147 70 0.942 1 0
28 5 0.116 1 0
37 10 0.180 1 2
67 5 0.416 1 0
121 22 0.385 1 0
59 10 0.330 1 0
23 10 0.074 1 2
16 52 0.054 1 0
80 40 0.444 1 0
27 22 0.087 1 0
28 70 0.144 1 2
28 22 0.097 1 0
307 100 0.948 1 0
244 10 0.742 1 2
126 70 0.754 1 0
11 100 0.043 1 0
103 40 0.383 1 0
41 30 0.202 1 0
47 100 0.219 1 2
121 40 0.599 1 0
26 40 0.094 1 2
19 52 0.070 1 2
95 5 0.304 1 0
69 15 0.218 1 0
92 15 0.352 1 0
48 30 0.161 1 0
187 40 0.583 1 2
27 15 0.108 1 2
280 30 1.022 1 2
194 70 1.128 1 0
51 100 0.156 1 0
15 100 0.052 1 0
105 5 0.352 1 0
14 22 0.061 1 0
11 15 0.050 1 0
17 30 0.094 1 0
12 5 0.073 1 0
28 40 0.087 1 0
194 100 0.642 1 2
13 70 0.075 1 0
17 52 0.111 1 0
48 40 0.293 1 2
70 70 0.308 1 0
197 5 1.059 1 0
163 70 0.791 1 0
126 100 0.458 1 0
10 52 0.039 1 2
42 22 0.251 1 0
18 10 0.061 1 2
25 70 0.121 1 0
12 5 0.071 1 0
103 52 0.308 1 2
38 22 0.200 1 2
174 100 0.611 1 0
125 10 0.439 1 0
18 100 0.064 1 0
33 30 0.117 1 0
17 40 0.060 1 2
76 10 0.353 1 2
261 15 1.008 1 0
63 15 0.303 1 0
112 5 0.683 1 2
67 40 0.409 1 2
44 100 0.291 1 0
62 52 0.264 1 0
46 70 0.216 1 0
23 15 0.086 1 2
143 40 0.601 1 0
35 70 0.106 1 0
10 15 0.067 1 2
286 30 1.233 1 0
44 70 0.233 1 0
22 52 0.119 1 0
16 70 0.099 1 0
108 70 0.324 1 0
73 15 0.221 1 0
35 40 0.120 1 2
12 15 0.051 1 0
12 52 0.073 1 2
22 70 0.103 1 0
116 52 0.690 1 0
63 40 0.368 1 0
42 52 0.177 1 0
32 40 0.120 1 0
113 10 0.377 1 0
70 52 0.261 1 0
32 52 0.114 1 0
92 30 0.341 1 2
17 30 0.106 1 0
17 52 0.081 1 0
102 70 0.474 1 0
66 100 0.204 1 0
16 52 0.066 1 0
148 15 0.529 1 0
70 100 0.233 1 0
64 10 0.206 1 0
21 15 0.063 1 0
122 22 0.547 1 0
69 52 0.267 1 2
171 52 0.747 1 0
34 30 0.218 1 2
149 100 0.629 1 0
20 22 0.109 1 0
14 5 0.061 1 0
187 52 1.133 1 0
199 10 0.675 1 0
20 5 0.115 1 0
38 40 0.193 1 0
17 100 0.099 1 0
11 15 0.055 1 0
159 22 0.846 1 0
78 52 0.373 1 0
31 40 0.172 1 0
18 30 0.065 1 2
15 22 0.096 1 2
53 15 0.308 1 2
54 22 0.166 1 0
31 40 0.200 1 0
13 30 0.053 1 0
251 30 0.851 1 0
130 52 0.394 1 2
12 22 0.035 1 2
148 70 0.643 1 2
26 15 0.111 1 2
15 5 0.075 1 0
17 100 0.052 1 0
210 5 1.066 1 0
67 40 0.318 1 2
11 40 0.039 1 0
272 15 0.913 1 0
58 10 0.176 1 0
107 70 0.641 1 0
23 70 0.076 1 0
130 100 0.878 1 0
22 40 0.071 1 0
13 15 0.086 1 2
90 40 0.566 1 2
176 70 0.876 1 2
15 10 0.075 1 0
147 40 0.913 1 0
25 70 0.140 1 0
39 40 0.156 1 0
13 15 0.070 1 0
293 15 0.910 1 0
174 22 0.608 1 0
63 70 0.184 1 0
47 30 0.287 1 2
208 5 0.995 1 0
29 30 0.085 1 2
17 70 0.051 1 0
49 40 0.155 1 2
155 5 0.799 1 2
11 15 0.033 1 0
35 15 0.110 1 2
36 100 0.203 1 0
14 100 0.057 1 2
125 70 0.460 1 2
11 30 0.058 1 0
186 22 0.795 1 0
48 30 0.148 1 2
76 30 0.254 1 2
17 5 0.106 1 2
131 52 0.885 1 0
14 10 0.075 1 2
175 10 1.080 1 0
10 52 0.044 1 0
16 5 0.058 1 0
59 15 0.364 1 0
50 40 0.155 1 0
99 22 0.427 1 0
63 52 0.250 1 0
41 70 0.181 1 0
53 52 0.305 1 2
94 100 0.614 1 0
44 10 0.159 1 0
64 40 0.202 1 2
132 52 0.742 1 0
68 22 0.270 1 0
203 5 0.757 1 2
30 22 0.149 1 0
19 10 0.083 1 2
16 10 0.055 1 0
21 100 0.111 1 2
106 5 0.570 1 0
34 22 0.128 1 0
57 5 0.270 1 0
37 52 0.119 1 2
18 30 0.084 1 0
106 52 0.498 1 2
133 70 0.396 1 0
43 100 0.180 1 2
61 52 0.228 1 2
37 40 0.109 1 2
10 52 0.038 1 2
72 70 0.306 1 2
63 52 0.236 1 0
152 10 0.455 1 0
11 15 0.035 1 2
51 22 0.151 1 0
14 22 0.054 1 0
11 40 0.040 1 0
69 100 0.225 1 0
33 10 0.145 1 2
13 30 0.042 1 0
143 52 0.546 1 0
32 15 0.106 1 0
74 52 0.281 1 0
14 10 0.048 1 0
94 30 0.297 1 0
43 40 0.137 1 2
47 15 0.147 1 2
34 40 0.214 1 0
143 5 0.644 1 0
18 15 0.075 1 0
12 10 0.060 1 2
13 40 0.047 1 0
199 100 0.624 1 2
74 30 0.280 1 2
15 22 0.065 1 2
311 10 1.563 1 0
147 40 0.668 1 2
18 100 0.105 1 0
175 52 0.578 1 2
68 22 0.433 1 2
30 52 0.154 1 0
21 70 0.134 1 0
196 40 0.845 1 0
18 22 0.112 1 0
44 5 0.152 1 0
33 5 0.145 1 0
13 52 0.071 1 0
55 22 0.243 1 0
127 100 0.431 1 0
244 5 0.875 1 0
15 100 0.058 1 0
178 15 0.603 1 2
101 10 0.515 1 2
84 22 0.277 1 0
51 100 0.255 1 0
158 52 0.767 1 2
35 52 0.222 1 0
26 70 0.139 1 0
64 30 0.217 1 0
176 70 0.667 1 0
52 5 0.191 1 0
39 30 0.170 1 0
12 52 0.077 1 0
48 22 0.201 1 2
33 40 0.125 1 0
31 15 0.105 1 2
285 70 1.088 1 2
97 22 0.311 1 2
149 52 0.613 1 2
51 40 0.194 1 2
120 52 0.393 1 2
157 15 1.000 1 0
187 70 1.214 1 0
147 40 0.826 1 2
46 15 0.175 1 0
22 30 0.079 1 0
47 30 0.315 1 0
12 10 0.069 1 0
29 22 0.106 1 0
22 100 0.075 1 0
65 10 0.256 1 2
64 40 0.362 1 2
39 15 0.176 1 0
13 30 0.087 1 2
19 15 0.096 1 2
10 52 0.030 1 2
10 10 0.029 1 2
175 10 0.634 1 0
58 40 0.227 1 0
13 52 0.053 1 0
56 70 0.181 1 0
123 40 0.464 1 0
16 10 0.048 1 0
102 22 0.310 1 2
136 52 0.747 1 0
37 52 0.111 1 0
18 40 0.098 1 2
181 100 0.588 1 0
48 15 0.255 1 2
82 40 0.550 1 0
115 15 0.502 1 0
76 70 0.362 1 0
208 30 0.762 1 0
264 40 1.263 1 0
292 52 1.749 1 2
11 40 0.067 1 2
182 52 1.034 1 2
18 40 0.091 1 0
16 70 0.072 1 2
18 30 0.058 1 0
18 15 0.075 1 0
10 30 0.030 1 0
20 70 0.082 1 0
71 100 0.237 1 2
11 22 0.034 1 2
19 15 0.067 1 0
30 5 0.166 1 2
14 52 0.053 1 2
14 30 0.065 1 2
130 52 0.850 1 2
45 70 0.204 1 0
67 10 0.233 1 0
64 10 0.215 1 2
24 22 0.147 1 0
31 52 0.176 1 0
160 5 0.542 1 0
171 70 0.629 1 0
15 30 0.072 1 2
17 30 0.105 1 2
114 100 0.626 1 0
158 70 0.492 1 0
60 70 0.198 1 0
163 40 0.568 1 0
39 10 0.231 1 2
59 15 0.286 1 2
75 15 0.255 1 0
20 5 0.088 1 0
308 15 1.638 1 2
67 100 0.392 1 0
23 70 0.077 1 0
35 15 0.235 1 0
145 5 0.636 1 2
19 52 0.087 1 0
78 30 0.307 1 0
55 5 0.182 1 0
39 30 0.152 1 0
28 52 0.084 1 2
55 100 0.327 1 0
185 70 0.755 1 2
78 15 0.517 1 0
183 10 1.000 1 2
10 70 0.043 1 0
29 40 0.095 1 0
22 5 0.093 1 0
12 52 0.042 1 2
48 10 0.247 1 2
17 22 0.085 1 0
33 52 0.117 1 2
73 5 0.456 1 2
15 40 0.048 1 0
29 40 0.169 1 0
148 40 0.914 1 0
15 40 0.078 1 2
128 10 0.474 1 0
16 100 0.069 1 2
231 70 0.731 1 0
17 10 0.115 1 2
310 22 1.314 1 2
24 100 0.129 1 0
15 5 0.076 1 2
12 52 0.052 1 2
37 5 0.177 1 2
35 15 0.229 1 2
14 22 0.060 1 2
106 10 0.434 1 0
13 10 0.053 1 2
18 5 0.080 1 0
140 52 0.628 1 0
144 70 0.658 1 0
16 22 0.047 1 0
55 100 0.162 1 0
49 100 0.145 1 0
229 5 0.700 1 0
29 40 0.117 1 0
13 30 0.061 1 0
98 10 0.428 1 2
18 5 0.081 1 0
171 15 0.592 1 2
17 40 0.083 1 2
64 22 0.212 1 0
18 5 0.063 1 0
314 70 1.644 1 0
41 30 0.215 1 0
45 30 0.274 1 0
256 52 1.032 1 0
37 100 0.131 1 0
17 5 0.084 1 0
52 70 0.152 1 2
183 22 0.995 1 0
19 10 0.086 1 2
28 10 0.144 1 0
53 100 0.331 1 2
122 22 0.434 1 2
56 30 0.348 1 0
21 15 0.098 1 0
188 70 0.664 1 0
19 22 0.070 1 2
56 22 0.173 1 2
70 15 0.333 1 0
113 30 0.340 1 0
34 10 0.125 1 0
130 70 0.599 1 0
280 10 0.838 1 2
55 10 0.217 1 2
57 15 0.337 1 2
79 22 0.255 1 2
50 70 0.207 1 0
15 40 0.085 1 0
18 30 0.115 1 2
227 40 1.513 1 0
10 52 0.043 1 0
40 70 0.136 1 0
307 10 1.435 1 0
147 22 0.555 1 0
27 40 0.102 1 2
195 22 0.633 1 0
12 52 0.070 1 0
35 30 0.118 1 0
41 15 0.263 1 0
36 22 0.157 1 0
23 22 0.098 1 2
64 22 0.237 1 0
28 40 0.178 1 2
65 30 0.226 1 0
17 5 0.082 1 0
35 100 0.191 1 2
106 52 0.321 1 0
199 30 1.284 1 0
14 5 0.058 1 2
56 15 0.234 1 0
42 5 0.124 1 2
38 40 0.118 1 0
13 30 0.045 1 2
63 70 0.199 1 2
29 100 0.109 1 0
71 40 0.449 1 2
74 70 0.433 1 2
36 15 0.110 1 0
12 10 0.036 1 0
123 100 0.393 1 2
18 70 0.082 1 0
62 30 0.238 1 2
13 30 0.049 1 2
73 30 0.264 1 2
329 10 2.069 1 0
201 30 0.824 1 2
193 40 1.016 1 2
18 30 0.110 1 0
16 10 0.101 1 0
69 5 0.257 1 0
102 30 0.400 1 0
249 15 0.814 1 0
52 30 0.325 1 0
74 30 0.231 1 0
31 10 0.183 1 0
19 40 0.065 1 0
124 5 0.775 1 0
10 100 0.054 1 0
68 5 0.291 1 0
37 10 0.210 1 2
31 52 0.162 1 0
16 5 0.081 1 0
191 22 1.124 1 2
35 52 0.126 1 2
156 30 0.675 1 0
25 5 0.078 1 2
12 22 0.045 1 2
189 5 0.612 1 0
23 30 0.137 1 2
44 15 0.239 1 0
273 15 1.808 1 2
54 70 0.176 1 2
14 70 0.071 1 2
158 30 0.528 1 2
112 70 0.412 1 0
14 52 0.046 1 0
71 15 0.408 1 2
11 30 0.074 1 0
250 30 1.136 1 2
194 22 1.293 1 0
74 15 0.272 1 0
18 100 0.075 1 0
78 22 0.283 1 0
27 52 0.146 1 0
177 70 1.196 1 0
12 100 0.066 1 0
20 52 0.131 1 2
297 40 1.232 1 0
41 40 0.144 1 0
19 5 0.055 1 0
15 10 0.088 1 0
34 40 0.200 1 0
275 10 0.859 1 0
75 10 0.247 1 2
29 100 0.116 1 0
47 40 0.175 1 0
17 5 0.058 1 2
22 52 0.144 1 0
68 30 0.257 1 2
23 30 0.111 1 0
237 15 0.963 1 0
312 22 1.316 1 0
39 5 0.205 1 0
15 10 0.062 1 0
66 52 0.240 1 2
27 5 0.133 1 0
150 70 0.667 1 0
70 100 0.224 1 2
296 30 1.265 1 0
75 40 0.269 1 2
20 10 0.063 1 0
22 5 0.069 1 2
63 30 0.253 1 2
32 40 0.120 1 0
73 5 0.300 1 0
45 70 0.211 1 0
12 15 0.047 1 0
10 70 0.036 1 0
61 10 0.210 1 2
210 5 0.638 1 2
39 22 0.192 1 2
64 40 0.413 1 0
247 52 0.905 1 2
161 5 0.716 1 0
72 70 0.486 1 0
48 10 0.176 1 2
10 22 0.057 1 0
175 30 0.862 1 0
143 10 0.538 1 2
43 70 0.148 1 0
298 52 1.373 1 2
18 22 0.071 1 0
29 52 0.087 1 2
207 30 0.729 1 0
15 40 0.087 1 2
30 30 0.112 1 2
61 52 0.215 1 0
24 5 0.106 1 0
30 22 0.120 1 0
46 52 0.266 1 0
262 30 1.497 1 0
50 15 0.211 1 2
19 52 0.079 1 2
38 5 0.211 1 0
34 100 0.107 1 2
59 10 0.349 1 0
189 52 0.900 1 0
95 30 0.534 1 2
20 22 0.112 1 0
45 70 0.159 1 2
176 52 1.067 1 2
46 70 0.189 1 0
60 52 0.311 1 0
63 22 0.188 1 0
16 70 0.075 1 0
22 30 0.091 1 2
56 70 0.174 1 2
14 40 0.079 1 0
31 100 0.191 1 0
46 10 0.280 1 2
23 52 0.111 1 2
230 30 0.962 1 0
19 52 0.076 1 2
157 10 0.599 1 0
59 70 0.303 1 2
27 100 0.152 1 2
54 22 0.211 1 2
78 70 0.227 1 0
267 30 1.768 1 0
15 30 0.060 1 0
27 10 0.084 1 0
51 30 0.185 1 0
69 5 0.300 1 0
17 100 0.062 1 0
272 40 0.978 1 2
18 5 0.055 1 0
38 70 0.150 1 2
71 10 0.428 1 2
62 5 0.367 1 0
268 100 1.381 1 2
19 100 0.075 1 0
156 10 0.647 1 2
67 30 0.392 1 2
109 70 0.421 1 0
10 100 0.030 1 0
236 30 0.877 1 0
71 30 0.220 1 0
23 22 0.086 1 0
229 15 0.692 1 2
53 52 0.196 1 0
12 22 0.039 1 0
21 70 0.074 1 2
21 70 0.094 1 2
329 40 1.104 1 2
11 30 0.038 1 0
48 30 0.146 1 0
143 10 0.518 1 2
33 100 0.107 1 2
170 52 0.697 1 0
217 70 0.635 1 2
44 10 0.137 1 0
40 100 0.230 1 0
210 30 0.700 1 0
159 22 0.482 1 2
27 10 0.090 1 0
24 100 0.073 1 0
134 30 0.590 1 2
102 70 0.368 1 0
333 5 1.549 1 0
50 5 0.184 1 0
15 70 0.046 1 2
19 40 0.121 1 0
13 30 0.076 1 2
63 22 0.245 1 0
10 5 0.063 1 0
13 10 0.069 1 0
56 70 0.195 1 0
54 10 0.281 1 0
14 5 0.055 1 2
86 30 0.254 1 0
47 30 0.226 1 2
38 52 0.145 1 2
55 40 0.325 1 0
314 5 1.261 1 0
29 5 0.149 1 0
22 52 0.128 1 0
94 10 0.303 1 0
110 40 0.468 1 0
36 10 0.213 1 2
40 15 0.184 1 0
90 22 0.584 1 0
16 5 0.047 1 0
277 52 1.413 1 0
31 30 0.119 1 2
22 100 0.077 1 0
17 30 0.063 1 2
187 15 0.882 1 0
12 22 0.077 1 2
195 100 0.929 1 0
85 5 0.323 1 0
43 30 0.137 1 0
18 5 0.056 1 2
16 10 0.093 1 2
15 10 0.047 1 2
128 40 0.842 1 0
23 15 0.108 1 0
187 30 0.682 1 2
14 40 0.057 1 0
13 30 0.046 1 0
70 22 0.227 1 0
36 30 0.211 1 0
20 22 0.119 1 2
61 10 0.182 1 0
23 70 0.072 1 0
192 100 1.297 1 2
53 22 0.217 1 2
247 5 1.604 1 0
253 22 0.977 1 0
171 70 0.977 1 2
37 5 0.145 1 0
34 15 0.140 1 0
45 30 0.205 1 0
20 70 0.071 1 0
14 10 0.055 1 2
16 100 0.062 1 2
44 100 0.158 1 0
72 22 0.226 1 0
29 30 0.173 1 2
32 40 0.167 1 2
156 100 0.876 1 0
24 70 0.072 1 0
116 30 0.655 1 2
174 30 0.817 1 0
67 52 0.310 1 0
12 15 0.036 1 2
72 40 0.416 1 2
61 22 0.191 1 0
68 5 0.325 1 0
94 5 0.349 1 0
11 100 0.042 1 2
89 100 0.399 1 2
13 52 0.076 1 2
78 70 0.443 1 0
138 5 0.505 1 0
147 5 0.503 1 2
174 40 0.946 1 0
120 52 0.433 1 2
91 10 0.548 1 0
34 10 0.131 1 0
82 5 0.329 1 2
181 70 0.900 1 0
113 30 0.363 1 0
23 52 0.116 1 0
74 30 0.288 1 2
119 5 0.395 1 0
25 22 0.102 1 0
162 15 0.533 1 0
17 100 0.063 1 0
39 100 0.146 1 0
55 100 0.180 1 0
49 100 0.155 1 2
19 15 0.092 1 0
57 5 0.220 1 0
20 70 0.058 1 0
11 40 0.040 1 0
64 40 0.220 1 0
72 5 0.254 1 2
89 22 0.478 1 2
197 30 1.166 1 0
69 70 0.272 1 2
204 40 1.074 1 0
13 22 0.053 1 2
150 10 0.605 1 0
14 22 0.042 1 0
29 40 0.089 1 0
16 10 0.055 1 2
95 40 0.385 1 0
94 10 0.320 1 0
11 70 0.054 1 0
58 52 0.227 1 0
238 40 0.847 1 2
97 30 0.595 1 2
45 10 0.135 1 2
56 52 0.221 1 0
34 10 0.212 1 2
25 10 0.084 1 2
13 10 0.047 1 2
29 52 0.104 1 0
15 100 0.065 1 2
13 5 0.057 1 0
30 70 0.090 1 0
21 40 0.079 1 2
13 40 0.052 1 2
27 70 0.117 1 2
17 70 0.074 1 0
146 10 0.456 1 2
31 10 0.156 1 0
30 22 0.092 1 0
291 30 1.842 1 0
22 22 0.082 1 2
62 22 0.294 1 2
38 30 0.163 1 0
46 5 0.145 1 0
85 52 0.269 1 0
19 100 0.128 1 0
55 22 0.168 1 0
78 30 0.375 1 0
61 10 0.367 1 2
159 30 0.855 1 0
56 40 0.295 1 0
15 70 0.050 1 2
267 15 1.290 1 2
192 40 0.784 1 0
114 40 0.392 1 2
17 52 0.084 1 2
22 70 0.092 1 0
119 30 0.403 1 2
16 22 0.081 1 0
16 100 0.079 1 0
268 15 0.838 1 0
44 10 0.286 1 0
59 15 0.261 1 0
19 100 0.092 1 2
32 52 0.098 1 0
77 30 0.329 1 0
185 100 0.617 1 2
12 10 0.063 1 0
95 10 0.330 1 0
16 30 0.096 1 0
29 100 0.108 1 0
140 22 0.488 1 2
16 40 0.068 1 0
17 15 0.105 1 0
18 30 0.056 1 0
51 40 0.300 1 0
54 52 0.193 1 2
12 5 0.044 1 0
12 5 0.058 1 0
299 52 1.133 1 0
42 52 0.239 1 0
15 22 0.094 1 0
32 52 0.095 1 0
26 100 0.080 1 0
56 70 0.220 1 0
324 40 0.997 1 0
124 22 0.504 1 2
213 22 0.839 1 0
69 22 0.249 1 0
122 15 0.373 1 0
18 30 0.087 1 0
58 70 0.275 1 0
45 15 0.175 1 0
18 40 0.052 1 2
11 30 0.051 1 2
16 100 0.052 1 0
16 10 0.092 1 2
18 22 0.108 1 0
14 5 0.057 1 2
67 22 0.312 1 0
40 15 0.176 1 0
189 30 1.139 1 0
34 5 0.221 1 2
35 52 0.124 1 0
271 15 1.102 1 2
62 70 0.264 1 2
71 70 0.234 1 0
31 40 0.094 1 0
47 70 0.242 1 2
155 52 0.668 1 0
37 5 0.220 1 0
113 30 0.363 1 2
36 22 0.122 1 0
25 100 0.145 1 0
13 100 0.048 1 0
14 22 0.092 1 2
16 10 0.056 1 0
23 15 0.101 1 2
10 15 0.035 1 2
151 15 0.627 1 0
147 40 0.742 1 0
13 40 0.077 1 0
18 5 0.105 1 2
10 10 0.049 1 0
113 40 0.411 1 0
17 30 0.106 1 0
14 15 0.042 1 2
22 40 0.115 1 0
51 10 0.273 1 0
247 52 1.065 1 2
10 30 0.039 1 0
87 15 0.414 1 0
69 52 0.230 1 2
184 10 1.022 1 0
90 10 0.552 1 0
30 5 0.097 1 2
19 5 0.070 1 0
14 10 0.078 1 0
55 100 0.192 1 0
31 70 0.117 1 2
69 40 0.213 1 0
38 52 0.128 1 0
68 40 0.428 1 0
18 10 0.059 1 0
34 10 0.190 1 0
33 15 0.151 1 2
111 40 0.371 1 2
18 15 0.061 1 0
94 30 0.472 1 0
33 70 0.107 1 2
24 5 0.077 1 0
22 22 0.070 1 2
29 30 0.105 1 2
11 22 0.042 1 0
172 10 1.117 1 2
82 40 0.512 1 0
86 22 0.351 1 0
13 10 0.076 1 0
144 22 0.500 1 0
72 5 0.407 1 0
191 15 0.567 1 0
176 100 0.978 1 0
108 15 0.527 1 0
26 22 0.093 1 0
231 70 1.144 1 0
22 22 0.107 1 0
323 52 1.846 1 0
23 15 0.075 1 0
27 100 0.087 1 0
181 30 0.644 1 0
67 10 0.207 1 2
63 40 0.360 1 0
306 100 1.209 1 0
161 40 0.624 1 2
62 15 0.288 1 2
19 40 0.057 1 2
26 5 0.094 1 2
43 52 0.244 1 0
220 10 0.902 1 2
35 100 0.167 1 0
12 30 0.044 1 0
17 22 0.066 1 0
10 70 0.050 1 0
80 100 0.270 1 2
110 70 0.476 1 0
38 100 0.202 1 0
49 15 0.156 1 0
78 100 0.396 1 2
16 52 0.054 1 0
256 52 0.908 1 0
51 52 0.259 1 0
32 40 0.171 1 0
119 10 0.559 1 0
10 40 0.037 1 0
26 5 0.084 1 0
23 40 0.067 1 0
113 52 0.598 1 0
19 15 0.073 1 0
46 100 0.205 1 0
33 15 0.131 1 0
10 22 0.035 1 2
33 5 0.145 1 0
39 40 0.186 1 0
242 40 1.352 1 0
135 15 0.412 1 2
218 30 0.855 1 0
17 10 0.056 1 2
237 30 0.777 1 0
73 100 0.247 1 0
71 100 0.249 1 0
133 52 0.463 1 0
106 22 0.711 1 2
51 100 0.223 1 2
337 22 2.133 1 2
33 5 0.120 1 0
137 10 0.596 1 2
114 10 0.540 1 2
272 10 1.333 1 0
13 52 0.052 1 0
90 5 0.330 1 0
36 15 0.166 1 2
195 52 0.750 1 2
67 52 0.264 1 0
26 100 0.152 1 0
178 40 0.824 1 0
23 10 0.086 1 0
171 30 0.631 1 0
180 30 0.602 1 0
11 10 0.051 1 0
98 5 0.338 1 0
107 30 0.412 1 0
57 40 0.222 1 0
27 30 0.113 1 0
46 52 0.168 1 2
197 40 1.053 1 0
11 5 0.060 1 0
187 100 0.617 1 0
32 30 0.106 1 0
28 30 0.106 1 0
13 10 0.051 1 2
14 5 0.041 1 0
150 22 0.838 1 0
56 100 0.376 1 0
18 52 0.069 1 0
76 30 0.323 1 2
225 15 0.676 1 0
53 52 0.232 1 0
50 15 0.218 1 2
138 70 0.463 1 0
17 70 0.057 1 0
11 30 0.061 1 0
18 40 0.113 1 0
140 10 0.741 1 2
137 5 0.692 1 2
29 10 0.087 1 0
90 30 0.286 1 0
43 15 0.134 1 0
73 40 0.255 1 2
135 100 0.614 1 0
30 30 0.096 1 0
62 5 0.199 1 0
39 30 0.172 1 2
76 22 0.503 1 0
95 100 0.294 1 0
34 70 0.166 1 0
108 5 0.404 1 0
121 30 0.599 1 0
27 70 0.080 1 0
69 40 0.390 1 0
70 10 0.223 1 2
153 70 0.582 1 0
15 22 0.101 1 0
84 22 0.480 1 0
43 40 0.207 1 0
17 40 0.060 1 2
135 5 0.556 1 2
19 52 0.111 1 0
24 22 0.091 1 2
18 100 0.068 1 2
12 22 0.049 1 2
29 70 0.098 1 0
12 22 0.075 1 2
116 100 0.367 1 0
295 15 0.910 1 0
69 22 0.460 1 0
80 30 0.421 1 0
140 40 0.574 1 0
17 30 0.071 1 2
337 30 1.322 1 2
30 70 0.110 1 2
65 10 0.235 1 0
154 30 0.694 1 0
18 15 0.058 1 2
52 70 0.230 1 0
76 70 0.315 1 0
16 100 0.063 1 2
28 30 0.116 1 0
59 10 0.306 1 2
49 5 0.158 1 0
39 15 0.139 1 0
31 40 0.135 1 2
286 5 1.104 1 0
173 10 0.703 1 0
77 30 0.281 1 0
31 40 0.162 1 2
119 10 0.494 1 0
138 22 0.525 1 2
13 52 0.085 1 0
77 100 0.395 1 2
193 22 0.583 1 0
54 15 0.269 1 0
19 22 0.125 1 2
107 22 0.357 1 2
188 22 0.657 1 2
76 70 0.411 1 0
78 40 0.253 1 2
24 100 0.130 1 0
18 52 0.090 1 2
63 15 0.362 1 0
196 70 0.863 1 0
24 52 0.103 1 0
89 40 0.333 1 0
17 15 0.092 1 2
106 22 0.313 1 0
70 15 0.262 1 2
11 40 0.052 1 0
67 22 0.318 1 0
67 40 0.245 1 0
37 30 0.147 1 0
67 30 0.353 1 0
10 15 0.057 1 2
328 100 1.941 1 0
58 70 0.256 1 0
55 52 0.353 1 0
79 15 0.232 1 0
76 100 0.347 1 0
18 10 0.064 1 0
78 22 0.294 1 2
10 22 0.040 1 2
15 5 0.047 1 0
20 15 0.098 1 2
26 30 0.108 1 2
30 22 0.098 1 2
142 10 0.763 1 0
194 10 1.078 1 2
45 10 0.142 1 0
85 70 0.265 1 0
104 30 0.650 1 0
16 70 0.048 1 2
15 15 0.051 1 2
131 10 0.740 1 0
11 22 0.046 1 0
32 10 0.138 1 2
16 22 0.064 1 0
13 22 0.067 1 0
183 100 1.151 1 0
59 22 0.258 1 0
23 40 0.084 1 0
100 22 0.302 1 2
10 52 0.042 1 0
129 5 0.801 1 2
25 100 0.116 1 2
54 22 0.271 1 2
169 100 0.604 1 2
13 30 0.054 1 0
62 100 0.358 1 2
39 70 0.207 1 0
253 40 1.211 1 0
26 30 0.159 1 2
88 5 0.494 1 2
37 40 0.192 1 0
41 22 0.130 1 0
44 5 0.151 1 0
301 100 1.259 1 0
114 40 0.659 1 0
323 22 1.175 1 0
83 30 0.557 1 0
11 52 0.063 1 0
55 30 0.256 1 2
19 15 0.087 1 0
51 5 0.313 1 0
147 15 0.634 1 0
177 15 0.524 1 0
30 10 0.109 1 0
143 30 0.947 1 0
19 10 0.094 1 2
168 5 0.573 1 2
128 52 0.386 1 0
21 30 0.090 1 0
252 10 0.926 1 0
11 22 0.037 1 2
127 52 0.547 1 0
51 100 0.160 1 0
132 15 0.754 1 2
27 40 0.160 1 2
139 5 0.688 1 0
54 40 0.164 1 0
13 10 0.067 1 2
14 10 0.078 1 0
35 70 0.164 1 2
12 100 0.040 1 0
27 52 0.139 1 2
28 30 0.086 1 2
78 10 0.433 1 2
256 30 1.600 1 2
102 40 0.667 1 2
13 15 0.071 1 2
248 40 0.984 1 2
13 5 0.041 1 0
19 15 0.083 1 0
34 10 0.121 1 2
64 15 0.330 1 0
74 52 0.347 1 0
214 15 0.801 1 2
17 10 0.050 1 0
42 70 0.264 1 0
202 10 1.020 1 0
190 22 0.852 1 0
189 22 0.733 1 2
19 15 0.109 1 0
59 22 0.221 1 0
15 30 0.053 1 0
43 52 0.146 1 2
21 70 0.071 1 2
63 40 0.231 1 2
143 52 0.472 1 2
26 52 0.107 1 0
31 30 0.182 1 0
13 52 0.070 1 0
31 15 0.092 1 0
214 22 0.660 1 0
60 15 0.330 1 0
14 10 0.043 1 0
52 100 0.182 1 0
27 70 0.079 1 0
17 15 0.092 1 0
28 22 0.089 1 0
172 100 0.717 1 2
45 100 0.225 1 0
79 15 0.262 1 0
10 22 0.041 1 0
14 40 0.058 1 2
62 5 0.261 1 2
134 30 0.629 1 0
36 22 0.121 1 0
13 15 0.038 1 0
113 22 0.402 1 0
173 30 0.972 1 2
78 52 0.527 1 0
64 22 0.235 1 0
119 30 0.494 1 0
35 15 0.109 1 0
214 52 0.688 1 0
46 70 0.267 1 2
73 70 0.253 1 2
250 15 1.656 1 0
198 52 0.880 1 0
17 70 0.058 1 0
31 70 0.095 1 0
259 52 1.289 1 2
78 40 0.520 1 2
11 52 0.032 1 0
17 15 0.052 1 0
31 22 0.105 1 2
272 100 0.837 1 0
41 70 0.161 1 2
49 52 0.187 1 2
27 30 0.141 1 2
126 5 0.663 1 0
74 52 0.312 1 2
33 30 0.131 1 0
16 30 0.063 1 2
14 5 0.050 1 0
62 100 0.267 1 2
300 52 1.887 1 2
43 70 0.253 1 2
179 15 1.011 1 0
19 15 0.124 1 2
15 10 0.071 1 0
30 22 0.091 1 0
15 22 0.068 1 0
119 70 0.513 1 0
30 15 0.108 1 2
287 5 1.014 1 2
10 52 0.030 1 0
72 10 0.281 1 2
19 100 0.116 1 0
38 52 0.202 1 0
19 40 0.069 1 0
22 40 0.072 1 0
47 52 0.145 1 0
322 40 1.022 1 2
67 30 0.324 1 2
184 40 1.095 1 0
13 22 0.053 1 0
31 70 0.173 1 0
115 10 0.587 1 0
11 100 0.050 1 0
49 40 0.209 1 0
72 22 0.367 1 0
185 15 0.771 1 0
54 40 0.220 1 2
135 52 0.538 1 2
21 5 0.084 1 0
23 15 0.082 1 2
64 40 0.188 1 0
74 10 0.296 1 2
35 100 0.126 1 0
12 70 0.069 1 0
249 52 1.083 1 0
12 22 0.075 1 0
24 100 0.102 1 0
149 22 0.495 1 0
67 15 0.238 1 0
29 52 0.107 1 0
17 22 0.086 1 0
17 5 0.089 1 2
46 40 0.150 1 0
197 5 1.322 1 0
55 5 0.240 1 0
321 10 1.717 1 0
131 52 0.430 1 0
155 40 0.613 1 0
62 70 0.249 1 2
17 15 0.071 1 0
144 100 0.426 1 0
12 30 0.057 1 0
66 70 0.282 1 0
27 5 0.084 1 0
169 52 0.885 1 2
13 70 0.062 1 0
10 30 0.043 1 0
47 30 0.188 1 0
13 15 0.057 1 0
145 100 0.564 1 0
274 52 0.887 1 2
153 100 1.020 1 2
10 5 0.064 1 0
17 40 0.062 1 0
11 100 0.047 1 0
12 15 0.064 1 0
288 22 1.492 1 0
13 15 0.070 1 2
45 40 0.179 1 2
88 40 0.383 1 0
67 10 0.219 1 0
29 70 0.086 1 0
67 70 0.246 1 0
20 30 0.105 1 2
32 40 0.107 1 0
44 30 0.206 1 0
63 40 0.292 1 2
43 5 0.231 1 0
292 70 1.339 1 0
40 22 0.214 1 2
326 15 1.455 1 0
163 10 1.000 1 0
48 22 0.225 1 0
166 30 0.712 1 0
71 52 0.220 2 0
65 5 0.241 2 0
299 100 1.267 2 0
14 40 0.048 2 1
133 52 0.494 2 0
154 30 0.519 2 0
16 70 0.101 2 0
13 100 0.042 2 0
57 100 0.218 2 0
78 22 0.503 2 0
15 22 0.053 2 0
45 22 0.158 2 0
13 10 0.075 2 0
18 40 0.062 2 1
17 22 0.084 2 0
63 10 0.228 2 0
106 10 0.702 2 1
34 30 0.124 2 1
200 70 0.649 2 0
276 100 0.805 2 0
35 22 0.125 2 1
41 22 0.184 2 1
17 15 0.069 2 0
191 15 1.091 2 0
110 15 0.333 2 0
21 52 0.136 2 0
123 52 0.405 2 0
62 70 0.220 2 0
38 10 0.210 2 1
16 10 0.060 2 0
58 70 0.322 2 0
177 52 0.753 2 0
10 52 0.057 2 0
55 52 0.175 2 1
27 100 0.165 2 0
167 15 1.018 2 0
31 40 0.177 2 0
317 22 1.933 2 0
23 22 0.114 2 0
22 10 0.129 2 1
34 15 0.209 2 0
70 100 0.321 2 0
106 30 0.620 2 1
14 22 0.076 2 1
38 70 0.123 2 1
214 22 1.354 2 0
78 15 0.396 2 1
35 5 0.136 2 1
19 5 0.088 2 0
165 52 0.757 2 0
36 40 0.198 2 0
22 40 0.068 2 0
39 40 0.238 2 0
10 5 0.030 2 1
38 10 0.129 2 1
57 5 0.226 2 0
12 52 0.040 2 0
261 10 0.919 2 1
48 70 0.268 2 1
86 22 0.271 2 0
36 15 0.144 2 0
13 15 0.064 2 0
27 22 0.079 2 1
305 15 0.936 2 0
51 70 0.212 2 0
139 10 0.695 2 0
37 30 0.116 2 0
54 52 0.158 2 0
17 40 0.093 2 1
21 22 0.089 2 0
121 70 0.742 2 0
18 100 0.060 2 1
15 100 0.091 2 0
28 10 0.176 2 0
11 22 0.052 2 0
127 40 0.626 2 0
149 30 0.925 2 0
267 10 1.348 2 0
16 70 0.060 2 0
111 100 0.657 2 1
17 15 0.053 2 0
298 5 1.187 2 1
47 30 0.146 2 1
19 22 0.107 2 1
262 10 1.607 2 1
148 30 0.525 2 0
231 40 0.698 2 1
18 15 0.066 2 0
52 15 0.190 2 0
160 100 0.485 2 1
22 40 0.066 2 0
46 10 0.224 2 1
16 10 0.067 2 1
326 10 1.076 2 0
45 30 0.294 2 1
13 100 0.073 2 0
18 22 0.074 2 0
268 15 1.497 2 0
71 70 0.234 2 1
58 100 0.222 2 0
39 70 0.154 2 0
12 70 0.041 2 0
147 30 0.470 2 0
40 40 0.230 2 1
59 30 0.200 2 0
170 22 1.000 2 1
122 10 0.584 2 0
15 5 0.050 2 0
67 40 0.213 2 0
16 52 0.047 2 0
136 52 0.455 2 1
171 15 0.561 2 0
27 70 0.079 2 0
287 100 0.935 2 1
105 30 0.660 2 0
21 5 0.100 2 1
189 5 0.829 2 0
27 100 0.163 2 0
73 22 0.267 2 1
180 22 1.011 2 0
16 15 0.052 2 0
30 10 0.201 2 0
19 100 0.117 2 0
14 40 0.053 2 0
12 40 0.070 2 0
64 30 0.216 2 0
262 5 0.978 2 1
18 40 0.060 2 0
16 22 0.082 2 1
167 52 0.576 2 0
140 5 0.757 2 0
71 52 0.283 2 0
19 70 0.099 2 1
186 15 0.635 2 0
70 30 0.224 2 0
30 52 0.128 2 0
15 40 0.048 2 0
98 100 0.383 2 0
17 70 0.071 2 0
57 40 0.172 2 0
80 100 0.426 2 0
34 22 0.104 2 1
24 5 0.137 2 1
24 52 0.134 2 0
36 70 0.189 2 1
15 40 0.064 2 1
216 40 0.960 2 0
60 15 0.238 2 0
29 100 0.143 2 1
32 22 0.117 2 0
70 100 0.290 2 1
101 15 0.558 2 1
31 52 0.152 2 0
88 100 0.481 2 1
73 52 0.338 2 0
16 30 0.074 2 1
48 30 0.284 2 1
32 5 0.162 2 1
31 70 0.136 2 0
10 15 0.037 2 0
59 30 0.388 2 0
31 15 0.180 2 1
10 70 0.046 2 0
30 52 0.122 2 0
145 10 0.935 2 0
49 30 0.171 2 0
40 30 0.117 2 0
68 22 0.297 2 0
14 10 0.052 2 0
21 70 0.138 2 0
16 10 0.056 2 1
85 15 0.385 2 1
63 30 0.240 2 1
105 40 0.652 2 1
290 30 1.368 2 0
86 15 0.298 2 0
28 5 0.089 2 1
13 70 0.071 2 0
129 5 0.478 2 1
159 5 0.486 2 0
33 40 0.157 2 0
20 52 0.060 2 0
35 5 0.122 2 0
12 30 0.049 2 0
122 15 0.379 2 0
129 5 0.436 2 1
54 40 0.312 2 0
110 15 0.453 2 0
34 52 0.148 2 0
14 5 0.071 2 1
201 10 0.620 2 0
319 15 1.026 2 1
18 70 0.075 2 0
191 52 0.591 2 0
14 10 0.049 2 0
64 30 0.268 2 0
39 70 0.138 2 0
49 10 0.220 2 1
64 100 0.222 2 0
116 30 0.433 2 0
50 30 0.149 2 0
80 5 0.396 2 0
168 15 0.820 2 0
179 30 1.041 2 1
31 40 0.103 2 0
27 10 0.148 2 1
89 70 0.324 2 0
10 100 0.034 2 1
65 30 0.327 2 0
13 52 0.075 2 1
101 52 0.304 2 0
16 10 0.072 2 0
20 70 0.116 2 1
55 30 0.212 2 1
51 5 0.327 2 0
129 22 0.563 2 0
60 10 0.178 2 0
89 10 0.287 2 1
119 52 0.788 2 0
14 70 0.043 2 0
65 100 0.261 2 0
41 70 0.165 2 0
130 40 0.730 2 0
56 52 0.368 2 0
219 100 0.654 2 0
28 40 0.083 2 0
34 52 0.127 2 0
12 10 0.041 2 0
125 5 0.776 2 0
293 22 0.877 2 0
195 40 0.725 2 0
96 5 0.374 2 0
30 22 0.155 2 0
24 52 0.094 2 0
20 70 0.068 2 1
12 30 0.041 2 0
24 5 0.142 2 0
32 40 0.115 2 0
24 15 0.122 2 0
24 15 0.127 2 0
113 40 0.491 2 0
15 100 0.053 2 1
192 52 1.239 2 1
87 22 0.561 2 1
47 15 0.141 2 1
58 70 0.233 2 1
121 10 0.733 2 1
27 30 0.082 2 0
17 30 0.079 2 1
17 100 0.059 2 0
294 40 1.167 2 0
141 100 0.478 2 1
60 15 0.190 2 0
166 10 0.949 2 0
19 70 0.070 2 0
191 40 0.575 2 0
29 22 0.112 2 0
46 22 0.256 2 0
37 52 0.129 2 0
28 40 0.149 2 0
171 5 0.520 2 0
25 52 0.126 2 1
66 40 0.353 2 0
16 10 0.100 2 1
16 40 0.058 2 1
51 15 0.154 2 1
76 15 0.286 2 0
57 100 0.219 2 0
11 40 0.073 2 0
12 30 0.056 2 0
13 100 0.079 2 0
50 22 0.175 2 0
132 15 0.431 2 1
15 70 0.047 2 0
314 52 1.716 2 1
30 30 0.091 2 0
11 5 0.042 2 0
72 100 0.426 2 1
18 5 0.053 2 0
20 40 0.093 2 1
23 100 0.144 2 0
101 22 0.399 2 1
13 5 0.079 2 1
13 52 0.045 2 0
53 22 0.206 2 0
30 100 0.094 2 0
29 30 0.092 2 1
61 70 0.196 2 0
12 70 0.075 2 1
18 22 0.063 2 1
74 22 0.329 2 0
62 100 0.262 2 0
132 30 0.550 2 1
289 52 1.199 2 1
21 15 0.074 2 1
17 22 0.110 2 0
66 100 0.307 2 1
18 22 0.088 2 0
136 10 0.604 2 1
21 52 0.088 2 0
174 52 0.637 2 0
76 10 0.291 2 1
23 52 0.069 2 1
34 30 0.113 2 0
246 22 1.056 2 0
74 52 0.305 2 0
33 5 0.165 2 1
71 70 0.382 2 0
265 22 1.425 2 1
38 15 0.144 2 1
118 5 0.449 2 0
34 10 0.194 2 0
45 52 0.208 2 0
96 52 0.459 2 0
143 30 0.538 2 0
58 100 0.173 2 1
21 10 0.078 2 0
22 30 0.067 2 1
214 10 0.695 2 0
122 52 0.475 2 0
32 30 0.098 2 1
291 15 0.930 2 1
11 52 0.057 2 1
10 10 0.036 2 0
10 70 0.037 2 1
53 22 0.205 2 1
19 100 0.059 2 1
25 10 0.102 2 0
11 70 0.045 2 0
243 40 0.871 2 0
61 15 0.234 2 0
49 100 0.168 2 0
68 52 0.202 2 0
16 40 0.049 2 0
153 15 0.732 2 0
12 70 0.039 2 0
13 70 0.075 2 0
56 52 0.220 2 1
20 10 0.111 2 0
15 5 0.054 2 0
34 15 0.156 2 0
24 40 0.113 2 0
41 100 0.138 2 0
36 5 0.189 2 1
16 10 0.075 2 0
22 10 0.116 2 1
265 10 1.767 2 0
15 40 0.055 2 0
86 5 0.400 2 0
36 10 0.144 2 1
134 40 0.479 2 0
17 30 0.060 2 1
75 30 0.294 2 0
13 30 0.042 2 1
13 10 0.046 2 1
45 70 0.290 2 0
52 15 0.190 2 1
173 100 0.567 2 0
15 22 0.045 2 0
27 22 0.083 2 0
185 30 0.543 2 0
41 15 0.120 2 0
24 10 0.139 2 0
315 30 0.940 2 1
131 30 0.427 2 0
63 5 0.254 2 0
17 22 0.066 2 0
54 30 0.261 2 1
14 30 0.056 2 0
10 52 0.034 2 0
67 5 0.223 2 0
203 100 1.041 2 0
18 52 0.064 2 1
56 15 0.221 2 0
13 52 0.053 2 1
17 22 0.079 2 0
30 70 0.088 2 0
30 40 0.122 2 0
159 30 0.772 2 0
176 10 0.624 2 0
75 52 0.225 2 0
33 15 0.102 2 0
14 15 0.063 2 0
159 30 0.525 2 0
41 30 0.151 2 0
21 22 0.135 2 0
40 10 0.189 2 0
189 70 0.626 2 0
151 40 0.604 2 0
38 10 0.220 2 0
30 10 0.183 2 0
60 100 0.288 2 1
156 22 0.647 2 0
19 22 0.089 2 0
157 15 0.489 2 1
10 5 0.042 2 0
71 30 0.353 2 0
24 5 0.103 2 0
143 30 0.812 2 0
19 30 0.103 2 0
230 70 0.878 2 1
51 40 0.171 2 1
37 22 0.242 2 0
25 10 0.098 2 0
155 52 0.646 2 1
69 70 0.252 2 1
126 30 0.560 2 0
11 100 0.067 2 0
56 70 0.215 2 0
13 100 0.039 2 1
10 10 0.051 2 1
25 100 0.102 2 1
40 40 0.165 2 0
15 70 0.083 2 0
13 30 0.042 2 0
15 22 0.096 2 0
24 22 0.073 2 1
10 15 0.053 2 0
268 40 1.811 2 0
12 100 0.042 2 1
30 100 0.098 2 1
11 70 0.033 2 0
22 15 0.149 2 0
295 40 1.057 2 0
23 22 0.110 2 0
76 52 0.458 2 0
117 70 0.579 2 1
55 15 0.165 2 1
58 30 0.230 2 0
275 30 1.677 2 0
154 5 0.766 2 0
11 70 0.036 2 0
13 22 0.048 2 0
157 10 0.720 2 0
149 22 0.571 2 0
72 5 0.332 2 1
66 52 0.201 2 0
18 70 0.079 2 1
18 30 0.102 2 1
74 22 0.216 2 0
59 100 0.358 2 0
74 22 0.443 2 1
31 70 0.161 2 1
34 5 0.116 2 1
156 100 0.586 2 0
34 70 0.227 2 1
47 5 0.307 2 0
15 30 0.072 2 0
20 70 0.082 2 1
14 5 0.049 2 1
228 5 1.169 2 0
34 22 0.212 2 1
196 30 0.703 2 1
69 100 0.300 2 0
168 15 0.575 2 0
11 52 0.033 2 0
10 52 0.031 2 0
289 5 1.806 2 1
50 70 0.311 2 0
167 5 0.988 2 0
114 22 0.518 2 0
15 52 0.058 2 1
49 40 0.196 2 0
20 52 0.093 2 0
25 15 0.137 2 1
99 30 0.559 2 0
25 22 0.114 2 0
18 15 0.102 2 0
46 100 0.197 2 0
13 100 0.086 2 0
11 70 0.033 2 0
123 22 0.432 2 0
67 5 0.429 2 0
148 70 0.479 2 0
12 52 0.043 2 0
74 5 0.418 2 0
91 70 0.364 2 0
31 5 0.207 2 0
22 22 0.083 2 0
108 40 0.450 2 0
184 70 0.549 2 0
138 22 0.441 2 0
15 10 0.062 2 0
67 5 0.206 2 1
45 52 0.161 2 1
16 40 0.075 2 1
68 5 0.215 2 0
29 30 0.175 2 0
61 15 0.399 2 1
32 70 0.132 2 0
234 40 0.815 2 0
261 15 0.939 2 0
10 40 0.034 2 0
66 10 0.367 2 0
16 22 0.051 2 0
37 15 0.175 2 1
191 100 0.606 2 1
63 22 0.221 2 0
34 40 0.145 2 0
40 15 0.137 2 1
57 40 0.341 2 1
49 15 0.144 2 0
250 52 0.737 2 1
120 70 0.455 2 1
253 10 1.438 2 0
80 30 0.238 2 0
206 10 0.888 2 0
75 40 0.355 2 0
28 10 0.130 2 1
23 100 0.095 2 0
17 52 0.060 2 0
32 100 0.118 2 0
57 30 0.288 2 1
57 30 0.308 2 0
12 30 0.063 2 0
10 30 0.065 2 1
14 22 0.052 2 1
31 5 0.166 2 0
39 40 0.125 2 0
82 22 0.260 2 0
33 10 0.180 2 1
281 52 0.884 2 1
218 15 0.741 2 0
146 15 0.948 2 0
19 22 0.059 2 1
11 10 0.059 2 1
64 15 0.318 2 1
94 40 0.329 2 0
22 52 0.067 2 1
44 70 0.268 2 0
187 15 0.770 2 0
56 15 0.216 2 0
15 70 0.058 2 0
166 22 0.597 2 0
65 5 0.332 2 0
26 100 0.087 2 0
90 10 0.278 2 1
35 52 0.113 2 1
62 15 0.213 2 0
68 30 0.327 2 1
57 40 0.345 2 0
13 70 0.082 2 1
17 30 0.094 2 0
27 100 0.132 2 1
55 5 0.196 2 1
144 100 0.923 2 0
51 70 0.256 2 0
17 15 0.072 2 1
187 5 0.716 2 0
29 70 0.089 2 1
99 22 0.363 2 1
34 10 0.130 2 0
27 100 0.176 2 0
62 40 0.230 2 0
69 70 0.264 2 0
216 70 0.818 2 1
36 10 0.115 2 0
15 30 0.053 2 0
13 40 0.038 2 0
17 52 0.050 2 0
27 5 0.086 2 1
77 70 0.288 2 1
33 70 0.153 2 1
34 100 0.124 2 1
265 10 0.789 2 0
19 40 0.065 2 0
12 100 0.080 2 0
307 52 1.435 2 1
278 10 1.116 2 0
19 100 0.064 2 0
73 22 0.235 2 1
31 10 0.137 2 1
10 52 0.034 2 0
21 15 0.065 2 0
119 10 0.536 2 0
312 100 1.515 2 0
236 15 0.749 2 0
32 100 0.121 2 0
54 52 0.196 2 0
134 40 0.484 2 0
79 52 0.336 2 0
15 70 0.056 2 0
172 10 1.000 2 0
17 15 0.060 2 0
197 10 0.633 2 0
25 70 0.142 2 1
18 40 0.103 2 1
11 22 0.038 2 0
74 30 0.278 2 0
246 30 1.021 2 1
73 15 0.378 2 0
16 30 0.057 2 0
170 30 0.769 2 0
35 70 0.162 2 0
101 10 0.369 2 0
96 22 0.284 2 0
17 100 0.055 2 0
65 100 0.344 2 1
16 52 0.047 2 1
19 22 0.113 2 0
60 100 0.195 2 1
34 10 0.109 2 0
71 10 0.418 2 0
11 10 0.060 2 0
17 5 0.053 2 1
78 15 0.419 2 1
32 40 0.112 2 0
111 22 0.698 2 0
283 5 1.538 2 0
41 10 0.209 2 0
22 52 0.129 2 0
20 22 0.085 2 0
198 10 1.158 2 0
22 15 0.064 2 0
170 30 0.720 2 1
45 70 0.157 2 1
165 40 0.757 2 0
17 70 0.065 2 0
30 40 0.103 2 0
12 22 0.057 2 0
25 22 0.074 2 0
217 30 0.705 2 1
287 100 1.130 2 0
128 15 0.382 2 0
137 10 0.515 2 0
27 52 0.132 2 0
80 70 0.516 2 0
16 22 0.075 2 1
271 10 0.925 2 0
15 15 0.045 2 0
66 22 0.201 2 0
307 40 0.922 2 0
29 5 0.155 2 0
69 5 0.421 2 0
185 5 0.678 2 0
22 52 0.085 2 0
17 30 0.067 2 1
19 10 0.090 2 0
53 15 0.248 2 0
76 70 0.455 2 1
31 10 0.168 2 0
318 40 0.997 2 0
17 70 0.086 2 0
10 15 0.035 2 1
19 40 0.120 2 1
144 15 0.706 2 0
21 100 0.098 2 1
11 40 0.060 2 1
21 10 0.091 2 1
104 15 0.430 2 1
62 5 0.326 2 0
148 10 0.860 2 0
248 22 1.393 2 0
58 30 0.280 2 0
23 22 0.075 2 0
59 100 0.294 2 1
232 30 0.806 2 0
12 5 0.044 2 0
25 22 0.109 2 1
48 100 0.140 2 0
16 100 0.106 2 0
161 22 0.474 2 1
70 52 0.210 2 0
26 10 0.149 2 0
32 40 0.111 2 0
10 40 0.042 2 0
33 52 0.124 2 0
54 52 0.244 2 0
66 40 0.431 2 0
56 40 0.245 2 1
53 10 0.220 2 1
36 5 0.106 2 0
164 10 1.108 2 0
193 10 0.563 2 1
143 100 0.516 2 0
137 40 0.410 2 1
150 10 0.586 2 0
26 70 0.107 2 1
12 5 0.072 2 1
75 15 0.270 2 0
168 10 0.558 2 0
66 70 0.375 2 1
37 30 0.125 2 0
100 5 0.617 2 0
33 52 0.096 2 0
32 22 0.151 2 0
31 100 0.102 2 1
92 40 0.278 2 0
134 22 0.817 2 0
198 70 1.106 2 0
325 100 1.140 2 0
15 10 0.057 2 1
74 5 0.218 2 0
12 5 0.081 2 0
22 100 0.070 2 0
29 30 0.138 2 0
12 22 0.047 2 0
273 40 1.137 2 1
24 100 0.088 2 0
138 22 0.422 2 1
35 30 0.122 2 1
313 15 1.278 2 0
16 70 0.056 2 0
22 100 0.122 2 0
25 100 0.087 2 0
146 52 0.702 2 0
29 10 0.126 2 0
13 30 0.057 2 0
266 30 1.357 2 0
82 30 0.416 2 0
67 40 0.424 2 0
16 40 0.084 2 0
64 22 0.203 2 0
18 100 0.095 2 0
48 30 0.312 2 0
11 10 0.072 2 0
29 70 0.100 2 0
187 100 0.890 2 0
19 22 0.115 2 0
67 70 0.203 2 0
318 22 1.277 2 0
172 52 0.583 2 0
23 22 0.149 2 1
34 15 0.109 2 1
47 30 0.266 2 0
153 40 0.654 2 1
153 22 0.459 2 0
178 22 0.584 2 0
22 15 0.080 2 1
335 10 1.379 2 1
12 22 0.039 2 1
19 5 0.079 2 1
21 30 0.108 2 1
14 22 0.082 2 0
47 22 0.213 2 0
197 70 0.761 2 1
15 52 0.049 2 0
12 22 0.049 2 0
15 40 0.048 2 1
278 5 1.635 2 1
287 40 0.911 2 0
199 22 0.642 2 1
69 70 0.332 2 0
71 22 0.470 2 1
43 70 0.176 2 0
25 70 0.084 2 0
46 52 0.152 2 0
16 22 0.055 2 1
24 100 0.103 2 0
43 15 0.246 2 1
115 40 0.357 2 1
160 40 0.879 2 0
27 52 0.121 2 0
288 30 1.767 2 0
334 52 1.749 2 1
77 5 0.281 2 0
91 10 0.397 2 0
10 10 0.060 2 0
71 5 0.447 2 0
316 40 1.158 2 1
121 100 0.367 2 0
59 5 0.355 2 1
36 30 0.159 2 0
28 5 0.116 2 0
171 52 0.734 2 0
50 30 0.163 2 1
22 100 0.108 2 0
32 52 0.127 2 1
27 52 0.152 2 1
23 10 0.095 2 0
53 5 0.252 2 1
12 52 0.050 2 0
47 52 0.313 2 1
71 10 0.473 2 0
46 40 0.303 2 1
319 5 1.131 2 0
327 5 1.028 2 0
49 5 0.187 2 0
325 22 1.316 2 0
192 10 0.814 2 0
39 15 0.239 2 0
10 40 0.031 2 0
12 5 0.042 2 0
291 22 1.207 2 0
47 22 0.140 2 0
44 100 0.131 2 0
22 40 0.073 2 1
33 52 0.106 2 0
13 30 0.060 2 0
18 22 0.061 2 0
77 40 0.226 2 0
62 100 0.195 2 0
15 70 0.080 2 1
35 22 0.139 2 0
10 70 0.041 2 0
40 5 0.159 2 0
17 70 0.115 2 0
73 22 0.268 2 0
189 15 1.022 2 1
183 10 0.968 2 0
15 40 0.079 2 0
56 15 0.267 2 0
34 10 0.111 2 0
61 70 0.261 2 0
23 100 0.079 2 1
24 10 0.155 2 0
38 40 0.130 2 1
36 22 0.119 2 0
169 15 0.914 2 0
32 10 0.107 2 0
64 15 0.193 2 0
72 30 0.263 2 1
71 22 0.330 2 0
22 70 0.101 2 1
57 70 0.243 2 1
46 15 0.207 2 0
116 22 0.516 2 0
15 70 0.046 2 1
40 5 0.118 2 0
229 100 0.836 2 0
118 100 0.581 2 0
19 40 0.103 2 0
74 52 0.228 2 0
39 70 0.231 2 0
13 100 0.042 2 0
34 5 0.164 2 1
111 5 0.563 2 1
130 40 0.802 2 1
50 52 0.209 2 0
15 40 0.046 2 0
85 70 0.304 2 0
50 30 0.207 2 0
23 15 0.080 2 1
56 30 0.169 2 0
16 40 0.047 2 0
16 100 0.047 2 0
17 15 0.107 2 0
52 5 0.159 2 0
28 52 0.082 2 1
89 30 0.356 2 1
60 15 0.299 2 1
84 40 0.368 2 0
10 10 0.051 2 1
67 10 0.222 2 1
19 30 0.117 2 1
15 5 0.061 2 0
10 22 0.066 2 0
91 22 0.283 2 0
23 5 0.126 2 1
74 100 0.220 2 0
38 30 0.141 2 1
38 70 0.116 2 0
50 15 0.184 2 0
76 15 0.261 2 0
23 15 0.077 2 0
337 5 1.793 2 0
15 30 0.055 2 0
17 100 0.059 2 0
46 10 0.146 2 0
51 22 0.182 2 0
34 15 0.116 2 0
22 70 0.096 2 1
255 52 0.766 2 0
41 15 0.154 2 0
28 40 0.132 2 1
32 100 0.177 2 0
78 22 0.523 2 0
11 30 0.048 2 0
15 30 0.057 2 1
17 5 0.112 2 0
182 100 0.615 2 0
98 100 0.428 2 0
20 10 0.118 2 0
198 30 0.579 2 0
57 5 0.242 2 0
34 5 0.132 2 1
78 52 0.261 2 1
31 22 0.091 2 0
10 5 0.047 2 0
10 22 0.036 2 1
22 22 0.091 2 1
42 15 0.203 2 1
24 30 0.112 2 1
16 15 0.069 2 0
73 40 0.422 2 0
62 15 0.182 2 1
62 10 0.328 2 1
237 5 0.926 2 0
164 22 0.545 2 0
11 22 0.042 2 1
53 5 0.224 2 1
19 22 0.063 2 1
78 15 0.379 2 0
11 10 0.041 2 0
19 70 0.066 2 0
56 100 0.197 2 0
31 30 0.132 2 0
64 15 0.300 2 0
61 30 0.190 2 1
20 15 0.066 2 0
65 52 0.193 2 1
49 100 0.211 2 0
284 52 1.056 2 0
117 70 0.466 2 0
52 30 0.172 2 1
69 5 0.207 2 0
18 22 0.069 2 1
18 100 0.059 2 1
75 30 0.352 2 1
12 5 0.076 2 0
201 10 0.889 2 1
294 40 0.958 2 0
72 70 0.280 2 0
23 5 0.095 2 1
280 15 1.321 2 0
14 52 0.049 2 0
25 70 0.103 2 0
122 10 0.356 2 1
11 30 0.044 2 0
71 100 0.413 2 0
202 40 0.637 2 1
77 10 0.376 2 1
24 22 0.083 2 0
135 100 0.906 2 1
153 22 0.610 2 0
31 10 0.142 2 1
126 10 0.646 2 1
229 22 0.818 2 0
19 52 0.062 2 1
13 40 0.045 2 0
88 70 0.272 2 0
27 15 0.091 2 1
38 22 0.184 2 0
21 70 0.078 2 0
333 52 1.640 2 0
53 100 0.275 2 0
192 22 0.701 2 0
279 22 0.969 2 0
13 30 0.050 2 0
12 100 0.035 2 1
71 52 0.210 2 0
65 10 0.259 2 1
23 10 0.085 2 0
11 30 0.071 2 0
306 52 1.041 2 1
330 22 2.157 2 0
104 52 0.468 2 0
19 15 0.058 2 0
12 22 0.057 2 1
10 52 0.035 2 1
15 40 0.044 2 1
173 100 0.901 2 0
14 5 0.088 2 0
70 70 0.338 2 0
123 100 0.544 2 0
61 100 0.221 2 0
66 52 0.386 2 0
41 5 0.229 2 1
33 15 0.129 2 1
14 5 0.061 2 0
184 30 0.948 2 1
67 5 0.200 2 0
10 70 0.032 2 1
36 40 0.145 2 1
187 22 0.739 2 1
17 22 0.065 2 0
196 100 0.594 2 0
17 30 0.075 2 1
125 15 0.477 2 0
18 40 0.079 2 0
117 5 0.415 2 0
15 100 0.080 2 1
35 30 0.179 2 0
48 100 0.268 2 1
32 40 0.129 2 0
60 52 0.233 2 1
87 70 0.326 2 1
265 15 0.971 2 1
11 30 0.034 2 1
12 5 0.040 2 0
45 5 0.283 2 0
79 22 0.237 2 1
28 15 0.174 2 0
54 100 0.170 2 0
11 100 0.033 2 0
166 52 1.025 2 0
154 100 0.512 2 0
18 10 0.058 2 0
45 100 0.153 2 1
181 40 0.580 2 0
263 52 1.529 2 1
10 70 0.037 2 0
313 70 1.956 2 1
19 15 0.081 2 1
74 100 0.413 2 1
44 10 0.132 2 0
169 10 0.561 2 1
73 5 0.289 2 1
15 70 0.082 2 0
55 30 0.314 2 0
24 40 0.157 2 0
27 15 0.158 2 0
33 22 0.112 2 1
130 22 0.492 2 0
15 52 0.057 2 0
20 22 0.065 2 0
128 100 0.650 2 0
29 30 0.128 2 0
65 10 0.288 2 0
95 10 0.490 2 0
17 5 0.082 2 0
30 70 0.090 2 1
35 30 0.179 2 0
13 100 0.054 2 0
15 70 0.097 2 0
13 52 0.075 2 0
262 40 0.956 2 0
53 30 0.238 2 1
27 70 0.108 2 0
39 15 0.260 2 0
32 5 0.129 2 0
33 5 0.130 2 0
23 40 0.082 2 1
122 52 0.450 2 0
57 22 0.273 2 0
14 70 0.043 2 1
16 40 0.087 2 0
38 22 0.133 2 0
18 52 0.081 2 0
143 5 0.514 2 0
270 10 0.961 2 0
179 100 0.539 2 0
15 30 0.048 2 0
41 15 0.250 2 0
198 30 0.900 2 1
127 15 0.760 2 1
164 15 0.488 2 0
194 40 0.577 2 0
267 15 1.225 2 0
52 15 0.267 2 1
78 10 0.286 2 1
13 70 0.049 2 0
86 30 0.271 2 0
31 5 0.114 2 0
26 10 0.096 2 0
94 30 0.324 2 0
152 100 0.559 2 0
55 100 0.237 2 0
51 10 0.152 2 1
181 70 0.590 2 0
290 10 1.169 2 0
45 22 0.136 2 0
65 15 0.339 2 1
39 40 0.138 2 0
14 52 0.049 2 0
18 22 0.081 2 0
19 52 0.083 2 0
112 30 0.700 2 1
13 30 0.058 2 0
37 52 0.243 2 0
69 10 0.324 2 0
16 30 0.055 2 0
53 5 0.221 2 1
152 70 0.487 2 0
172 15 0.789 2 1
79 22 0.409 2 0
187 40 0.575 2 0
46 100 0.289 2 0
19 10 0.061 2 1
208 70 0.809 2 0
147 52 0.468 2 0
164 30 0.777 2 0
318 22 1.078 2 0
238 30 1.026 2 0
53 10 0.173 2 0
19 40 0.088 2 0
75 52 0.272 2 0
114 70 0.447 2 0
12 40 0.061 2 1
59 30 0.257 2 0
27 52 0.141 2 0
14 15 0.067 2 1
23 100 0.100 2 0
17 100 0.050 2 1
33 52 0.184 2 0
285 10 1.619 2 0
50 15 0.175 2 0
21 70 0.086 2 1
19 52 0.058 2 1
35 100 0.130 2 0
49 30 0.173 2 1
30 100 0.088 2 0
15 15 0.096 2 1
73 5 0.275 2 0
32 10 0.131 2 0
142 30 0.542 2 1
10 30 0.035 2 0
70 10 0.289 2 0
19 30 0.062 2 0
26 52 0.154 2 0
60 5 0.395 2 0
68 30 0.272 2 0
20 5 0.078 2 0
180 70 0.900 2 0
48 40 0.159 2 0
88 52 0.449 2 0
147 22 0.607 2 0
26 40 0.116 2 0
10 70 0.052 2 0
46 10 0.140 2 0
49 5 0.157 2 1
38 5 0.208 2 0
210 52 0.712 2 0
111 70 0.610 2 0
142 22 0.429 2 1
18 52 0.067 2 0
19 40 0.065 2 1
136 40 0.560 2 1
11 40 0.033 2 0
52 22 0.241 2 1
35 22 0.137 2 1
64 5 0.333 2 1
12 52 0.055 2 0
63 40 0.219 2 1
148 15 0.698 2 0
36 10 0.116 2 0
188 100 0.605 2 1
17 70 0.066 2 1
332 40 1.372 2 0
39 100 0.125 2 0
199 5 0.760 2 0
190 100 0.892 2 0
11 30 0.034 2 0
37 5 0.157 2 0
49 70 0.255 2 0
98 100 0.434 2 1
75 5 0.222 2 1
90 30 0.471 2 0
48 100 0.171 2 0
62 22 0.223 2 1
12 30 0.068 2 1
21 70 0.093 2 0
18 30 0.067 2 0
12 70 0.037 2 1
33 22 0.138 2 1
31 70 0.104 2 0
122 5 0.510 2 0
31 22 0.115 2 0
22 40 0.096 2 0
35 10 0.165 2 0
19 10 0.106 2 0
20 10 0.102 2 0
53 30 0.174 2 1
29 22 0.179 2 0
135 100 0.434 2 1
201 52 0.593 2 0
27 52 0.100 2 1
43 70 0.222 2 0
38 70 0.235 2 0
82 40 0.385 2 0
57 22 0.350 2 1
105 30 0.568 2 0
37 30 0.146 2 0
17 70 0.077 2 0
12 22 0.042 2 0
93 15 0.281 2 0
15 5 0.049 2 1
22 22 0.077 2 0
43 70 0.243 2 0
13 40 0.043 2 0
75 30 0.344 2 0
30 52 0.152 2 0
13 70 0.080 2 0
17 30 0.060 2 0
68 10 0.370 2 1
187 70 0.806 2 0
39 5 0.146 2 0
76 30 0.243 2 1
48 22 0.171 2 1
75 15 0.273 2 0
69 10 0.337 2 0
59 22 0.326 2 0
23 40 0.108 2 1
48 52 0.141 2 0
40 100 0.179 2 0
22 70 0.071 2 0
66 52 0.237 2 0
17 30 0.086 2 0
183 70 0.658 2 0
190 22 0.757 2 0
57 70 0.170 2 0
39 15 0.252 2 0
24 5 0.073 2 0
159 40 0.855 2 0
15 15 0.066 2 0
87 40 0.385 2 1
90 30 0.552 2 1
24 10 0.087 2 1
25 22 0.075 2 1
55 100 0.169 2 0
59 52 0.230 2 0
137 70 0.425 2 0
11 52 0.073 2 0
24 100 0.111 2 0
47 10 0.275 2 0
33 30 0.111 2 0
80 15 0.242 2 1
22 5 0.120 2 0
44 10 0.216 2 0
74 52 0.307 2 0
19 52 0.080 2 0
11 70 0.051 2 1
29 70 0.154 2 0
71 40 0.243 2 0
66 100 0.192 2 0
34 52 0.145 2 0
47 5 0.144 2 0
37 22 0.132 2 1
241 10 1.393 2 0
145 22 0.763 2 0
33 22 0.138 2 0
49 22 0.186 2 1
19 70 0.065 2 0
66 30 0.293 2 1
30 70 0.195 2 0
29 10 0.137 2 0
58 5 0.249 2 0
50 40 0.163 2 1
160 5 0.483 2 1
18 22 0.080 2 0
56 70 0.177 2 0
19 10 0.061 2 1
102 22 0.318 2 0
60 10 0.341 2 0
46 30 0.185 2 1
17 10 0.099 2 1
175 40 0.684 2 1
74 30 0.481 2 1
101 10 0.416 2 0
16 40 0.050 2 0
23 70 0.068 2 0
16 30 0.075 2 0
147 22 0.896 2 0
163 52 0.807 2 1
129 70 0.561 2 1
119 70 0.730 2 0
38 70 0.144 2 0
80 30 0.267 2 1
14 30 0.089 2 0
82 70 0.252 2 1
104 15 0.565 2 0
138 52 0.908 2 1
98 52 0.410 2 0
14 5 0.059 2 1
12 40 0.035 2 0
37 15 0.145 2 0
49 5 0.154 2 1
10 10 0.030 2 0
59 70 0.328 2 0
29 40 0.117 2 0
144 5 0.495 2 1
27 22 0.102 2 0
17 52 0.062 2 0
32 100 0.123 2 0
229 70 1.180 2 0
141 10 0.544 2 0
164 10 0.562 2 1
11 15 0.059 2 1
49 10 0.184 2 1
46 30 0.242 2 0
13 100 0.040 2 0
15 15 0.050 2 1
31 100 0.120 2 0
144 52 0.442 2 1
54 10 0.233 2 0
42 5 0.151 2 0
29 52 0.167 2 0
15 70 0.061 2 0
27 40 0.170 2 0
31 70 0.147 2 1
123 52 0.526 2 1
56 10 0.180 2 0
59 52 0.176 2 0
15 5 0.052 2 0
62 10 0.291 2 0
14 100 0.046 2 0
17 100 0.059 2 0
37 40 0.111 2 1
27 30 0.103 2 1
34 22 0.155 2 0
22 22 0.106 2 0
13 10 0.040 2 0
319 5 1.802 2 0
61 22 0.277 2 1
213 30 1.039 2 0
12 70 0.049 2 1
59 15 0.198 2 0
27 100 0.087 2 1
68 22 0.215 2 0
68 15 0.251 2 1
66 15 0.286 2 0
21 5 0.114 2 0
50 30 0.201 2 0
30 15 0.141 2 1
173 15 0.727 2 0
32 70 0.152 2 0
105 40 0.538 2 0
126 22 0.514 2 0
13 10 0.084 2 0
41 40 0.129 2 0
12 22 0.041 2 0
44 22 0.291 2 1
303 5 1.906 2 1
192 5 1.157 2 0
53 22 0.155 2 0
190 30 0.683 2 1
25 22 0.120 2 0
67 40 0.199 2 0
36 30 0.110 2 0
18 10 0.057 2 1
37 52 0.138 2 0
38 100 0.218 2 0
122 10 0.459 2 0
61 22 0.199 2 1
55 5 0.223 2 0
43 10 0.193 2 1
95 40 0.406 2 1
18 52 0.055 2 0
281 100 1.037 2 0
107 70 0.535 2 0
46 15 0.159 2 0
19 5 0.079 2 0
144 15 0.569 2 0
88 15 0.540 2 0
20 70 0.103 2 0
19 70 0.077 2 0
79 52 0.343 2 1
213 40 0.922 2 1
43 40 0.160 2 1
45 70 0.140 2 1
15 15 0.071 2 0
143 70 0.647 2 1
155 5 0.906 2 0
279 10 1.755 2 0
153 10 0.480 2 0
91 100 0.484 2 1
14 5 0.053 2 0
16 100 0.083 2 0
14 10 0.045 2 1
16 5 0.052 2 0
79 5 0.467 2 0
191 52 0.707 2 1
22 5 0.110 2 0
337 100 1.693 2 0
11 100 0.056 2 1
20 30 0.065 2 0
19 30 0.086 2 0
15 15 0.047 2 0
39 15 0.124 2 0
174 52 0.596 2 0
22 40 0.086 2 0
97 40 0.330 2 0
105 15 0.385 2 1
54 15 0.262 2 0
241 52 0.814 2 0
10 100 0.032 2 0
183 100 0.775 2 0
49 10 0.202 2 0
84 15 0.350 2 0
173 5 0.582 2 0
91 22 0.403 2 0
71 10 0.216 2 0
33 70 0.102 2 0
19 52 0.095 2 0
26 40 0.163 2 0
118 100 0.602 2 1
33 70 0.096 2 1
145 22 0.678 2 0
21 100 0.129 2 1
15 100 0.049 2 0
199 100 1.131 2 0
16 15 0.048 2 1
33 5 0.119 2 0
45 30 0.174 2 0
17 30 0.058 2 1
28 40 0.090 2 1
39 10 0.162 2 1
29 22 0.168 2 0
113 22 0.657 2 0
51 22 0.190 2 1
14 52 0.057 2 1
63 30 0.214 2 0
21 40 0.105 2 0
67 30 0.225 2 1
73 52 0.305 2 0
29 5 0.178 2 0
35 40 0.198 2 0
45 5 0.145 2 0
153 30 0.520 2 0
79 22 0.296 2 0
19 52 0.070 2 1
27 15 0.106 2 0
13 40 0.045 2 1
14 70 0.062 2 0
17 70 0.067 2 1
28 100 0.083 2 0
28 30 0.116 2 0
56 52 0.290 2 0
179 15 0.595 2 0
107 10 0.366 2 0
72 40 0.246 2 1
72 100 0.483 2 1
18 5 0.057 2 0
20 5 0.070 2 1
42 70 0.179 2 1
32 22 0.139 2 0
35 15 0.156 2 0
45 52 0.161 2 1
17 70 0.097 2 0
10 30 0.035 2 0
77 30 0.295 2 0
35 40 0.158 2 0
132 22 0.576 2 1
47 5 0.188 2 1
35 10 0.156 2 1
28 15 0.142 2 1
47 22 0.241 2 1
95 15 0.549 2 0
74 30 0.465 2 1
13 40 0.040 2 0
16 30 0.048 2 0
66 52 0.351 2 0
16 22 0.070 2 1
33 70 0.126 2 0
16 30 0.058 2 0
26 10 0.108 2 1
47 22 0.175 2 0
188 5 1.044 2 0
33 52 0.158 2 0
100 52 0.441 2 1
19 52 0.098 2 1
64 15 0.225 2 0
80 10 0.374 2 1
57 100 0.233 2 0
184 5 0.543 2 0
43 22 0.129 2 1
41 40 0.121 2 0
100 40 0.321 2 0
163 70 0.964 2 0
68 52 0.221 2 0
206 52 0.932 2 0
71 22 0.272 2 0
167 30 0.525 2 0
31 22 0.108 2 1
21 30 0.110 2 0
26 15 0.079 2 0
28 22 0.163 2 0
47 100 0.138 2 1
16 15 0.051 2 1
20 5 0.072 2 0
13 30 0.044 2 0
25 22 0.100 2 0
38 15 0.121 2 1
14 70 0.047 2 1
16 5 0.063 2 0
50 52 0.175 2 1
78 15 0.232 2 0
17 70 0.061 2 0
37 40 0.159 2 0
11 10 0.038 2 0
15 52 0.070 2 0
64 10 0.318 2 1
104 22 0.698 2 0
37 52 0.117 2 0
69 52 0.284 2 0
81 100 0.278 2 1
63 52 0.297 2 0
32 15 0.106 2 0
251 5 0.909 2 0
64 70 0.342 2 1
231 15 1.009 2 1
14 5 0.051 2 1
59 52 0.335 2 0
15 15 0.052 2 1
40 5 0.122 2 0
23 10 0.068 2 0
235 40 0.741 2 1
174 52 0.798 2 0
13 5 0.068 2 1
288 40 1.714 2 1
75 52 0.452 2 0
20 15 0.067 2 1
16 70 0.089 2 0
32 70 0.130 2 0
20 52 0.093 2 0
89 22 0.289 2 0
11 10 0.048 2 1
134 15 0.425 2 0
27 15 0.119 2 0
207 10 1.278 2 0
15 10 0.079 2 0
20 52 0.113 2 1
37 10 0.137 2 1
10 52 0.058 2 1
18 52 0.093 2 0
55 5 0.190 2 0
16 10 0.094 2 0
23 30 0.069 2 0
82 100 0.400 2 0
13 5 0.047 2 0
55 70 0.195 2 1
11 10 0.034 2 1
93 22 0.293 2 1
167 5 0.588 2 0
39 30 0.121 2 1
251 22 1.167 2 0
330 70 1.710 2 0
10 30 0.065 2 1
66 10 0.388 2 0
69 22 0.227 2 0
23 30 0.131 2 0
113 70 0.339 2 0
172 22 0.539 2 0
324 52 2.189 2 1
290 22 0.932 2 0
10 100 0.040 2 1
20 10 0.123 2 0
151 52 0.534 2 1
38 40 0.148 2 1
21 70 0.076 2 1
11 5 0.048 2 0
40 10 0.161 2 0
77 5 0.423 2 0
69 10 0.266 2 1
14 5 0.047 2 1
12 22 0.045 2 0
58 40 0.286 2 0
42 10 0.132 2 0
334 100 1.380 2 1
72 22 0.277 2 1
38 100 0.174 2 1
135 70 0.628 2 0
110 15 0.724 2 0
49 22 0.275 2 0
27 30 0.107 2 1
58 100 0.240 2 1
25 10 0.080 2 1
78 22 0.242 2 0
34 5 0.185 2 1
116 30 0.352 2 0
78 70 0.375 2 0
18 15 0.083 2 0
144 15 0.954 2 1
17 30 0.089 2 1
27 22 0.100 2 0
71 70 0.209 2 0
38 15 0.194 2 0
28 22 0.118 2 0
29 10 0.143 2 1
45 100 0.165 2 1
14 70 0.065 2 0
163 15 0.538 2 0
28 52 0.121 2 0
99 22 0.518 2 0
12 40 0.049 2 0
48 100 0.207 2 1
47 52 0.203 2 0
31 40 0.098 2 1
13 70 0.065 2 0
15 52 0.060 2 0
18 40 0.054 2 0
144 22 0.670 2 1
273 15 1.088 2 0
61 22 0.216 2 0
33 40 0.210 2 0
22 40 0.143 2 0
239 30 0.984 2 1
52 70 0.170 2 0
27 100 0.157 2 0
35 10 0.125 2 0
59 10 0.396 2 0
303 10 0.993 2 0
107 22 0.510 2 0
170 10 0.506 2 0
64 70 0.320 2 0
19 5 0.058 2 0
133 100 0.491 2 0
73 70 0.307 2 1
67 22 0.238 2 0
27 30 0.116 2 1
108 10 0.333 2 0
46 15 0.136 2 0
11 30 0.043 2 0
15 52 0.061 2 0
131 22 0.577 2 1
51 52 0.263 2 0
66 30 0.415 2 0
30 100 0.099 2 0
288 52 1.500 2 1
107 30 0.341 2 0
67 15 0.238 2 1
243 70 0.789 2 0
25 30 0.093 2 0
63 10 0.313 2 0
19 10 0.061 2 1
301 52 1.224 2 0
102 52 0.505 2 0
35 22 0.122 2 0
11 70 0.041 2 0
13 10 0.061 2 0
11 70 0.041 2 0
291 22 0.861 2 0
184 30 0.929 2 0
57 10 0.214 2 1
100 30 0.483 2 1
55 15 0.218 2 0
173 10 0.509 2 0
45 30 0.150 2 0
185 100 0.661 2 0
31 5 0.138 2 0
31 5 0.101 2 0
24 52 0.086 2 0
79 100 0.391 2 1
45 5 0.162 2 1
15 5 0.061 2 0
72 15 0.258 2 0
41 40 0.236 2 0
10 5 0.050 2 1
50 5 0.254 2 0
47 100 0.276 2 0
183 40 0.534 2 0
45 100 0.153 2 1
38 22 0.178 2 0
19 10 0.081 2 1
61 10 0.341 2 1
10 15 0.033 2 1
134 30 0.843 2 0
180 52 0.763 2 0
185 15 0.860 2 0
28 30 0.094 2 1
48 10 0.281 2 1
78 100 0.229 2 0
58 5 0.236 2 1
194 70 0.581 2 0
67 15 0.305 2 0
14 52 0.053 2 1
75 22 0.269 2 1
103 70 0.328 2 1
31 5 0.092 2 1
12 22 0.047 2 0
17 30 0.067 2 0
63 40 0.304 2 0
70 100 0.212 2 1
104 100 0.458 2 0
182 15 0.595 2 0
12 100 0.039 2 0
35 15 0.167 2 0
179 100 0.691 2 0
114 10 0.770 2 0
33 30 0.128 2 0
248 52 0.752 2 0
175 5 0.916 2 1
70 52 0.389 2 1
10 15 0.068 2 0
21 52 0.099 2 0
19 22 0.057 2 0
31 10 0.199 2 0
19 70 0.114 2 1
171 40 0.826 2 0
104 52 0.468 2 0
73 30 0.408 2 1
88 40 0.370 2 0
10 22 0.029 2 0
65 40 0.244 2 1
23 30 0.075 2 0
31 15 0.096 2 0
35 100 0.131 2 0
206 100 1.296 2 1
16 15 0.062 2 0
56 30 0.250 2 0
38 10 0.141 2 0
127 52 0.686 2 1
13 100 0.043 2 1
253 100 1.390 2 0
317 22 1.945 2 1
67 22 0.401 2 0
156 10 0.511 2 1
132 5 0.644 2 0
38 30 0.147 2 1
