13 100 0.053 0 1
40 52 0.128 0 2
15 10 0.064 0 1
11 22 0.039 0 1
32 30 0.106 0 1
13 10 0.056 0 1
36 15 0.232 0 1
20 70 0.091 0 1
126 100 0.458 0 1
32 15 0.102 0 1
55 52 0.286 0 2
67 15 0.419 0 2
19 15 0.090 0 2
17 70 0.069 0 1
237 10 0.908 0 1
156 30 0.467 0 1
70 52 0.233 0 2
169 30 0.772 0 1
20 15 0.082 0 2
124 52 0.466 0 1
10 40 0.032 0 2
268 15 1.489 0 2
72 70 0.212 0 1
18 30 0.073 0 1
20 40 0.059 0 2
28 52 0.112 0 2
11 100 0.039 0 1
23 52 0.103 0 1
42 22 0.179 0 1
15 5 0.047 0 2
41 22 0.146 0 1
13 100 0.055 0 2
73 40 0.291 0 2
61 40 0.269 0 2
183 52 0.813 0 2
190 15 0.748 0 2
235 40 0.975 0 2
46 10 0.202 0 2
20 100 0.116 0 2
51 52 0.154 0 1
174 15 0.515 0 1
29 40 0.127 0 2
14 10 0.062 0 2
136 40 0.555 0 2
32 52 0.098 0 2
71 5 0.236 0 2
38 100 0.123 0 1
35 100 0.131 0 2
56 5 0.303 0 1
69 30 0.214 0 2
59 52 0.177 0 1
164 100 1.072 0 2
310 5 1.033 0 1
118 100 0.386 0 1
117 70 0.386 0 1
79 5 0.441 0 1
148 70 0.460 0 2
19 52 0.075 0 2
116 100 0.393 0 1
111 70 0.337 0 1
76 15 0.224 0 2
318 5 1.567 0 1
179 30 0.994 0 1
33 100 0.184 0 1
18 40 0.073 0 2
126 5 0.445 0 2
72 5 0.324 0 1
140 30 0.609 0 2
145 100 0.721 0 1
17 10 0.050 0 1
176 22 0.721 0 2
15 70 0.076 0 1
60 30 0.280 0 2
19 52 0.088 0 1
14 30 0.063 0 1
299 30 0.923 0 1
319 15 1.477 0 2
152 10 0.541 0 1
51 100 0.210 0 2
276 100 1.113 0 1
25 70 0.077 0 2
30 30 0.175 0 1
34 52 0.107 0 1
16 70 0.052 0 1
13 52 0.049 0 2
68 100 0.239 0 1
51 30 0.338 0 1
171 70 0.684 0 2
16 70 0.047 0 1
45 5 0.257 0 1
45 52 0.150 0 1
12 40 0.045 0 1
10 30 0.041 0 1
16 40 0.074 0 2
76 10 0.342 0 1
66 52 0.210 0 2
11 30 0.042 0 2
27 30 0.143 0 2
32 100 0.200 0 1
117 100 0.411 0 2
36 30 0.183 0 1
13 5 0.060 0 2
65 5 0.277 0 1
23 100 0.101 0 2
79 40 0.231 0 1
52 40 0.231 0 2
41 30 0.164 0 1
24 5 0.087 0 1
39 22 0.239 0 2
13 15 0.082 0 1
62 10 0.224 0 2
98 100 0.308 0 1
46 100 0.187 0 2
54 5 0.360 0 2
77 15 0.309 0 2
178 30 0.820 0 2
123 40 0.506 0 1
185 10 0.845 0 2
45 30 0.237 0 2
43 10 0.139 0 2
11 15 0.035 0 2
46 10 0.243 0 1
36 70 0.168 0 2
25 5 0.159 0 1
181 40 0.548 0 2
219 15 0.814 0 2
13 10 0.073 0 1
71 5 0.224 0 2
22 22 0.095 0 1
54 70 0.187 0 2
195 70 0.604 0 2
12 100 0.039 0 1
14 22 0.082 0 2
12 40 0.071 0 1
253 52 1.611 0 1
18 40 0.058 0 1
20 40 0.075 0 1
11 100 0.036 0 2
34 52 0.117 0 1
10 70 0.030 0 1
54 52 0.348 0 2
28 30 0.090 0 2
16 22 0.056 0 1
71 70 0.480 0 1
253 10 0.904 0 1
41 5 0.134 0 1
17 15 0.062 0 1
18 10 0.073 0 1
42 30 0.133 0 1
85 70 0.312 0 1
16 100 0.052 0 2
82 100 0.485 0 2
16 22 0.054 0 1
23 70 0.076 0 2
26 40 0.106 0 1
42 15 0.243 0 2
169 40 0.526 0 1
27 5 0.124 0 2
31 5 0.136 0 2
14 52 0.045 0 2
26 52 0.131 0 1
14 30 0.045 0 2
309 10 1.272 0 2
12 100 0.047 0 2
32 52 0.150 0 2
106 30 0.599 0 2
196 10 0.903 0 2
167 40 0.699 0 1
11 5 0.042 0 1
286 30 1.197 0 2
144 70 0.480 0 2
310 100 1.732 0 2
42 40 0.194 0 2
122 100 0.598 0 2
55 5 0.281 0 1
11 52 0.040 0 1
63 22 0.193 0 2
144 5 0.637 0 2
39 5 0.183 0 2
13 40 0.045 0 2
70 40 0.372 0 1
23 5 0.088 0 1
160 5 0.755 0 2
130 70 0.487 0 1
174 15 0.518 0 1
32 10 0.148 0 2
35 40 0.127 0 1
11 70 0.046 0 2
57 5 0.202 0 2
51 15 0.175 0 1
28 100 0.141 0 1
77 22 0.265 0 2
21 40 0.087 0 1
26 40 0.076 0 2
82 52 0.396 0 1
10 52 0.032 0 2
218 52 0.872 0 2
117 52 0.509 0 2
311 15 1.510 0 1
309 15 0.990 0 2
37 100 0.111 0 2
11 22 0.034 0 2
61 52 0.313 0 1
297 5 0.952 0 2
58 5 0.218 0 2
199 30 1.131 0 2
101 52 0.390 0 1
18 40 0.053 0 2
10 5 0.041 0 2
15 10 0.045 0 1
37 22 0.116 0 2
14 40 0.050 0 2
28 52 0.099 0 2
230 40 1.080 0 2
79 52 0.476 0 1
53 15 0.230 0 1
50 15 0.318 0 2
47 100 0.164 0 2
186 100 0.560 0 2
35 40 0.110 0 1
32 22 0.131 0 2
213 52 0.769 0 1
120 22 0.399 0 2
64 70 0.421 0 2
19 15 0.068 0 2
47 52 0.257 0 2
11 70 0.065 0 2
47 10 0.301 0 2
124 22 0.446 0 2
67 30 0.195 0 1
32 15 0.120 0 2
28 40 0.168 0 1
46 15 0.159 0 2
22 52 0.070 0 1
10 15 0.047 0 2
178 30 0.538 0 2
22 70 0.105 0 1
39 70 0.176 0 1
65 10 0.371 0 1
40 5 0.137 0 2
66 40 0.349 0 2
18 40 0.095 0 2
38 40 0.148 0 2
171 22 0.895 0 1
38 15 0.236 0 2
71 15 0.266 0 1
231 40 0.770 0 2
21 15 0.075 0 1
224 30 0.922 0 2
36 10 0.135 0 1
111 100 0.689 0 1
15 70 0.045 0 1
17 22 0.055 0 1
35 10 0.230 0 2
11 70 0.050 0 2
277 70 1.435 0 2
109 100 0.426 0 1
228 30 0.912 0 1
18 30 0.073 0 2
244 40 1.056 0 2
49 52 0.247 0 2
42 40 0.192 0 1
60 10 0.181 0 2
137 30 0.458 0 2
177 22 1.157 0 2
40 30 0.207 0 1
29 100 0.104 0 1
170 30 0.627 0 1
40 15 0.227 0 1
191 40 0.606 0 1
125 30 0.702 0 1
76 15 0.463 0 2
72 100 0.424 0 2
12 30 0.043 0 1
50 52 0.314 0 1
35 70 0.158 0 1
17 70 0.105 0 2
48 10 0.167 0 2
33 40 0.129 0 1
49 10 0.229 0 1
60 5 0.385 0 1
13 5 0.042 0 1
22 22 0.070 0 1
79 40 0.403 0 1
173 10 0.684 0 1
122 40 0.604 0 1
152 40 0.452 0 1
20 22 0.079 0 1
17 15 0.085 0 2
37 40 0.202 0 1
194 40 0.705 0 2
40 22 0.135 0 1
13 70 0.040 0 2
12 5 0.053 0 1
18 10 0.089 0 1
100 10 0.362 0 1
27 15 0.155 0 2
22 15 0.083 0 1
44 30 0.142 0 1
169 52 0.501 0 2
65 22 0.191 0 1
18 15 0.092 0 1
295 15 1.157 0 1
188 5 0.839 0 1
96 10 0.304 0 2
127 22 0.377 0 2
20 40 0.061 0 1
78 22 0.241 0 1
47 5 0.254 0 1
12 52 0.039 0 1
10 100 0.044 0 1
16 70 0.058 0 2
170 70 0.854 0 1
64 40 0.246 0 2
20 52 0.102 0 1
13 100 0.073 0 2
17 5 0.056 0 2
27 52 0.123 0 2
38 5 0.131 0 2
17 5 0.069 0 2
43 52 0.177 0 2
150 40 0.573 0 2
202 30 0.780 0 2
99 70 0.318 0 1
233 30 1.363 0 2
50 70 0.292 0 1
16 40 0.075 0 2
62 70 0.193 0 2
13 5 0.073 0 1
67 100 0.387 0 1
13 30 0.047 0 2
25 5 0.140 0 1
220 15 0.840 0 2
157 100 0.518 0 2
81 22 0.433 0 2
14 52 0.042 0 2
49 40 0.297 0 1
110 5 0.324 0 1
43 70 0.139 0 2
43 70 0.130 0 1
290 30 1.198 0 2
26 52 0.087 0 1
27 22 0.110 0 2
35 30 0.141 0 1
327 5 1.062 0 2
55 30 0.307 0 2
14 10 0.070 0 2
25 10 0.162 0 2
13 5 0.060 0 1
195 15 0.579 0 1
96 22 0.314 0 2
60 52 0.259 0 1
42 40 0.165 0 1
26 40 0.124 0 1
59 10 0.251 0 1
14 15 0.047 0 2
37 40 0.215 0 2
116 40 0.614 0 1
26 40 0.090 0 1
61 70 0.228 0 1
43 100 0.213 0 1
39 52 0.161 0 2
37 52 0.129 0 2
313 70 0.997 0 2
40 70 0.130 0 2
18 100 0.058 0 1
26 5 0.121 0 2
34 100 0.109 0 2
26 15 0.101 0 1
72 10 0.212 0 2
15 5 0.081 0 2
52 52 0.195 0 2
160 5 0.721 0 2
14 40 0.094 0 1
97 100 0.340 0 2
30 30 0.126 0 1
19 70 0.072 0 1
16 40 0.061 0 1
105 15 0.375 0 2
106 70 0.359 0 1
23 10 0.098 0 2
147 22 0.502 0 2
67 5 0.390 0 1
23 30 0.081 0 1
112 5 0.514 0 2
161 52 0.495 0 2
23 52 0.104 0 1
18 40 0.058 0 2
228 40 0.710 0 2
41 22 0.139 0 1
58 30 0.227 0 2
32 40 0.163 0 1
25 52 0.075 0 2
60 52 0.280 0 2
321 100 1.479 0 1
54 30 0.208 0 2
24 15 0.148 0 2
47 52 0.229 0 2
19 52 0.087 0 1
126 22 0.609 0 1
188 10 0.828 0 2
67 22 0.206 0 1
60 22 0.255 0 1
194 70 0.593 0 1
96 52 0.347 0 1
69 52 0.203 0 2
160 22 0.590 0 1
54 5 0.297 0 2
183 70 0.543 0 2
14 22 0.077 0 2
47 70 0.161 0 1
12 22 0.040 0 2
43 15 0.211 0 2
20 52 0.108 0 2
58 22 0.335 0 1
166 70 0.493 0 1
199 30 0.585 0 1
19 22 0.057 0 2
123 22 0.394 0 1
23 30 0.149 0 1
21 40 0.098 0 1
146 10 0.936 0 1
88 70 0.303 0 1
27 22 0.089 0 1
304 5 1.010 0 2
18 5 0.108 0 2
29 30 0.158 0 1
216 5 0.973 0 1
35 30 0.145 0 1
19 15 0.087 0 1
123 10 0.367 0 2
15 5 0.045 0 2
29 40 0.146 0 1
15 100 0.099 0 2
121 10 0.720 0 1
33 15 0.153 0 1
28 52 0.139 0 1
34 40 0.111 0 1
127 10 0.418 0 1
26 40 0.079 0 2
33 70 0.115 0 1
159 22 0.662 0 2
84 10 0.394 0 1
22 40 0.087 0 2
55 100 0.248 0 2
94 22 0.336 0 2
32 100 0.147 0 2
49 40 0.304 0 2
59 10 0.209 0 2
54 52 0.179 0 2
115 15 0.415 0 1
61 5 0.412 0 2
17 70 0.069 0 2
19 70 0.067 0 1
13 70 0.064 0 1
183 5 1.089 0 2
78 40 0.392 0 1
28 70 0.168 0 1
24 52 0.162 0 1
18 22 0.055 0 1
76 5 0.338 0 2
20 70 0.125 0 2
13 30 0.042 0 1
11 52 0.052 0 1
15 30 0.080 0 2
12 40 0.081 0 1
129 100 0.462 0 2
33 15 0.104 0 2
40 10 0.179 0 2
18 100 0.061 0 1
11 100 0.034 0 1
12 30 0.038 0 2
62 15 0.261 0 1
38 10 0.180 0 2
60 10 0.288 0 1
173 5 1.153 0 1
131 30 0.470 0 2
138 40 0.575 0 2
15 52 0.064 0 1
28 30 0.165 0 1
159 30 0.946 0 1
54 100 0.251 0 2
34 52 0.202 0 1
91 30 0.292 0 1
32 40 0.188 0 2
123 40 0.444 0 2
13 22 0.046 0 2
46 52 0.256 0 2
77 100 0.320 0 2
58 40 0.241 0 2
46 5 0.172 0 2
31 30 0.129 0 2
111 5 0.531 0 1
66 30 0.192 0 1
25 100 0.076 0 1
60 15 0.189 0 1
26 10 0.078 0 2
11 70 0.033 0 2
23 22 0.087 0 2
33 10 0.107 0 2
16 22 0.052 0 1
63 40 0.220 0 1
137 40 0.464 0 1
13 70 0.046 0 2
113 22 0.500 0 1
142 10 0.599 0 2
73 5 0.282 0 2
31 15 0.126 0 2
38 22 0.158 0 2
56 10 0.187 0 2
33 5 0.113 0 2
10 40 0.043 0 2
31 15 0.191 0 1
193 15 0.680 0 2
19 40 0.120 0 2
72 30 0.247 0 2
49 10 0.166 0 2
28 40 0.103 0 2
34 70 0.106 0 1
40 10 0.142 0 2
71 5 0.311 0 1
46 10 0.143 0 1
45 40 0.143 0 2
29 22 0.119 0 1
50 22 0.250 0 2
117 100 0.511 0 1
315 15 0.929 0 1
63 22 0.221 0 1
55 52 0.188 0 1
177 22 1.149 0 1
18 5 0.075 0 1
26 10 0.146 0 2
229 15 0.792 0 2
63 22 0.362 0 2
58 22 0.234 0 1
18 100 0.074 0 2
78 10 0.256 0 1
20 100 0.114 0 2
190 40 1.092 0 2
169 5 0.653 0 1
69 40 0.265 0 1
25 100 0.094 0 1
78 70 0.497 0 2
56 70 0.200 0 2
71 10 0.348 0 1
31 5 0.142 0 1
61 52 0.181 0 1
148 5 0.641 0 2
19 15 0.074 0 1
194 15 1.066 0 1
32 10 0.119 0 2
150 10 0.460 0 1
10 40 0.061 0 1
18 5 0.069 0 2
142 40 0.607 0 2
18 10 0.107 0 1
70 100 0.210 0 2
144 30 0.588 0 2
279 30 0.843 0 1
10 40 0.058 0 2
170 52 0.773 0 1
40 10 0.122 0 1
49 40 0.164 0 1
11 30 0.034 0 1
45 10 0.147 0 2
49 30 0.240 0 1
15 30 0.058 0 2
265 30 0.779 0 2
287 15 1.067 0 2
93 30 0.589 0 1
168 100 0.697 0 1
18 70 0.087 0 2
12 40 0.056 0 1
100 15 0.658 0 2
13 52 0.067 0 2
35 5 0.121 0 2
57 30 0.361 0 2
27 30 0.178 0 2
38 100 0.121 0 1
62 10 0.219 0 1
22 30 0.081 0 1
10 40 0.062 0 2
76 40 0.266 0 1
11 22 0.034 0 2
13 30 0.060 0 1
144 40 0.941 0 1
48 70 0.140 0 2
265 40 0.967 0 1
15 22 0.066 0 2
37 15 0.131 0 2
107 22 0.332 0 2
253 30 1.698 0 2
187 10 0.619 0 2
194 100 0.870 0 2
74 22 0.394 0 1
131 5 0.460 0 2
16 70 0.049 0 2
15 10 0.086 0 2
76 100 0.429 0 2
95 30 0.503 0 1
33 100 0.149 0 1
19 5 0.062 0 2
19 22 0.082 0 2
58 10 0.177 0 1
68 52 0.337 0 2
60 52 0.217 0 2
109 5 0.424 0 2
25 10 0.073 0 2
252 30 0.750 0 2
39 30 0.115 0 1
12 10 0.066 0 2
84 70 0.248 0 1
28 10 0.145 0 1
61 70 0.293 0 2
188 5 0.817 0 2
143 70 0.659 0 1
62 52 0.411 0 2
120 10 0.366 0 2
165 22 0.825 0 2
198 5 0.971 0 1
19 15 0.064 0 1
86 5 0.524 0 2
58 40 0.286 0 1
183 40 0.718 0 2
72 52 0.429 0 1
35 10 0.103 0 2
81 40 0.236 0 1
29 15 0.091 0 1
58 10 0.283 0 2
132 30 0.398 0 2
22 10 0.074 0 2
96 100 0.549 0 2
66 30 0.238 0 1
188 10 0.555 0 1
181 10 0.989 0 2
186 30 0.912 0 2
157 10 0.488 0 2
32 15 0.172 0 2
27 30 0.080 0 1
37 22 0.126 0 2
292 100 0.945 0 1
67 10 0.248 0 1
30 52 0.135 0 2
198 52 0.822 0 1
22 52 0.113 0 1
113 22 0.372 0 2
28 70 0.086 0 2
183 22 0.762 0 2
178 5 0.636 0 2
60 40 0.259 0 1
25 5 0.140 0 2
183 22 0.726 0 1
41 30 0.207 0 1
133 100 0.399 0 2
77 40 0.321 0 2
104 10 0.306 0 2
27 52 0.092 0 2
168 5 0.743 0 1
116 10 0.404 0 2
245 52 1.612 0 1
179 40 1.105 0 2
42 22 0.197 0 1
20 15 0.067 0 1
185 15 0.869 0 2
78 30 0.228 0 2
57 52 0.183 0 1
179 70 0.923 0 2
53 22 0.191 0 1
39 15 0.253 0 2
16 30 0.058 0 2
112 10 0.655 0 2
38 5 0.257 0 1
25 40 0.082 0 2
191 30 1.144 0 1
80 5 0.383 0 2
13 5 0.050 0 1
290 100 1.602 0 1
103 22 0.481 0 1
15 30 0.072 0 1
17 15 0.054 0 2
191 15 0.643 0 2
46 10 0.182 0 2
94 15 0.610 0 2
268 40 1.160 0 1
74 15 0.261 0 1
10 70 0.030 0 1
212 52 0.831 0 2
29 10 0.153 0 1
10 22 0.045 0 1
25 30 0.106 0 1
16 22 0.058 0 2
21 22 0.076 0 1
60 52 0.226 0 1
13 22 0.042 0 2
67 52 0.401 0 1
14 100 0.060 0 1
163 22 0.953 0 1
309 100 1.007 0 2
148 22 0.955 0 1
37 100 0.133 0 2
312 40 0.945 0 1
73 30 0.369 0 1
123 15 0.398 0 2
23 52 0.098 0 2
12 30 0.069 0 2
71 52 0.473 0 2
57 5 0.375 0 1
283 52 0.950 0 1
176 5 0.983 0 1
75 40 0.410 0 2
30 52 0.096 0 1
153 52 0.715 0 2
34 5 0.163 0 2
45 30 0.141 0 1
157 22 0.902 0 1
93 70 0.427 0 1
50 30 0.181 0 1
43 30 0.250 0 1
193 30 0.965 0 1
15 15 0.098 0 2
19 100 0.125 0 1
24 15 0.086 0 1
33 40 0.110 0 1
220 40 1.236 0 2
148 52 0.465 0 2
61 10 0.284 0 2
68 40 0.370 0 1
189 52 0.592 0 2
13 5 0.045 0 2
16 52 0.055 0 1
35 15 0.186 0 2
15 5 0.045 0 1
10 52 0.036 0 2
43 40 0.216 0 2
14 100 0.049 0 2
56 100 0.361 0 2
51 40 0.309 0 1
29 30 0.185 0 1
37 70 0.113 0 2
137 40 0.737 0 1
12 5 0.052 0 2
19 22 0.085 0 1
13 52 0.053 0 1
14 100 0.057 0 2
82 30 0.494 0 1
170 5 0.821 0 1
104 15 0.303 0 2
53 30 0.301 0 2
64 22 0.388 0 2
16 22 0.096 0 2
29 70 0.146 0 1
46 15 0.150 0 1
193 5 0.858 0 1
97 15 0.340 0 1
25 70 0.095 0 2
37 70 0.189 0 2
66 40 0.195 0 2
28 70 0.122 0 2
77 10 0.274 0 2
143 10 0.929 0 2
54 40 0.229 0 2
134 5 0.511 0 1
13 40 0.039 0 2
69 22 0.251 0 1
93 70 0.300 0 1
24 100 0.100 0 2
36 22 0.166 0 2
46 100 0.146 0 2
48 70 0.143 0 1
38 22 0.129 0 1
134 100 0.396 0 2
151 10 0.588 0 1
10 15 0.030 0 2
19 10 0.073 0 1
133 15 0.675 0 1
23 15 0.098 0 1
63 5 0.412 0 1
53 22 0.294 0 2
10 22 0.034 0 2
234 52 1.293 0 2
37 30 0.181 0 2
338 40 2.000 0 2
43 5 0.167 0 1
225 52 0.941 0 2
75 70 0.314 0 2
19 30 0.062 0 2
60 5 0.263 0 1
59 52 0.399 0 1
13 30 0.074 0 2
21 15 0.071 0 1
18 5 0.053 0 1
14 100 0.063 0 1
24 40 0.151 0 1
173 30 0.625 0 2
191 22 0.610 0 1
24 15 0.081 0 1
13 15 0.043 0 2
29 40 0.085 0 1
318 10 1.882 0 1
315 40 1.250 0 1
204 52 1.166 0 1
21 5 0.095 0 1
27 70 0.087 0 1
325 10 2.167 0 2
160 5 0.523 0 2
45 40 0.196 0 1
54 30 0.161 0 1
184 10 0.551 0 2
23 15 0.096 0 1
121 15 0.596 0 2
87 100 0.451 0 1
13 22 0.074 0 2
56 22 0.335 0 2
34 52 0.121 0 1
31 100 0.098 0 2
51 100 0.315 0 1
33 30 0.166 0 1
162 52 1.045 0 1
338 70 1.182 0 1
17 10 0.063 0 2
22 52 0.125 0 2
69 70 0.308 0 2
53 100 0.183 0 1
33 10 0.173 0 2
12 30 0.073 0 2
11 40 0.041 0 2
62 15 0.210 0 1
219 100 1.197 0 1
14 100 0.083 0 1
57 5 0.182 0 2
117 15 0.395 0 2
283 100 1.056 0 2
27 15 0.094 0 2
102 40 0.576 0 1
45 30 0.216 0 1
114 30 0.491 0 2
11 30 0.073 0 2
11 70 0.059 0 2
289 40 0.944 0 2
15 70 0.083 0 2
217 5 1.437 0 2
59 22 0.218 0 1
180 5 0.833 0 2
23 40 0.141 0 1
17 15 0.108 0 2
171 22 0.643 0 2
39 70 0.149 0 2
137 10 0.405 0 2
17 15 0.104 0 2
171 5 0.529 0 1
21 10 0.114 0 1
305 22 1.605 0 2
17 40 0.058 0 2
30 10 0.160 0 2
12 15 0.058 0 1
17 15 0.051 0 1
39 30 0.137 0 2
59 100 0.301 0 1
78 30 0.443 0 2
74 10 0.374 0 2
36 100 0.119 0 2
32 100 0.105 0 1
92 22 0.289 0 1
64 100 0.226 0 1
184 100 1.243 0 1
12 100 0.039 0 2
38 52 0.134 0 1
178 100 0.595 0 1
333 70 2.108 0 1
16 40 0.074 0 2
29 5 0.132 0 2
30 5 0.128 0 2
55 10 0.333 0 1
159 15 0.480 0 1
308 40 1.740 0 2
62 40 0.292 0 2
19 100 0.111 0 1
183 10 0.968 0 1
39 40 0.132 0 1
80 52 0.250 0 1
69 22 0.222 0 2
35 5 0.172 0 2
36 22 0.181 0 1
121 10 0.658 0 1
10 70 0.041 0 1
37 52 0.134 0 2
92 100 0.318 0 2
15 5 0.082 0 2
41 5 0.174 0 1
312 10 0.972 0 1
20 52 0.115 0 2
117 15 0.342 0 2
18 70 0.057 0 1
16 15 0.055 0 1
74 30 0.278 0 1
46 5 0.237 0 2
11 22 0.067 0 2
13 40 0.038 0 2
77 15 0.389 0 2
179 70 0.984 0 1
28 22 0.096 0 2
10 100 0.059 0 1
133 10 0.893 0 2
15 52 0.064 0 2
11 10 0.034 0 2
28 52 0.099 0 1
31 52 0.161 0 1
10 100 0.050 0 2
73 40 0.308 0 2
15 70 0.095 0 1
70 22 0.220 0 1
169 5 0.841 0 1
252 10 0.783 0 1
78 22 0.433 0 2
119 70 0.589 0 1
79 15 0.283 0 2
19 70 0.057 0 2
59 30 0.204 0 1
61 22 0.332 0 1
133 5 0.773 0 2
23 40 0.128 0 1
74 52 0.343 0 1
15 5 0.051 0 2
15 15 0.065 0 2
164 10 0.901 0 1
15 15 0.082 0 2
318 40 0.933 0 2
17 15 0.074 0 2
60 70 0.186 0 1
77 15 0.381 0 2
65 30 0.199 0 2
179 15 0.904 0 1
92 15 0.409 0 1
25 22 0.097 0 1
292 52 0.890 0 2
48 100 0.164 0 1
20 30 0.061 0 2
135 52 0.458 0 2
82 10 0.491 0 1
63 100 0.193 0 2
148 22 0.747 0 2
29 10 0.088 0 2
23 40 0.105 0 2
99 52 0.521 0 2
30 70 0.099 0 1
58 100 0.392 0 2
120 22 0.453 0 2
14 52 0.047 0 1
25 30 0.143 0 1
31 5 0.124 0 2
46 40 0.146 0 1
20 10 0.093 0 1
150 52 0.467 0 1
23 15 0.083 0 2
71 70 0.332 0 1
25 10 0.123 0 2
315 40 1.472 0 1
18 40 0.121 0 1
134 70 0.598 0 1
122 100 0.394 0 2
16 15 0.067 0 1
22 30 0.071 0 1
36 22 0.122 0 2
32 40 0.180 0 2
20 15 0.093 0 2
94 10 0.372 0 2
67 30 0.218 0 1
196 52 0.585 0 1
23 70 0.105 0 2
128 70 0.437 0 1
17 30 0.062 0 2
294 100 0.875 0 2
106 22 0.322 0 1
205 5 0.986 0 1
38 5 0.191 0 2
333 70 0.979 0 1
67 100 0.338 0 2
36 30 0.107 0 2
32 10 0.209 0 2
34 52 0.115 0 1
62 30 0.230 0 1
49 70 0.265 0 1
19 40 0.094 0 2
28 40 0.117 0 1
76 22 0.276 0 1
60 100 0.361 0 2
245 10 1.256 0 2
37 5 0.164 0 2
90 40 0.391 0 1
17 15 0.052 0 2
10 40 0.032 0 2
32 30 0.125 0 1
15 40 0.077 0 2
19 22 0.097 0 2
66 30 0.262 0 2
105 70 0.443 0 1
108 15 0.318 0 1
70 15 0.338 0 1
106 15 0.517 0 1
101 40 0.447 0 1
147 52 0.574 0 1
19 10 0.084 0 2
96 22 0.358 0 2
19 70 0.063 0 2
25 22 0.087 0 2
100 70 0.345 0 2
179 15 0.574 0 1
39 40 0.180 0 2
17 15 0.072 0 2
13 10 0.060 0 2
18 30 0.059 0 2
17 5 0.056 0 1
62 40 0.215 0 2
83 100 0.282 0 2
177 52 0.656 0 1
59 100 0.273 0 1
105 100 0.358 0 1
73 15 0.233 0 2
45 70 0.302 0 2
21 5 0.098 0 1
49 30 0.188 0 1
75 10 0.285 0 1
165 15 1.006 0 1
15 70 0.067 0 2
16 10 0.050 0 2
45 100 0.143 0 1
114 40 0.360 0 1
182 15 0.695 0 1
97 100 0.350 0 2
50 22 0.316 0 1
28 10 0.159 0 1
232 22 0.971 0 1
40 40 0.139 0 1
19 40 0.104 0 2
11 70 0.037 0 2
47 52 0.229 0 2
26 30 0.139 0 1
10 5 0.056 0 1
179 22 0.526 0 2
18 15 0.059 0 1
25 5 0.111 0 2
24 40 0.108 0 1
164 40 0.619 0 2
249 30 1.012 0 2
36 5 0.188 0 2
23 10 0.071 0 1
26 15 0.105 0 1
11 70 0.048 0 2
18 30 0.074 0 2
11 70 0.043 0 1
24 10 0.092 0 1
21 10 0.071 0 1
15 40 0.077 0 1
28 40 0.087 0 2
15 15 0.074 0 2
143 10 0.708 0 2
138 70 0.920 0 2
20 10 0.061 0 1
78 10 0.252 0 2
19 30 0.075 0 2
15 100 0.055 0 2
38 10 0.149 0 2
250 40 1.534 0 1
71 40 0.382 0 1
49 100 0.293 0 1
31 30 0.093 0 1
10 5 0.037 0 2
11 15 0.061 0 1
21 30 0.070 0 1
12 52 0.050 0 1
339 15 2.030 0 2
12 40 0.038 0 1
16 70 0.058 0 1
30 30 0.141 0 2
15 40 0.073 0 2
69 40 0.394 0 2
134 15 0.393 0 1
34 30 0.104 0 2
44 22 0.243 0 1
53 10 0.356 0 1
153 52 0.702 0 2
23 30 0.076 0 1
49 52 0.295 0 1
89 40 0.313 0 2
18 100 0.107 0 2
13 52 0.040 0 1
63 70 0.211 0 1
191 52 0.604 0 1
11 70 0.036 0 1
45 100 0.269 0 1
132 30 0.595 0 1
136 10 0.602 0 1
42 15 0.197 0 2
158 5 0.470 0 2
328 10 1.918 0 2
46 15 0.227 0 2
299 100 0.920 0 1
35 30 0.142 0 2
204 40 0.667 0 2
33 15 0.111 0 1
105 30 0.312 0 2
195 10 0.833 0 2
11 15 0.070 0 1
34 5 0.102 0 2
58 52 0.328 0 1
75 10 0.254 0 1
15 22 0.095 0 2
111 52 0.340 0 2
13 5 0.047 0 2
19 15 0.082 0 1
64 70 0.263 0 2
15 70 0.048 0 2
17 10 0.059 0 1
15 10 0.059 0 2
72 5 0.276 0 1
114 52 0.429 0 1
75 10 0.221 0 2
50 70 0.289 0 1
19 22 0.082 0 1
27 100 0.161 0 2
28 5 0.085 0 2
72 15 0.275 0 2
31 30 0.168 0 2
48 5 0.289 0 1
11 100 0.058 0 1
19 30 0.106 0 2
196 52 0.723 0 1
174 30 0.787 0 2
106 22 0.445 0 2
288 22 1.263 0 1
106 40 0.384 0 2
72 30 0.234 0 1
22 40 0.083 0 2
33 10 0.114 0 2
79 5 0.245 0 2
99 52 0.429 0 1
34 52 0.111 0 2
13 52 0.052 0 1
118 10 0.667 0 1
34 10 0.119 0 2
81 10 0.238 0 2
15 10 0.055 0 2
15 15 0.055 0 1
18 10 0.100 0 1
169 70 1.030 0 1
22 15 0.082 0 2
142 15 0.724 0 1
19 100 0.057 0 1
130 100 0.542 0 2
171 10 0.574 0 1
270 100 0.941 0 2
175 5 0.591 0 2
17 52 0.053 0 2
40 10 0.142 0 2
31 100 0.115 0 2
23 15 0.100 0 1
187 15 0.842 0 1
189 100 0.682 0 1
204 15 0.770 0 1
102 40 0.301 0 2
29 100 0.090 0 1
104 15 0.601 0 1
13 40 0.080 0 1
157 30 0.720 0 2
13 70 0.048 0 1
44 5 0.171 0 2
32 100 0.188 0 1
334 52 0.988 0 2
17 30 0.086 0 1
28 100 0.097 0 2
231 22 0.797 0 1
54 5 0.265 0 2
39 100 0.181 0 2
30 100 0.111 0 1
12 5 0.058 0 1
74 52 0.251 0 2
161 30 1.000 0 2
12 15 0.039 0 2
23 52 0.105 0 2
115 10 0.399 0 2
38 52 0.177 0 2
80 100 0.300 0 1
56 10 0.368 0 2
141 10 0.481 0 1
69 70 0.215 0 1
18 22 0.061 0 1
154 5 0.644 0 1
30 40 0.120 0 1
272 52 1.340 0 2
61 100 0.235 0 1
32 30 0.122 0 1
330 10 2.037 0 2
75 52 0.315 0 1
186 30 0.964 0 1
40 10 0.141 0 1
148 10 0.902 0 1
51 15 0.204 0 1
62 22 0.283 0 2
12 70 0.046 0 2
42 15 0.244 0 2
37 30 0.140 0 2
59 70 0.215 0 1
32 52 0.189 0 2
185 52 0.640 0 1
121 40 0.370 0 2
19 22 0.080 0 2
125 5 0.817 0 2
247 52 1.625 0 2
52 10 0.284 0 2
14 5 0.046 0 1
39 100 0.154 0 2
25 70 0.082 0 2
49 52 0.200 0 2
43 100 0.132 0 2
16 52 0.079 0 1
153 30 0.503 0 2
14 10 0.056 0 2
88 5 0.398 0 2
123 22 0.471 0 1
20 70 0.090 0 2
56 5 0.222 0 1
38 100 0.117 0 1
61 52 0.372 0 1
13 30 0.071 0 1
26 22 0.147 0 1
66 70 0.359 0 1
16 10 0.057 0 2
53 5 0.298 0 1
178 70 0.727 0 2
225 30 0.962 0 1
10 10 0.041 0 2
53 100 0.333 0 1
37 70 0.211 0 1
196 10 0.784 0 2
169 30 0.768 0 2
307 22 0.956 0 2
73 15 0.246 0 2
240 10 1.086 0 2
284 70 0.919 0 1
195 5 0.637 0 1
12 5 0.051 0 2
195 52 0.572 0 2
247 30 0.867 0 1
40 15 0.187 0 1
16 22 0.062 0 1
139 22 0.552 0 2
32 70 0.102 0 1
194 10 0.698 0 2
17 52 0.088 0 1
11 22 0.067 0 2
49 70 0.174 0 2
140 40 0.515 0 2
15 70 0.051 0 1
221 15 1.493 0 1
35 10 0.193 0 1
14 52 0.065 0 1
33 5 0.103 0 1
17 15 0.056 0 2
169 52 0.525 0 2
202 70 1.098 0 2
299 5 1.057 0 1
54 5 0.221 0 1
279 100 1.525 0 1
15 100 0.093 0 2
51 10 0.245 0 2
42 5 0.266 0 1
310 22 1.260 0 1
186 100 0.853 0 1
50 70 0.164 0 1
68 5 0.206 0 1
35 10 0.134 0 1
314 10 1.447 0 1
154 15 0.508 0 2
75 22 0.227 0 1
95 5 0.322 0 2
20 40 0.094 0 1
180 22 0.942 0 2
13 22 0.053 0 1
123 52 0.486 0 1
38 15 0.185 0 2
72 10 0.255 0 1
12 40 0.042 0 1
332 70 1.297 0 1
32 15 0.118 0 1
83 40 0.306 0 1
45 100 0.138 0 2
12 15 0.059 0 2
63 22 0.285 0 1
105 70 0.366 0 1
34 15 0.181 0 1
12 5 0.039 0 2
49 100 0.173 0 1
35 15 0.116 0 2
29 70 0.101 0 2
39 70 0.264 0 2
279 5 0.858 0 1
175 40 1.074 0 2
179 5 0.574 0 2
311 5 1.777 0 2
79 100 0.287 0 1
12 40 0.036 0 1
49 70 0.186 0 2
221 15 0.936 0 1
30 15 0.089 0 2
45 70 0.184 0 2
83 52 0.273 0 1
74 10 0.233 0 1
11 40 0.052 0 1
77 40 0.405 0 1
243 15 1.209 0 2
307 100 1.421 0 1
32 10 0.113 0 2
23 52 0.069 0 1
33 15 0.136 0 2
334 100 1.325 0 1
147 40 0.919 0 1
45 40 0.212 0 1
84 40 0.469 0 1
69 5 0.254 0 1
111 30 0.698 0 2
32 15 0.188 0 1
124 30 0.693 0 1
36 10 0.202 0 1
73 52 0.265 0 2
12 40 0.036 0 1
38 40 0.179 0 1
17 22 0.067 0 2
176 15 0.752 0 2
18 52 0.109 0 1
31 30 0.111 0 2
33 40 0.105 0 2
19 22 0.067 0 2
31 52 0.100 0 1
15 70 0.059 0 1
42 100 0.183 0 2
12 22 0.062 0 2
161 10 0.668 0 1
121 70 0.354 0 1
52 52 0.210 0 2
37 22 0.128 0 1
18 15 0.058 0 1
19 5 0.072 0 1
67 40 0.288 0 2
19 52 0.128 0 1
16 100 0.103 0 2
125 30 0.714 0 1
36 30 0.155 0 1
174 22 1.055 0 2
13 22 0.048 0 1
18 10 0.071 0 1
11 52 0.067 0 2
154 22 0.458 0 2
33 70 0.098 0 2
18 22 0.099 0 1
13 5 0.043 0 2
148 40 0.488 0 1
37 40 0.116 0 1
60 10 0.335 0 1
15 40 0.055 0 1
216 10 1.014 0 2
13 40 0.050 0 1
54 40 0.323 0 2
38 70 0.190 0 1
44 40 0.148 0 1
40 22 0.163 0 2
55 70 0.165 0 1
114 70 0.538 0 2
13 70 0.053 0 2
86 100 0.432 0 2
12 10 0.075 0 1
62 15 0.339 0 2
19 5 0.074 0 1
48 15 0.140 0 1
131 10 0.413 0 1
293 10 1.069 0 2
179 40 0.694 0 2
15 52 0.050 0 1
143 70 0.556 0 2
71 100 0.239 0 2
18 100 0.089 0 1
38 100 0.207 0 1
71 15 0.327 0 1
197 22 0.576 0 2
15 52 0.050 0 2
96 52 0.374 0 1
276 15 1.484 0 2
16 40 0.072 0 1
54 5 0.286 0 1
64 52 0.344 0 2
188 100 0.908 0 1
139 70 0.533 0 1
243 40 1.438 0 2
140 15 0.526 0 2
127 22 0.547 0 2
196 100 1.133 0 1
20 30 0.096 0 1
15 100 0.052 0 2
178 40 0.616 0 2
119 52 0.630 0 1
245 10 0.749 0 2
68 5 0.246 0 1
209 10 0.846 0 1
31 100 0.124 0 2
26 30 0.087 0 1
160 30 0.860 0 2
41 40 0.169 0 2
10 15 0.054 0 2
224 52 1.185 0 2
121 15 0.443 0 2
134 30 0.421 0 1
53 30 0.288 0 2
42 30 0.264 0 2
24 70 0.128 0 2
62 100 0.264 0 2
16 15 0.103 0 1
34 52 0.129 0 2
13 40 0.054 0 2
55 22 0.175 0 2
31 15 0.103 0 2
59 22 0.285 0 1
48 100 0.176 0 1
22 40 0.113 0 1
17 30 0.091 0 1
269 40 1.027 0 2
35 10 0.132 0 2
14 100 0.049 0 1
148 30 0.552 0 1
70 40 0.270 0 2
28 5 0.093 0 1
193 22 0.672 0 1
15 40 0.049 0 2
139 52 0.465 0 1
26 52 0.121 0 1
68 5 0.354 0 2
329 100 1.123 0 2
168 15 0.955 0 2
182 52 0.989 0 1
135 5 0.860 0 1
70 5 0.285 0 2
16 40 0.048 0 2
38 40 0.111 0 1
330 52 1.833 0 2
12 52 0.037 0 1
73 70 0.344 0 1
17 40 0.061 0 1
36 30 0.143 0 1
100 22 0.325 0 1
10 30 0.062 0 2
11 5 0.068 0 1
208 30 1.253 0 1
15 15 0.057 0 1
69 40 0.276 0 2
33 100 0.159 0 1
170 100 0.642 0 2
127 15 0.620 0 2
100 30 0.306 0 1
30 22 0.197 0 2
17 30 0.054 0 2
28 40 0.118 0 1
70 30 0.359 0 1
334 10 1.125 0 2
44 5 0.289 0 2
323 15 1.045 0 1
200 52 1.081 0 1
180 100 0.552 0 2
67 22 0.280 0 2
65 40 0.307 0 2
14 100 0.058 0 1
260 40 1.145 0 2
45 10 0.292 0 1
177 22 0.903 0 2
20 15 0.131 0 1
332 22 1.361 0 2
21 30 0.072 0 2
63 52 0.251 0 1
44 22 0.235 0 1
49 40 0.188 0 1
16 52 0.059 0 2
71 10 0.332 0 2
13 5 0.062 0 1
43 22 0.147 0 1
68 22 0.329 0 2
72 70 0.265 0 2
50 15 0.182 0 2
83 100 0.423 0 2
213 10 1.014 0 2
36 40 0.137 0 1
178 40 0.627 0 2
17 70 0.060 0 1
334 22 1.942 0 1
35 70 0.176 0 1
330 22 1.191 0 2
124 52 0.701 0 1
148 100 0.993 0 1
48 100 0.186 0 1
27 22 0.084 0 2
197 52 0.770 0 2
18 15 0.094 0 1
127 100 0.391 0 1
18 30 0.109 0 1
250 40 0.806 0 2
29 10 0.086 0 2
42 100 0.230 0 1
48 30 0.167 0 1
138 40 0.429 0 1
10 22 0.044 0 1
73 40 0.268 0 2
44 52 0.197 0 1
268 22 0.996 0 2
32 100 0.110 0 1
29 15 0.119 0 2
21 70 0.078 0 2
338 52 1.385 0 2
165 70 0.954 0 2
25 5 0.092 0 2
10 52 0.035 0 2
48 30 0.165 0 1
209 30 0.757 0 1
183 40 0.546 0 2
19 22 0.063 0 1
66 100 0.248 0 2
12 22 0.070 0 1
70 100 0.347 0 1
13 5 0.082 0 1
126 40 0.594 0 2
15 30 0.061 0 2
236 22 0.713 0 2
55 40 0.221 0 1
16 70 0.068 0 2
95 22 0.391 0 2
208 40 0.712 0 1
81 40 0.250 0 2
17 100 0.081 0 1
17 100 0.075 0 1
53 70 0.205 0 1
12 10 0.037 0 2
36 5 0.107 0 2
136 15 0.610 0 2
18 10 0.071 0 1
332 22 1.919 0 1
105 5 0.453 0 1
167 22 0.640 0 2
56 100 0.346 0 1
57 30 0.239 0 1
149 40 0.768 0 1
186 40 0.653 0 1
247 70 0.746 0 1
16 40 0.075 0 1
44 5 0.147 0 2
24 15 0.124 0 2
39 5 0.120 0 1
72 22 0.398 0 2
82 52 0.305 0 2
24 100 0.157 0 2
58 52 0.178 0 2
57 30 0.333 0 1
79 30 0.256 0 1
62 5 0.354 0 1
64 5 0.335 0 1
33 40 0.100 0 2
30 70 0.090 0 2
102 52 0.470 0 2
23 40 0.091 0 2
21 30 0.117 0 1
16 22 0.058 0 1
293 40 1.646 0 1
10 30 0.036 1 0
21 22 0.102 1 2
27 52 0.136 1 0
29 100 0.146 1 0
19 40 0.103 1 2
66 5 0.252 1 2
25 40 0.081 1 0
15 30 0.079 1 0
10 5 0.047 1 2
10 52 0.036 1 0
23 40 0.110 1 2
61 70 0.300 1 0
85 30 0.263 1 0
14 52 0.060 1 2
306 5 1.749 1 0
144 15 0.716 1 0
84 5 0.263 1 2
294 40 1.289 1 2
339 22 1.189 1 0
283 40 1.675 1 2
68 15 0.219 1 0
219 70 0.948 1 0
13 15 0.041 1 0
104 100 0.351 1 0
14 22 0.041 1 2
276 100 1.095 1 0
44 70 0.182 1 2
75 70 0.417 1 2
33 15 0.127 1 0
12 5 0.065 1 0
227 22 0.709 1 0
36 15 0.109 1 0
94 10 0.352 1 0
177 100 0.663 1 2
66 40 0.244 1 0
22 22 0.073 1 0
186 22 0.930 1 2
65 52 0.242 1 0
10 15 0.045 1 0
21 40 0.107 1 0
98 52 0.327 1 2
312 52 1.444 1 0
146 5 0.510 1 0
37 10 0.147 1 2
18 10 0.057 1 2
36 5 0.185 1 2
155 40 0.928 1 2
41 5 0.141 1 0
148 52 0.712 1 0
27 100 0.102 1 2
17 22 0.066 1 2
153 70 0.757 1 0
49 40 0.283 1 0
50 15 0.338 1 0
68 70 0.227 1 2
10 10 0.032 1 0
91 15 0.492 1 0
73 52 0.340 1 0
301 30 1.627 1 2
28 5 0.117 1 0
15 100 0.069 1 0
15 52 0.047 1 2
90 15 0.370 1 2
81 15 0.315 1 0
13 10 0.059 1 0
21 30 0.072 1 0
22 15 0.086 1 0
193 100 0.865 1 0
11 10 0.060 1 0
325 15 0.979 1 2
16 70 0.063 1 0
68 70 0.321 1 0
18 22 0.081 1 2
35 100 0.102 1 2
19 52 0.062 1 2
38 10 0.160 1 0
41 40 0.275 1 0
162 22 0.659 1 0
10 22 0.030 1 0
46 15 0.277 1 0
57 5 0.170 1 2
20 70 0.082 1 0
45 5 0.237 1 2
21 40 0.080 1 2
64 70 0.370 1 0
302 70 1.013 1 2
19 5 0.076 1 0
41 15 0.129 1 0
12 70 0.043 1 0
19 5 0.087 1 0
168 52 0.618 1 2
25 100 0.132 1 0
43 30 0.230 1 2
26 100 0.174 1 0
43 40 0.180 1 2
143 5 0.653 1 2
27 40 0.111 1 2
35 30 0.104 1 2
305 22 1.614 1 0
112 30 0.647 1 2
181 22 0.846 1 0
51 100 0.260 1 0
18 5 0.122 1 2
41 70 0.176 1 0
194 22 0.703 1 0
35 22 0.176 1 0
64 10 0.203 1 0
34 5 0.163 1 0
52 30 0.301 1 2
24 70 0.072 1 0
44 100 0.203 1 0
13 100 0.055 1 0
14 52 0.044 1 0
31 15 0.138 1 0
254 40 1.176 1 0
49 52 0.157 1 0
30 40 0.156 1 0
29 15 0.180 1 0
19 22 0.082 1 2
152 70 0.641 1 2
18 70 0.090 1 2
204 22 1.127 1 2
266 5 1.118 1 0
24 70 0.128 1 0
162 100 0.723 1 0
95 52 0.349 1 2
88 5 0.373 1 2
13 30 0.044 1 2
38 15 0.123 1 0
55 30 0.264 1 0
15 10 0.055 1 0
110 100 0.449 1 2
236 70 0.944 1 0
62 100 0.244 1 0
22 40 0.086 1 0
79 30 0.312 1 0
75 100 0.285 1 2
41 40 0.142 1 0
295 70 1.255 1 2
29 22 0.130 1 2
41 100 0.160 1 0
297 30 0.905 1 2
134 22 0.528 1 0
12 15 0.046 1 0
67 10 0.332 1 2
70 70 0.242 1 0
11 22 0.052 1 2
43 70 0.151 1 0
87 52 0.439 1 2
63 10 0.215 1 2
118 70 0.349 1 0
88 100 0.425 1 0
10 40 0.067 1 2
18 40 0.056 1 0
27 52 0.079 1 0
264 15 1.015 1 2
48 5 0.277 1 2
89 100 0.497 1 0
149 22 0.642 1 0
33 10 0.213 1 0
20 70 0.084 1 0
28 22 0.127 1 2
68 22 0.224 1 2
79 10 0.325 1 0
78 100 0.341 1 0
288 15 1.055 1 0
187 52 0.736 1 0
18 40 0.057 1 0
29 100 0.108 1 2
56 22 0.232 1 0
35 22 0.111 1 2
63 70 0.187 1 0
49 10 0.194 1 0
15 22 0.062 1 2
103 15 0.360 1 0
30 10 0.098 1 2
55 5 0.325 1 2
15 5 0.069 1 0
132 100 0.892 1 0
64 5 0.372 1 0
23 40 0.116 1 2
188 15 1.253 1 2
42 10 0.145 1 0
134 100 0.498 1 0
33 40 0.101 1 2
81 100 0.286 1 0
17 30 0.110 1 0
10 70 0.031 1 2
65 52 0.201 1 0
24 40 0.074 1 0
12 100 0.042 1 0
22 52 0.111 1 0
63 5 0.220 1 0
25 10 0.082 1 0
320 100 0.988 1 0
175 22 0.681 1 2
37 70 0.190 1 2
39 40 0.174 1 0
152 30 0.478 1 2
10 52 0.036 1 0
48 15 0.236 1 0
38 22 0.180 1 0
38 100 0.148 1 0
102 15 0.347 1 2
35 70 0.140 1 0
12 22 0.065 1 2
52 30 0.161 1 0
162 10 0.915 1 0
16 30 0.080 1 0
18 22 0.078 1 2
17 40 0.067 1 0
68 22 0.209 1 0
63 52 0.211 1 0
10 10 0.033 1 0
24 30 0.090 1 0
37 52 0.236 1 2
35 52 0.103 1 2
179 100 0.565 1 0
129 15 0.551 1 0
50 100 0.182 1 0
114 40 0.556 1 2
37 10 0.108 1 0
247 15 1.328 1 0
38 10 0.146 1 0
315 5 1.413 1 0
31 15 0.091 1 2
58 22 0.227 1 0
13 70 0.040 1 0
20 52 0.093 1 0
30 15 0.121 1 0
60 30 0.387 1 0
126 100 0.712 1 0
18 100 0.069 1 0
21 22 0.063 1 0
223 52 0.799 1 0
62 5 0.330 1 0
53 5 0.189 1 0
18 30 0.075 1 0
91 52 0.314 1 0
321 15 1.969 1 2
29 15 0.087 1 2
163 22 0.982 1 0
13 40 0.054 1 0
134 52 0.457 1 2
46 52 0.172 1 0
168 30 0.632 1 0
262 10 0.862 1 0
33 10 0.124 1 0
90 70 0.523 1 0
145 10 0.829 1 2
22 52 0.072 1 2
102 22 0.406 1 2
241 22 0.893 1 0
188 100 1.190 1 0
191 5 1.027 1 0
66 10 0.242 1 0
69 15 0.332 1 0
14 22 0.046 1 0
17 5 0.067 1 2
41 22 0.121 1 0
50 10 0.151 1 2
96 10 0.627 1 2
17 52 0.059 1 0
61 10 0.184 1 2
10 22 0.062 1 0
17 10 0.086 1 0
76 15 0.308 1 0
43 5 0.136 1 2
182 30 0.758 1 0
13 30 0.046 1 2
35 30 0.142 1 0
14 5 0.042 1 0
72 22 0.385 1 2
22 40 0.081 1 2
130 15 0.539 1 2
10 22 0.038 1 0
18 30 0.090 1 0
46 22 0.165 1 2
190 100 0.884 1 0
176 70 1.048 1 0
37 22 0.141 1 0
67 100 0.246 1 0
36 100 0.160 1 0
16 100 0.055 1 0
35 5 0.116 1 0
70 10 0.283 1 2
238 100 0.902 1 0
245 5 0.749 1 2
13 70 0.057 1 0
15 30 0.068 1 2
49 100 0.188 1 2
60 52 0.206 1 2
189 100 0.840 1 0
24 30 0.089 1 2
180 70 0.837 1 2
39 22 0.166 1 0
25 70 0.162 1 0
43 70 0.218 1 0
32 30 0.132 1 0
186 22 1.063 1 0
15 22 0.051 1 0
14 10 0.060 1 0
105 22 0.477 1 0
75 22 0.223 1 2
98 15 0.291 1 2
161 30 0.770 1 2
137 15 0.561 1 0
14 52 0.045 1 2
17 5 0.055 1 2
86 70 0.347 1 2
69 52 0.235 1 0
11 22 0.033 1 2
16 70 0.108 1 0
17 100 0.077 1 0
65 30 0.348 1 0
121 100 0.593 1 0
38 70 0.180 1 0
13 52 0.053 1 2
110 100 0.412 1 0
161 5 0.596 1 0
33 22 0.117 1 0
27 70 0.095 1 2
68 22 0.239 1 2
32 15 0.161 1 2
10 10 0.035 1 0
28 22 0.084 1 0
58 30 0.207 1 2
11 52 0.045 1 0
277 5 0.850 1 2
71 40 0.293 1 0
54 40 0.188 1 0
139 15 0.430 1 0
78 22 0.456 1 0
203 10 0.597 1 0
15 100 0.101 1 2
127 30 0.457 1 0
92 70 0.286 1 0
10 40 0.032 1 0
273 100 1.075 1 2
14 40 0.049 1 0
61 5 0.223 1 0
77 15 0.261 1 0
19 10 0.079 1 2
142 40 0.645 1 0
24 30 0.079 1 2
38 5 0.253 1 0
44 5 0.134 1 0
26 22 0.130 1 2
14 100 0.095 1 2
76 30 0.287 1 2
17 52 0.079 1 2
142 5 0.623 1 0
36 70 0.190 1 2
25 15 0.156 1 0
58 5 0.272 1 0
41 5 0.147 1 0
40 22 0.134 1 0
30 30 0.173 1 0
110 10 0.389 1 0
53 52 0.210 1 0
12 22 0.045 1 2
18 40 0.103 1 0
67 70 0.327 1 0
41 70 0.154 1 2
14 22 0.041 1 0
49 52 0.234 1 2
44 52 0.163 1 0
18 100 0.058 1 0
56 22 0.182 1 0
71 5 0.303 1 2
37 30 0.173 1 0
14 15 0.043 1 0
64 5 0.210 1 0
172 22 0.758 1 0
173 30 0.618 1 2
168 10 0.577 1 0
189 15 0.659 1 2
48 10 0.286 1 2
18 15 0.091 1 0
18 30 0.097 1 0
46 5 0.275 1 2
58 40 0.206 1 0
59 15 0.226 1 0
165 52 0.833 1 0
31 30 0.103 1 2
15 5 0.060 1 0
17 70 0.101 1 2
17 40 0.081 1 2
13 22 0.065 1 2
54 52 0.186 1 2
39 30 0.205 1 0
39 22 0.234 1 2
174 52 0.821 1 2
27 100 0.169 1 0
105 70 0.486 1 0
18 22 0.105 1 0
25 5 0.084 1 2
94 15 0.390 1 0
191 52 0.663 1 0
283 15 1.522 1 2
14 40 0.091 1 0
142 40 0.424 1 2
61 10 0.332 1 0
49 40 0.150 1 0
56 52 0.169 1 0
144 100 0.696 1 2
190 52 1.038 1 2
73 15 0.480 1 2
18 10 0.055 1 2
17 10 0.078 1 0
109 5 0.606 1 0
154 30 0.969 1 2
75 5 0.346 1 2
77 70 0.372 1 0
14 30 0.061 1 2
116 15 0.652 1 2
42 52 0.126 1 0
104 70 0.307 1 2
16 70 0.064 1 0
183 40 0.548 1 2
16 100 0.049 1 2
29 40 0.086 1 0
173 30 0.529 1 2
74 52 0.240 1 0
176 52 0.677 1 0
30 52 0.117 1 0
15 52 0.091 1 2
16 100 0.061 1 0
149 30 0.690 1 2
14 22 0.046 1 0
13 100 0.066 1 0
38 40 0.112 1 0
16 5 0.090 1 2
66 70 0.210 1 2
14 40 0.052 1 0
65 100 0.246 1 0
31 5 0.127 1 2
34 30 0.176 1 2
14 5 0.041 1 0
131 30 0.630 1 0
86 5 0.424 1 2
30 10 0.122 1 2
179 30 0.611 1 0
45 10 0.132 1 0
316 52 1.417 1 0
38 5 0.138 1 0
32 15 0.148 1 0
168 15 0.501 1 0
78 15 0.506 1 0
20 30 0.074 1 0
34 52 0.224 1 0
48 52 0.234 1 2
168 22 0.960 1 0
15 40 0.047 1 2
198 22 1.215 1 0
87 30 0.258 1 0
18 70 0.081 1 0
48 52 0.238 1 2
33 22 0.149 1 2
36 40 0.118 1 0
236 100 1.422 1 2
333 10 1.549 1 2
115 15 0.697 1 0
117 10 0.522 1 0
31 15 0.117 1 0
266 52 0.842 1 0
58 70 0.343 1 2
207 15 1.225 1 0
45 70 0.250 1 0
14 70 0.080 1 0
13 40 0.056 1 2
306 30 0.965 1 0
15 30 0.067 1 2
22 70 0.067 1 0
12 100 0.073 1 0
67 10 0.330 1 0
10 100 0.031 1 2
96 5 0.294 1 0
79 22 0.306 1 0
90 40 0.520 1 0
42 10 0.131 1 2
49 10 0.184 1 0
182 70 0.820 1 2
85 52 0.528 1 0
37 70 0.143 1 0
288 52 0.897 1 0
105 40 0.571 1 0
68 15 0.211 1 2
27 5 0.087 1 2
318 5 1.719 1 0
176 100 0.912 1 0
14 40 0.047 1 2
75 40 0.247 1 0
76 40 0.347 1 0
70 52 0.340 1 0
60 22 0.274 1 2
38 10 0.203 1 2
13 40 0.038 1 2
32 30 0.184 1 2
182 22 1.096 1 0
247 5 0.969 1 2
17 100 0.086 1 0
80 10 0.374 1 0
163 52 0.780 1 0
36 30 0.135 1 0
139 10 0.768 1 0
98 40 0.289 1 2
19 100 0.082 1 0
116 100 0.404 1 0
37 10 0.199 1 0
14 70 0.048 1 2
65 30 0.230 1 0
55 40 0.223 1 0
287 5 1.400 1 0
15 52 0.057 1 0
27 30 0.136 1 2
18 22 0.079 1 2
64 40 0.204 1 2
191 100 0.932 1 0
79 5 0.237 1 0
51 100 0.319 1 2
12 40 0.045 1 0
55 5 0.238 1 2
69 52 0.225 1 2
94 52 0.359 1 0
14 22 0.053 1 2
37 70 0.114 1 0
161 100 1.066 1 0
14 22 0.042 1 2
52 70 0.170 1 2
27 10 0.079 1 0
45 30 0.136 1 2
21 30 0.066 1 0
15 22 0.072 1 2
227 22 0.682 1 0
10 22 0.036 1 2
31 15 0.092 1 0
30 100 0.121 1 0
36 52 0.109 1 0
336 5 1.128 1 0
29 15 0.116 1 0
147 5 0.544 1 0
52 40 0.199 1 0
141 22 0.507 1 0
32 15 0.154 1 0
14 100 0.041 1 0
31 15 0.095 1 2
14 5 0.086 1 2
27 22 0.100 1 0
88 52 0.287 1 2
121 22 0.712 1 2
133 10 0.723 1 0
38 10 0.233 1 0
16 22 0.049 1 0
186 5 1.148 1 0
11 30 0.034 1 2
48 40 0.236 1 0
12 15 0.075 1 2
103 30 0.636 1 0
63 5 0.399 1 2
77 40 0.283 1 0
64 70 0.201 1 0
13 52 0.059 1 0
19 52 0.067 1 0
14 10 0.083 1 2
15 100 0.048 1 0
330 70 1.096 1 0
35 52 0.122 1 0
19 30 0.074 1 0
151 52 0.651 1 0
48 22 0.306 1 0
42 10 0.220 1 2
175 52 0.512 1 0
109 10 0.408 1 0
143 100 0.622 1 0
20 70 0.104 1 2
20 22 0.093 1 0
66 70 0.241 1 0
112 100 0.502 1 0
46 15 0.256 1 0
84 40 0.304 1 0
120 15 0.364 1 2
185 22 0.576 1 0
42 100 0.130 1 0
93 70 0.339 1 0
34 40 0.140 1 0
26 15 0.147 1 2
28 22 0.092 1 2
141 5 0.439 1 2
19 100 0.070 1 0
63 30 0.220 1 0
17 10 0.085 1 0
13 30 0.041 1 0
11 30 0.038 1 0
11 15 0.052 1 2
11 10 0.032 1 0
14 52 0.056 1 2
78 10 0.476 1 2
251 5 0.863 1 0
55 15 0.364 1 0
10 52 0.044 1 0
17 10 0.063 1 2
15 100 0.059 1 0
16 70 0.059 1 2
72 15 0.416 1 0
16 70 0.075 1 0
35 100 0.103 1 0
54 52 0.176 1 2
57 100 0.212 1 2
79 100 0.264 1 0
125 52 0.370 1 0
12 22 0.042 1 2
62 52 0.212 1 0
266 40 0.982 1 0
14 22 0.072 1 0
133 100 0.826 1 0
17 30 0.077 1 2
15 70 0.052 1 0
10 15 0.063 1 2
15 5 0.068 1 0
32 22 0.141 1 0
61 15 0.215 1 0
50 5 0.160 1 0
116 100 0.601 1 2
63 100 0.368 1 0
24 40 0.079 1 0
27 52 0.141 1 2
35 22 0.198 1 0
269 100 1.446 1 0
41 15 0.195 1 2
25 30 0.154 1 0
20 5 0.099 1 0
50 40 0.239 1 0
12 22 0.042 1 0
30 22 0.090 1 2
71 5 0.341 1 0
201 52 1.015 1 0
73 52 0.290 1 0
176 40 0.859 1 2
64 100 0.190 1 2
67 15 0.238 1 0
29 10 0.145 1 2
10 10 0.036 1 2
21 10 0.090 1 0
64 5 0.260 1 0
164 10 0.548 1 0
137 40 0.783 1 2
38 22 0.130 1 0
17 5 0.088 1 0
13 70 0.040 1 0
12 22 0.067 1 0
196 70 0.710 1 0
12 70 0.036 1 0
25 40 0.139 1 2
11 40 0.057 1 2
47 5 0.153 1 0
215 5 1.188 1 0
46 52 0.155 1 2
323 40 2.153 1 2
72 15 0.258 1 0
124 100 0.785 1 0
202 40 1.347 1 0
19 100 0.066 1 2
20 10 0.078 1 0
26 15 0.135 1 0
129 10 0.424 1 0
79 22 0.331 1 0
57 100 0.277 1 2
67 30 0.201 1 2
97 10 0.495 1 0
69 40 0.377 1 0
67 30 0.201 1 0
29 22 0.140 1 0
29 70 0.111 1 0
11 40 0.043 1 0
60 40 0.235 1 0
187 40 0.803 1 2
43 15 0.138 1 0
16 5 0.053 1 2
29 5 0.107 1 0
195 5 0.663 1 0
169 22 0.585 1 2
37 30 0.129 1 0
119 22 0.502 1 0
100 10 0.383 1 0
133 52 0.472 1 2
176 10 0.819 1 0
32 22 0.206 1 0
42 70 0.190 1 2
47 5 0.288 1 0
35 100 0.138 1 0
195 70 0.606 1 2
139 40 0.406 1 0
15 22 0.070 1 0
221 5 0.668 1 0
166 70 0.516 1 0
93 40 0.299 1 0
148 40 0.516 1 2
35 22 0.159 1 0
43 22 0.151 1 2
36 100 0.137 1 2
16 70 0.061 1 0
10 15 0.039 1 2
112 70 0.434 1 0
95 70 0.463 1 2
18 70 0.074 1 0
14 70 0.044 1 0
26 40 0.087 1 0
146 15 0.537 1 2
10 22 0.042 1 0
64 5 0.193 1 0
50 40 0.321 1 0
132 100 0.446 1 2
13 70 0.071 1 2
23 22 0.073 1 0
50 70 0.155 1 2
12 100 0.036 1 0
71 52 0.449 1 2
17 40 0.098 1 0
18 15 0.098 1 2
28 30 0.181 1 0
18 100 0.060 1 2
117 100 0.358 1 0
73 22 0.215 1 0
328 10 2.063 1 0
45 22 0.147 1 2
34 52 0.108 1 2
15 100 0.048 1 2
19 5 0.066 1 2
54 70 0.186 1 0
79 70 0.310 1 2
115 15 0.535 1 0
89 70 0.441 1 0
29 10 0.130 1 0
49 15 0.230 1 0
95 15 0.315 1 0
128 40 0.612 1 0
37 30 0.131 1 2
87 5 0.506 1 0
193 15 1.170 1 0
18 22 0.075 1 0
42 15 0.250 1 0
17 70 0.075 1 0
74 40 0.269 1 2
258 15 0.921 1 2
74 5 0.468 1 0
39 52 0.218 1 0
30 70 0.096 1 0
12 52 0.055 1 0
39 5 0.264 1 0
30 70 0.173 1 2
25 100 0.090 1 0
53 30 0.157 1 0
16 100 0.105 1 0
18 100 0.116 1 0
10 30 0.029 1 2
20 10 0.104 1 0
21 22 0.085 1 2
35 52 0.217 1 0
295 40 1.109 1 2
76 30 0.267 1 0
203 52 1.293 1 0
157 70 0.773 1 2
51 5 0.217 1 0
16 30 0.049 1 2
272 70 1.689 1 2
30 40 0.155 1 0
12 52 0.071 1 0
24 5 0.089 1 0
34 22 0.131 1 2
24 5 0.094 1 2
184 22 0.876 1 0
308 5 1.034 1 2
60 15 0.268 1 0
279 15 1.153 1 0
32 70 0.098 1 0
79 10 0.290 1 2
10 52 0.035 1 0
14 10 0.052 1 2
100 40 0.301 1 0
145 22 0.587 1 0
10 100 0.041 1 0
17 30 0.098 1 0
21 10 0.101 1 0
108 30 0.403 1 2
28 15 0.141 1 0
13 15 0.071 1 0
59 70 0.296 1 0
168 30 1.006 1 0
67 5 0.385 1 2
18 100 0.105 1 0
153 30 0.864 1 0
235 15 0.685 1 0
147 5 0.538 1 2
33 40 0.120 1 2
12 5 0.052 1 0
37 70 0.227 1 2
198 30 0.723 1 0
185 30 0.984 1 0
49 70 0.254 1 0
79 40 0.320 1 2
131 10 0.489 1 0
325 10 1.868 1 0
47 22 0.143 1 2
17 30 0.064 1 0
50 22 0.298 1 0
26 10 0.125 1 0
47 40 0.139 1 2
28 5 0.133 1 0
153 22 0.718 1 2
38 30 0.216 1 0
17 30 0.099 1 0
144 30 0.634 1 2
193 5 1.229 1 2
33 30 0.128 1 0
125 10 0.714 1 2
11 100 0.041 1 0
159 52 0.671 1 0
46 10 0.235 1 0
23 52 0.097 1 2
306 52 1.081 1 0
144 15 0.929 1 2
46 40 0.194 1 2
84 5 0.271 1 0
38 40 0.167 1 2
202 10 1.025 1 0
94 40 0.325 1 2
12 52 0.065 1 0
47 30 0.150 1 0
19 100 0.081 1 0
20 52 0.100 1 0
97 70 0.290 1 2
189 40 1.005 1 0
14 15 0.047 1 0
195 10 0.793 1 0
171 30 0.822 1 0
12 70 0.045 1 0
16 40 0.064 1 2
63 10 0.253 1 0
10 22 0.045 1 0
283 100 1.341 1 0
29 100 0.112 1 0
16 40 0.054 1 2
12 52 0.053 1 0
55 52 0.167 1 0
16 100 0.054 1 0
175 100 1.067 1 0
38 100 0.166 1 2
13 15 0.082 1 2
97 30 0.323 1 2
17 100 0.088 1 0
13 40 0.071 1 0
156 22 0.464 1 2
147 40 0.724 1 0
46 52 0.157 1 2
280 15 1.085 1 0
300 70 1.115 1 2
320 70 2.133 1 0
283 22 1.114 1 0
84 100 0.251 1 2
12 10 0.050 1 2
34 15 0.225 1 0
12 5 0.042 1 2
192 10 0.722 1 2
78 15 0.513 1 2
15 70 0.056 1 0
12 52 0.074 1 2
25 100 0.164 1 2
52 22 0.271 1 0
71 30 0.254 1 2
44 10 0.180 1 0
34 70 0.106 1 0
55 22 0.252 1 0
264 10 0.992 1 2
29 100 0.105 1 2
19 5 0.066 1 2
58 30 0.356 1 0
36 100 0.120 1 0
108 5 0.364 1 0
11 70 0.052 1 0
242 52 0.823 1 0
33 22 0.130 1 0
172 70 0.945 1 2
144 100 0.450 1 0
42 52 0.207 1 0
307 30 1.520 1 0
126 30 0.376 1 2
23 100 0.113 1 0
32 5 0.208 1 0
53 52 0.315 1 2
50 40 0.158 1 0
35 40 0.111 1 2
77 30 0.307 1 2
39 10 0.120 1 2
275 40 1.030 1 0
97 70 0.298 1 0
20 52 0.068 1 2
61 70 0.372 1 2
44 40 0.198 1 2
40 70 0.143 1 0
44 100 0.293 1 2
68 10 0.333 1 0
196 52 0.634 1 0
104 52 0.421 1 0
43 30 0.160 1 0
31 70 0.140 1 2
37 15 0.171 1 0
34 15 0.108 1 2
68 70 0.201 1 0
54 10 0.179 1 0
293 30 0.862 1 0
12 70 0.035 1 0
284 30 1.587 1 0
31 40 0.098 1 0
17 30 0.062 1 0
20 15 0.060 1 0
191 5 0.732 1 0
36 5 0.183 1 0
23 52 0.132 1 0
150 30 0.638 1 0
51 22 0.219 1 2
12 40 0.050 1 0
10 5 0.039 1 0
28 10 0.183 1 2
64 52 0.248 1 0
18 10 0.089 1 0
58 40 0.349 1 0
14 5 0.065 1 2
11 10 0.038 1 0
16 100 0.083 1 2
214 40 0.677 1 2
51 22 0.213 1 2
11 40 0.072 1 2
56 10 0.376 1 0
22 15 0.120 1 2
215 15 0.843 1 0
15 15 0.053 1 0
89 40 0.337 1 2
39 100 0.200 1 0
35 40 0.216 1 2
34 15 0.137 1 0
37 5 0.193 1 0
127 22 0.410 1 0
73 30 0.354 1 2
75 52 0.487 1 0
183 100 0.590 1 0
13 40 0.063 1 2
36 22 0.129 1 0
62 5 0.356 1 0
72 40 0.235 1 0
25 52 0.079 1 0
59 15 0.182 1 0
144 15 0.543 1 0
15 30 0.074 1 2
197 5 1.026 1 2
68 10 0.226 1 0
60 30 0.185 1 2
23 100 0.100 1 2
13 5 0.054 1 0
14 100 0.074 1 0
35 10 0.212 1 2
10 70 0.029 1 0
166 52 0.535 1 2
27 15 0.146 1 0
125 70 0.661 1 0
28 40 0.168 1 0
34 70 0.104 1 0
17 52 0.103 1 0
13 40 0.053 1 2
18 22 0.081 1 0
37 100 0.162 1 2
71 30 0.346 1 2
12 10 0.039 1 0
89 30 0.287 1 0
35 100 0.132 1 0
213 40 1.430 1 2
25 52 0.152 1 0
69 70 0.220 1 0
16 40 0.051 1 0
71 5 0.336 1 0
85 70 0.304 1 2
84 40 0.431 1 2
161 52 0.671 1 2
29 10 0.108 1 0
39 5 0.137 1 0
11 40 0.054 1 2
11 100 0.037 1 0
140 30 0.718 1 0
12 10 0.059 1 0
53 30 0.226 1 0
25 5 0.079 1 0
15 5 0.062 1 0
12 5 0.071 1 0
125 10 0.446 1 2
31 10 0.166 1 2
47 100 0.303 1 0
169 5 0.775 1 2
13 22 0.042 1 0
38 100 0.131 1 2
150 40 0.777 1 2
17 70 0.104 1 2
25 52 0.102 1 2
34 10 0.191 1 0
51 30 0.188 1 2
71 5 0.255 1 0
243 22 1.519 1 0
190 100 0.623 1 0
23 70 0.125 1 2
34 70 0.120 1 2
196 22 0.760 1 0
16 15 0.048 1 2
28 52 0.130 1 0
36 10 0.108 1 0
45 15 0.134 1 0
42 40 0.203 1 2
304 15 1.528 1 2
254 100 0.852 1 0
17 22 0.058 1 0
142 5 0.481 1 0
12 5 0.038 1 2
171 15 0.539 1 0
328 5 1.726 1 0
18 22 0.087 1 0
166 15 0.874 1 2
254 52 0.996 1 2
20 5 0.063 1 2
201 30 0.688 1 0
11 10 0.052 1 2
13 10 0.085 1 0
104 100 0.317 1 0
15 5 0.067 1 0
78 30 0.358 1 0
143 70 0.841 1 2
84 100 0.385 1 2
332 15 0.988 1 0
159 15 0.612 1 0
158 5 0.898 1 0
37 22 0.117 1 2
82 52 0.441 1 0
61 70 0.219 1 0
15 70 0.051 1 2
77 30 0.494 1 2
42 15 0.177 1 0
19 5 0.101 1 0
72 52 0.241 1 0
14 15 0.044 1 0
299 22 1.042 1 2
61 22 0.213 1 0
17 15 0.106 1 0
38 15 0.221 1 0
22 52 0.120 1 0
98 30 0.304 1 0
26 40 0.109 1 0
16 52 0.058 1 2
22 100 0.148 1 0
74 15 0.228 1 0
11 40 0.045 1 0
16 15 0.073 1 2
42 30 0.135 1 0
49 15 0.161 1 0
38 30 0.166 1 0
58 30 0.367 1 2
16 70 0.047 1 2
118 22 0.584 1 0
54 15 0.160 1 0
32 52 0.110 1 2
31 22 0.096 1 0
35 40 0.172 1 2
13 10 0.063 1 2
25 52 0.151 1 2
42 70 0.179 1 0
12 40 0.042 1 0
169 5 0.542 1 0
18 100 0.085 1 0
31 40 0.123 1 0
21 10 0.107 1 0
162 52 1.032 1 2
18 5 0.106 1 0
166 40 0.675 1 0
29 15 0.178 1 0
318 30 1.622 1 0
20 70 0.062 1 0
24 22 0.105 1 0
11 5 0.043 1 2
88 70 0.258 1 0
193 15 1.149 1 0
12 70 0.036 1 2
46 5 0.179 1 0
73 22 0.283 1 2
99 100 0.623 1 2
139 40 0.430 1 0
65 15 0.301 1 0
35 15 0.227 1 0
130 10 0.502 1 2
196 40 0.834 1 2
12 70 0.047 1 0
99 30 0.619 1 0
34 22 0.110 1 0
18 70 0.076 1 0
14 22 0.053 1 0
61 5 0.394 1 0
35 15 0.120 1 2
39 22 0.132 1 0
11 52 0.064 1 0
176 10 0.525 1 0
158 40 0.486 1 0
84 15 0.258 1 0
16 5 0.070 1 2
40 22 0.117 1 2
26 100 0.078 1 0
87 15 0.303 1 0
60 22 0.286 1 2
259 70 0.938 1 2
61 22 0.313 1 0
19 40 0.064 1 2
15 70 0.049 1 2
14 10 0.056 1 0
102 5 0.502 1 0
39 5 0.160 1 2
29 100 0.097 1 0
14 10 0.080 1 0
65 22 0.304 1 2
12 15 0.038 1 2
199 40 1.144 1 0
20 52 0.062 1 0
21 100 0.106 1 2
10 10 0.055 1 2
36 70 0.134 1 2
318 5 0.978 1 0
10 5 0.035 1 0
32 10 0.116 1 0
36 10 0.117 1 2
74 5 0.216 1 0
122 70 0.552 1 2
46 70 0.163 1 0
67 30 0.335 1 0
10 40 0.032 1 2
220 40 0.932 1 0
77 15 0.472 1 0
33 70 0.196 1 0
45 100 0.132 1 0
27 52 0.112 1 0
34 40 0.099 1 2
71 5 0.418 1 0
15 70 0.046 1 2
38 22 0.190 1 2
290 15 1.568 1 0
13 40 0.078 1 2
51 10 0.260 1 2
22 30 0.127 1 0
25 100 0.077 1 0
22 10 0.112 1 0
87 40 0.282 1 0
39 22 0.119 1 0
43 5 0.180 1 2
18 30 0.055 1 0
47 52 0.159 1 0
130 30 0.382 1 0
150 40 0.459 1 0
95 40 0.388 1 2
43 52 0.216 1 0
174 30 0.798 1 2
19 52 0.061 1 0
108 70 0.365 1 0
43 10 0.144 1 0
21 52 0.072 1 2
232 22 1.079 1 2
274 30 0.806 1 2
48 10 0.180 1 2
111 22 0.610 1 0
55 30 0.344 1 0
279 10 1.182 1 0
40 10 0.172 1 0
53 52 0.160 1 2
190 70 0.852 1 0
79 22 0.247 1 0
29 5 0.165 1 2
171 52 0.564 1 0
112 40 0.327 1 0
14 52 0.080 1 0
73 22 0.215 1 0
77 100 0.503 1 0
45 15 0.283 1 0
30 70 0.098 1 0
14 10 0.086 1 2
50 30 0.227 1 0
12 30 0.054 1 0
121 22 0.614 1 0
168 52 0.994 1 0
69 52 0.240 1 0
26 40 0.167 1 2
17 30 0.089 1 2
193 22 1.163 1 0
65 10 0.207 1 0
32 5 0.095 1 0
66 100 0.221 1 0
13 70 0.069 1 0
47 10 0.155 1 0
22 15 0.148 1 0
95 22 0.365 1 2
13 70 0.041 1 2
71 22 0.209 1 0
28 52 0.178 1 0
130 10 0.783 1 0
36 40 0.127 1 0
86 70 0.420 1 2
120 40 0.469 1 0
27 52 0.085 1 2
11 22 0.037 1 0
20 40 0.071 1 0
12 52 0.053 1 0
137 15 0.774 1 0
23 100 0.084 1 0
68 10 0.209 1 2
167 10 0.512 1 0
79 30 0.278 1 2
36 30 0.106 1 0
22 10 0.067 1 0
75 52 0.341 1 2
78 70 0.231 1 0
18 22 0.089 1 0
31 100 0.185 1 2
50 22 0.150 1 2
321 100 1.032 1 2
13 22 0.049 1 2
35 5 0.106 1 0
17 52 0.077 1 2
306 30 1.354 1 0
29 52 0.158 1 0
75 40 0.329 1 0
44 10 0.272 1 2
53 40 0.239 1 2
15 15 0.046 1 0
112 30 0.580 1 0
63 52 0.207 1 0
30 70 0.095 1 0
30 10 0.111 1 0
174 5 0.829 1 2
70 10 0.230 1 0
15 52 0.058 1 0
12 10 0.062 1 2
196 52 0.651 1 0
12 10 0.059 1 0
30 100 0.113 1 0
128 22 0.446 1 0
35 100 0.136 1 0
16 52 0.060 1 0
50 15 0.175 1 2
158 70 0.552 1 0
19 22 0.081 1 0
12 22 0.044 1 2
36 22 0.113 1 2
16 10 0.048 1 0
147 5 0.821 1 0
19 15 0.087 1 0
97 30 0.404 1 0
138 10 0.455 1 2
32 5 0.162 1 0
37 70 0.213 1 2
188 40 0.793 1 2
17 100 0.057 1 0
16 15 0.051 1 0
13 15 0.059 1 2
11 10 0.050 1 2
19 15 0.081 1 0
41 5 0.123 1 0
136 5 0.442 1 0
307 10 1.301 1 0
18 5 0.062 1 0
81 15 0.324 1 2
33 5 0.145 1 0
133 52 0.630 1 0
13 22 0.068 1 2
62 40 0.279 1 0
161 100 0.583 1 0
12 10 0.044 1 0
63 10 0.246 1 2
15 40 0.049 1 0
55 5 0.325 1 2
79 52 0.374 1 2
34 10 0.174 1 0
42 5 0.190 1 2
63 52 0.273 1 0
13 10 0.041 1 2
132 40 0.429 1 0
87 30 0.448 1 0
126 22 0.370 1 0
107 15 0.557 1 2
34 52 0.105 1 2
153 40 0.635 1 0
41 10 0.247 1 0
17 52 0.097 1 2
24 15 0.142 1 0
97 100 0.315 1 0
197 5 0.650 1 2
11 5 0.054 1 0
37 70 0.182 1 2
13 10 0.070 1 0
51 10 0.199 1 0
94 70 0.333 1 0
77 10 0.282 1 0
200 40 0.673 1 0
10 10 0.037 1 0
11 22 0.047 1 0
144 40 0.613 1 0
70 52 0.233 1 0
153 22 0.630 1 0
147 22 0.690 1 0
38 22 0.248 1 0
66 15 0.398 1 0
15 52 0.061 1 0
14 100 0.064 1 2
178 70 0.586 1 2
10 15 0.061 1 2
39 5 0.141 1 0
15 15 0.049 1 0
30 30 0.140 1 0
66 10 0.325 1 0
36 100 0.240 1 0
39 40 0.171 1 2
62 5 0.256 1 0
13 5 0.056 1 0
45 5 0.142 1 0
82 15 0.345 1 0
72 100 0.225 1 0
28 15 0.091 1 0
193 40 0.885 1 0
16 52 0.107 1 0
25 100 0.157 1 2
104 100 0.498 1 0
12 100 0.062 1 0
12 22 0.049 1 0
76 5 0.257 1 0
10 30 0.030 1 0
104 70 0.310 1 2
52 100 0.199 1 0
153 10 0.459 1 2
95 22 0.419 1 0
71 5 0.380 1 0
68 10 0.439 1 2
68 15 0.288 1 0
194 70 0.826 1 0
315 40 2.086 1 0
75 70 0.375 1 2
36 22 0.152 1 0
290 22 1.218 1 0
177 15 0.962 1 0
175 5 0.512 1 0
110 52 0.608 1 0
121 100 0.356 1 0
64 5 0.229 1 2
18 5 0.056 1 0
38 15 0.233 1 0
18 40 0.070 1 0
10 15 0.039 1 0
15 40 0.047 1 0
49 100 0.165 1 0
31 70 0.157 1 0
69 15 0.311 1 0
15 40 0.082 1 0
40 30 0.237 1 0
33 22 0.178 1 2
35 30 0.120 1 0
80 5 0.276 1 0
64 100 0.237 1 0
59 30 0.335 1 0
59 52 0.341 1 2
93 10 0.326 1 0
174 5 0.598 1 0
15 5 0.053 1 0
143 100 0.644 1 2
233 5 0.838 1 0
49 30 0.173 1 0
17 5 0.077 1 2
176 15 0.704 1 0
10 52 0.037 1 0
216 70 0.986 1 0
14 100 0.067 1 0
30 22 0.092 1 2
26 40 0.120 1 2
35 5 0.145 1 2
64 70 0.333 1 0
17 15 0.097 1 2
39 5 0.161 1 0
86 40 0.465 1 0
194 30 0.746 1 2
64 40 0.234 1 0
28 100 0.105 1 2
185 10 1.088 1 2
16 5 0.052 1 0
75 52 0.352 1 2
115 70 0.414 1 0
49 5 0.197 1 0
31 22 0.098 1 0
39 15 0.153 1 2
130 5 0.401 1 2
290 40 1.667 1 0
19 100 0.103 1 0
42 22 0.135 1 2
39 30 0.141 1 0
166 40 0.534 1 0
122 10 0.508 1 0
14 52 0.056 1 2
157 40 0.913 1 2
11 70 0.045 1 0
25 30 0.121 1 0
38 52 0.141 1 2
18 5 0.105 1 0
26 70 0.107 1 0
59 70 0.209 1 0
129 10 0.554 1 2
85 100 0.315 1 0
133 5 0.778 1 0
81 10 0.263 1 0
192 15 0.678 1 0
328 5 1.061 1 2
16 52 0.067 1 2
51 5 0.185 1 0
114 10 0.361 1 0
52 70 0.220 1 0
12 10 0.044 1 2
314 5 1.231 1 0
52 70 0.220 1 2
11 15 0.037 1 2
18 22 0.105 1 0
13 40 0.084 1 2
48 30 0.161 1 2
279 10 1.733 1 0
228 10 1.140 1 0
95 52 0.317 1 0
264 10 1.772 1 0
61 70 0.316 1 0
23 10 0.108 1 2
128 15 0.696 1 0
165 40 0.665 1 2
42 22 0.128 1 0
289 5 0.980 1 0
83 100 0.407 1 0
64 5 0.339 1 0
35 5 0.224 1 2
34 100 0.123 1 0
176 30 1.023 1 0
16 15 0.047 1 0
19 15 0.062 1 0
10 52 0.037 1 0
75 30 0.301 1 2
183 30 1.158 1 0
306 70 1.913 1 0
47 100 0.138 1 0
73 30 0.311 1 0
31 15 0.097 1 2
144 5 0.689 1 0
33 100 0.220 1 0
26 15 0.149 1 0
21 100 0.110 1 0
78 22 0.240 1 0
31 10 0.128 1 0
103 15 0.609 1 0
192 22 0.686 1 0
13 70 0.085 1 2
43 5 0.173 1 2
49 22 0.293 1 2
22 40 0.115 1 2
94 40 0.304 1 0
278 5 0.888 1 0
40 52 0.158 1 0
30 10 0.108 1 0
63 5 0.373 1 0
26 40 0.090 1 0
17 22 0.075 1 0
41 15 0.263 1 2
135 40 0.450 1 2
48 40 0.235 1 0
94 70 0.329 1 0
249 10 1.203 1 0
62 30 0.256 1 0
40 100 0.165 1 2
73 70 0.399 1 2
140 30 0.571 1 0
19 15 0.072 1 0
117 5 0.755 1 0
19 70 0.061 1 0
11 70 0.047 1 0
13 70 0.049 1 0
37 15 0.167 1 0
65 5 0.275 1 0
33 100 0.100 1 0
38 40 0.130 1 2
42 40 0.268 1 2
106 22 0.455 1 0
67 15 0.302 1 0
12 30 0.045 1 2
28 10 0.092 1 0
13 70 0.064 1 0
39 70 0.137 1 2
32 10 0.100 1 0
55 30 0.197 1 0
34 30 0.122 1 0
157 52 0.584 1 0
185 15 0.856 1 2
300 15 1.095 1 0
22 100 0.088 1 0
46 15 0.186 1 2
150 70 0.564 1 0
338 15 1.529 1 0
27 40 0.099 1 0
86 40 0.288 1 0
58 100 0.270 1 2
50 40 0.153 1 0
36 10 0.231 1 0
27 15 0.097 1 0
33 52 0.154 1 0
134 40 0.536 1 0
77 100 0.317 1 2
74 15 0.389 1 2
68 52 0.205 1 0
54 30 0.333 1 2
22 100 0.103 1 0
10 10 0.045 1 0
186 100 1.000 1 2
46 30 0.269 1 0
55 22 0.240 1 2
303 22 1.003 1 0
22 70 0.133 1 0
257 52 0.963 1 0
11 40 0.044 1 2
282 5 1.843 1 0
56 40 0.359 1 0
42 10 0.137 1 2
73 52 0.221 1 0
59 100 0.235 1 0
55 100 0.183 1 0
50 52 0.218 1 0
284 70 1.495 1 2
66 30 0.261 1 2
34 30 0.162 1 2
34 70 0.132 1 2
141 5 0.544 1 2
55 22 0.291 1 0
25 100 0.074 1 0
261 100 1.684 1 0
131 52 0.546 1 2
38 5 0.208 1 2
162 100 0.633 1 0
213 40 0.906 1 0
180 10 0.625 1 0
31 5 0.196 1 0
21 10 0.117 1 0
39 40 0.117 1 0
29 100 0.195 1 2
68 70 0.262 1 2
56 52 0.289 1 0
11 15 0.033 1 0
98 30 0.340 1 0
90 30 0.559 1 2
13 40 0.040 1 0
318 52 1.173 1 0
10 5 0.045 1 2
79 15 0.467 1 2
71 70 0.292 1 0
69 10 0.262 1 0
28 30 0.109 1 0
22 5 0.120 1 0
59 70 0.208 1 0
193 40 1.032 1 0
49 40 0.238 1 2
22 70 0.119 1 0
24 22 0.074 1 0
19 30 0.121 1 0
11 30 0.039 1 0
33 10 0.103 1 0
14 15 0.059 1 2
50 100 0.190 1 0
193 70 0.574 1 2
14 100 0.052 1 0
25 70 0.108 1 2
32 30 0.123 1 0
32 70 0.148 1 0
172 70 0.940 1 0
12 30 0.053 1 2
189 10 0.871 1 0
76 22 0.246 1 2
77 40 0.414 1 0
49 30 0.147 1 2
19 70 0.066 1 0
15 70 0.054 1 0
35 70 0.134 1 2
25 15 0.126 1 0
73 15 0.272 1 0
13 40 0.073 1 0
92 30 0.385 1 0
171 52 1.155 1 0
137 22 0.525 1 0
45 70 0.276 1 2
103 15 0.582 1 0
16 100 0.097 1 0
24 30 0.111 1 0
50 40 0.312 1 0
84 22 0.477 1 0
53 10 0.210 1 0
35 52 0.168 1 0
24 100 0.140 1 2
32 22 0.178 1 0
43 52 0.167 1 0
33 100 0.120 1 2
102 40 0.455 1 0
35 15 0.102 1 0
123 40 0.594 1 0
83 10 0.303 1 0
173 10 0.824 1 2
37 52 0.109 1 0
61 5 0.266 1 0
13 10 0.063 1 2
177 40 0.797 1 0
37 5 0.243 1 0
74 30 0.312 1 0
16 15 0.059 1 0
37 10 0.150 1 0
12 10 0.043 1 0
11 10 0.045 1 0
192 100 0.566 1 0
10 52 0.033 1 2
159 15 0.946 1 0
135 52 0.538 1 0
242 10 1.503 1 0
22 5 0.072 1 0
16 70 0.078 1 0
300 52 0.980 1 2
11 70 0.034 2 0
192 15 0.865 2 1
35 5 0.125 2 0
30 40 0.096 2 1
15 70 0.061 2 1
186 100 0.865 2 0
136 100 0.466 2 1
55 15 0.190 2 0
123 100 0.494 2 1
133 22 0.630 2 1
17 52 0.052 2 0
66 15 0.346 2 0
28 30 0.120 2 1
33 100 0.113 2 1
38 22 0.166 2 1
230 40 0.909 2 0
67 5 0.209 2 0
73 40 0.304 2 1
35 70 0.150 2 0
16 100 0.053 2 1
11 70 0.063 2 1
133 100 0.536 2 1
78 22 0.417 2 1
33 100 0.124 2 0
21 100 0.070 2 0
47 100 0.241 2 0
17 30 0.085 2 0
13 30 0.061 2 1
18 22 0.092 2 0
43 10 0.195 2 1
32 22 0.096 2 0
18 5 0.084 2 1
15 10 0.049 2 0
35 22 0.121 2 0
49 10 0.230 2 1
234 10 1.219 2 0
194 40 1.311 2 0
85 22 0.306 2 0
14 5 0.043 2 0
132 100 0.608 2 0
49 100 0.290 2 1
47 5 0.273 2 1
19 15 0.099 2 0
14 100 0.041 2 1
35 22 0.114 2 0
37 15 0.159 2 1
84 70 0.500 2 0
13 10 0.065 2 1
303 30 1.741 2 1
165 15 0.512 2 1
11 100 0.045 2 0
53 40 0.285 2 1
98 70 0.355 2 0
69 15 0.371 2 0
76 5 0.284 2 0
38 52 0.250 2 1
176 100 0.515 2 0
73 30 0.429 2 0
67 30 0.205 2 0
230 100 1.230 2 0
33 5 0.125 2 1
49 10 0.207 2 1
31 15 0.139 2 0
11 15 0.063 2 0
333 100 1.074 2 0
37 70 0.120 2 0
85 22 0.359 2 0
95 40 0.352 2 0
53 15 0.236 2 1
127 22 0.593 2 1
46 40 0.138 2 1
312 5 1.047 2 0
43 40 0.226 2 1
78 22 0.487 2 0
24 40 0.081 2 0
85 30 0.254 2 0
16 30 0.058 2 0
14 30 0.074 2 1
31 70 0.149 2 0
10 22 0.052 2 0
203 30 0.967 2 1
66 10 0.231 2 1
21 22 0.084 2 0
17 15 0.052 2 0
13 40 0.065 2 1
70 100 0.327 2 1
181 30 0.661 2 0
37 70 0.204 2 0
188 40 0.699 2 0
271 70 0.802 2 1
110 100 0.683 2 0
38 100 0.148 2 0
253 30 0.969 2 0
27 15 0.156 2 1
75 52 0.375 2 0
118 100 0.641 2 1
22 5 0.095 2 0
112 70 0.563 2 1
126 15 0.396 2 0
39 52 0.235 2 0
51 52 0.264 2 0
37 10 0.118 2 0
13 22 0.061 2 1
74 22 0.381 2 0
171 15 0.648 2 1
58 5 0.232 2 1
199 100 0.793 2 0
156 100 0.591 2 1
73 22 0.235 2 0
109 100 0.690 2 0
69 30 0.201 2 0
112 40 0.742 2 1
68 15 0.255 2 0
166 22 0.626 2 0
199 52 0.793 2 0
77 100 0.399 2 1
332 10 1.317 2 0
193 22 0.858 2 0
14 22 0.078 2 1
53 40 0.170 2 0
153 5 0.464 2 0
25 15 0.073 2 1
52 15 0.257 2 1
62 10 0.220 2 0
39 52 0.173 2 0
16 22 0.062 2 1
81 70 0.316 2 0
150 52 0.909 2 1
57 52 0.212 2 1
18 52 0.065 2 1
48 100 0.203 2 0
150 10 0.655 2 1
39 22 0.199 2 0
10 100 0.031 2 0
16 22 0.082 2 0
102 30 0.300 2 0
26 40 0.078 2 1
69 15 0.272 2 0
112 10 0.352 2 0
65 5 0.385 2 1
38 15 0.148 2 0
16 15 0.053 2 0
166 15 0.731 2 1
56 10 0.169 2 1
53 10 0.245 2 0
33 52 0.221 2 0
14 30 0.042 2 0
65 52 0.251 2 0
54 10 0.298 2 1
155 40 0.969 2 1
18 15 0.102 2 0
18 52 0.052 2 1
106 40 0.364 2 0
96 100 0.409 2 0
62 70 0.242 2 0
329 70 1.192 2 0
18 5 0.069 2 0
137 10 0.634 2 0
40 10 0.131 2 0
44 15 0.244 2 0
31 30 0.157 2 0
34 70 0.157 2 0
11 5 0.062 2 1
302 100 1.974 2 0
169 22 0.626 2 0
198 70 1.311 2 0
186 100 0.705 2 0
46 10 0.295 2 0
21 15 0.084 2 0
10 15 0.031 2 0
283 10 1.354 2 0
14 5 0.044 2 0
18 10 0.115 2 0
25 10 0.152 2 0
25 100 0.095 2 0
32 10 0.142 2 1
34 30 0.110 2 0
101 15 0.352 2 1
16 15 0.075 2 0
18 100 0.076 2 0
43 22 0.139 2 1
64 15 0.278 2 0
37 22 0.220 2 1
14 5 0.051 2 0
22 52 0.143 2 0
72 52 0.308 2 1
24 15 0.073 2 1
69 15 0.359 2 0
249 40 1.025 2 1
17 10 0.071 2 0
78 15 0.241 2 0
12 52 0.038 2 0
53 5 0.181 2 0
88 5 0.553 2 0
98 52 0.551 2 1
32 100 0.101 2 0
26 22 0.103 2 0
49 40 0.282 2 0
56 5 0.279 2 1
57 70 0.343 2 1
79 70 0.369 2 0
10 70 0.048 2 0
35 40 0.170 2 1
119 52 0.350 2 0
31 40 0.169 2 0
60 70 0.206 2 0
80 5 0.285 2 0
79 100 0.285 2 0
283 30 1.655 2 0
142 5 0.821 2 1
45 10 0.186 2 0
37 70 0.191 2 0
84 40 0.444 2 1
110 70 0.389 2 0
37 5 0.211 2 1
64 52 0.202 2 0
16 40 0.082 2 0
17 30 0.111 2 0
176 40 0.786 2 1
286 70 1.260 2 0
39 22 0.121 2 0
12 52 0.046 2 0
17 30 0.074 2 1
78 15 0.332 2 0
78 100 0.356 2 0
74 40 0.301 2 0
17 22 0.050 2 0
98 10 0.355 2 0
74 5 0.428 2 0
19 40 0.088 2 0
66 40 0.388 2 1
13 30 0.040 2 0
53 52 0.202 2 0
28 10 0.174 2 0
245 100 0.775 2 0
311 15 1.210 2 1
16 5 0.067 2 0
30 100 0.135 2 0
91 100 0.355 2 0
235 5 0.708 2 0
44 22 0.169 2 0
19 5 0.056 2 0
10 100 0.033 2 0
81 52 0.296 2 1
142 30 0.871 2 1
15 70 0.058 2 1
17 22 0.066 2 0
72 70 0.218 2 0
142 22 0.460 2 0
54 100 0.247 2 0
38 100 0.112 2 0
133 30 0.452 2 1
276 30 0.986 2 0
26 10 0.090 2 0
46 52 0.161 2 0
66 70 0.258 2 0
24 15 0.091 2 0
15 15 0.054 2 0
43 10 0.246 2 1
45 70 0.208 2 0
169 30 0.681 2 0
68 52 0.400 2 1
185 52 1.242 2 0
159 10 0.510 2 0
186 10 0.995 2 0
43 5 0.285 2 1
18 22 0.055 2 1
15 40 0.064 2 0
11 22 0.073 2 1
32 10 0.158 2 0
64 22 0.249 2 1
66 40 0.275 2 1
38 15 0.248 2 0
49 30 0.268 2 1
23 5 0.070 2 0
109 10 0.505 2 0
22 5 0.085 2 0
71 15 0.292 2 0
23 15 0.068 2 0
297 15 0.879 2 0
54 22 0.266 2 1
18 5 0.071 2 0
12 40 0.045 2 0
24 5 0.077 2 0
19 52 0.066 2 1
68 40 0.232 2 0
163 22 0.620 2 1
25 40 0.147 2 0
86 100 0.475 2 0
44 10 0.267 2 0
42 70 0.174 2 1
68 40 0.345 2 0
12 30 0.075 2 0
13 100 0.071 2 0
30 40 0.101 2 1
189 22 0.587 2 0
132 100 0.635 2 0
11 10 0.041 2 0
41 5 0.169 2 0
58 52 0.171 2 1
46 52 0.181 2 0
248 52 0.879 2 1
15 30 0.048 2 0
73 40 0.317 2 0
14 22 0.043 2 0
16 15 0.059 2 0
157 52 0.623 2 0
142 10 0.776 2 1
16 70 0.060 2 0
128 5 0.489 2 0
17 70 0.098 2 0
299 70 0.877 2 0
37 5 0.121 2 0
49 30 0.170 2 1
22 10 0.114 2 0
11 5 0.054 2 0
127 15 0.555 2 0
141 30 0.475 2 0
62 30 0.332 2 0
170 15 0.603 2 1
11 22 0.050 2 1
25 30 0.162 2 1
89 10 0.335 2 0
282 30 1.200 2 1
35 5 0.142 2 1
42 40 0.149 2 1
18 22 0.090 2 0
185 30 0.849 2 0
56 52 0.373 2 1
70 30 0.464 2 0
259 15 0.822 2 0
34 5 0.120 2 0
180 70 0.814 2 1
26 5 0.084 2 1
261 10 0.808 2 0
51 70 0.291 2 0
22 40 0.148 2 0
15 52 0.076 2 1
15 10 0.047 2 0
10 100 0.030 2 0
31 52 0.116 2 0
129 40 0.393 2 0
10 30 0.039 2 1
38 15 0.112 2 0
42 70 0.165 2 0
187 5 1.199 2 0
15 5 0.073 2 0
207 70 0.645 2 1
305 15 0.974 2 0
12 22 0.064 2 1
199 52 1.118 2 0
181 10 0.603 2 0
94 22 0.463 2 1
59 70 0.328 2 0
10 30 0.039 2 1
32 22 0.101 2 1
15 30 0.050 2 0
182 100 0.788 2 1
202 100 1.181 2 0
131 100 0.567 2 0
67 40 0.211 2 1
161 40 0.533 2 0
102 100 0.481 2 0
17 70 0.066 2 1
96 10 0.549 2 0
46 30 0.154 2 1
57 10 0.246 2 0
291 22 1.366 2 0
38 22 0.119 2 0
58 52 0.240 2 1
81 100 0.245 2 1
11 30 0.033 2 0
75 15 0.472 2 0
28 5 0.116 2 1
15 10 0.090 2 1
189 30 0.661 2 0
27 30 0.131 2 0
10 5 0.041 2 0
191 40 0.659 2 0
84 10 0.335 2 1
19 52 0.075 2 0
24 40 0.150 2 0
73 5 0.243 2 0
39 5 0.135 2 1
23 70 0.068 2 0
24 5 0.076 2 0
321 70 1.372 2 0
56 40 0.169 2 0
252 40 1.416 2 0
44 52 0.272 2 0
97 15 0.487 2 0
34 70 0.134 2 1
79 40 0.339 2 0
130 10 0.379 2 1
44 40 0.254 2 1
50 100 0.163 2 1
15 70 0.046 2 0
68 40 0.325 2 0
19 10 0.084 2 1
60 40 0.188 2 0
180 15 0.652 2 0
121 52 0.387 2 1
16 30 0.097 2 1
11 10 0.051 2 0
17 22 0.050 2 1
17 5 0.105 2 0
29 22 0.109 2 0
11 70 0.070 2 0
55 22 0.282 2 0
142 52 0.458 2 0
12 10 0.036 2 0
55 10 0.250 2 0
14 15 0.044 2 1
189 15 0.700 2 0
48 70 0.211 2 0
39 100 0.153 2 0
143 40 0.556 2 0
117 52 0.402 2 0
101 52 0.369 2 0
28 52 0.089 2 1
72 52 0.355 2 1
137 10 0.609 2 0
45 70 0.181 2 0
79 70 0.371 2 0
19 10 0.076 2 0
301 70 1.929 2 0
41 100 0.194 2 0
116 100 0.472 2 1
11 5 0.062 2 0
13 40 0.070 2 0
84 40 0.353 2 0
39 22 0.142 2 1
13 15 0.060 2 0
28 40 0.089 2 0
10 52 0.047 2 1
50 40 0.155 2 0
78 40 0.249 2 0
112 5 0.436 2 0
12 40 0.040 2 0
171 52 0.633 2 0
50 5 0.148 2 1
73 22 0.336 2 0
183 10 0.696 2 0
26 22 0.151 2 1
35 22 0.190 2 1
10 40 0.056 2 0
19 70 0.089 2 1
186 30 0.954 2 0
31 40 0.094 2 0
77 70 0.227 2 0
71 40 0.316 2 0
13 30 0.043 2 0
47 70 0.163 2 0
38 22 0.177 2 0
260 30 0.992 2 1
74 40 0.285 2 0
17 40 0.102 2 0
24 5 0.074 2 0
35 70 0.120 2 1
38 30 0.124 2 1
118 52 0.474 2 0
15 15 0.059 2 0
195 52 0.990 2 0
20 70 0.064 2 1
35 5 0.175 2 1
62 40 0.257 2 0
175 10 1.067 2 0
39 40 0.225 2 1
50 70 0.209 2 0
190 22 1.242 2 0
21 10 0.067 2 1
13 22 0.056 2 0
18 22 0.092 2 0
25 40 0.099 2 0
26 15 0.105 2 0
67 22 0.264 2 0
61 10 0.339 2 0
56 40 0.208 2 1
143 22 0.552 2 0
140 70 0.468 2 0
66 30 0.335 2 0
12 40 0.044 2 1
74 15 0.261 2 0
78 52 0.520 2 1
53 5 0.312 2 0
77 5 0.472 2 0
60 70 0.180 2 0
64 100 0.267 2 0
99 70 0.299 2 0
23 70 0.147 2 0
33 5 0.153 2 1
10 15 0.048 2 0
21 30 0.095 2 0
28 40 0.099 2 0
13 5 0.051 2 0
51 10 0.171 2 0
17 15 0.096 2 1
17 5 0.061 2 1
56 5 0.213 2 1
154 70 0.642 2 0
304 52 1.788 2 1
77 70 0.387 2 0
32 52 0.151 2 1
65 70 0.310 2 0
39 70 0.179 2 1
321 52 1.019 2 1
65 100 0.277 2 1
16 40 0.083 2 0
168 52 0.721 2 1
45 52 0.179 2 0
33 40 0.098 2 1
167 70 0.487 2 0
25 52 0.118 2 1
213 10 0.816 2 0
39 30 0.118 2 0
45 52 0.278 2 0
119 40 0.442 2 1
59 52 0.208 2 1
116 22 0.372 2 0
13 10 0.056 2 0
18 70 0.056 2 0
41 5 0.137 2 0
102 22 0.453 2 0
42 30 0.127 2 1
283 52 1.415 2 1
86 15 0.256 2 0
132 52 0.548 2 0
24 70 0.076 2 1
29 70 0.158 2 0
13 70 0.080 2 0
285 30 1.469 2 0
34 52 0.144 2 0
225 22 0.755 2 0
178 30 0.727 2 0
57 30 0.191 2 0
40 22 0.173 2 1
15 70 0.054 2 1
19 40 0.092 2 0
47 52 0.141 2 0
110 15 0.553 2 0
47 22 0.187 2 0
16 15 0.072 2 1
143 5 0.447 2 1
47 100 0.186 2 0
26 70 0.159 2 0
62 52 0.405 2 0
14 5 0.068 2 0
274 15 1.007 2 0
88 22 0.458 2 0
49 22 0.224 2 1
14 70 0.073 2 0
10 15 0.037 2 0
178 100 0.860 2 1
83 100 0.401 2 1
14 100 0.054 2 0
295 100 1.050 2 0
45 70 0.138 2 1
160 30 0.696 2 1
138 22 0.616 2 1
320 5 1.172 2 0
16 15 0.054 2 0
10 40 0.041 2 0
15 70 0.058 2 0
18 10 0.108 2 0
316 22 1.604 2 0
99 10 0.367 2 0
295 30 0.916 2 1
17 52 0.074 2 1
14 10 0.044 2 0
279 70 0.818 2 1
167 30 0.933 2 0
181 15 0.887 2 0
10 52 0.046 2 0
19 15 0.056 2 0
201 100 0.634 2 1
20 5 0.091 2 1
38 15 0.178 2 0
26 40 0.097 2 0
122 5 0.395 2 0
53 52 0.201 2 1
62 52 0.333 2 1
54 15 0.280 2 0
48 100 0.189 2 0
72 5 0.255 2 1
161 5 0.774 2 0
114 10 0.339 2 1
29 15 0.181 2 1
48 10 0.166 2 0
294 100 1.670 2 1
91 22 0.311 2 1
252 40 1.008 2 1
12 70 0.042 2 0
150 70 0.926 2 0
76 30 0.244 2 1
194 40 0.674 2 0
65 15 0.259 2 1
11 52 0.035 2 1
31 30 0.114 2 1
14 52 0.063 2 0
11 40 0.044 2 0
14 30 0.054 2 0
57 70 0.256 2 0
128 10 0.465 2 0
34 100 0.221 2 1
76 40 0.280 2 0
63 5 0.220 2 0
140 30 0.745 2 0
90 52 0.508 2 1
38 52 0.144 2 0
55 10 0.364 2 0
120 100 0.574 2 0
92 5 0.307 2 0
24 40 0.113 2 0
175 15 1.012 2 0
17 100 0.052 2 1
49 52 0.205 2 1
15 30 0.097 2 0
13 52 0.050 2 1
17 100 0.054 2 0
44 10 0.194 2 0
39 30 0.151 2 1
13 30 0.039 2 0
38 40 0.237 2 1
235 5 0.836 2 0
11 30 0.043 2 0
40 5 0.190 2 1
34 100 0.167 2 1
58 30 0.214 2 1
121 5 0.395 2 1
31 40 0.102 2 1
93 52 0.360 2 0
31 10 0.112 2 0
28 40 0.084 2 0
10 22 0.061 2 0
12 5 0.056 2 0
69 10 0.254 2 0
21 100 0.070 2 0
18 22 0.059 2 0
75 10 0.500 2 0
117 30 0.544 2 0
192 30 0.594 2 0
19 5 0.074 2 0
15 5 0.071 2 0
168 70 0.512 2 0
136 30 0.406 2 0
61 22 0.238 2 1
141 52 0.564 2 1
135 40 0.415 2 0
26 100 0.077 2 0
63 52 0.251 2 0
37 15 0.203 2 0
264 52 0.901 2 1
97 30 0.285 2 0
194 10 0.705 2 0
10 40 0.029 2 0
36 100 0.116 2 0
15 30 0.061 2 0
35 5 0.118 2 1
281 10 1.243 2 0
52 30 0.154 2 0
29 70 0.112 2 1
35 52 0.157 2 0
54 100 0.168 2 1
65 70 0.211 2 1
245 52 0.921 2 1
55 40 0.335 2 0
143 30 0.633 2 0
83 70 0.488 2 0
335 70 1.523 2 0
19 30 0.109 2 0
22 15 0.083 2 0
171 5 0.643 2 1
104 30 0.458 2 0
38 70 0.255 2 0
29 10 0.178 2 0
80 5 0.235 2 1
12 70 0.075 2 0
18 30 0.115 2 1
13 40 0.081 2 0
156 30 0.862 2 0
199 10 0.636 2 0
12 15 0.081 2 1
301 10 1.792 2 0
92 30 0.505 2 0
28 5 0.174 2 0
168 30 0.579 2 0
313 10 1.505 2 0
16 52 0.088 2 1
24 10 0.140 2 1
12 100 0.059 2 0
56 15 0.172 2 1
60 40 0.392 2 0
44 70 0.297 2 0
39 40 0.168 2 1
186 10 0.845 2 1
23 30 0.069 2 0
52 10 0.233 2 1
15 15 0.051 2 0
196 70 0.703 2 0
38 70 0.113 2 0
15 30 0.068 2 0
237 15 1.324 2 0
143 52 0.422 2 0
63 100 0.352 2 1
237 5 0.988 2 1
23 30 0.121 2 1
154 40 0.577 2 1
156 5 0.584 2 1
17 15 0.112 2 0
39 40 0.218 2 0
198 52 0.828 2 1
13 15 0.081 2 0
17 15 0.087 2 1
92 15 0.405 2 1
106 100 0.312 2 0
38 30 0.138 2 1
155 30 0.463 2 0
13 5 0.059 2 1
264 15 0.926 2 0
61 22 0.311 2 0
322 22 1.498 2 0
139 70 0.406 2 0
17 15 0.064 2 0
94 70 0.497 2 0
22 10 0.080 2 1
61 5 0.341 2 0
177 70 0.558 2 1
12 30 0.049 2 0
29 22 0.093 2 0
82 52 0.245 2 0
77 40 0.307 2 0
62 52 0.326 2 1
58 22 0.216 2 0
36 10 0.167 2 0
68 40 0.246 2 1
51 30 0.169 2 0
41 100 0.155 2 0
75 52 0.244 2 1
19 10 0.073 2 0
111 15 0.519 2 0
72 15 0.332 2 0
14 52 0.056 2 0
28 15 0.183 2 1
31 52 0.094 2 0
16 40 0.058 2 0
15 22 0.097 2 0
31 5 0.092 2 0
67 70 0.345 2 1
10 100 0.037 2 1
12 22 0.066 2 0
16 10 0.094 2 1
12 40 0.069 2 0
10 15 0.050 2 1
109 5 0.380 2 1
64 100 0.246 2 0
146 100 0.820 2 0
71 22 0.257 2 1
73 52 0.221 2 0
30 10 0.091 2 1
48 100 0.147 2 1
18 22 0.107 2 1
35 40 0.127 2 1
70 10 0.467 2 0
10 5 0.035 2 1
68 5 0.327 2 0
18 5 0.120 2 0
37 10 0.172 2 0
22 10 0.086 2 1
61 100 0.367 2 1
255 22 1.232 2 0
17 5 0.052 2 1
44 100 0.158 2 0
76 15 0.223 2 1
29 10 0.086 2 0
43 70 0.137 2 0
45 52 0.197 2 0
61 22 0.343 2 0
126 100 0.792 2 1
17 10 0.052 2 0
18 30 0.064 2 0
19 5 0.127 2 0
49 40 0.171 2 0
18 10 0.086 2 0
205 52 0.616 2 0
16 10 0.059 2 1
19 10 0.102 2 0
17 10 0.063 2 0
126 15 0.630 2 0
12 52 0.068 2 1
10 40 0.047 2 1
47 10 0.170 2 1
26 52 0.131 2 0
272 70 1.092 2 0
15 100 0.072 2 1
18 100 0.062 2 0
21 10 0.065 2 0
55 100 0.325 2 1
148 22 0.860 2 1
137 30 0.737 2 1
131 15 0.639 2 0
221 70 0.870 2 0
40 40 0.152 2 0
125 15 0.377 2 1
18 30 0.068 2 0
58 70 0.187 2 1
212 5 0.942 2 0
41 52 0.131 2 1
196 52 0.800 2 0
32 40 0.115 2 1
36 5 0.214 2 0
155 70 0.484 2 0
145 52 0.674 2 0
68 52 0.300 2 0
63 5 0.333 2 0
19 15 0.061 2 1
10 15 0.057 2 0
22 15 0.080 2 0
41 22 0.133 2 1
17 15 0.060 2 0
30 15 0.117 2 0
37 30 0.180 2 1
100 40 0.357 2 0
81 30 0.255 2 0
191 40 1.098 2 0
195 5 0.894 2 0
27 5 0.129 2 0
30 100 0.094 2 0
59 15 0.189 2 1
18 70 0.065 2 0
19 40 0.068 2 0
194 52 1.128 2 0
14 22 0.056 2 1
12 52 0.077 2 0
71 100 0.210 2 0
28 22 0.144 2 0
227 70 1.268 2 0
26 22 0.133 2 0
46 5 0.148 2 1
326 10 1.801 2 0
111 30 0.509 2 0
77 22 0.335 2 1
54 5 0.214 2 1
189 52 0.811 2 0
19 22 0.060 2 1
325 30 1.091 2 0
19 30 0.095 2 1
176 15 0.669 2 0
38 40 0.217 2 0
47 70 0.228 2 0
317 40 0.964 2 0
54 30 0.234 2 0
189 52 0.811 2 1
42 15 0.240 2 0
72 10 0.259 2 1
61 100 0.355 2 0
119 70 0.721 2 0
206 52 0.744 2 0
16 70 0.066 2 0
246 10 1.651 2 1
54 70 0.201 2 1
53 30 0.212 2 1
80 70 0.336 2 0
34 100 0.214 2 0
54 5 0.267 2 0
16 22 0.062 2 0
12 100 0.079 2 0
34 5 0.179 2 1
13 40 0.041 2 0
253 5 0.793 2 1
29 5 0.098 2 0
144 70 0.463 2 0
13 30 0.053 2 0
46 40 0.271 2 0
189 10 1.219 2 0
65 100 0.201 2 1
76 22 0.442 2 1
59 40 0.255 2 0
48 40 0.271 2 0
64 30 0.228 2 1
49 70 0.200 2 0
14 15 0.063 2 0
13 5 0.046 2 0
55 52 0.193 2 1
46 5 0.223 2 0
77 10 0.308 2 0
202 15 1.086 2 1
159 70 1.026 2 1
27 22 0.126 2 1
31 100 0.122 2 0
13 70 0.070 2 0
31 15 0.110 2 0
26 22 0.131 2 0
17 5 0.052 2 0
73 30 0.227 2 0
14 52 0.045 2 0
22 100 0.077 2 0
18 52 0.108 2 0
160 70 0.976 2 1
46 10 0.173 2 0
13 100 0.054 2 0
15 40 0.064 2 0
38 5 0.174 2 0
97 22 0.290 2 0
70 5 0.236 2 0
25 70 0.109 2 0
19 30 0.081 2 1
99 52 0.505 2 0
10 15 0.041 2 0
42 15 0.244 2 0
109 5 0.708 2 0
21 22 0.077 2 1
59 100 0.208 2 0
58 40 0.362 2 0
129 10 0.424 2 0
19 100 0.075 2 0
115 100 0.710 2 1
35 5 0.164 2 0
190 5 1.086 2 0
27 15 0.144 2 0
16 100 0.086 2 0
22 10 0.144 2 1
21 40 0.089 2 0
10 70 0.040 2 0
42 40 0.228 2 0
11 5 0.040 2 1
12 22 0.074 2 0
14 100 0.046 2 0
179 10 0.554 2 0
117 5 0.511 2 1
248 70 1.653 2 0
172 100 0.555 2 0
134 10 0.749 2 0
59 100 0.187 2 0
31 15 0.205 2 0
149 10 0.454 2 0
26 5 0.087 2 0
23 40 0.131 2 1
22 52 0.126 2 1
165 70 0.505 2 0
79 70 0.256 2 0
185 40 0.826 2 0
74 30 0.435 2 0
10 10 0.030 2 0
46 100 0.135 2 1
36 10 0.146 2 0
194 52 0.738 2 0
170 22 0.533 2 1
48 22 0.214 2 0
16 10 0.096 2 0
74 15 0.500 2 1
114 70 0.567 2 0
35 22 0.107 2 0
17 30 0.067 2 0
11 5 0.050 2 0
10 10 0.053 2 0
61 40 0.330 2 1
282 52 1.446 2 1
190 30 0.868 2 0
14 22 0.054 2 0
262 15 1.115 2 1
90 52 0.328 2 0
144 40 0.478 2 0
30 30 0.160 2 0
78 52 0.245 2 1
11 10 0.046 2 0
13 40 0.079 2 0
132 22 0.434 2 1
32 52 0.116 2 0
32 22 0.130 2 1
38 10 0.207 2 0
78 40 0.282 2 0
10 5 0.060 2 1
36 40 0.112 2 1
65 5 0.291 2 0
85 22 0.344 2 1
44 15 0.213 2 0
38 40 0.129 2 0
169 52 1.000 2 1
145 30 0.518 2 1
37 30 0.157 2 1
21 40 0.109 2 0
32 52 0.121 2 0
303 22 1.139 2 0
112 5 0.498 2 0
74 15 0.487 2 0
117 30 0.448 2 0
13 52 0.083 2 0
320 70 1.199 2 1
61 52 0.381 2 0
30 30 0.189 2 1
10 100 0.037 2 0
74 30 0.247 2 0
34 40 0.181 2 0
160 52 0.544 2 0
18 30 0.056 2 0
44 30 0.253 2 0
35 40 0.140 2 0
36 15 0.107 2 1
14 40 0.067 2 0
68 5 0.444 2 1
10 15 0.030 2 0
300 22 1.124 2 1
53 100 0.189 2 0
86 70 0.366 2 1
37 10 0.120 2 0
27 22 0.090 2 0
69 30 0.280 2 0
16 22 0.059 2 0
124 22 0.456 2 0
39 40 0.136 2 1
272 15 1.067 2 0
113 70 0.375 2 0
44 70 0.243 2 0
254 40 0.833 2 0
13 52 0.056 2 1
24 40 0.075 2 1
76 100 0.293 2 0
11 15 0.043 2 0
23 5 0.078 2 0
52 22 0.217 2 0
32 10 0.137 2 0
69 70 0.238 2 0
37 52 0.160 2 1
35 100 0.124 2 0
72 22 0.474 2 0
78 40 0.494 2 1
50 15 0.159 2 1
30 10 0.098 2 0
32 15 0.104 2 0
13 70 0.058 2 1
62 70 0.416 2 0
11 70 0.033 2 1
63 40 0.199 2 1
14 100 0.055 2 0
43 30 0.279 2 1
56 22 0.182 2 0
17 40 0.065 2 1
36 22 0.172 2 1
23 22 0.117 2 1
16 100 0.078 2 0
55 30 0.176 2 0
42 15 0.127 2 0
108 5 0.512 2 1
133 70 0.624 2 0
13 40 0.039 2 1
31 5 0.092 2 0
264 15 0.805 2 1
175 70 0.522 2 0
318 30 0.935 2 1
107 10 0.608 2 0
12 5 0.038 2 1
12 52 0.049 2 0
18 30 0.054 2 1
14 100 0.043 2 0
43 15 0.140 2 1
62 100 0.265 2 0
30 10 0.112 2 0
54 40 0.247 2 0
27 15 0.095 2 0
152 5 0.874 2 0
10 15 0.066 2 0
18 70 0.059 2 0
11 15 0.065 2 1
56 15 0.361 2 0
72 5 0.232 2 0
27 5 0.099 2 0
99 5 0.378 2 1
140 70 0.467 2 0
40 30 0.168 2 0
11 100 0.057 2 0
182 15 0.645 2 0
203 15 1.068 2 1
50 10 0.303 2 1
178 70 1.035 2 0
54 40 0.287 2 0
11 15 0.064 2 1
22 52 0.094 2 1
12 5 0.045 2 1
18 30 0.114 2 1
304 100 1.583 2 0
20 52 0.079 2 0
81 22 0.265 2 1
12 30 0.043 2 1
48 52 0.291 2 0
40 70 0.161 2 0
308 10 1.913 2 0
35 100 0.188 2 1
11 70 0.066 2 0
102 70 0.654 2 1
52 15 0.208 2 1
71 5 0.273 2 0
252 70 1.120 2 0
16 5 0.075 2 1
36 10 0.182 2 1
50 30 0.253 2 0
30 70 0.111 2 1
17 5 0.061 2 0
32 30 0.145 2 0
54 10 0.263 2 0
19 40 0.082 2 0
284 10 0.833 2 0
13 30 0.051 2 1
44 10 0.139 2 1
10 15 0.048 2 0
93 5 0.578 2 0
64 5 0.188 2 1
27 10 0.114 2 0
76 100 0.413 2 0
23 5 0.068 2 0
51 10 0.182 2 0
172 5 0.735 2 0
28 15 0.110 2 0
149 15 0.955 2 0
81 52 0.453 2 0
106 40 0.352 2 0
112 52 0.343 2 1
178 70 0.852 2 1
20 5 0.112 2 1
32 40 0.140 2 1
11 5 0.045 2 1
16 10 0.070 2 0
28 40 0.112 2 1
162 30 0.529 2 1
26 10 0.093 2 0
72 10 0.265 2 0
58 5 0.184 2 0
55 52 0.165 2 1
183 40 0.670 2 0
103 30 0.665 2 0
318 100 0.955 2 1
69 22 0.205 2 0
92 10 0.398 2 0
337 40 1.162 2 0
41 40 0.121 2 0
17 40 0.080 2 0
23 52 0.086 2 0
25 22 0.132 2 1
173 40 0.586 2 0
18 5 0.061 2 0
15 30 0.089 2 0
36 40 0.137 2 0
16 100 0.063 2 0
12 30 0.066 2 1
35 52 0.181 2 0
175 40 0.792 2 0
75 52 0.283 2 0
26 15 0.093 2 0
29 15 0.085 2 1
196 15 0.683 2 1
16 22 0.086 2 0
158 5 0.806 2 1
307 70 1.233 2 0
20 52 0.114 2 0
39 100 0.141 2 0
15 40 0.068 2 0
28 30 0.082 2 0
11 70 0.048 2 1
94 10 0.490 2 0
31 10 0.174 2 0
189 100 0.687 2 0
52 40 0.239 2 0
26 30 0.086 2 0
14 40 0.064 2 0
37 52 0.136 2 1
76 22 0.274 2 0
111 10 0.346 2 1
32 10 0.133 2 0
30 100 0.155 2 0
106 15 0.405 2 0
21 70 0.075 2 0
144 30 0.787 2 0
29 15 0.176 2 0
303 52 0.944 2 1
58 70 0.240 2 0
33 40 0.123 2 0
10 100 0.030 2 1
140 100 0.574 2 1
12 10 0.051 2 1
14 5 0.089 2 0
68 22 0.298 2 0
74 15 0.433 2 0
47 100 0.201 2 0
11 40 0.068 2 0
49 10 0.312 2 0
17 30 0.064 2 1
14 40 0.047 2 0
14 10 0.049 2 1
158 5 0.725 2 0
49 70 0.199 2 1
23 40 0.071 2 0
27 40 0.099 2 0
30 30 0.090 2 1
34 22 0.111 2 1
15 10 0.046 2 0
16 40 0.051 2 0
86 22 0.269 2 0
31 40 0.108 2 0
44 40 0.214 2 1
182 22 0.714 2 0
18 70 0.071 2 0
12 5 0.052 2 0
75 52 0.221 2 0
113 100 0.435 2 1
32 15 0.119 2 0
332 22 1.795 2 0
50 70 0.220 2 1
160 10 0.821 2 0
16 30 0.096 2 1
16 10 0.064 2 0
91 40 0.412 2 0
293 30 1.163 2 1
46 70 0.189 2 0
108 22 0.320 2 0
35 5 0.136 2 1
100 70 0.350 2 0
296 40 1.473 2 0
100 52 0.296 2 0
152 40 0.968 2 0
22 70 0.072 2 0
188 5 0.752 2 1
70 15 0.246 2 0
188 22 0.862 2 1
11 70 0.033 2 0
24 22 0.117 2 1
90 5 0.542 2 1
34 40 0.210 2 1
144 22 0.430 2 0
23 10 0.085 2 1
320 40 1.240 2 1
110 10 0.671 2 0
88 70 0.294 2 0
29 15 0.096 2 0
17 52 0.056 2 0
146 15 0.547 2 0
144 15 0.453 2 0
74 70 0.233 2 1
195 22 0.863 2 0
10 100 0.040 2 0
48 15 0.195 2 0
14 30 0.051 2 0
16 70 0.062 2 0
66 40 0.204 2 0
108 15 0.327 2 0
121 52 0.637 2 0
118 10 0.365 2 0
80 100 0.316 2 1
286 70 1.059 2 1
168 30 0.913 2 1
102 15 0.614 2 0
222 100 1.150 2 1
41 15 0.234 2 1
238 15 1.026 2 0
58 40 0.297 2 0
28 70 0.082 2 0
64 70 0.314 2 1
12 15 0.045 2 0
166 100 1.018 2 0
108 40 0.353 2 1
57 5 0.195 2 0
12 40 0.048 2 1
15 10 0.050 2 1
59 5 0.381 2 0
73 10 0.232 2 1
15 30 0.052 2 0
23 5 0.076 2 0
78 40 0.297 2 0
235 70 0.719 2 0
19 15 0.078 2 1
45 30 0.210 2 0
20 100 0.131 2 1
191 52 0.700 2 1
14 40 0.074 2 0
78 70 0.259 2 0
19 70 0.103 2 0
22 22 0.074 2 1
192 100 0.662 2 0
22 70 0.077 2 0
51 40 0.190 2 0
190 5 0.572 2 0
178 15 0.690 2 1
18 70 0.086 2 1
69 70 0.202 2 0
69 70 0.278 2 0
35 10 0.131 2 1
36 40 0.129 2 0
133 100 0.396 2 0
319 30 1.307 2 0
16 40 0.078 2 1
53 22 0.156 2 1
293 10 1.542 2 0
37 40 0.146 2 0
72 100 0.381 2 1
72 40 0.306 2 0
77 70 0.294 2 1
22 30 0.124 2 0
302 5 1.280 2 1
141 100 0.834 2 1
22 40 0.064 2 0
15 100 0.048 2 0
170 40 1.030 2 0
156 30 1.020 2 0
268 40 0.876 2 1
129 40 0.668 2 1
23 30 0.088 2 0
39 70 0.182 2 1
10 52 0.034 2 1
62 40 0.216 2 1
15 15 0.051 2 1
136 15 0.471 2 0
88 30 0.489 2 1
87 100 0.382 2 0
10 70 0.038 2 0
116 22 0.433 2 0
13 5 0.038 2 0
23 70 0.082 2 0
188 100 0.720 2 1
305 5 1.235 2 0
42 100 0.154 2 0
35 52 0.172 2 0
33 52 0.201 2 0
10 52 0.049 2 1
33 15 0.147 2 1
31 52 0.162 2 0
12 10 0.062 2 1
80 10 0.238 2 1
41 30 0.139 2 0
14 22 0.081 2 0
17 52 0.061 2 0
24 5 0.152 2 0
152 40 0.724 2 0
78 5 0.470 2 0
89 52 0.368 2 1
87 52 0.530 2 1
37 22 0.130 2 0
18 10 0.077 2 0
27 10 0.093 2 1
37 22 0.139 2 1
74 70 0.411 2 0
21 70 0.124 2 1
46 30 0.153 2 1
62 15 0.267 2 1
66 22 0.210 2 1
43 22 0.159 2 0
148 5 0.722 2 0
15 30 0.098 2 0
29 22 0.145 2 1
30 10 0.123 2 0
26 30 0.123 2 0
310 15 1.115 2 0
59 5 0.358 2 1
26 52 0.099 2 0
124 30 0.579 2 1
58 10 0.173 2 1
12 22 0.049 2 0
47 10 0.234 2 0
78 100 0.248 2 0
31 22 0.188 2 0
12 100 0.040 2 0
66 70 0.338 2 0
20 100 0.067 2 0
10 52 0.053 2 0
15 52 0.069 2 0
65 100 0.433 2 0
195 22 0.874 2 1
76 52 0.249 2 1
26 100 0.144 2 1
131 15 0.468 2 1
75 10 0.412 2 1
12 30 0.056 2 0
34 10 0.117 2 0
61 52 0.332 2 1
46 40 0.264 2 1
12 22 0.067 2 0
11 30 0.067 2 0
20 100 0.095 2 1
82 22 0.255 2 0
171 52 0.665 2 1
25 52 0.124 2 0
19 15 0.062 2 1
19 10 0.058 2 1
44 15 0.167 2 0
64 30 0.234 2 0
37 15 0.140 2 0
142 70 0.594 2 1
34 22 0.162 2 0
65 10 0.264 2 0
63 30 0.251 2 1
11 52 0.040 2 0
18 5 0.056 2 0
10 52 0.035 2 0
10 52 0.057 2 1
40 5 0.127 2 0
93 22 0.401 2 0
12 52 0.035 2 1
77 30 0.240 2 0
54 5 0.323 2 1
113 100 0.440 2 0
195 15 0.577 2 0
20 22 0.125 2 0
56 10 0.187 2 1
198 10 1.245 2 0
12 52 0.059 2 1
29 22 0.126 2 0
10 5 0.058 2 1
31 40 0.149 2 0
19 30 0.093 2 0
11 100 0.052 2 1
17 52 0.051 2 0
32 15 0.116 2 1
165 52 0.552 2 0
91 10 0.384 2 0
15 22 0.094 2 0
19 15 0.094 2 0
15 22 0.070 2 1
33 5 0.100 2 0
38 15 0.128 2 0
78 40 0.271 2 0
36 100 0.228 2 0
20 100 0.061 2 0
11 22 0.067 2 1
27 15 0.089 2 0
24 10 0.159 2 1
14 100 0.094 2 1
190 22 1.067 2 0
277 70 0.952 2 0
50 15 0.185 2 0
97 30 0.519 2 1
74 52 0.241 2 1
252 5 0.992 2 0
128 100 0.621 2 1
168 10 0.691 2 1
120 52 0.351 2 0
12 22 0.038 2 0
38 5 0.121 2 0
195 15 0.802 2 0
11 22 0.044 2 0
55 10 0.359 2 1
133 22 0.472 2 0
182 70 0.628 2 0
19 5 0.086 2 0
119 52 0.368 2 1
62 10 0.341 2 0
17 22 0.082 2 0
307 5 1.346 2 0
309 15 0.994 2 0
75 70 0.236 2 0
21 22 0.106 2 0
73 70 0.474 2 0
37 30 0.129 2 0
94 52 0.492 2 0
151 100 0.599 2 0
182 22 0.613 2 0
51 70 0.151 2 0
65 100 0.404 2 0
51 100 0.150 2 1
161 30 0.492 2 0
46 100 0.183 2 0
22 5 0.088 2 0
20 5 0.062 2 0
31 52 0.094 2 0
11 5 0.065 2 0
116 30 0.338 2 0
39 15 0.184 2 0
33 100 0.134 2 1
18 100 0.053 2 0
85 70 0.388 2 0
28 52 0.106 2 1
29 52 0.091 2 0
14 40 0.053 2 1
23 30 0.120 2 0
28 5 0.094 2 0
26 15 0.131 2 0
32 5 0.106 2 1
14 100 0.041 2 1
96 30 0.285 2 0
28 22 0.150 2 0
213 100 0.839 2 0
60 70 0.368 2 1
19 100 0.091 2 0
181 52 1.090 2 0
315 5 1.329 2 0
26 70 0.133 2 1
10 22 0.041 2 0
18 22 0.057 2 1
118 5 0.347 2 0
50 10 0.221 2 0
215 5 0.796 2 1
20 10 0.117 2 1
130 40 0.586 2 1
128 40 0.381 2 0
90 40 0.484 2 1
12 10 0.047 2 0
12 100 0.037 2 0
11 10 0.043 2 1
36 52 0.191 2 0
78 100 0.249 2 0
141 52 0.478 2 0
28 70 0.172 2 0
27 5 0.090 2 0
108 5 0.320 2 1
199 10 0.809 2 0
19 15 0.109 2 0
10 40 0.041 2 1
51 10 0.245 2 1
21 100 0.121 2 0
29 22 0.131 2 0
106 22 0.318 2 1
230 30 1.299 2 0
15 22 0.045 2 0
66 70 0.239 2 0
16 70 0.102 2 0
180 15 0.684 2 0
10 40 0.050 2 0
79 40 0.320 2 0
187 10 0.565 2 0
162 5 0.506 2 0
66 5 0.219 2 0
14 30 0.083 2 1
18 22 0.074 2 0
85 40 0.339 2 0
170 10 0.717 2 0
22 52 0.084 2 0
13 52 0.052 2 0
98 100 0.436 2 0
27 22 0.093 2 0
182 70 0.978 2 0
120 10 0.357 2 0
29 22 0.121 2 0
64 70 0.252 2 0
26 40 0.081 2 1
28 22 0.135 2 1
11 70 0.038 2 1
312 30 1.147 2 1
281 15 1.133 2 1
31 22 0.097 2 1
17 5 0.065 2 0
98 15 0.374 2 1
111 30 0.703 2 0
149 5 0.616 2 0
19 70 0.072 2 0
188 30 0.637 2 0
57 10 0.356 2 0
45 5 0.157 2 0
73 10 0.251 2 0
45 52 0.132 2 0
114 10 0.445 2 0
13 100 0.084 2 0
32 22 0.150 2 1
165 70 0.563 2 0
337 40 1.146 2 1
13 10 0.065 2 1
34 30 0.134 2 1
107 100 0.377 2 1
50 70 0.282 2 0
19 10 0.061 2 1
93 30 0.344 2 1
53 70 0.163 2 0
150 30 0.508 2 0
19 30 0.061 2 0
308 22 1.322 2 0
75 30 0.288 2 0
16 15 0.052 2 1
154 40 0.634 2 0
55 70 0.359 2 1
14 70 0.053 2 0
71 40 0.214 2 1
120 5 0.649 2 1
116 52 0.353 2 0
91 40 0.583 2 0
322 15 1.293 2 1
45 52 0.157 2 1
13 52 0.042 2 1
78 30 0.302 2 1
53 10 0.252 2 1
321 10 1.230 2 0
74 5 0.365 2 1
145 40 0.901 2 1
189 15 0.741 2 0
118 30 0.363 2 0
18 40 0.066 2 0
18 100 0.101 2 0
14 5 0.064 2 1
15 22 0.060 2 1
39 30 0.239 2 0
28 100 0.090 2 0
39 10 0.146 2 0
16 40 0.092 2 0
19 22 0.104 2 1
55 30 0.226 2 1
152 22 0.610 2 0
32 30 0.122 2 0
19 52 0.114 2 1
14 40 0.068 2 0
194 52 1.244 2 0
45 70 0.239 2 1
188 22 1.190 2 0
10 100 0.039 2 0
73 70 0.429 2 0
33 52 0.098 2 0
12 30 0.043 2 0
101 100 0.371 2 0
23 100 0.089 2 1
73 30 0.280 2 1
16 100 0.051 2 0
13 40 0.080 2 1
34 10 0.143 2 1
10 100 0.035 2 0
75 10 0.500 2 0
39 5 0.133 2 0
11 22 0.033 2 0
22 22 0.067 2 0
14 100 0.062 2 1
28 40 0.137 2 1
77 70 0.236 2 0
163 22 0.668 2 1
33 15 0.130 2 0
39 52 0.140 2 0
36 5 0.137 2 1
190 52 0.671 2 0
19 22 0.102 2 0
41 5 0.130 2 0
37 15 0.135 2 0
14 15 0.070 2 0
39 30 0.187 2 1
105 5 0.386 2 0
195 15 1.114 2 0
46 5 0.264 2 0
113 5 0.628 2 0
21 52 0.115 2 0
154 70 0.540 2 1
19 40 0.063 2 0
15 22 0.060 2 0
247 100 0.746 2 0
40 15 0.188 2 0
18 22 0.060 2 1
29 22 0.155 2 1
11 22 0.071 2 0
75 5 0.481 2 1
42 40 0.153 2 1
20 10 0.111 2 0
35 22 0.179 2 0
73 22 0.247 2 0
27 40 0.162 2 0
166 15 0.565 2 1
10 40 0.032 2 0
19 22 0.076 2 0
40 22 0.211 2 1
198 30 0.839 2 0
16 70 0.084 2 0
67 10 0.209 2 0
79 40 0.401 2 0
177 100 0.994 2 0
14 10 0.057 2 0
17 70 0.063 2 1
14 52 0.052 2 0
166 22 0.765 2 0
