18 30 0.105 0 2
43 70 0.134 0 1
18 22 0.084 0 2
57 52 0.252 0 5
103 10 0.317 0 4
11 5 0.033 0 3
12 5 0.043 0 2
243 52 1.528 0 4
56 5 0.231 0 4
41 22 0.162 0 3
93 40 0.295 0 5
11 100 0.060 0 3
124 10 0.605 0 1
13 52 0.054 0 5
36 100 0.181 0 5
296 100 0.940 0 3
10 100 0.049 0 3
19 22 0.071 0 3
118 10 0.392 0 4
119 30 0.373 0 4
19 100 0.095 0 3
17 15 0.080 0 1
297 30 1.217 0 5
188 22 0.726 0 3
15 100 0.044 0 3
12 52 0.057 0 3
74 30 0.249 0 1
272 5 1.314 0 4
326 40 1.105 0 4
90 5 0.584 0 3
179 10 0.526 0 3
28 100 0.177 0 3
139 100 0.456 0 5
26 10 0.084 0 2
153 100 0.836 0 5
72 40 0.364 0 3
35 100 0.109 0 3
28 22 0.130 0 5
40 10 0.190 0 2
151 100 0.574 0 3
37 70 0.154 0 3
59 15 0.289 0 1
12 30 0.068 0 3
113 100 0.467 0 2
92 10 0.321 0 4
11 40 0.069 0 5
17 5 0.085 0 3
29 10 0.085 0 3
17 30 0.099 0 5
26 100 0.170 0 4
277 10 1.413 0 4
156 10 1.013 0 3
116 70 0.779 0 4
14 100 0.079 0 3
27 22 0.138 0 1
34 10 0.155 0 2
38 15 0.168 0 4
66 15 0.240 0 1
85 5 0.509 0 5
249 30 0.940 0 1
24 40 0.099 0 4
316 15 1.549 0 4
17 100 0.054 0 4
13 40 0.070 0 4
145 52 0.488 0 4
40 40 0.185 0 3
32 10 0.175 0 2
198 15 0.805 0 3
27 30 0.084 0 5
17 22 0.056 0 2
32 70 0.111 0 4
63 30 0.337 0 5
285 52 1.059 0 1
43 15 0.135 0 5
14 30 0.042 0 5
25 15 0.149 0 2
133 100 0.399 0 3
14 5 0.062 0 3
15 15 0.099 0 3
84 40 0.480 0 3
26 5 0.110 0 5
20 100 0.080 0 1
110 5 0.414 0 4
68 10 0.442 0 3
61 70 0.188 0 2
98 40 0.426 0 2
54 40 0.159 0 2
189 22 0.913 0 4
30 10 0.092 0 2
173 40 1.131 0 3
71 30 0.378 0 4
18 52 0.066 0 5
37 5 0.172 0 2
68 10 0.322 0 1
143 70 0.888 0 2
199 22 0.696 0 3
47 22 0.198 0 3
34 52 0.118 0 3
54 100 0.164 0 3
101 30 0.423 0 3
72 52 0.317 0 2
21 15 0.091 0 1
20 22 0.078 0 4
11 22 0.055 0 2
46 30 0.249 0 2
55 22 0.186 0 3
65 22 0.263 0 2
132 30 0.584 0 4
113 100 0.450 0 2
36 5 0.118 0 3
132 10 0.498 0 2
92 22 0.495 0 4
135 52 0.780 0 4
88 70 0.341 0 2
20 10 0.062 0 1
167 52 0.599 0 1
17 22 0.058 0 2
13 52 0.056 0 3
11 100 0.049 0 5
31 15 0.106 0 2
30 52 0.115 0 3
12 5 0.060 0 4
19 52 0.077 0 5
47 30 0.236 0 3
37 40 0.115 0 4
78 70 0.259 0 2
29 22 0.102 0 2
19 52 0.061 0 2
10 15 0.064 0 3
76 10 0.244 0 4
297 5 0.887 0 4
13 5 0.060 0 3
85 100 0.341 0 3
180 30 0.632 0 1
12 15 0.041 0 3
10 15 0.065 0 5
33 70 0.137 0 2
39 22 0.123 0 2
58 30 0.301 0 5
141 15 0.701 0 5
38 30 0.119 0 4
247 52 0.737 0 1
130 30 0.607 0 3
28 22 0.131 0 3
171 100 0.722 0 3
30 40 0.098 0 5
31 15 0.121 0 3
163 22 0.845 0 3
71 70 0.351 0 1
19 52 0.095 0 3
93 22 0.284 0 5
33 15 0.115 0 2
72 10 0.235 0 2
32 15 0.134 0 4
13 30 0.038 0 4
68 30 0.227 0 3
151 52 0.597 0 4
62 52 0.200 0 1
333 15 1.840 0 1
110 52 0.640 0 1
12 10 0.066 0 3
16 15 0.087 0 4
16 100 0.075 0 3
11 100 0.040 0 3
58 5 0.202 0 3
79 15 0.279 0 4
12 15 0.051 0 1
58 5 0.191 0 2
206 15 0.602 0 4
59 100 0.191 0 4
187 15 1.033 0 1
187 15 0.882 0 2
165 15 0.897 0 4
161 5 0.502 0 2
46 70 0.307 0 3
64 40 0.189 0 3
133 30 0.583 0 4
28 10 0.086 0 1
210 22 0.745 0 2
133 15 0.460 0 1
211 5 0.678 0 5
153 10 0.556 0 3
10 10 0.055 0 5
14 22 0.046 0 1
52 10 0.207 0 1
134 5 0.395 0 2
17 52 0.081 0 2
17 52 0.060 0 1
27 40 0.081 0 2
75 22 0.339 0 2
17 5 0.060 0 4
28 30 0.106 0 5
189 15 0.724 0 5
25 5 0.089 0 3
31 52 0.159 0 5
21 100 0.063 0 5
190 100 0.720 0 1
101 100 0.612 0 5
85 52 0.417 0 3
13 15 0.039 0 2
19 70 0.071 0 4
21 52 0.069 0 5
152 15 0.658 0 3
172 5 0.541 0 4
133 22 0.508 0 1
44 10 0.200 0 3
41 10 0.233 0 3
73 70 0.326 0 3
98 22 0.485 0 1
161 52 0.813 0 4
22 22 0.144 0 1
29 70 0.098 0 5
77 52 0.445 0 4
87 5 0.455 0 2
13 30 0.070 0 1
17 15 0.069 0 4
17 22 0.067 0 5
108 22 0.362 0 2
11 52 0.037 0 2
180 10 0.978 0 2
18 22 0.066 0 3
135 52 0.849 0 2
15 10 0.066 0 5
94 52 0.390 0 3
18 100 0.109 0 5
100 10 0.467 0 2
39 15 0.236 0 3
34 52 0.136 0 5
10 5 0.051 0 5
16 5 0.068 0 1
40 22 0.131 0 1
17 30 0.052 0 2
207 5 1.225 0 5
54 5 0.289 0 4
12 52 0.037 0 4
19 70 0.064 0 2
60 5 0.178 0 1
108 100 0.607 0 1
70 52 0.248 0 3
193 22 0.596 0 2
53 40 0.175 0 3
37 40 0.163 0 2
64 70 0.306 0 1
243 10 1.125 0 2
240 100 0.769 0 1
120 52 0.486 0 4
23 70 0.080 0 2
36 10 0.123 0 4
11 70 0.055 0 4
34 70 0.163 0 2
15 30 0.051 0 5
27 22 0.099 0 2
158 40 0.620 0 3
18 22 0.069 0 5
56 100 0.237 0 4
15 10 0.055 0 3
176 100 0.863 0 5
18 22 0.078 0 1
25 100 0.091 0 4
187 5 0.850 0 3
39 5 0.142 0 2
60 100 0.203 0 3
250 10 0.859 0 5
68 30 0.207 0 5
54 40 0.159 0 1
304 40 1.086 0 5
100 70 0.676 0 4
183 52 0.709 0 4
163 10 0.709 0 2
173 40 0.715 0 3
24 100 0.089 0 4
93 30 0.317 0 4
20 22 0.087 0 4
69 30 0.257 0 1
33 10 0.106 0 5
156 5 0.687 0 2
187 70 0.730 0 2
16 70 0.060 0 4
79 52 0.230 0 1
102 70 0.403 0 4
171 10 0.891 0 5
26 10 0.149 0 2
31 70 0.100 0 2
17 15 0.070 0 4
188 5 0.879 0 1
238 15 1.556 0 1
194 30 1.198 0 2
25 5 0.162 0 3
18 10 0.080 0 5
162 70 0.561 0 4
17 15 0.081 0 5
90 30 0.536 0 5
150 100 0.607 0 2
30 52 0.150 0 5
266 22 0.785 0 2
14 40 0.043 0 3
24 40 0.133 0 5
59 5 0.355 0 5
41 40 0.215 0 3
115 30 0.340 0 2
176 70 0.880 0 2
158 5 0.883 0 3
10 52 0.039 0 2
75 10 0.387 0 5
83 100 0.494 0 2
171 40 1.096 0 2
159 22 0.523 0 2
27 100 0.105 0 5
55 40 0.357 0 3
52 15 0.221 0 3
143 10 0.451 0 1
339 22 1.145 0 5
290 52 1.250 0 3
15 30 0.056 0 3
11 100 0.044 0 3
329 70 1.552 0 1
93 15 0.612 0 5
65 70 0.269 0 5
15 30 0.046 0 4
15 15 0.049 0 3
19 22 0.093 0 3
11 5 0.052 0 2
32 22 0.199 0 4
105 100 0.486 0 2
181 15 1.124 0 2
20 5 0.063 0 4
129 100 0.426 0 1
31 15 0.147 0 3
127 52 0.479 0 5
17 22 0.084 0 2
26 5 0.077 0 4
108 52 0.394 0 1
17 15 0.115 0 4
19 15 0.120 0 5
17 70 0.051 0 1
240 30 1.067 0 1
132 100 0.548 0 1
38 10 0.155 0 5
54 52 0.165 0 4
187 10 0.553 0 1
33 70 0.182 0 4
67 100 0.284 0 5
44 70 0.137 0 3
307 70 1.838 0 1
44 5 0.158 0 3
13 52 0.039 0 5
97 100 0.307 0 3
136 22 0.513 0 1
39 52 0.232 0 4
39 5 0.169 0 3
15 10 0.093 0 2
317 15 2.045 0 2
10 100 0.034 0 1
300 100 1.056 0 3
70 30 0.424 0 2
129 15 0.387 0 4
77 5 0.289 0 4
15 15 0.052 0 4
18 5 0.060 0 1
212 15 0.964 0 2
87 10 0.283 0 2
16 22 0.054 0 5
29 70 0.124 0 4
11 70 0.041 0 2
162 15 0.926 0 3
87 10 0.275 0 2
181 10 0.761 0 5
173 5 0.588 0 4
11 52 0.058 0 1
32 100 0.158 0 5
137 70 0.637 0 2
32 15 0.137 0 5
101 52 0.421 0 4
142 70 0.580 0 4
75 5 0.276 0 5
23 100 0.106 0 2
13 40 0.055 0 2
287 15 1.577 0 2
103 15 0.545 0 3
60 5 0.355 0 4
78 10 0.259 0 2
125 100 0.641 0 3
49 30 0.158 0 3
13 52 0.044 0 1
17 15 0.057 0 2
257 70 0.892 0 4
65 22 0.273 0 2
54 22 0.213 0 2
10 5 0.067 0 1
245 40 0.872 0 5
102 22 0.502 0 1
127 70 0.494 0 2
10 70 0.065 0 4
78 40 0.272 0 4
31 15 0.207 0 2
162 70 0.844 0 4
18 10 0.074 0 5
17 100 0.068 0 2
18 5 0.090 0 3
23 52 0.149 0 2
11 22 0.059 0 2
318 40 1.574 0 5
19 52 0.065 0 5
29 22 0.126 0 2
65 100 0.316 0 4
72 52 0.294 0 5
155 10 0.635 0 4
53 10 0.286 0 4
100 22 0.415 0 4
68 5 0.444 0 4
332 70 1.078 0 4
161 40 1.073 0 4
16 40 0.074 0 3
26 22 0.080 0 1
19 100 0.065 0 4
19 15 0.083 0 5
24 10 0.072 0 1
40 30 0.270 0 2
17 10 0.068 0 5
17 52 0.114 0 3
143 40 0.540 0 1
52 70 0.311 0 4
37 40 0.109 0 2
166 15 0.874 0 5
18 52 0.053 0 2
292 70 1.339 0 2
61 15 0.246 0 2
13 30 0.084 0 4
52 10 0.349 0 4
16 52 0.083 0 5
36 10 0.196 0 1
32 40 0.140 0 2
318 22 1.277 0 1
126 100 0.630 0 3
10 10 0.058 0 5
69 70 0.278 0 3
51 70 0.205 0 5
11 52 0.047 0 3
170 5 0.717 0 3
64 15 0.400 0 2
32 40 0.095 0 3
26 30 0.080 0 3
11 100 0.053 0 4
40 70 0.153 0 4
77 30 0.283 0 4
23 22 0.076 0 1
27 100 0.102 0 2
38 70 0.123 0 4
162 100 0.547 0 1
36 30 0.147 0 2
32 70 0.098 0 2
299 22 1.099 0 4
16 40 0.051 0 3
138 100 0.932 0 2
66 52 0.388 0 2
44 10 0.159 0 5
39 22 0.186 0 1
11 70 0.038 0 4
158 100 0.798 0 5
23 10 0.085 0 5
252 52 1.500 0 2
100 10 0.463 0 1
14 15 0.092 0 5
22 70 0.069 0 3
179 70 0.825 0 4
29 10 0.148 0 2
17 100 0.070 0 4
19 40 0.123 0 2
72 40 0.270 0 3
102 52 0.554 0 5
77 5 0.224 0 2
172 5 0.593 0 2
247 52 1.350 0 1
37 15 0.143 0 1
192 70 0.600 0 4
14 15 0.087 0 4
160 15 0.958 0 1
53 5 0.229 0 3
172 100 0.847 0 5
21 5 0.125 0 4
87 100 0.403 0 4
15 15 0.044 0 1
24 30 0.112 0 2
11 10 0.054 0 3
300 52 1.210 0 5
131 30 0.432 0 2
297 10 1.117 0 3
27 100 0.088 0 3
188 40 0.887 0 5
25 15 0.087 0 1
62 70 0.244 0 2
35 100 0.132 0 2
35 40 0.137 0 1
30 5 0.141 0 2
53 15 0.159 0 5
96 70 0.611 0 5
68 100 0.402 0 3
198 5 1.015 0 1
14 52 0.074 0 3
10 10 0.032 0 1
70 30 0.427 0 4
121 22 0.446 0 2
31 22 0.114 0 3
21 5 0.090 0 1
44 30 0.223 0 1
13 100 0.045 0 3
30 5 0.115 0 5
22 40 0.077 0 4
10 52 0.051 0 4
68 52 0.221 0 3
125 40 0.723 0 1
10 15 0.030 0 2
17 100 0.104 0 3
34 22 0.199 0 3
56 70 0.279 0 2
17 100 0.098 0 3
277 30 1.099 0 5
62 30 0.256 0 1
194 70 0.612 0 4
127 5 0.555 0 1
11 100 0.038 0 2
10 52 0.038 0 3
15 40 0.078 0 1
21 70 0.109 0 3
15 100 0.060 0 5
46 30 0.224 0 1
13 22 0.043 0 3
145 10 0.671 0 4
29 22 0.109 0 2
10 22 0.065 0 2
174 30 0.526 0 5
19 22 0.058 0 4
164 22 0.742 0 3
109 22 0.362 0 5
23 100 0.133 0 5
16 22 0.077 0 5
16 5 0.067 0 4
33 5 0.219 0 5
14 5 0.080 0 3
123 22 0.432 0 1
12 100 0.040 0 5
55 52 0.284 0 3
14 15 0.042 0 2
17 100 0.111 0 1
39 52 0.138 0 3
56 100 0.301 0 4
43 70 0.128 0 4
36 10 0.183 0 1
43 10 0.215 0 5
14 40 0.049 0 3
264 40 1.143 0 1
10 22 0.061 0 2
18 40 0.110 0 5
19 100 0.090 0 3
61 52 0.302 0 1
312 40 1.091 0 5
135 15 0.397 0 4
120 52 0.764 0 5
44 22 0.158 0 3
14 5 0.062 0 1
146 100 0.427 0 4
103 5 0.572 0 5
10 5 0.062 0 4
76 100 0.270 0 1
168 15 0.560 0 5
84 70 0.321 0 4
38 30 0.174 0 5
34 70 0.143 0 1
55 15 0.225 0 2
290 70 1.007 0 1
72 70 0.414 0 2
60 52 0.211 0 5
23 70 0.074 0 4
179 52 0.583 0 1
100 70 0.444 0 5
16 100 0.095 0 3
17 22 0.074 0 1
164 22 0.716 0 5
41 40 0.151 0 5
192 15 0.655 0 3
216 70 0.844 0 5
14 100 0.049 0 3
43 100 0.207 0 2
168 15 0.602 0 3
14 10 0.043 0 4
93 52 0.276 0 2
178 15 0.640 0 4
76 40 0.442 0 3
26 30 0.090 0 2
13 40 0.076 0 5
73 52 0.303 0 4
59 40 0.182 0 5
36 30 0.190 0 5
15 10 0.068 0 5
31 52 0.194 0 4
17 10 0.111 0 5
22 15 0.134 0 1
22 40 0.066 0 3
334 15 2.037 0 2
119 15 0.534 0 3
66 10 0.407 0 5
25 10 0.134 0 3
13 5 0.064 0 4
83 100 0.466 0 3
20 15 0.093 0 3
62 52 0.352 0 3
194 30 1.244 0 1
142 52 0.573 0 1
141 22 0.472 0 5
76 10 0.235 0 3
20 10 0.071 0 2
38 52 0.210 0 5
270 70 0.944 0 5
28 15 0.104 0 3
127 10 0.713 0 2
251 22 0.826 0 5
24 22 0.076 0 4
23 15 0.139 0 1
260 22 1.008 0 3
32 10 0.155 0 1
12 70 0.070 0 4
18 22 0.069 0 1
101 52 0.439 0 3
203 15 0.693 0 1
17 40 0.054 0 4
34 70 0.128 0 5
11 10 0.038 0 3
124 52 0.468 0 2
91 22 0.532 0 2
187 70 0.695 0 3
202 70 0.614 0 5
38 100 0.201 0 2
15 52 0.055 0 4
283 100 0.847 0 4
49 5 0.257 0 3
336 5 1.268 0 1
279 22 0.880 0 2
110 15 0.407 0 2
138 70 0.600 0 2
96 100 0.342 0 4
31 10 0.106 0 4
176 52 0.962 0 1
47 70 0.305 0 1
124 52 0.484 0 5
17 30 0.102 0 3
174 100 0.809 0 2
177 22 0.608 0 4
25 30 0.096 0 5
36 40 0.137 0 3
320 22 1.115 0 5
28 15 0.162 0 4
156 40 0.538 0 2
16 22 0.085 0 2
16 30 0.054 0 2
182 52 1.182 0 1
196 70 1.202 0 2
291 100 1.288 0 4
74 70 0.301 0 2
159 5 0.494 0 5
167 5 0.650 0 1
13 100 0.041 0 1
102 5 0.490 0 3
132 52 0.574 0 4
10 100 0.033 0 2
30 22 0.088 0 5
305 30 1.676 0 2
132 22 0.635 0 1
13 15 0.044 0 3
30 100 0.120 0 4
70 15 0.320 0 2
77 52 0.517 0 5
157 70 0.770 0 4
48 5 0.150 0 4
21 5 0.139 0 4
57 5 0.271 0 2
29 40 0.161 0 5
136 15 0.618 0 2
73 52 0.285 0 3
192 40 1.123 0 2
13 10 0.080 0 5
131 15 0.514 0 4
64 15 0.327 0 3
61 100 0.316 0 1
130 22 0.778 0 1
52 52 0.264 0 3
26 70 0.170 0 1
18 10 0.064 0 5
74 100 0.330 0 1
66 52 0.377 0 5
93 15 0.474 0 1
335 5 1.821 0 5
173 10 1.030 0 2
10 100 0.052 0 3
62 10 0.223 0 4
79 10 0.348 0 2
212 100 0.669 0 2
196 70 0.571 0 4
128 100 0.593 0 1
18 22 0.102 0 2
331 40 1.178 0 4
76 15 0.243 0 5
13 70 0.065 0 1
11 52 0.033 0 5
26 30 0.091 0 1
11 15 0.035 0 2
261 15 1.243 0 1
10 52 0.043 0 3
289 70 1.062 0 5
25 70 0.124 0 3
163 15 0.514 0 4
336 15 1.631 0 1
65 30 0.295 0 1
15 52 0.052 0 3
17 22 0.057 0 4
33 40 0.102 0 1
12 52 0.069 0 4
14 10 0.042 0 1
194 22 0.721 0 2
16 22 0.106 0 1
11 10 0.071 0 3
200 30 0.743 0 4
132 5 0.468 0 4
85 5 0.411 0 2
27 10 0.105 0 1
34 30 0.160 0 5
189 5 0.900 0 2
69 22 0.404 0 3
253 22 0.776 0 2
20 22 0.087 0 3
45 22 0.304 0 1
77 30 0.262 0 5
17 15 0.054 0 1
192 15 0.617 0 2
57 22 0.331 0 2
34 30 0.168 0 5
52 5 0.325 0 2
16 30 0.079 0 5
146 70 0.557 0 5
279 5 1.037 0 3
16 70 0.056 0 4
26 22 0.167 0 5
22 5 0.107 0 3
13 22 0.065 0 3
19 100 0.060 0 4
15 52 0.049 0 3
24 52 0.076 0 4
19 15 0.063 0 3
19 70 0.091 0 4
43 5 0.137 0 1
12 52 0.040 0 2
31 22 0.105 0 2
26 70 0.082 0 4
48 30 0.291 0 4
35 22 0.213 0 5
281 70 1.873 0 3
31 22 0.146 0 4
42 40 0.171 0 2
10 100 0.033 0 4
30 40 0.138 0 4
34 5 0.136 0 2
102 52 0.313 0 5
126 10 0.424 0 2
21 40 0.104 0 4
11 70 0.039 0 3
25 70 0.128 0 2
12 5 0.047 0 4
26 52 0.124 0 4
134 52 0.626 0 2
35 10 0.235 0 5
116 70 0.535 0 2
74 30 0.425 0 4
15 30 0.091 0 4
15 5 0.101 0 3
14 5 0.047 0 1
304 15 0.918 0 5
28 15 0.137 0 5
29 15 0.129 0 5
132 22 0.462 0 5
124 15 0.629 0 3
11 5 0.036 0 4
24 5 0.089 0 3
172 100 0.544 0 3
13 5 0.042 0 4
194 40 0.866 0 3
67 100 0.404 0 2
37 70 0.172 0 2
106 70 0.654 0 4
74 30 0.379 0 4
58 10 0.199 0 2
59 70 0.341 0 2
156 40 0.687 0 1
65 70 0.271 0 3
14 15 0.050 0 1
201 30 1.015 0 4
46 70 0.257 0 5
37 70 0.168 0 1
16 22 0.071 0 3
135 100 0.742 0 3
16 30 0.087 0 3
122 10 0.404 0 2
67 15 0.392 0 5
194 52 0.599 0 2
198 100 1.207 0 2
49 70 0.238 0 1
17 22 0.050 0 3
198 5 0.725 0 5
126 10 0.492 0 5
35 10 0.164 0 5
76 15 0.490 0 1
98 30 0.605 0 2
169 30 0.523 0 2
17 40 0.057 0 1
56 40 0.181 0 4
39 10 0.199 0 1
23 52 0.077 0 2
313 15 1.581 0 1
77 52 0.329 0 4
314 100 1.227 0 5
63 40 0.396 0 3
45 30 0.176 0 5
77 10 0.309 0 2
158 22 0.790 0 5
290 10 1.000 0 2
17 52 0.086 0 3
58 40 0.319 0 3
232 100 1.432 0 5
35 40 0.186 0 2
94 52 0.296 0 1
74 52 0.315 0 3
32 100 0.114 0 1
45 52 0.149 0 3
131 30 0.468 0 3
136 5 0.845 0 2
157 52 0.831 0 2
12 22 0.044 0 4
17 52 0.053 0 5
16 10 0.073 0 3
39 15 0.209 0 1
18 22 0.054 0 5
213 22 0.740 0 1
39 100 0.187 0 3
326 15 1.468 0 3
86 100 0.400 0 5
229 40 1.380 0 2
43 30 0.281 0 3
67 5 0.282 0 5
58 100 0.176 0 5
63 15 0.211 0 2
38 100 0.121 0 5
98 40 0.490 0 1
73 5 0.281 0 5
10 5 0.047 0 5
15 22 0.077 0 4
21 10 0.095 0 3
11 5 0.054 0 1
111 22 0.410 0 3
35 52 0.217 0 1
25 15 0.083 0 3
178 70 0.571 0 4
34 70 0.111 0 5
12 30 0.037 0 3
93 52 0.567 0 1
10 100 0.062 0 2
43 22 0.167 0 5
65 70 0.208 0 4
63 100 0.185 0 5
11 70 0.034 0 2
71 5 0.394 0 5
289 100 1.043 0 4
22 40 0.107 0 1
11 100 0.059 0 4
216 100 1.131 0 3
61 52 0.389 0 1
19 15 0.087 0 1
37 22 0.233 0 3
26 52 0.116 0 5
27 30 0.134 0 2
15 100 0.072 0 3
144 40 0.682 0 4
17 10 0.082 0 2
119 100 0.389 0 2
29 100 0.087 0 5
37 30 0.167 0 1
194 5 0.782 0 2
179 5 0.861 0 2
118 15 0.532 0 4
16 100 0.091 0 4
104 22 0.423 0 3
14 15 0.047 0 3
172 40 1.042 0 5
60 30 0.387 0 3
19 10 0.067 0 1
93 70 0.320 0 3
14 40 0.045 0 5
33 22 0.104 0 2
35 52 0.143 0 5
42 22 0.223 0 3
16 5 0.108 0 5
17 40 0.058 0 2
51 22 0.166 0 3
11 5 0.061 0 3
100 52 0.365 0 3
185 15 1.057 0 1
281 15 1.398 0 5
230 10 1.394 0 1
37 30 0.127 0 1
215 40 0.672 0 3
124 100 0.481 0 2
301 10 1.167 0 2
188 15 0.664 0 5
16 40 0.054 0 4
34 5 0.222 0 3
62 40 0.405 0 4
44 40 0.175 0 4
37 5 0.147 0 1
17 10 0.061 0 4
98 22 0.415 0 1
67 30 0.406 0 1
163 52 0.836 0 3
30 5 0.093 0 1
76 22 0.376 0 3
68 40 0.391 0 5
90 10 0.306 0 5
56 52 0.224 0 3
17 5 0.056 0 1
286 70 0.997 0 2
298 22 1.763 0 3
67 70 0.298 0 2
199 52 0.672 0 5
101 22 0.336 0 2
95 10 0.326 0 5
14 15 0.046 0 4
21 40 0.099 0 4
44 52 0.138 0 1
118 30 0.450 0 5
146 70 0.523 0 1
290 5 0.915 0 1
113 30 0.509 0 4
14 70 0.061 0 2
249 30 0.746 0 3
14 30 0.063 0 5
333 10 1.085 0 4
169 100 1.043 0 5
61 30 0.205 0 2
19 10 0.098 0 1
16 40 0.094 0 3
33 5 0.145 0 5
170 70 1.069 0 4
60 30 0.227 1 5
57 22 0.268 1 0
15 100 0.100 1 2
15 70 0.066 1 5
13 10 0.049 1 5
137 5 0.668 1 3
29 52 0.088 1 5
18 10 0.084 1 2
18 10 0.113 1 4
67 10 0.444 1 4
239 15 1.562 1 0
161 22 0.770 1 4
238 22 1.286 1 2
16 5 0.050 1 3
117 10 0.343 1 0
119 52 0.509 1 0
17 10 0.063 1 5
41 52 0.134 1 0
105 15 0.354 1 0
10 30 0.038 1 3
20 52 0.100 1 4
68 70 0.266 1 0
105 5 0.482 1 4
69 52 0.367 1 2
44 100 0.139 1 3
28 52 0.091 1 2
10 15 0.037 1 3
35 22 0.123 1 3
63 30 0.185 1 0
41 30 0.137 1 5
18 100 0.088 1 0
69 5 0.369 1 2
61 22 0.374 1 3
21 5 0.142 1 0
13 52 0.062 1 0
15 40 0.056 1 0
16 22 0.047 1 4
11 40 0.034 1 4
31 22 0.153 1 3
175 22 0.566 1 5
15 100 0.068 1 0
39 30 0.147 1 0
46 40 0.139 1 3
223 52 0.746 1 4
70 30 0.343 1 5
66 15 0.214 1 4
52 10 0.246 1 0
11 30 0.044 1 3
20 5 0.123 1 2
63 5 0.267 1 0
12 100 0.058 1 4
188 70 0.752 1 3
19 5 0.062 1 5
19 52 0.093 1 5
47 40 0.223 1 4
16 15 0.067 1 0
17 40 0.104 1 0
74 40 0.228 1 4
19 30 0.116 1 3
57 10 0.170 1 2
39 40 0.134 1 0
23 52 0.082 1 5
99 40 0.349 1 0
36 10 0.148 1 2
13 30 0.045 1 0
150 10 0.676 1 0
52 100 0.170 1 4
37 10 0.138 1 0
46 5 0.199 1 0
113 70 0.447 1 4
28 22 0.111 1 0
38 100 0.218 1 2
67 5 0.286 1 2
26 52 0.121 1 3
11 15 0.065 1 2
52 70 0.286 1 0
22 22 0.140 1 0
79 15 0.338 1 2
68 15 0.329 1 4
173 5 1.088 1 4
156 100 0.527 1 0
13 5 0.041 1 0
24 5 0.090 1 5
22 70 0.134 1 4
11 10 0.046 1 0
15 70 0.048 1 5
29 22 0.165 1 2
148 22 0.574 1 2
11 40 0.061 1 5
120 22 0.741 1 3
19 22 0.086 1 0
13 30 0.062 1 0
17 100 0.074 1 3
170 5 0.511 1 5
74 100 0.319 1 0
189 5 1.167 1 0
66 22 0.311 1 4
42 5 0.178 1 0
180 100 0.627 1 3
55 10 0.196 1 3
70 5 0.417 1 0
16 100 0.061 1 4
25 100 0.115 1 2
166 40 0.574 1 0
37 10 0.213 1 0
15 5 0.050 1 0
32 100 0.205 1 4
26 52 0.156 1 3
74 5 0.233 1 5
230 70 0.996 1 0
264 15 1.091 1 3
285 70 1.370 1 0
42 40 0.168 1 0
69 15 0.235 1 2
59 10 0.195 1 5
48 5 0.141 1 5
66 5 0.434 1 4
17 22 0.083 1 3
15 40 0.051 1 2
19 10 0.100 1 2
300 22 1.271 1 5
38 100 0.127 1 3
17 22 0.081 1 3
20 70 0.087 1 5
78 15 0.500 1 4
123 22 0.528 1 4
61 40 0.194 1 0
48 70 0.193 1 5
13 10 0.070 1 5
63 5 0.420 1 0
31 52 0.116 1 0
55 52 0.234 1 2
63 15 0.283 1 4
14 5 0.048 1 5
56 22 0.170 1 5
25 100 0.150 1 0
50 22 0.235 1 3
205 52 0.647 1 2
10 70 0.033 1 0
88 40 0.295 1 5
12 10 0.072 1 3
29 40 0.089 1 0
22 52 0.079 1 0
57 70 0.380 1 3
134 70 0.691 1 4
53 52 0.173 1 3
11 52 0.043 1 2
24 30 0.077 1 2
12 10 0.040 1 0
19 22 0.090 1 4
19 15 0.079 1 5
78 5 0.293 1 2
101 22 0.369 1 2
49 22 0.225 1 0
171 22 0.665 1 4
131 22 0.386 1 5
75 52 0.252 1 4
74 15 0.277 1 4
145 15 0.485 1 5
251 15 1.364 1 5
135 30 0.595 1 3
69 40 0.332 1 0
15 5 0.100 1 5
13 70 0.079 1 3
66 70 0.237 1 2
19 100 0.060 1 5
15 15 0.097 1 2
284 30 0.874 1 3
63 22 0.280 1 5
101 40 0.664 1 2
13 40 0.052 1 0
35 15 0.102 1 0
12 10 0.038 1 2
312 30 1.387 1 4
211 52 0.872 1 0
12 5 0.054 1 2
17 10 0.055 1 0
30 22 0.116 1 0
14 70 0.090 1 5
95 30 0.409 1 4
31 30 0.143 1 4
122 10 0.466 1 0
103 10 0.624 1 0
18 40 0.099 1 3
34 100 0.178 1 0
33 40 0.107 1 4
63 5 0.188 1 3
40 30 0.159 1 3
15 10 0.080 1 3
16 70 0.100 1 0
196 40 0.641 1 4
17 5 0.052 1 4
40 5 0.153 1 0
79 30 0.405 1 5
134 52 0.438 1 0
57 22 0.333 1 4
28 22 0.126 1 3
59 10 0.291 1 3
15 10 0.084 1 2
59 10 0.208 1 3
63 52 0.212 1 0
43 10 0.125 1 3
15 70 0.084 1 4
11 10 0.051 1 0
42 30 0.152 1 3
25 30 0.155 1 0
29 22 0.149 1 0
43 15 0.195 1 3
122 70 0.557 1 5
73 5 0.474 1 3
48 70 0.189 1 4
60 5 0.364 1 3
34 22 0.156 1 5
50 22 0.146 1 4
13 15 0.043 1 3
102 10 0.416 1 0
178 5 0.791 1 3
209 52 1.222 1 0
53 70 0.251 1 5
141 5 0.573 1 3
167 5 0.578 1 3
228 52 0.673 1 0
165 40 0.897 1 3
211 70 1.241 1 2
50 52 0.279 1 5
109 22 0.357 1 3
112 40 0.557 1 2
18 10 0.068 1 4
323 70 1.228 1 0
29 40 0.118 1 0
123 100 0.397 1 2
51 40 0.313 1 5
180 22 0.928 1 3
38 5 0.189 1 2
22 100 0.124 1 4
11 30 0.053 1 0
187 10 0.572 1 5
63 52 0.228 1 2
56 10 0.194 1 0
199 70 0.632 1 5
28 5 0.089 1 2
33 22 0.165 1 3
13 30 0.041 1 4
34 15 0.106 1 4
31 10 0.111 1 4
65 40 0.206 1 0
18 100 0.062 1 5
93 5 0.278 1 0
44 22 0.138 1 0
46 40 0.183 1 3
13 52 0.048 1 4
19 15 0.057 1 3
148 5 0.715 1 5
139 22 0.681 1 0
71 70 0.376 1 0
155 52 0.464 1 5
232 5 1.497 1 5
36 5 0.149 1 2
33 22 0.189 1 3
307 15 0.972 1 0
88 52 0.449 1 0
144 10 0.750 1 0
169 5 0.684 1 5
51 22 0.202 1 4
16 10 0.075 1 4
40 22 0.118 1 3
18 5 0.053 1 3
46 22 0.257 1 0
119 70 0.415 1 0
331 5 1.009 1 0
10 10 0.045 1 0
13 100 0.061 1 3
20 30 0.070 1 0
129 40 0.686 1 4
84 40 0.394 1 0
43 5 0.164 1 3
17 30 0.114 1 3
115 10 0.723 1 2
92 5 0.436 1 5
91 5 0.315 1 0
24 5 0.082 1 4
49 15 0.151 1 3
33 15 0.130 1 0
39 30 0.114 1 3
40 22 0.149 1 3
35 5 0.111 1 0
84 52 0.262 1 0
89 22 0.297 1 4
64 10 0.246 1 0
190 15 0.823 1 0
41 22 0.140 1 0
65 5 0.195 1 5
30 100 0.104 1 0
33 30 0.111 1 0
35 70 0.102 1 2
120 15 0.694 1 2
153 5 0.927 1 4
29 22 0.112 1 4
19 70 0.109 1 3
39 100 0.150 1 0
10 22 0.040 1 5
159 30 0.600 1 4
17 15 0.102 1 4
12 52 0.035 1 4
10 30 0.048 1 0
306 30 1.636 1 4
35 15 0.106 1 4
16 22 0.075 1 2
58 52 0.305 1 3
61 15 0.256 1 2
173 15 0.836 1 4
37 15 0.167 1 5
52 100 0.274 1 2
21 10 0.097 1 0
167 52 0.723 1 0
35 22 0.211 1 3
162 15 0.905 1 5
19 10 0.114 1 4
54 5 0.167 1 0
15 70 0.085 1 5
54 52 0.248 1 0
172 10 0.510 1 0
141 15 0.603 1 2
54 100 0.241 1 3
28 52 0.087 1 0
48 52 0.172 1 2
181 5 0.696 1 0
236 52 0.771 1 0
67 22 0.404 1 0
52 40 0.219 1 0
27 15 0.161 1 2
12 15 0.037 1 0
93 10 0.354 1 0
85 70 0.427 1 3
10 40 0.047 1 5
125 30 0.845 1 3
27 52 0.084 1 5
75 30 0.314 1 4
76 10 0.235 1 4
82 15 0.380 1 4
88 5 0.300 1 2
138 10 0.616 1 5
97 10 0.373 1 5
174 15 0.845 1 4
147 22 0.542 1 0
31 22 0.126 1 3
41 30 0.168 1 0
103 100 0.687 1 4
330 52 1.038 1 3
10 22 0.037 1 3
64 30 0.261 1 2
176 15 1.135 1 2
84 15 0.424 1 0
66 10 0.379 1 0
112 52 0.450 1 0
16 30 0.099 1 0
279 30 1.033 1 0
21 40 0.108 1 0
161 10 0.756 1 3
15 22 0.054 1 5
53 52 0.158 1 5
19 40 0.089 1 0
15 5 0.044 1 0
39 100 0.130 1 0
19 15 0.115 1 4
19 15 0.060 1 0
13 100 0.045 1 3
19 10 0.061 1 3
74 10 0.246 1 5
25 100 0.118 1 3
76 15 0.228 1 4
155 30 0.728 1 3
16 70 0.047 1 4
40 30 0.118 1 4
38 30 0.144 1 3
328 52 1.031 1 5
12 70 0.049 1 3
93 15 0.505 1 0
22 15 0.124 1 5
18 5 0.115 1 3
42 52 0.137 1 5
49 52 0.185 1 4
44 70 0.138 1 2
75 52 0.379 1 0
14 30 0.092 1 4
74 100 0.243 1 0
14 5 0.052 1 4
56 15 0.233 1 3
31 52 0.158 1 0
26 70 0.168 1 3
36 30 0.183 1 3
20 22 0.095 1 2
18 100 0.055 1 4
10 15 0.038 1 5
87 70 0.483 1 0
35 22 0.119 1 2
54 22 0.362 1 0
176 5 0.547 1 4
89 30 0.266 1 4
18 22 0.070 1 2
38 5 0.117 1 4
36 22 0.140 1 4
132 100 0.589 1 0
50 5 0.152 1 4
15 10 0.068 1 0
34 40 0.137 1 2
69 22 0.220 1 0
23 5 0.123 1 2
242 30 0.964 1 2
210 22 0.758 1 0
12 15 0.049 1 3
63 52 0.186 1 0
110 15 0.418 1 2
58 70 0.204 1 3
12 52 0.037 1 0
50 5 0.273 1 5
25 15 0.169 1 5
79 40 0.256 1 4
13 30 0.063 1 5
19 100 0.069 1 0
38 70 0.168 1 2
13 52 0.068 1 0
16 5 0.065 1 0
165 40 0.855 1 0
37 5 0.135 1 0
39 10 0.203 1 3
22 40 0.076 1 0
12 5 0.045 1 0
52 5 0.220 1 3
36 30 0.148 1 0
14 22 0.093 1 5
68 22 0.311 1 0
12 22 0.056 1 4
30 52 0.128 1 3
184 5 1.235 1 0
30 15 0.091 1 0
29 10 0.106 1 0
144 30 0.585 1 0
18 22 0.103 1 4
204 22 1.214 1 2
10 40 0.029 1 2
138 100 0.616 1 0
127 15 0.465 1 0
54 10 0.234 1 3
35 22 0.161 1 4
11 100 0.059 1 0
49 70 0.150 1 4
338 52 1.320 1 2
10 40 0.038 1 5
38 52 0.115 1 5
280 15 0.854 1 4
16 5 0.070 1 0
16 10 0.102 1 5
13 22 0.057 1 5
141 70 0.446 1 2
13 40 0.040 1 0
131 30 0.417 1 3
11 52 0.049 1 0
13 22 0.038 1 3
38 70 0.155 1 0
143 10 0.665 1 5
18 5 0.090 1 4
115 15 0.428 1 2
224 52 0.691 1 0
18 22 0.052 1 2
19 22 0.128 1 2
22 22 0.122 1 5
136 5 0.720 1 4
32 70 0.159 1 0
189 10 0.558 1 2
157 30 0.480 1 2
163 52 0.478 1 0
136 15 0.482 1 3
78 5 0.295 1 0
323 52 1.442 1 0
49 52 0.185 1 0
15 22 0.061 1 2
130 52 0.599 1 0
47 10 0.168 1 0
10 5 0.043 1 2
265 70 0.784 1 5
15 30 0.073 1 0
24 30 0.098 1 3
75 52 0.362 1 0
18 100 0.093 1 5
86 30 0.506 1 2
40 22 0.119 1 4
46 5 0.136 1 4
24 5 0.128 1 4
56 10 0.167 1 4
29 22 0.114 1 3
332 10 1.071 1 4
79 5 0.387 1 0
50 15 0.209 1 5
37 22 0.113 1 0
12 15 0.065 1 0
45 70 0.151 1 3
52 22 0.193 1 2
68 10 0.237 1 2
18 70 0.064 1 4
55 22 0.202 1 5
31 5 0.126 1 3
28 30 0.152 1 5
114 5 0.396 1 3
15 100 0.049 1 4
119 15 0.474 1 0
29 5 0.172 1 3
40 10 0.121 1 2
77 10 0.226 1 4
42 40 0.147 1 0
11 52 0.068 1 5
14 10 0.063 1 0
329 5 1.343 1 0
79 22 0.407 1 5
12 70 0.054 1 0
37 70 0.158 1 4
73 52 0.312 1 4
48 70 0.143 1 4
66 100 0.335 1 4
73 15 0.403 1 4
61 22 0.311 1 5
255 70 0.853 1 0
33 15 0.122 1 0
68 22 0.279 1 3
63 70 0.194 1 2
116 70 0.527 1 3
71 15 0.355 1 5
50 30 0.316 1 0
47 10 0.287 1 2
52 5 0.195 1 0
63 15 0.284 1 3
15 15 0.051 1 0
16 5 0.075 1 3
11 15 0.050 1 4
75 100 0.300 1 0
25 22 0.092 1 4
246 10 1.275 1 2
116 70 0.773 1 0
14 22 0.080 1 0
51 70 0.169 1 0
141 5 0.788 1 3
28 22 0.112 1 0
49 30 0.170 1 4
170 40 0.582 1 0
18 15 0.065 1 5
22 5 0.139 1 5
13 40 0.041 1 0
154 5 0.542 1 0
172 100 0.720 1 3
13 22 0.068 1 5
77 15 0.450 1 2
223 40 1.232 1 0
72 10 0.221 1 3
39 100 0.255 1 0
58 30 0.210 1 3
44 10 0.181 1 3
44 15 0.257 1 0
38 70 0.185 1 4
162 22 0.701 1 5
17 30 0.082 1 0
10 40 0.043 1 4
71 52 0.254 1 4
25 30 0.137 1 5
54 5 0.303 1 0
28 30 0.123 1 5
109 70 0.568 1 4
129 22 0.632 1 2
11 52 0.069 1 0
14 10 0.078 1 0
27 52 0.093 1 4
166 52 0.585 1 5
60 40 0.261 1 0
122 30 0.513 1 5
140 15 0.504 1 3
16 22 0.062 1 0
74 52 0.468 1 4
27 30 0.085 1 4
49 5 0.210 1 5
58 52 0.221 1 0
32 70 0.136 1 3
54 40 0.270 1 3
40 40 0.261 1 0
57 100 0.193 1 4
65 30 0.433 1 4
48 52 0.316 1 0
18 30 0.073 1 0
30 40 0.088 1 0
149 15 0.479 1 3
41 22 0.151 1 5
18 30 0.098 1 2
75 15 0.305 1 4
133 30 0.429 1 0
54 52 0.242 1 4
19 40 0.071 1 0
183 100 0.803 1 3
295 30 1.288 1 4
31 52 0.157 1 5
12 70 0.045 1 4
18 30 0.065 1 2
114 10 0.462 1 0
56 10 0.211 1 2
52 40 0.351 1 2
111 15 0.514 1 5
11 40 0.046 1 3
335 70 1.050 1 5
24 15 0.110 1 3
55 40 0.263 1 4
166 22 0.744 1 3
19 70 0.094 1 2
115 5 0.513 1 2
14 10 0.055 1 0
14 5 0.092 1 2
46 100 0.232 1 2
167 15 0.630 1 4
17 5 0.072 1 0
15 52 0.044 1 5
11 22 0.051 1 2
37 100 0.136 1 0
19 70 0.088 1 0
154 70 0.842 1 3
48 52 0.218 1 0
10 5 0.061 1 2
61 15 0.256 1 0
69 30 0.284 1 4
108 5 0.500 1 3
49 70 0.177 1 3
18 15 0.071 1 5
14 100 0.072 1 0
23 40 0.131 1 2
40 100 0.156 1 4
71 70 0.321 1 5
13 30 0.044 1 4
142 5 0.747 1 4
78 40 0.491 1 0
83 15 0.265 1 4
55 10 0.329 1 3
161 40 1.081 1 4
176 30 0.662 1 5
42 70 0.141 1 4
93 100 0.550 1 0
322 15 1.643 1 4
60 52 0.248 1 4
75 22 0.231 1 5
23 10 0.137 1 0
78 10 0.341 1 0
29 40 0.136 1 0
13 10 0.071 1 0
337 70 1.112 1 2
61 15 0.391 1 4
119 52 0.454 1 3
25 10 0.116 1 3
76 30 0.263 1 0
31 40 0.167 1 0
17 30 0.062 1 3
197 15 0.966 1 2
52 10 0.259 1 4
89 100 0.401 1 0
15 5 0.062 1 3
14 10 0.056 1 5
320 5 2.013 1 3
50 40 0.224 1 4
13 22 0.071 1 4
51 15 0.260 1 0
16 5 0.082 1 5
82 30 0.343 1 4
59 22 0.188 1 5
82 15 0.255 1 0
37 15 0.163 1 2
123 40 0.557 1 0
63 10 0.332 1 0
34 15 0.152 1 2
78 30 0.259 1 0
36 40 0.109 1 0
26 100 0.159 1 4
18 52 0.058 1 3
148 15 0.446 1 0
44 15 0.155 1 5
68 10 0.215 1 5
144 15 0.954 1 0
101 100 0.356 1 4
11 10 0.059 1 3
14 30 0.081 1 5
230 40 1.036 1 3
56 10 0.171 1 0
12 15 0.043 1 2
19 40 0.079 1 0
96 5 0.414 1 0
109 30 0.681 1 4
31 30 0.138 1 0
37 40 0.169 1 0
61 52 0.187 1 5
41 52 0.181 1 0
51 15 0.158 1 4
16 100 0.047 1 3
30 5 0.117 1 0
118 100 0.361 1 3
42 10 0.133 1 5
192 52 0.693 1 0
71 30 0.360 1 0
196 52 0.683 1 4
75 70 0.275 1 0
10 40 0.034 1 0
22 30 0.088 1 3
11 22 0.064 1 3
238 40 1.506 1 5
31 5 0.153 1 0
175 10 0.623 1 4
95 22 0.364 1 2
139 30 0.837 1 0
170 30 0.616 1 3
196 10 0.587 1 4
16 100 0.050 1 3
38 10 0.226 1 5
15 10 0.067 1 2
14 10 0.062 1 0
248 52 0.761 1 0
14 40 0.049 1 3
47 52 0.159 1 3
35 10 0.216 1 2
16 5 0.096 1 4
270 52 1.076 1 0
117 15 0.357 1 3
50 70 0.204 1 5
18 30 0.081 1 0
158 100 0.532 1 2
171 70 0.788 1 0
16 10 0.088 1 0
188 30 0.676 1 4
18 22 0.085 1 0
41 40 0.129 1 5
12 100 0.045 1 2
42 15 0.126 1 2
290 100 0.890 1 2
11 22 0.045 1 0
44 10 0.147 1 5
155 52 0.512 1 4
27 30 0.104 1 2
23 100 0.084 1 4
37 22 0.133 1 4
73 30 0.285 1 0
48 30 0.194 1 2
26 10 0.102 1 5
21 5 0.141 1 3
169 70 0.725 1 3
11 100 0.034 1 3
30 70 0.167 1 3
52 22 0.251 1 2
19 52 0.113 1 4
211 70 0.690 1 3
21 70 0.125 1 4
20 52 0.096 1 5
71 22 0.213 1 0
273 40 1.325 1 0
69 70 0.283 1 3
25 22 0.092 1 0
32 70 0.124 1 0
18 22 0.056 1 2
46 5 0.267 1 0
133 100 0.636 1 0
261 30 0.774 1 5
177 100 0.615 1 5
77 5 0.285 1 3
26 15 0.085 1 2
176 22 0.613 1 4
16 10 0.092 1 4
99 40 0.450 1 3
55 70 0.190 1 0
165 10 0.821 1 0
85 10 0.295 1 0
208 5 1.195 1 0
60 52 0.290 1 0
73 40 0.240 1 0
10 10 0.038 1 0
41 100 0.140 1 5
10 100 0.050 1 4
167 70 0.807 1 0
174 22 0.874 1 4
17 10 0.099 1 4
152 40 0.618 1 5
58 70 0.305 1 2
32 40 0.130 1 4
75 10 0.227 1 2
13 10 0.045 1 5
285 10 0.944 1 2
184 40 0.669 1 5
100 30 0.518 1 0
27 15 0.114 1 5
30 40 0.103 1 4
29 10 0.092 1 0
96 30 0.372 1 3
332 10 1.660 1 0
25 70 0.124 1 2
52 52 0.167 1 5
25 52 0.141 1 3
17 15 0.062 1 5
36 52 0.142 1 3
29 30 0.096 1 0
30 40 0.088 1 2
23 10 0.070 1 0
153 100 0.602 1 0
35 40 0.169 1 4
25 5 0.098 1 0
95 70 0.586 1 2
47 22 0.261 1 0
36 70 0.122 1 4
27 52 0.104 1 5
40 22 0.183 1 4
49 52 0.172 1 4
193 70 1.078 1 5
40 52 0.196 1 2
71 30 0.211 1 5
89 15 0.401 1 0
10 22 0.037 1 5
43 10 0.154 1 4
14 10 0.069 1 0
18 22 0.095 1 0
191 10 0.715 1 3
25 100 0.118 1 2
39 40 0.165 1 0
323 52 1.102 1 3
30 52 0.135 1 5
10 22 0.032 1 5
51 5 0.208 1 0
105 40 0.436 1 5
38 5 0.210 1 5
78 10 0.252 1 4
77 15 0.467 1 0
201 70 1.081 1 4
186 10 0.785 1 3
139 52 0.803 1 5
243 52 0.815 1 0
84 40 0.429 1 2
71 10 0.229 1 3
16 30 0.057 1 2
197 30 0.590 1 4
65 70 0.302 1 5
14 22 0.064 1 4
94 30 0.314 1 3
35 30 0.232 1 3
19 52 0.060 1 3
64 100 0.352 1 4
42 40 0.168 1 3
14 30 0.065 1 2
37 40 0.109 1 0
163 30 0.832 1 5
25 40 0.117 1 5
58 52 0.180 1 0
31 40 0.098 1 4
73 40 0.304 1 2
329 40 2.018 1 0
59 15 0.197 1 0
79 40 0.485 1 0
160 40 0.914 1 4
57 22 0.245 1 4
49 100 0.148 1 0
46 52 0.149 1 0
10 30 0.029 1 5
70 100 0.368 1 2
17 10 0.097 1 2
77 70 0.333 1 5
53 40 0.228 1 3
39 10 0.148 1 2
79 30 0.305 1 4
91 22 0.440 1 3
35 10 0.174 1 0
79 30 0.454 1 0
85 5 0.545 1 2
173 40 0.676 1 0
239 100 1.122 1 5
13 5 0.040 1 0
160 10 0.766 1 5
84 70 0.364 1 5
48 70 0.189 1 5
16 52 0.096 1 3
168 40 0.540 1 0
231 15 0.983 1 0
30 22 0.155 1 2
77 100 0.281 1 0
73 15 0.235 1 4
131 5 0.506 1 3
36 5 0.132 1 5
15 70 0.052 1 0
195 30 1.275 1 2
183 52 0.638 1 4
33 22 0.191 1 0
15 100 0.052 1 3
19 100 0.096 1 5
77 5 0.313 1 3
331 100 1.576 1 4
26 30 0.174 1 5
135 15 0.637 1 4
57 100 0.302 1 2
94 100 0.384 1 5
278 30 0.880 1 3
22 52 0.089 1 4
196 15 0.985 1 4
45 22 0.274 1 0
254 30 1.427 1 4
11 22 0.073 1 5
19 40 0.103 1 4
59 40 0.335 1 0
270 40 0.863 1 4
93 40 0.287 1 0
288 100 0.957 1 0
38 15 0.220 1 0
65 100 0.213 1 0
162 15 0.743 1 0
192 100 0.906 1 2
125 40 0.500 1 2
16 15 0.074 1 0
51 30 0.248 1 3
125 10 0.616 1 0
13 22 0.056 1 0
28 70 0.093 1 2
53 5 0.199 1 0
79 10 0.273 1 4
50 40 0.276 1 4
114 15 0.340 1 4
43 100 0.196 1 2
20 15 0.072 1 2
14 70 0.067 1 5
182 10 0.919 1 0
24 40 0.159 1 2
16 15 0.050 1 0
43 70 0.191 1 0
67 100 0.280 1 0
39 22 0.176 1 4
57 70 0.305 1 2
186 5 0.894 1 0
67 10 0.307 1 0
60 52 0.353 1 5
24 10 0.088 1 2
338 40 2.224 1 4
119 22 0.377 1 4
265 40 0.777 1 0
16 15 0.054 1 0
52 70 0.263 1 0
21 5 0.068 1 2
121 5 0.621 1 3
27 22 0.149 1 4
124 22 0.608 1 4
68 10 0.450 1 5
35 15 0.207 1 4
17 10 0.055 1 0
76 22 0.507 1 2
83 70 0.390 1 0
133 15 0.398 1 0
12 40 0.036 1 5
39 30 0.222 1 2
62 22 0.193 1 4
24 70 0.105 1 5
63 5 0.193 1 3
89 52 0.406 1 2
306 15 1.286 1 3
33 100 0.162 1 2
32 10 0.136 1 2
21 22 0.065 1 3
58 15 0.174 1 5
136 70 0.782 1 4
53 15 0.294 1 4
155 10 0.457 1 3
16 30 0.066 1 0
106 40 0.315 1 5
39 22 0.131 1 0
38 22 0.209 1 0
133 70 0.477 1 3
19 100 0.079 1 4
194 30 0.911 1 0
40 22 0.128 1 3
75 52 0.336 1 0
34 10 0.142 1 0
17 15 0.076 1 4
101 10 0.351 1 5
36 40 0.179 1 5
18 70 0.055 1 0
68 22 0.236 1 2
128 15 0.522 1 0
134 15 0.420 1 0
84 30 0.378 1 0
16 70 0.105 1 5
60 52 0.243 1 5
54 100 0.236 1 4
17 100 0.075 1 0
159 40 0.619 1 0
121 40 0.360 1 0
241 10 1.100 1 0
70 52 0.385 1 3
22 15 0.074 1 5
135 70 0.486 1 4
64 22 0.405 1 5
48 10 0.205 1 0
98 10 0.299 1 0
15 40 0.055 1 0
59 100 0.184 1 4
160 10 0.684 1 0
39 70 0.131 1 3
258 70 0.766 1 0
147 100 0.717 1 2
99 40 0.589 1 2
39 5 0.121 1 3
91 70 0.355 1 4
35 5 0.113 1 2
117 52 0.696 1 2
14 30 0.041 1 4
20 30 0.100 1 2
12 30 0.040 1 0
265 52 0.796 1 5
71 15 0.250 1 4
19 52 0.128 1 0
29 5 0.153 1 0
10 70 0.047 1 3
41 52 0.250 1 4
51 70 0.260 1 2
33 15 0.208 1 0
71 70 0.213 1 2
37 15 0.239 1 0
18 40 0.069 1 3
20 52 0.104 1 0
54 52 0.228 1 5
69 5 0.227 1 0
202 70 0.639 1 4
23 30 0.085 1 0
38 5 0.112 1 3
15 40 0.065 1 3
55 5 0.162 1 0
42 30 0.128 1 0
20 52 0.061 1 0
53 100 0.160 1 3
38 22 0.163 1 4
32 52 0.111 1 4
178 40 0.580 1 5
13 40 0.060 1 2
19 52 0.079 1 3
86 70 0.255 1 3
14 5 0.060 1 5
17 40 0.053 1 0
34 30 0.170 1 2
19 52 0.061 1 4
26 30 0.089 1 2
325 30 1.343 1 2
13 40 0.040 1 0
91 22 0.429 1 5
18 15 0.104 1 3
65 30 0.198 1 3
134 30 0.482 1 0
178 10 0.973 1 5
67 10 0.255 1 0
22 15 0.075 1 5
22 22 0.098 1 0
11 52 0.036 1 0
21 70 0.062 1 4
271 100 1.506 1 2
42 52 0.145 1 0
13 5 0.076 1 0
18 5 0.120 1 2
108 52 0.359 1 0
54 10 0.273 1 2
58 15 0.191 1 3
35 5 0.137 1 4
28 70 0.135 1 3
47 52 0.146 1 4
24 100 0.121 1 0
319 40 1.981 1 4
61 30 0.222 1 2
96 5 0.410 1 3
193 5 0.865 1 0
155 52 1.040 1 2
52 70 0.194 1 5
49 52 0.215 1 5
26 52 0.149 1 4
43 15 0.240 1 5
54 10 0.159 1 4
69 52 0.270 1 2
15 40 0.068 1 0
190 15 0.576 1 2
37 100 0.179 1 3
36 40 0.185 1 0
38 5 0.181 1 2
51 30 0.198 1 2
54 40 0.309 1 0
48 15 0.170 1 2
196 100 0.966 1 5
89 15 0.287 1 2
16 52 0.060 1 5
18 5 0.075 2 1
195 22 0.725 2 0
30 100 0.107 2 3
14 15 0.048 2 5
17 70 0.054 2 0
15 40 0.044 2 0
17 15 0.064 2 3
93 70 0.365 2 1
287 100 1.428 2 4
13 40 0.081 2 0
155 15 0.517 2 5
25 30 0.146 2 3
186 22 0.604 2 5
160 22 0.788 2 1
97 10 0.336 2 5
59 30 0.206 2 3
164 52 0.490 2 5
69 40 0.291 2 0
57 22 0.292 2 3
37 22 0.172 2 0
57 15 0.251 2 0
10 22 0.030 2 3
65 70 0.389 2 5
51 30 0.163 2 0
28 10 0.164 2 5
63 40 0.368 2 5
49 22 0.220 2 1
154 52 0.636 2 5
62 100 0.204 2 0
38 40 0.210 2 0
84 100 0.491 2 4
54 100 0.227 2 0
43 5 0.142 2 5
17 30 0.066 2 0
17 52 0.069 2 5
91 100 0.294 2 1
10 5 0.062 2 5
38 22 0.237 2 0
203 40 1.201 2 5
16 22 0.066 2 0
15 5 0.049 2 1
140 5 0.490 2 3
64 15 0.408 2 1
29 30 0.166 2 0
94 70 0.450 2 5
196 22 0.951 2 0
82 10 0.434 2 5
65 52 0.208 2 4
10 30 0.035 2 3
23 52 0.068 2 3
19 22 0.080 2 4
69 15 0.246 2 3
126 52 0.555 2 3
15 70 0.075 2 5
77 40 0.241 2 3
36 10 0.136 2 4
114 10 0.341 2 0
20 15 0.070 2 1
13 22 0.059 2 4
144 30 0.758 2 0
140 10 0.415 2 3
33 5 0.129 2 0
64 40 0.281 2 0
40 40 0.118 2 0
41 22 0.227 2 0
179 22 1.133 2 4
329 52 1.280 2 1
30 5 0.169 2 0
37 5 0.145 2 1
49 22 0.153 2 3
166 22 0.765 2 1
66 40 0.221 2 0
137 100 0.489 2 1
118 70 0.379 2 0
14 5 0.080 2 3
17 30 0.085 2 4
37 70 0.208 2 4
20 40 0.059 2 0
329 5 2.164 2 5
35 10 0.154 2 3
73 30 0.410 2 5
31 70 0.113 2 5
179 5 0.522 2 1
51 52 0.154 2 0
26 10 0.150 2 0
17 10 0.083 2 0
19 52 0.095 2 3
14 10 0.045 2 1
127 52 0.661 2 3
235 10 0.819 2 0
192 30 0.897 2 4
65 100 0.259 2 1
20 100 0.066 2 1
26 15 0.097 2 0
106 30 0.707 2 5
203 100 0.655 2 5
14 5 0.057 2 5
297 22 1.198 2 5
16 10 0.086 2 5
62 22 0.337 2 5
26 70 0.174 2 4
18 52 0.062 2 0
92 100 0.354 2 0
14 70 0.092 2 0
22 30 0.086 2 0
12 10 0.054 2 0
142 5 0.904 2 0
189 52 1.145 2 0
26 40 0.110 2 0
67 100 0.392 2 3
14 40 0.050 2 3
16 22 0.064 2 3
251 100 1.328 2 3
159 15 0.743 2 3
243 10 1.299 2 4
17 22 0.051 2 1
14 10 0.084 2 5
104 5 0.321 2 0
93 30 0.415 2 0
252 30 0.746 2 5
59 5 0.247 2 4
121 15 0.409 2 5
73 22 0.219 2 1
94 15 0.503 2 1
19 5 0.116 2 0
296 30 1.310 2 1
26 10 0.121 2 3
135 5 0.421 2 1
120 70 0.476 2 0
155 22 0.698 2 3
19 5 0.069 2 0
28 52 0.107 2 0
74 70 0.314 2 1
60 70 0.203 2 1
131 52 0.395 2 1
289 15 1.927 2 1
72 5 0.223 2 3
16 30 0.049 2 0
258 100 1.330 2 4
93 10 0.544 2 4
160 70 0.681 2 4
20 5 0.084 2 5
28 22 0.128 2 3
67 40 0.204 2 1
22 5 0.089 2 3
185 5 0.777 2 4
14 40 0.048 2 4
39 52 0.122 2 0
75 10 0.292 2 3
260 30 0.867 2 0
133 15 0.467 2 4
23 52 0.108 2 0
13 5 0.076 2 0
129 100 0.492 2 4
16 70 0.092 2 5
27 40 0.098 2 0
129 5 0.437 2 5
18 70 0.103 2 0
24 40 0.076 2 0
322 30 1.248 2 0
17 5 0.063 2 3
24 100 0.080 2 5
63 22 0.238 2 5
136 15 0.533 2 0
54 10 0.358 2 0
132 10 0.437 2 0
19 22 0.076 2 1
17 40 0.095 2 3
111 52 0.422 2 0
207 100 1.169 2 5
13 5 0.039 2 3
99 40 0.429 2 0
69 100 0.285 2 3
135 22 0.750 2 3
175 40 0.972 2 0
15 30 0.044 2 5
78 15 0.247 2 0
23 100 0.088 2 3
89 30 0.283 2 0
28 70 0.172 2 4
66 70 0.206 2 0
155 70 0.540 2 3
50 40 0.146 2 3
26 15 0.088 2 1
10 70 0.032 2 0
19 15 0.123 2 1
89 40 0.282 2 0
111 5 0.677 2 0
10 100 0.055 2 0
213 15 1.039 2 5
62 15 0.378 2 4
37 15 0.156 2 5
107 10 0.332 2 3
285 100 0.896 2 1
77 52 0.410 2 0
76 30 0.241 2 4
13 70 0.045 2 0
35 52 0.186 2 1
14 10 0.054 2 0
191 15 0.950 2 1
37 70 0.167 2 0
101 70 0.351 2 0
162 5 0.643 2 1
14 70 0.056 2 3
339 30 1.654 2 0
108 30 0.679 2 1
58 5 0.234 2 3
74 5 0.400 2 0
184 10 1.028 2 0
106 30 0.361 2 3
82 30 0.404 2 5
33 40 0.159 2 5
33 22 0.210 2 1
19 100 0.087 2 0
88 30 0.367 2 4
188 30 0.851 2 0
48 5 0.167 2 5
37 52 0.170 2 5
11 10 0.044 2 0
31 100 0.176 2 4
16 70 0.063 2 3
79 10 0.235 2 1
36 30 0.117 2 0
322 30 1.342 2 4
18 40 0.073 2 0
20 70 0.119 2 0
27 10 0.129 2 5
99 5 0.569 2 3
24 15 0.105 2 5
130 10 0.415 2 1
62 22 0.194 2 0
39 15 0.198 2 1
22 22 0.073 2 5
32 52 0.146 2 4
53 15 0.356 2 0
38 70 0.120 2 1
270 52 1.063 2 5
162 5 0.474 2 5
39 40 0.188 2 1
46 5 0.152 2 0
10 22 0.034 2 0
13 100 0.042 2 0
90 100 0.479 2 5
124 52 0.382 2 1
97 10 0.331 2 5
306 40 1.354 2 5
26 30 0.167 2 5
22 15 0.077 2 4
77 15 0.478 2 5
34 40 0.173 2 5
154 10 0.577 2 5
52 40 0.218 2 4
125 100 0.510 2 3
39 22 0.129 2 0
41 40 0.130 2 5
24 5 0.087 2 0
147 5 0.967 2 0
44 52 0.272 2 0
10 70 0.035 2 0
17 100 0.098 2 4
13 70 0.042 2 0
93 15 0.396 2 3
14 10 0.044 2 4
17 15 0.104 2 0
127 40 0.416 2 1
51 100 0.260 2 3
14 40 0.089 2 1
84 70 0.247 2 1
46 30 0.139 2 1
20 52 0.071 2 1
153 5 0.486 2 0
155 10 0.745 2 1
18 52 0.074 2 0
20 15 0.125 2 0
88 30 0.436 2 4
17 30 0.083 2 4
52 15 0.188 2 1
134 52 0.684 2 3
10 15 0.062 2 0
20 22 0.072 2 1
19 30 0.058 2 3
39 100 0.164 2 5
11 15 0.064 2 1
281 100 1.004 2 1
180 10 0.643 2 4
12 40 0.036 2 5
174 22 0.552 2 0
291 40 1.098 2 0
17 52 0.074 2 1
138 40 0.484 2 0
96 22 0.282 2 0
116 70 0.378 2 0
23 30 0.072 2 1
10 22 0.051 2 5
56 52 0.258 2 4
211 5 1.019 2 0
20 30 0.127 2 0
172 22 0.800 2 1
28 22 0.104 2 0
66 40 0.254 2 0
31 100 0.092 2 5
87 15 0.304 2 0
10 70 0.060 2 1
27 40 0.144 2 1
52 40 0.344 2 5
154 40 0.575 2 3
115 10 0.429 2 1
15 15 0.099 2 0
21 22 0.068 2 0
107 5 0.398 2 0
15 100 0.059 2 4
140 70 0.805 2 5
46 40 0.234 2 5
220 15 0.649 2 3
16 52 0.056 2 4
27 5 0.088 2 5
37 40 0.126 2 3
41 10 0.203 2 1
26 100 0.104 2 4
94 40 0.465 2 1
12 70 0.038 2 1
16 100 0.076 2 3
41 30 0.227 2 5
128 5 0.601 2 4
22 5 0.136 2 0
54 100 0.262 2 1
44 40 0.149 2 4
34 30 0.152 2 0
13 30 0.045 2 3
298 52 0.997 2 5
13 100 0.040 2 3
28 30 0.117 2 1
88 100 0.492 2 5
100 30 0.654 2 3
24 5 0.088 2 0
13 40 0.043 2 3
310 52 0.969 2 5
37 10 0.175 2 0
313 30 1.030 2 1
135 5 0.458 2 5
108 52 0.675 2 4
74 52 0.248 2 0
112 100 0.647 2 3
169 100 0.497 2 0
194 10 0.919 2 3
29 52 0.128 2 1
268 100 1.389 2 5
17 70 0.075 2 3
12 30 0.071 2 4
86 10 0.262 2 0
68 22 0.232 2 0
29 5 0.165 2 1
86 5 0.577 2 5
41 10 0.161 2 4
26 15 0.103 2 4
28 5 0.157 2 0
39 10 0.151 2 1
165 70 0.817 2 5
13 5 0.047 2 4
27 5 0.114 2 1
256 40 1.684 2 3
319 52 0.967 2 0
19 5 0.090 2 1
30 52 0.120 2 0
22 10 0.090 2 3
79 22 0.534 2 0
49 22 0.331 2 0
14 5 0.044 2 3
59 5 0.188 2 3
60 22 0.186 2 0
42 22 0.130 2 5
17 100 0.083 2 4
66 22 0.224 2 1
10 10 0.034 2 0
14 22 0.069 2 3
39 70 0.188 2 0
147 40 0.799 2 1
15 5 0.081 2 1
124 30 0.521 2 0
73 30 0.230 2 0
187 5 1.247 2 4
74 30 0.265 2 3
74 10 0.245 2 3
186 5 0.873 2 3
35 10 0.217 2 0
154 40 0.606 2 3
50 30 0.256 2 0
14 100 0.051 2 3
54 40 0.194 2 0
24 52 0.154 2 0
91 70 0.403 2 5
156 10 0.934 2 5
188 70 0.825 2 5
49 100 0.173 2 4
23 40 0.097 2 3
23 5 0.150 2 0
58 5 0.199 2 0
58 40 0.180 2 3
34 10 0.171 2 1
257 100 0.902 2 3
17 5 0.104 2 5
74 22 0.228 2 5
275 30 1.058 2 5
248 5 0.763 2 5
82 5 0.325 2 1
13 100 0.055 2 1
143 5 0.437 2 4
29 15 0.120 2 0
61 5 0.226 2 0
49 52 0.149 2 1
63 40 0.303 2 3
68 22 0.398 2 1
101 22 0.303 2 0
156 40 0.527 2 0
136 70 0.464 2 5
19 30 0.056 2 5
58 100 0.174 2 5
55 10 0.357 2 0
14 52 0.061 2 0
143 22 0.532 2 5
65 70 0.428 2 0
273 30 0.861 2 5
24 100 0.100 2 0
19 22 0.095 2 4
156 40 0.505 2 4
75 40 0.377 2 0
118 70 0.351 2 5
196 15 0.589 2 4
25 10 0.117 2 0
50 22 0.149 2 5
185 5 0.587 2 0
319 40 1.922 2 0
193 15 0.804 2 0
318 70 1.882 2 1
32 22 0.105 2 3
36 40 0.221 2 0
52 30 0.181 2 1
26 30 0.077 2 4
195 100 1.114 2 3
12 100 0.036 2 4
15 40 0.050 2 4
24 52 0.071 2 0
45 22 0.263 2 4
130 40 0.456 2 5
97 70 0.622 2 0
19 52 0.127 2 0
33 15 0.130 2 0
36 100 0.212 2 1
35 22 0.188 2 1
311 30 1.030 2 3
12 22 0.042 2 4
175 10 0.686 2 1
78 100 0.313 2 0
60 100 0.179 2 4
33 15 0.105 2 0
48 22 0.300 2 5
118 100 0.379 2 4
103 52 0.404 2 0
102 10 0.436 2 1
276 30 1.030 2 0
76 5 0.350 2 0
21 22 0.088 2 3
89 40 0.303 2 4
144 40 0.535 2 0
162 10 0.549 2 0
42 30 0.178 2 0
55 40 0.202 2 4
302 22 0.977 2 5
15 40 0.056 2 1
48 22 0.158 2 0
330 5 1.170 2 5
35 22 0.227 2 3
65 22 0.191 2 4
58 40 0.219 2 3
17 5 0.055 2 5
23 22 0.093 2 5
91 10 0.271 2 5
26 5 0.080 2 4
188 10 1.039 2 3
23 70 0.071 2 1
14 15 0.086 2 4
25 10 0.094 2 0
22 100 0.073 2 1
168 30 0.592 2 3
276 100 1.169 2 0
88 40 0.438 2 1
24 52 0.075 2 0
71 70 0.242 2 0
19 100 0.059 2 5
191 40 0.606 2 1
39 30 0.135 2 0
12 70 0.047 2 3
40 30 0.149 2 5
119 15 0.713 2 3
23 52 0.067 2 0
38 10 0.232 2 4
47 5 0.263 2 1
18 22 0.113 2 5
33 15 0.099 2 1
55 52 0.162 2 5
253 52 0.897 2 5
37 40 0.154 2 3
116 52 0.678 2 3
115 15 0.747 2 1
66 10 0.266 2 0
16 30 0.106 2 5
138 100 0.826 2 5
179 52 1.047 2 1
14 30 0.044 2 0
186 22 0.964 2 0
97 30 0.431 2 5
179 15 0.708 2 1
59 15 0.223 2 5
26 30 0.088 2 1
42 30 0.221 2 1
33 70 0.140 2 4
101 22 0.406 2 5
100 10 0.332 2 0
177 70 0.596 2 0
59 22 0.228 2 5
19 30 0.085 2 4
126 52 0.560 2 5
16 15 0.056 2 0
31 100 0.191 2 3
77 15 0.368 2 0
10 70 0.053 2 0
126 10 0.412 2 3
16 100 0.061 2 0
122 22 0.547 2 3
83 100 0.483 2 3
10 100 0.050 2 4
334 22 1.988 2 1
27 40 0.169 2 0
55 30 0.177 2 4
115 30 0.697 2 0
11 22 0.051 2 0
19 15 0.090 2 5
19 30 0.070 2 5
191 15 0.932 2 0
72 30 0.336 2 5
182 70 0.737 2 1
10 30 0.041 2 0
197 100 0.824 2 0
152 22 0.565 2 5
16 22 0.090 2 0
18 30 0.060 2 5
16 5 0.058 2 1
38 5 0.184 2 4
40 15 0.221 2 0
70 52 0.348 2 3
90 10 0.298 2 5
146 10 0.777 2 1
17 15 0.071 2 3
92 40 0.376 2 0
166 5 0.982 2 5
12 70 0.056 2 0
32 52 0.106 2 0
310 70 1.535 2 0
273 100 1.645 2 0
49 100 0.145 2 5
329 10 1.552 2 4
15 100 0.097 2 1
59 70 0.220 2 0
15 5 0.055 2 5
38 40 0.116 2 0
34 70 0.122 2 5
61 15 0.270 2 1
27 52 0.126 2 4
10 10 0.044 2 3
184 5 0.898 2 1
13 5 0.062 2 1
60 15 0.233 2 4
34 30 0.125 2 4
30 70 0.104 2 0
19 5 0.073 2 0
13 30 0.065 2 0
35 100 0.112 2 5
11 5 0.039 2 3
31 30 0.094 2 0
106 70 0.314 2 4
60 40 0.183 2 0
306 100 1.017 2 1
13 5 0.053 2 3
62 30 0.196 2 0
139 70 0.885 2 4
32 15 0.123 2 5
15 30 0.057 2 0
73 30 0.437 2 4
23 70 0.076 2 0
43 70 0.274 2 5
12 22 0.064 2 1
23 5 0.084 2 5
258 15 1.296 2 3
79 22 0.245 2 3
18 30 0.064 2 0
163 15 0.655 2 0
20 15 0.110 2 0
11 10 0.041 2 3
174 10 0.845 2 4
56 52 0.187 2 3
31 5 0.132 2 1
71 30 0.225 2 5
260 40 1.667 2 1
72 70 0.242 2 5
38 22 0.218 2 1
57 40 0.201 2 1
62 100 0.199 2 0
63 30 0.207 2 4
29 52 0.110 2 4
57 40 0.215 2 3
74 10 0.243 2 1
75 30 0.272 2 4
107 40 0.682 2 0
48 40 0.178 2 5
167 40 0.493 2 0
10 30 0.048 2 4
50 52 0.208 2 3
24 5 0.119 2 0
181 40 0.544 2 3
30 10 0.176 2 3
78 100 0.396 2 3
114 10 0.364 2 4
81 40 0.513 2 0
31 10 0.115 2 1
98 22 0.510 2 5
191 52 0.656 2 4
112 30 0.727 2 0
21 100 0.111 2 1
93 10 0.433 2 0
39 100 0.163 2 3
291 100 1.492 2 0
36 30 0.147 2 0
235 70 0.940 2 0
14 15 0.056 2 0
19 30 0.059 2 5
25 10 0.126 2 5
44 22 0.235 2 3
51 10 0.279 2 5
31 5 0.199 2 4
29 10 0.105 2 0
87 22 0.361 2 0
177 10 0.571 2 0
14 5 0.061 2 3
157 100 0.555 2 0
43 22 0.126 2 3
24 30 0.118 2 4
50 5 0.200 2 3
15 70 0.047 2 3
14 40 0.092 2 1
79 30 0.275 2 3
16 15 0.051 2 3
15 30 0.056 2 1
42 100 0.127 2 3
130 40 0.451 2 0
133 52 0.566 2 5
13 70 0.041 2 1
24 30 0.113 2 0
43 70 0.154 2 1
19 52 0.065 2 0
130 15 0.385 2 0
11 22 0.047 2 0
46 70 0.223 2 4
11 10 0.034 2 1
21 5 0.114 2 0
19 40 0.104 2 0
13 70 0.059 2 5
57 70 0.174 2 5
156 30 0.897 2 3
18 40 0.053 2 5
30 52 0.185 2 0
14 15 0.086 2 1
75 15 0.314 2 0
55 10 0.234 2 3
10 100 0.032 2 4
30 10 0.162 2 3
102 52 0.340 2 0
23 5 0.080 2 0
15 30 0.054 2 0
69 15 0.296 2 0
182 30 1.017 2 3
30 10 0.105 2 3
328 40 0.988 2 0
13 10 0.055 2 3
16 40 0.055 2 0
197 40 0.621 2 5
16 52 0.075 2 0
27 100 0.082 2 4
10 5 0.041 2 3
36 30 0.138 2 0
304 100 1.401 2 0
55 70 0.307 2 0
269 30 0.833 2 1
16 40 0.088 2 0
11 5 0.054 2 4
48 15 0.190 2 4
198 30 0.872 2 5
59 10 0.268 2 5
28 40 0.113 2 3
24 15 0.139 2 1
34 22 0.120 2 5
82 30 0.255 2 4
168 100 0.540 2 0
23 5 0.141 2 3
276 100 1.150 2 0
178 10 0.620 2 5
269 52 1.072 2 4
223 5 1.149 2 1
134 100 0.445 2 0
103 100 0.363 2 4
18 10 0.077 2 0
27 15 0.084 2 3
103 52 0.585 2 1
45 52 0.230 2 1
27 70 0.079 2 4
76 100 0.394 2 3
170 10 0.618 2 4
196 15 0.605 2 0
162 70 0.753 2 1
30 30 0.171 2 0
49 15 0.203 2 1
250 100 0.896 2 0
12 22 0.048 2 5
131 22 0.689 2 4
18 10 0.054 2 0
18 22 0.065 2 1
52 52 0.237 2 0
123 10 0.569 2 4
52 40 0.268 2 5
68 100 0.368 2 0
39 5 0.212 2 4
12 70 0.036 2 5
144 100 0.588 2 1
147 22 0.754 2 3
28 15 0.129 2 0
73 70 0.251 2 3
13 70 0.077 2 0
38 15 0.129 2 5
16 10 0.078 2 4
81 22 0.260 2 3
48 5 0.234 2 4
219 5 0.678 2 4
13 40 0.057 2 0
11 10 0.035 2 5
275 10 1.050 2 1
87 40 0.515 2 1
13 5 0.065 2 4
168 52 0.659 2 5
148 5 0.563 2 5
22 15 0.065 2 3
20 100 0.074 2 3
195 52 0.768 2 3
17 52 0.089 2 1
137 5 0.846 2 0
14 5 0.069 2 1
175 5 0.735 2 3
29 5 0.116 2 0
36 70 0.115 2 0
46 70 0.174 2 0
54 70 0.215 2 3
57 22 0.358 2 4
19 15 0.074 2 0
22 30 0.077 2 0
25 52 0.121 2 5
61 22 0.355 2 1
13 15 0.067 2 0
22 30 0.100 2 3
118 10 0.396 2 5
315 5 1.133 2 3
19 52 0.095 2 1
140 100 0.543 2 1
22 5 0.105 2 5
59 70 0.224 2 0
270 30 1.125 2 0
74 30 0.420 2 0
241 70 1.435 2 3
12 70 0.059 2 0
18 40 0.107 2 4
26 10 0.108 2 1
24 100 0.144 2 4
114 40 0.588 2 5
29 52 0.136 2 4
62 30 0.209 2 4
20 15 0.075 2 3
34 70 0.102 2 5
44 100 0.141 2 0
58 30 0.178 2 1
16 15 0.098 2 0
57 52 0.213 2 4
46 100 0.193 2 5
95 40 0.289 2 0
62 22 0.205 2 1
10 52 0.038 2 4
10 15 0.049 2 1
35 22 0.134 2 1
78 22 0.320 2 0
17 100 0.057 2 3
195 15 0.635 2 4
13 5 0.054 2 0
63 5 0.207 2 5
76 100 0.237 2 0
23 15 0.110 2 5
130 22 0.399 2 1
19 40 0.096 2 0
165 40 0.708 2 1
46 40 0.185 2 5
129 30 0.384 2 0
48 5 0.155 2 4
128 15 0.394 2 0
188 40 0.648 2 5
15 5 0.057 2 0
29 30 0.126 2 5
10 5 0.037 2 3
13 30 0.049 2 4
280 5 0.900 2 0
37 5 0.157 2 1
15 30 0.079 2 5
10 5 0.043 2 1
113 15 0.428 2 0
51 40 0.229 2 0
85 52 0.483 2 5
273 30 0.925 2 4
107 15 0.507 2 3
153 70 0.537 2 0
132 52 0.576 2 0
14 15 0.082 2 0
60 52 0.217 2 0
27 15 0.123 2 5
28 52 0.148 2 4
34 40 0.141 2 4
241 52 1.021 2 4
13 40 0.042 2 0
89 30 0.449 2 5
16 22 0.089 2 1
48 40 0.230 2 0
79 70 0.275 2 0
20 10 0.073 2 3
31 52 0.122 2 3
10 70 0.046 2 0
10 52 0.045 2 0
214 22 0.635 2 1
62 10 0.341 2 3
46 22 0.170 2 3
88 10 0.312 2 0
108 52 0.659 2 5
18 22 0.060 2 1
13 70 0.039 2 0
19 52 0.126 2 5
45 100 0.150 2 0
21 70 0.100 2 5
94 15 0.281 2 1
328 100 1.682 2 0
132 70 0.786 2 3
75 10 0.229 2 0
22 10 0.076 2 1
19 100 0.079 2 0
98 70 0.576 2 5
18 5 0.091 2 0
13 100 0.058 2 1
13 15 0.043 2 4
164 52 1.101 2 5
141 5 0.476 2 0
92 30 0.294 2 0
15 30 0.050 2 4
153 15 0.584 2 5
68 15 0.415 2 4
137 5 0.659 2 5
14 10 0.073 2 4
166 70 0.512 2 3
135 5 0.595 2 0
23 100 0.069 2 4
23 10 0.078 2 1
128 52 0.416 2 1
16 15 0.095 2 0
26 15 0.088 2 4
19 40 0.076 2 0
38 70 0.121 2 0
19 100 0.064 2 4
10 22 0.035 2 3
19 15 0.109 2 5
69 100 0.277 2 0
154 15 0.531 2 5
168 22 0.585 2 5
28 22 0.132 2 1
55 100 0.189 2 0
19 5 0.096 2 4
59 40 0.373 2 0
83 40 0.451 2 0
12 40 0.054 2 1
39 5 0.203 2 1
14 40 0.046 2 1
38 30 0.119 2 4
45 10 0.165 2 5
126 5 0.486 2 0
33 52 0.179 2 0
176 40 1.011 2 1
105 70 0.401 2 0
112 22 0.385 2 4
88 100 0.473 2 4
74 100 0.428 2 0
11 22 0.066 2 3
315 15 0.972 2 1
47 5 0.309 2 0
15 30 0.097 2 4
21 5 0.063 2 1
17 52 0.105 2 5
16 5 0.070 2 3
22 52 0.084 2 0
39 5 0.139 2 0
40 15 0.125 2 1
45 22 0.294 2 4
17 5 0.087 2 1
46 70 0.183 2 4
29 15 0.092 2 0
20 5 0.083 2 4
153 30 0.529 2 1
70 22 0.323 2 0
11 10 0.036 2 0
60 70 0.217 2 1
23 10 0.091 2 3
19 15 0.084 2 0
50 10 0.168 2 0
18 15 0.053 2 4
19 15 0.069 2 3
38 100 0.192 2 0
70 40 0.226 2 4
174 5 0.647 2 5
47 52 0.239 2 1
156 15 0.696 2 0
13 5 0.042 2 3
18 30 0.064 2 0
153 40 0.489 2 4
19 30 0.100 2 0
143 15 0.609 2 0
62 70 0.187 2 3
61 30 0.222 2 0
59 70 0.259 2 1
118 15 0.392 2 3
64 30 0.191 2 3
192 15 0.980 2 3
85 70 0.293 2 5
126 15 0.764 2 1
46 5 0.215 2 0
333 40 2.162 2 0
39 100 0.137 2 4
48 15 0.161 2 5
28 100 0.150 2 1
11 5 0.066 2 4
87 40 0.296 2 4
59 10 0.273 2 1
107 52 0.585 2 1
19 15 0.109 2 1
24 15 0.096 2 4
52 30 0.256 2 0
17 40 0.070 2 3
76 22 0.503 2 0
36 5 0.135 2 5
10 40 0.041 2 3
49 30 0.154 2 0
13 30 0.061 2 5
24 52 0.104 2 0
27 15 0.081 2 4
15 10 0.049 2 3
37 22 0.209 2 4
20 100 0.069 2 3
19 52 0.059 2 3
241 52 0.916 2 1
191 52 0.581 2 1
285 30 1.234 2 0
39 15 0.151 2 5
168 52 0.542 2 1
42 10 0.148 2 4
213 10 1.034 2 0
40 15 0.171 2 3
324 30 1.479 2 0
16 52 0.087 2 4
35 30 0.215 2 0
28 30 0.163 2 0
18 5 0.085 2 1
255 10 1.545 2 3
69 52 0.204 2 0
58 15 0.239 2 1
72 52 0.362 2 0
27 5 0.101 2 5
24 70 0.079 2 3
11 52 0.056 2 4
28 22 0.144 2 4
123 100 0.361 2 1
334 30 1.275 2 0
39 30 0.130 2 1
12 52 0.052 2 0
13 70 0.056 2 4
67 15 0.291 2 4
180 30 0.896 2 4
15 40 0.053 2 4
44 52 0.158 2 1
92 40 0.278 2 0
12 15 0.040 2 4
33 100 0.123 2 4
29 40 0.089 2 1
30 5 0.118 2 4
146 30 0.510 2 0
273 10 0.881 2 1
32 10 0.173 2 3
12 70 0.065 2 5
15 70 0.054 2 0
32 30 0.131 2 0
73 52 0.403 2 4
44 15 0.148 2 4
132 52 0.399 2 5
43 70 0.234 2 0
196 10 0.688 2 1
22 30 0.104 2 0
112 15 0.704 2 5
49 40 0.293 2 0
22 22 0.074 2 3
43 70 0.253 2 0
42 30 0.158 2 3
256 10 1.399 2 4
61 40 0.361 2 1
42 40 0.142 2 0
33 40 0.151 2 3
142 52 0.434 2 0
48 30 0.140 2 0
55 5 0.164 2 1
16 10 0.082 2 4
32 100 0.124 2 3
43 5 0.194 2 5
11 70 0.037 2 3
14 5 0.054 2 3
247 15 1.372 2 0
61 52 0.310 2 5
36 5 0.136 3 1
43 22 0.144 3 0
28 22 0.084 3 0
39 15 0.134 3 4
13 40 0.048 3 0
297 52 1.435 3 4
30 22 0.101 3 0
14 40 0.083 3 1
18 100 0.053 3 2
145 70 0.460 3 0
265 15 0.791 3 4
206 52 1.079 3 0
60 30 0.245 3 0
72 10 0.229 3 0
14 22 0.046 3 5
15 10 0.044 3 0
50 10 0.325 3 1
117 100 0.718 3 0
26 10 0.088 3 0
39 10 0.151 3 0
47 100 0.139 3 5
37 52 0.141 3 5
110 70 0.361 3 1
33 22 0.201 3 1
69 22 0.347 3 0
155 70 0.497 3 4
10 5 0.046 3 4
31 30 0.093 3 0
142 5 0.475 3 1
24 100 0.116 3 2
11 40 0.033 3 1
147 100 0.563 3 0
78 70 0.271 3 4
47 30 0.283 3 5
27 22 0.088 3 2
29 15 0.101 3 4
28 5 0.110 3 0
22 15 0.078 3 4
338 52 1.432 3 4
113 30 0.441 3 5
46 40 0.198 3 5
194 52 0.653 3 0
100 5 0.581 3 2
47 30 0.280 3 2
41 40 0.197 3 4
51 40 0.234 3 1
41 52 0.161 3 5
328 30 1.167 3 5
58 30 0.382 3 2
147 30 0.431 3 2
28 10 0.113 3 0
16 5 0.077 3 1
175 70 0.568 3 4
286 100 1.362 3 0
14 100 0.088 3 4
37 10 0.240 3 4
30 52 0.108 3 5
32 5 0.172 3 2
18 10 0.054 3 0
273 15 1.542 3 0
14 30 0.057 3 0
15 40 0.052 3 4
65 5 0.298 3 0
26 22 0.148 3 2
23 22 0.079 3 5
40 10 0.173 3 0
189 100 0.730 3 5
126 70 0.385 3 4
25 70 0.093 3 0
179 15 1.078 3 4
10 10 0.039 3 5
20 22 0.108 3 0
157 15 0.981 3 0
22 22 0.094 3 0
136 40 0.535 3 2
22 100 0.082 3 4
95 100 0.430 3 4
30 70 0.105 3 4
58 22 0.251 3 2
23 15 0.083 3 4
18 30 0.069 3 0
11 100 0.037 3 2
260 30 0.831 3 5
15 15 0.051 3 2
30 70 0.094 3 0
110 30 0.367 3 1
52 5 0.188 3 1
45 10 0.181 3 1
177 30 0.917 3 1
43 22 0.246 3 4
21 70 0.073 3 0
34 30 0.123 3 5
16 30 0.063 3 0
75 100 0.444 3 2
13 30 0.068 3 0
24 22 0.081 3 0
160 40 0.559 3 1
16 15 0.064 3 4
17 100 0.054 3 1
11 5 0.033 3 0
11 100 0.068 3 0
38 15 0.118 3 0
154 30 0.860 3 4
23 30 0.090 3 1
118 100 0.496 3 0
48 10 0.198 3 0
15 52 0.060 3 0
31 15 0.130 3 0
160 30 0.525 3 4
78 10 0.375 3 0
11 5 0.063 3 0
75 70 0.240 3 5
299 5 0.920 3 4
18 40 0.105 3 1
95 5 0.463 3 5
12 30 0.056 3 0
22 52 0.134 3 0
10 40 0.040 3 4
286 40 1.083 3 2
76 22 0.458 3 0
61 40 0.207 3 5
83 5 0.364 3 0
285 10 1.827 3 0
11 40 0.042 3 4
14 5 0.042 3 2
104 30 0.392 3 4
50 15 0.175 3 2
42 5 0.144 3 2
34 5 0.130 3 1
27 10 0.090 3 0
80 30 0.261 3 0
12 5 0.044 3 5
20 40 0.105 3 1
35 30 0.155 3 1
66 5 0.289 3 2
93 22 0.592 3 0
71 10 0.408 3 0
13 52 0.077 3 0
35 30 0.132 3 5
174 22 0.883 3 0
308 15 0.945 3 1
58 10 0.310 3 1
37 5 0.202 3 2
155 52 0.502 3 0
27 22 0.147 3 0
59 10 0.219 3 0
13 70 0.065 3 2
33 52 0.100 3 5
248 100 1.083 3 0
29 22 0.141 3 0
15 40 0.057 3 2
186 70 0.759 3 2
126 52 0.663 3 5
164 70 0.716 3 1
13 52 0.080 3 4
39 15 0.247 3 4
28 15 0.166 3 0
15 52 0.080 3 2
181 100 0.874 3 0
13 22 0.064 3 1
13 15 0.083 3 5
23 22 0.107 3 2
33 5 0.145 3 5
17 30 0.056 3 2
76 40 0.252 3 5
15 5 0.058 3 5
40 70 0.227 3 5
24 10 0.157 3 4
33 10 0.121 3 1
10 70 0.065 3 0
116 15 0.637 3 2
20 15 0.099 3 5
63 30 0.215 3 0
27 40 0.084 3 5
34 10 0.171 3 2
239 5 0.905 3 4
29 70 0.116 3 4
56 22 0.167 3 0
25 52 0.102 3 1
18 15 0.094 3 0
48 15 0.304 3 0
31 100 0.111 3 1
250 40 0.992 3 4
176 22 0.871 3 4
22 100 0.071 3 4
25 22 0.076 3 0
26 22 0.093 3 5
38 52 0.173 3 0
241 52 1.230 3 0
157 30 0.835 3 2
176 40 1.017 3 1
165 70 1.019 3 0
102 100 0.346 3 1
77 5 0.381 3 1
34 22 0.105 3 0
323 40 1.607 3 4
34 52 0.225 3 4
29 30 0.147 3 0
57 10 0.269 3 0
139 15 0.500 3 0
12 15 0.038 3 4
85 100 0.462 3 0
85 70 0.264 3 0
56 40 0.228 3 0
14 100 0.067 3 1
77 5 0.325 3 1
83 30 0.361 3 5
152 22 0.682 3 0
15 40 0.089 3 1
107 15 0.431 3 4
31 100 0.151 3 5
53 10 0.327 3 1
15 10 0.069 3 0
25 100 0.103 3 2
83 15 0.405 3 4
14 10 0.052 3 2
153 40 0.595 3 5
64 10 0.256 3 1
51 52 0.156 3 0
56 5 0.232 3 2
45 22 0.280 3 0
21 52 0.063 3 4
67 70 0.229 3 4
17 70 0.057 3 0
132 30 0.441 3 4
245 30 0.857 3 5
235 30 1.407 3 4
78 22 0.494 3 5
254 100 0.804 3 5
14 15 0.056 3 0
109 100 0.343 3 0
77 22 0.450 3 5
39 15 0.176 3 0
153 100 0.743 3 4
69 52 0.216 3 0
53 22 0.201 3 4
27 15 0.159 3 0
299 30 1.045 3 2
38 100 0.152 3 0
188 100 0.945 3 0
36 52 0.243 3 2
16 15 0.056 3 1
49 30 0.234 3 4
30 15 0.172 3 0
57 22 0.217 3 0
54 52 0.183 3 5
11 100 0.042 3 2
39 5 0.147 3 0
77 52 0.407 3 0
144 40 0.867 3 0
245 40 0.731 3 2
326 70 1.821 3 2
30 70 0.100 3 5
49 70 0.194 3 5
29 22 0.163 3 1
131 15 0.762 3 0
27 70 0.136 3 0
12 100 0.043 3 4
18 100 0.094 3 4
29 100 0.150 3 0
19 10 0.069 3 0
31 30 0.168 3 0
91 10 0.489 3 2
23 30 0.100 3 4
91 15 0.365 3 0
104 10 0.646 3 0
27 100 0.103 3 0
59 10 0.211 3 0
16 10 0.081 3 1
57 5 0.205 3 5
194 70 0.676 3 0
15 70 0.052 3 5
11 15 0.032 3 1
268 40 1.186 3 5
38 15 0.202 3 5
13 70 0.046 3 0
175 52 1.167 3 1
15 40 0.045 3 1
119 22 0.700 3 0
15 10 0.061 3 2
71 10 0.314 3 4
226 5 0.679 3 1
138 15 0.660 3 0
37 30 0.123 3 1
80 5 0.394 3 4
94 40 0.342 3 2
173 30 0.812 3 1
26 22 0.104 3 2
65 10 0.202 3 0
164 15 0.664 3 0
75 15 0.234 3 2
37 70 0.118 3 1
34 100 0.228 3 4
14 100 0.080 3 0
101 5 0.387 3 0
19 22 0.106 3 0
77 30 0.333 3 2
39 30 0.200 3 4
12 52 0.060 3 5
80 22 0.452 3 0
86 5 0.254 3 4
18 100 0.097 3 1
93 40 0.314 3 0
141 70 0.534 3 0
85 52 0.440 3 4
14 15 0.075 3 4
12 70 0.046 3 1
164 10 0.522 3 1
58 5 0.200 3 2
14 40 0.094 3 0
28 100 0.127 3 2
42 100 0.165 3 0
77 52 0.405 3 0
12 100 0.058 3 2
13 70 0.055 3 4
39 40 0.137 3 0
180 70 0.773 3 0
38 22 0.168 3 0
16 52 0.047 3 0
11 15 0.049 3 1
13 5 0.047 3 1
118 30 0.361 3 4
16 100 0.048 3 1
326 40 1.190 3 2
56 52 0.255 3 4
15 30 0.061 3 0
51 22 0.295 3 4
14 5 0.043 3 2
156 30 0.700 3 5
50 70 0.159 3 4
196 5 0.713 3 5
33 100 0.145 3 0
168 40 0.939 3 0
169 10 0.885 3 0
156 100 0.617 3 4
74 15 0.258 3 2
191 70 0.586 3 5
106 40 0.366 3 0
33 52 0.220 3 2
34 52 0.217 3 0
57 15 0.175 3 5
56 5 0.354 3 1
136 52 0.663 3 0
17 5 0.052 3 4
15 100 0.088 3 5
70 52 0.263 3 4
18 22 0.067 3 0
18 5 0.055 3 0
276 52 0.936 3 0
66 52 0.351 3 0
33 100 0.126 3 5
315 70 1.425 3 1
22 30 0.091 3 0
137 5 0.649 3 0
16 15 0.051 3 4
28 10 0.109 3 0
113 52 0.438 3 0
43 30 0.165 3 0
48 70 0.206 3 0
94 70 0.420 3 0
75 5 0.223 3 1
19 15 0.058 3 2
58 52 0.377 3 0
114 30 0.429 3 5
18 70 0.091 3 1
79 52 0.248 3 1
89 30 0.371 3 2
301 30 1.153 3 0
61 15 0.394 3 4
151 70 0.547 3 0
222 5 1.387 3 0
82 30 0.295 3 5
90 40 0.292 3 5
15 10 0.100 3 2
10 5 0.035 3 5
14 15 0.086 3 0
23 52 0.095 3 5
74 100 0.383 3 0
130 30 0.634 3 4
26 15 0.138 3 0
214 100 0.836 3 5
38 70 0.225 3 0
113 40 0.345 3 0
176 100 0.710 3 2
32 5 0.116 3 1
23 22 0.100 3 5
68 22 0.415 3 5
39 100 0.231 3 4
59 100 0.173 3 2
84 5 0.300 3 0
18 5 0.104 3 4
326 5 1.449 3 0
11 100 0.056 3 4
169 40 0.501 3 4
75 52 0.304 3 0
18 100 0.075 3 0
264 10 0.815 3 0
89 70 0.380 3 1
32 10 0.189 3 4
19 5 0.092 3 0
180 70 0.586 3 2
17 30 0.062 3 4
17 40 0.067 3 0
23 100 0.090 3 5
14 5 0.052 3 0
53 100 0.209 3 2
45 100 0.215 3 1
17 30 0.069 3 1
102 70 0.334 3 5
59 30 0.349 3 1
11 70 0.060 3 4
32 15 0.099 3 2
15 100 0.054 3 0
324 30 1.696 3 5
43 15 0.160 3 0
17 52 0.076 3 4
11 52 0.070 3 4
64 40 0.224 3 5
11 52 0.036 3 4
93 10 0.337 3 0
74 52 0.402 3 2
70 40 0.255 3 4
167 40 0.799 3 2
16 40 0.068 3 5
19 15 0.070 3 1
303 70 1.184 3 4
26 70 0.079 3 0
68 70 0.425 3 5
83 22 0.278 3 1
67 22 0.209 3 1
35 5 0.107 3 1
37 52 0.114 3 5
295 5 0.977 3 4
77 40 0.321 3 4
19 70 0.120 3 0
107 70 0.374 3 0
83 22 0.509 3 1
11 52 0.032 3 5
18 100 0.119 3 4
10 100 0.033 3 2
25 22 0.079 3 1
47 70 0.152 3 5
53 52 0.178 3 0
155 15 0.787 3 0
274 70 1.566 3 2
28 10 0.156 3 0
52 40 0.234 3 0
151 70 0.481 3 4
28 40 0.084 3 4
51 15 0.249 3 0
166 15 0.595 3 4
34 5 0.189 3 1
77 52 0.293 3 2
32 52 0.195 3 5
176 30 0.724 3 5
112 30 0.444 3 0
10 70 0.033 3 1
10 52 0.043 3 4
150 15 0.450 3 2
21 100 0.118 3 2
10 10 0.061 3 5
86 30 0.275 3 0
29 40 0.099 3 0
15 70 0.072 3 0
35 40 0.144 3 5
31 15 0.094 3 0
49 30 0.316 3 1
77 100 0.360 3 2
46 52 0.150 3 0
156 22 0.700 3 5
30 40 0.123 3 5
45 15 0.226 3 1
17 22 0.058 3 5
23 40 0.131 3 2
141 52 0.547 3 4
34 40 0.113 3 5
13 10 0.042 3 0
70 15 0.357 3 2
15 52 0.046 3 1
16 10 0.088 3 5
84 100 0.356 3 0
13 5 0.043 3 1
71 5 0.467 3 0
146 5 0.789 3 1
14 5 0.057 3 1
124 100 0.626 3 4
11 10 0.056 3 4
17 70 0.085 3 1
66 40 0.221 3 1
138 40 0.932 3 2
11 40 0.063 3 4
44 22 0.206 3 0
317 100 1.378 3 0
18 5 0.095 3 1
174 22 0.524 3 5
78 70 0.295 3 5
323 52 1.475 3 0
146 22 0.912 3 1
19 100 0.076 3 1
120 22 0.690 3 0
19 10 0.064 3 5
17 30 0.052 3 5
37 22 0.198 3 0
38 5 0.129 3 0
108 40 0.399 3 0
91 15 0.417 3 2
312 70 1.160 3 5
70 15 0.227 3 1
53 10 0.193 3 0
15 10 0.088 3 5
107 22 0.554 3 4
233 10 0.774 3 1
36 40 0.129 3 2
40 70 0.122 3 1
46 22 0.154 3 0
75 10 0.319 3 1
197 52 0.640 3 2
41 10 0.199 3 2
12 5 0.074 3 5
37 15 0.138 3 1
29 52 0.098 3 4
27 40 0.102 3 0
292 100 1.094 3 2
33 5 0.151 3 1
76 100 0.293 3 5
50 5 0.201 3 4
328 10 1.083 3 2
122 30 0.484 3 0
179 40 1.119 3 5
116 30 0.372 3 0
17 100 0.100 3 5
59 100 0.236 3 1
176 40 0.513 3 2
18 30 0.107 3 4
122 100 0.674 3 1
18 100 0.122 3 2
50 52 0.191 3 5
11 15 0.046 3 0
232 40 0.853 3 0
19 70 0.099 3 0
14 70 0.061 3 2
107 22 0.416 3 4
188 100 0.669 3 2
158 22 0.958 3 4
12 100 0.042 3 0
45 10 0.139 3 1
18 100 0.085 3 2
19 52 0.103 3 1
124 70 0.486 3 0
36 100 0.171 3 0
35 22 0.104 3 1
131 40 0.537 3 0
30 100 0.162 3 0
167 70 0.714 3 4
68 40 0.456 3 4
19 22 0.090 3 5
13 10 0.062 3 5
26 30 0.160 3 0
296 5 0.871 3 1
153 5 0.643 3 0
38 30 0.186 3 2
16 40 0.075 3 4
151 70 0.557 3 2
25 100 0.167 3 2
11 40 0.033 3 0
55 22 0.367 3 1
35 22 0.107 3 2
59 40 0.291 3 0
68 40 0.275 3 0
31 15 0.115 3 4
99 40 0.627 3 2
22 5 0.116 3 0
26 15 0.100 3 0
215 15 1.236 3 4
32 15 0.094 3 0
19 22 0.128 3 2
186 22 1.155 3 5
78 70 0.371 3 2
177 15 0.555 3 0
70 15 0.213 3 2
17 100 0.096 3 1
134 70 0.405 3 0
72 52 0.294 3 4
68 15 0.273 3 2
158 70 0.502 3 4
16 40 0.048 3 1
19 5 0.127 3 4
15 70 0.044 3 1
275 100 1.571 3 5
66 52 0.382 3 0
173 70 0.961 3 2
38 5 0.203 3 1
49 70 0.184 3 4
12 5 0.060 3 1
24 22 0.140 3 2
56 15 0.238 3 4
27 30 0.102 3 2
13 22 0.052 3 4
75 70 0.364 3 1
71 15 0.237 3 2
132 40 0.407 3 0
46 22 0.185 3 2
36 100 0.113 3 4
21 5 0.063 3 4
188 100 0.635 3 2
224 5 1.067 3 0
13 52 0.040 3 0
75 15 0.466 3 4
18 15 0.070 3 5
43 52 0.195 3 0
128 10 0.621 3 0
78 100 0.520 3 4
29 40 0.095 3 0
25 52 0.137 3 5
151 70 0.478 3 4
114 10 0.454 3 5
163 52 0.668 3 5
61 40 0.236 3 4
26 70 0.085 3 1
12 22 0.058 3 0
303 5 1.942 3 0
153 5 0.855 3 1
19 5 0.072 3 4
230 10 1.513 3 0
138 30 0.412 3 5
172 5 0.509 3 0
45 30 0.243 3 0
17 100 0.076 3 5
13 52 0.081 3 2
79 52 0.248 3 2
45 30 0.203 3 4
121 15 0.513 3 0
332 52 1.339 3 0
186 52 0.639 3 4
190 22 0.567 3 4
133 40 0.624 3 0
15 15 0.044 3 1
13 52 0.060 3 4
62 40 0.190 3 4
26 15 0.080 3 2
22 15 0.067 3 5
71 22 0.386 3 5
23 5 0.077 3 0
40 52 0.137 3 5
40 10 0.225 3 4
30 22 0.161 3 0
37 30 0.219 3 1
178 70 0.527 3 0
40 52 0.121 3 0
34 30 0.185 3 0
29 10 0.092 3 2
59 100 0.206 3 5
21 15 0.108 3 1
56 100 0.187 3 0
36 10 0.161 3 2
203 15 1.134 3 4
185 70 0.949 3 2
17 22 0.102 3 0
174 15 0.911 3 0
44 40 0.188 3 0
20 52 0.062 3 1
268 5 0.851 3 4
47 10 0.281 3 0
26 15 0.096 3 0
76 100 0.237 3 1
55 100 0.188 3 2
10 100 0.039 3 0
41 30 0.186 3 2
105 52 0.404 3 4
17 52 0.083 3 2
118 22 0.761 3 1
84 100 0.420 3 0
52 10 0.156 3 1
39 30 0.236 3 4
184 40 0.811 3 4
255 10 0.876 3 5
30 40 0.133 3 1
13 70 0.062 3 5
31 30 0.102 3 4
22 5 0.099 3 0
18 52 0.059 3 4
179 70 0.833 3 0
71 15 0.281 3 0
46 15 0.136 3 0
185 10 0.916 3 4
68 22 0.301 3 4
210 22 0.656 3 0
275 22 1.050 3 2
78 22 0.429 3 0
46 30 0.232 3 0
37 40 0.121 3 4
76 10 0.500 3 0
12 52 0.044 3 5
33 40 0.100 3 1
156 30 0.647 3 1
25 30 0.142 3 2
197 10 0.666 3 4
25 5 0.108 3 1
49 10 0.162 3 1
63 5 0.238 3 1
64 70 0.221 3 1
310 22 1.319 3 1
49 30 0.310 3 1
18 10 0.107 3 2
16 10 0.099 3 0
13 52 0.055 3 1
15 5 0.071 3 4
21 15 0.093 3 2
57 70 0.171 3 2
206 5 1.046 3 2
95 70 0.583 3 1
37 70 0.115 3 5
16 100 0.065 3 5
70 5 0.383 3 1
189 52 0.879 3 1
65 70 0.269 3 1
183 70 0.753 3 0
128 22 0.590 3 1
64 22 0.366 3 1
24 40 0.075 3 0
172 5 0.593 3 0
20 70 0.134 3 1
33 30 0.165 3 4
309 52 1.013 3 0
38 5 0.111 3 1
11 22 0.039 3 1
10 100 0.044 3 4
310 15 1.623 3 5
192 30 0.693 3 2
166 70 0.689 3 4
27 30 0.141 3 0
27 22 0.083 3 2
32 15 0.131 3 0
32 5 0.097 3 0
58 5 0.287 3 4
44 52 0.139 3 0
29 15 0.103 3 0
35 10 0.153 3 5
23 40 0.114 3 2
137 70 0.672 3 0
133 52 0.875 3 2
193 5 0.778 3 1
21 15 0.072 3 1
17 100 0.055 3 2
14 30 0.049 3 5
10 22 0.062 3 4
65 30 0.255 3 4
15 15 0.062 3 0
27 70 0.126 3 2
68 5 0.430 3 1
188 52 0.790 3 0
23 30 0.085 3 5
37 5 0.125 3 0
193 70 0.748 3 0
151 5 0.503 3 0
112 22 0.557 3 2
17 40 0.074 3 1
17 15 0.081 3 5
64 100 0.410 3 1
76 40 0.367 3 0
14 100 0.087 3 0
76 10 0.342 3 4
79 15 0.373 3 4
60 15 0.333 3 0
12 30 0.060 3 4
68 70 0.234 3 5
72 40 0.346 3 1
16 30 0.050 3 5
51 40 0.274 3 5
22 22 0.126 3 0
19 100 0.063 3 0
32 5 0.122 3 5
56 10 0.183 3 1
22 5 0.124 3 2
72 100 0.421 3 5
62 22 0.272 3 0
22 10 0.133 3 0
32 100 0.178 3 4
31 70 0.128 3 1
96 70 0.362 3 2
18 15 0.086 3 4
87 70 0.293 3 0
124 15 0.827 3 5
152 15 0.644 3 1
179 70 0.665 3 5
95 40 0.373 3 2
15 22 0.045 3 1
11 5 0.066 3 2
232 15 1.389 3 5
26 5 0.158 3 0
20 22 0.081 3 0
43 5 0.208 3 0
46 5 0.137 3 0
237 10 0.716 3 0
25 70 0.082 3 1
182 10 0.933 3 5
34 70 0.132 3 0
30 30 0.095 3 1
90 52 0.369 3 2
279 22 1.167 3 5
12 22 0.036 3 4
40 100 0.141 3 2
34 5 0.148 3 4
180 5 0.891 3 5
24 5 0.094 3 5
11 40 0.035 3 1
137 52 0.435 3 2
86 70 0.467 3 0
278 30 0.822 3 1
194 40 1.043 3 5
184 52 0.573 3 0
63 15 0.214 3 2
54 15 0.236 3 2
58 5 0.354 3 2
230 52 0.793 3 0
15 22 0.087 3 4
21 5 0.063 3 0
29 22 0.153 3 0
156 22 1.040 3 5
34 52 0.158 3 4
35 22 0.226 3 0
43 100 0.147 3 5
37 52 0.121 3 1
16 40 0.069 3 5
62 70 0.395 3 1
89 30 0.539 3 5
144 100 0.670 3 0
70 10 0.244 3 1
33 5 0.097 3 4
119 15 0.388 3 0
35 100 0.165 3 0
16 70 0.080 3 0
37 70 0.124 3 0
191 22 0.713 3 0
64 5 0.198 3 0
12 22 0.035 3 0
22 40 0.078 3 0
13 70 0.040 3 0
219 5 1.084 3 2
48 52 0.180 3 1
14 22 0.056 3 1
17 40 0.069 3 1
50 70 0.194 3 2
17 30 0.081 3 0
78 22 0.347 3 4
11 52 0.038 3 0
66 70 0.212 3 5
49 70 0.206 3 2
211 100 0.621 3 4
12 40 0.035 3 0
57 5 0.361 3 0
146 30 0.525 3 2
65 30 0.253 3 0
19 22 0.094 3 2
50 22 0.191 3 4
32 100 0.140 3 0
18 70 0.091 3 1
73 40 0.386 3 0
257 100 0.796 3 1
47 52 0.141 3 0
10 5 0.049 3 2
57 100 0.324 3 4
33 10 0.167 3 0
46 52 0.178 3 5
69 5 0.354 3 1
30 22 0.201 3 1
95 100 0.540 3 0
10 52 0.033 3 0
65 15 0.270 3 2
14 100 0.087 3 5
106 30 0.679 3 5
176 70 0.669 3 0
29 100 0.119 3 0
184 15 0.580 3 0
79 52 0.367 3 4
85 30 0.531 3 2
192 5 0.662 3 0
18 40 0.090 3 2
35 10 0.106 3 4
53 5 0.230 3 1
311 70 1.044 3 0
104 30 0.388 3 1
74 15 0.255 3 5
31 5 0.117 3 0
163 30 0.625 3 5
37 40 0.174 3 1
158 40 0.946 3 2
30 15 0.095 3 0
15 40 0.057 3 0
30 10 0.095 3 1
63 5 0.200 3 0
70 52 0.267 3 5
23 30 0.076 3 5
21 22 0.137 3 5
11 10 0.050 3 5
320 10 1.675 3 1
159 52 0.472 3 1
19 40 0.088 3 0
33 52 0.129 3 0
10 15 0.046 3 2
20 70 0.068 3 2
87 10 0.321 3 5
163 15 1.032 3 0
61 22 0.365 3 1
18 30 0.101 3 5
35 5 0.106 3 4
66 30 0.218 3 5
13 15 0.061 3 0
45 10 0.182 3 5
31 52 0.097 3 1
19 100 0.064 3 0
328 100 1.123 3 4
185 40 1.142 3 4
38 15 0.127 3 4
31 70 0.143 3 4
18 22 0.067 3 2
71 70 0.210 3 1
38 40 0.154 3 0
18 40 0.076 3 0
29 30 0.126 3 0
32 100 0.172 3 0
52 52 0.327 3 0
11 30 0.041 3 0
209 15 1.148 3 5
50 70 0.338 3 2
11 40 0.036 3 0
32 40 0.135 3 5
103 100 0.691 3 5
47 10 0.137 3 2
38 22 0.247 3 0
17 15 0.111 3 1
15 10 0.060 3 1
35 30 0.232 3 2
106 10 0.679 3 2
128 30 0.435 3 5
181 22 0.531 3 4
17 22 0.058 3 0
130 100 0.637 3 2
19 15 0.106 3 5
11 5 0.060 3 2
15 10 0.047 3 1
292 15 1.475 3 0
30 100 0.125 3 4
68 52 0.360 3 5
133 52 0.547 3 1
18 22 0.098 3 2
102 52 0.316 3 2
56 15 0.167 3 5
12 100 0.045 3 2
155 40 0.671 3 2
37 70 0.117 3 1
18 5 0.073 3 0
26 22 0.090 3 0
15 70 0.060 3 0
29 10 0.092 3 4
47 52 0.145 3 1
148 100 0.673 3 1
132 52 0.395 3 4
95 5 0.422 3 0
104 52 0.409 3 0
19 5 0.114 3 0
212 22 1.060 3 0
62 10 0.249 3 0
306 15 1.150 3 5
10 15 0.035 3 4
69 10 0.359 3 1
118 52 0.364 3 5
19 100 0.104 3 4
29 22 0.131 3 0
69 10 0.237 3 0
199 70 0.865 3 5
37 70 0.224 3 2
156 5 0.696 3 4
39 100 0.172 3 2
11 70 0.036 3 4
182 70 0.578 3 1
16 40 0.103 3 4
74 100 0.219 3 5
87 52 0.373 3 2
10 70 0.033 3 0
68 70 0.239 3 0
45 5 0.222 3 2
29 15 0.108 3 2
11 10 0.041 3 1
117 30 0.513 3 4
73 100 0.246 3 4
15 40 0.063 3 4
107 70 0.320 3 0
181 30 0.721 3 1
175 52 0.641 3 4
31 40 0.131 3 0
62 5 0.350 3 0
45 22 0.196 3 4
13 100 0.052 3 4
15 52 0.069 3 2
65 10 0.320 3 1
55 70 0.162 3 2
230 70 1.377 3 4
24 70 0.100 3 4
15 5 0.071 3 0
151 40 0.755 3 5
39 100 0.181 3 1
74 52 0.253 3 4
177 22 0.644 3 0
132 100 0.392 3 0
14 22 0.060 3 0
22 10 0.096 3 0
12 10 0.057 3 4
246 100 0.969 3 0
23 5 0.112 3 0
44 100 0.167 3 4
38 40 0.141 3 4
23 22 0.073 3 1
26 15 0.088 3 5
119 15 0.413 3 2
140 22 0.645 3 0
92 5 0.364 3 1
42 10 0.140 3 2
55 70 0.197 3 2
135 40 0.614 3 2
62 10 0.313 3 5
75 40 0.344 3 0
106 30 0.337 3 5
18 5 0.059 3 1
158 40 0.672 3 1
33 100 0.125 3 0
11 100 0.044 3 4
16 100 0.073 3 5
245 100 0.775 3 4
172 70 0.745 3 0
53 70 0.228 3 4
263 52 1.114 3 1
106 5 0.314 3 5
52 5 0.203 3 1
12 10 0.038 3 2
19 40 0.069 3 5
144 52 0.670 3 4
22 52 0.111 3 0
179 5 0.637 3 0
61 5 0.207 3 4
32 70 0.126 3 0
63 100 0.258 3 0
16 22 0.067 3 5
27 70 0.091 3 1
42 100 0.132 3 0
59 10 0.254 3 0
224 40 1.341 3 5
56 40 0.249 4 0
181 10 1.153 4 5
14 10 0.053 4 2
10 30 0.031 4 1
22 10 0.074 4 5
16 10 0.067 4 0
117 52 0.348 4 0
14 10 0.047 4 1
18 15 0.078 4 5
133 10 0.420 4 2
60 100 0.215 4 0
17 40 0.091 4 0
225 52 0.911 4 3
34 22 0.125 4 0
10 22 0.057 4 0
144 70 0.431 4 5
177 70 0.753 4 5
103 5 0.407 4 1
25 5 0.079 4 0
333 5 1.177 4 1
33 10 0.155 4 0
118 70 0.377 4 0
29 5 0.185 4 2
20 5 0.086 4 0
66 100 0.361 4 1
263 5 0.835 4 3
31 15 0.172 4 1
339 5 2.260 4 3
72 100 0.343 4 3
67 5 0.306 4 3
14 22 0.043 4 2
10 52 0.045 4 1
11 15 0.053 4 1
50 40 0.287 4 3
26 10 0.145 4 3
19 70 0.062 4 2
14 100 0.049 4 1
65 100 0.344 4 3
116 5 0.716 4 1
193 22 0.960 4 0
36 30 0.141 4 0
184 15 1.165 4 1
150 52 0.449 4 5
70 70 0.208 4 1
61 52 0.246 4 0
81 52 0.368 4 2
13 30 0.038 4 1
26 70 0.127 4 0
37 15 0.115 4 0
292 70 0.888 4 1
99 70 0.450 4 5
11 100 0.044 4 1
42 70 0.141 4 1
52 40 0.280 4 3
84 15 0.261 4 0
24 70 0.154 4 0
30 52 0.148 4 5
18 22 0.083 4 2
60 52 0.380 4 3
158 30 0.699 4 3
11 30 0.035 4 1
45 70 0.172 4 2
18 70 0.066 4 3
125 52 0.581 4 0
60 15 0.400 4 0
100 70 0.478 4 3
13 52 0.042 4 0
16 22 0.058 4 2
305 10 1.386 4 1
131 40 0.516 4 0
13 30 0.042 4 0
16 15 0.047 4 2
17 40 0.057 4 3
16 100 0.050 4 3
14 10 0.042 4 3
34 15 0.154 4 1
22 15 0.065 4 1
27 52 0.080 4 0
64 100 0.281 4 2
36 15 0.151 4 0
118 10 0.527 4 1
21 10 0.115 4 1
102 40 0.557 4 0
74 70 0.465 4 2
65 100 0.199 4 1
141 15 0.456 4 1
44 52 0.162 4 3
147 5 0.495 4 3
63 70 0.233 4 0
13 10 0.066 4 3
26 40 0.097 4 0
162 40 0.790 4 0
190 52 0.627 4 0
76 52 0.463 4 3
19 10 0.086 4 2
100 70 0.382 4 0
26 30 0.090 4 2
196 52 0.929 4 3
196 22 1.010 4 0
53 15 0.182 4 0
43 10 0.139 4 5
41 5 0.162 4 5
29 22 0.085 4 5
27 5 0.140 4 1
10 15 0.051 4 2
35 30 0.143 4 0
18 30 0.103 4 1
74 10 0.307 4 3
34 30 0.147 4 3
11 70 0.050 4 3
13 10 0.043 4 5
265 100 1.366 4 1
63 40 0.371 4 2
11 10 0.035 4 0
235 5 1.103 4 5
60 40 0.339 4 2
38 15 0.120 4 1
134 52 0.517 4 0
12 30 0.043 4 0
25 52 0.153 4 0
38 100 0.220 4 0
78 15 0.436 4 3
26 52 0.141 4 3
57 10 0.223 4 0
165 40 0.671 4 3
323 10 1.039 4 3
161 22 0.491 4 1
293 70 0.933 4 2
61 70 0.264 4 0
47 52 0.273 4 0
327 22 1.105 4 5
44 100 0.215 4 5
327 30 1.253 4 1
23 5 0.095 4 2
195 52 0.619 4 5
297 15 1.151 4 0
260 52 1.635 4 0
27 70 0.156 4 0
14 52 0.058 4 1
37 15 0.228 4 0
12 22 0.074 4 3
74 22 0.236 4 5
16 5 0.048 4 0
77 70 0.295 4 5
80 30 0.471 4 5
11 52 0.033 4 0
19 22 0.121 4 5
75 30 0.397 4 5
37 30 0.203 4 3
32 52 0.145 4 0
77 10 0.368 4 5
23 5 0.082 4 0
225 70 0.768 4 5
39 70 0.170 4 0
29 22 0.095 4 0
42 5 0.157 4 2
12 15 0.036 4 3
28 52 0.097 4 2
37 22 0.119 4 0
187 40 0.751 4 5
33 10 0.162 4 2
44 40 0.250 4 3
324 15 1.016 4 5
69 70 0.329 4 5
54 30 0.254 4 0
23 15 0.074 4 3
35 10 0.181 4 2
143 70 0.650 4 2
31 30 0.100 4 0
195 100 0.768 4 0
76 100 0.444 4 0
65 30 0.258 4 5
25 40 0.102 4 5
156 30 1.054 4 2
13 40 0.062 4 1
17 22 0.050 4 5
37 52 0.240 4 3
116 22 0.655 4 3
55 15 0.200 4 2
49 22 0.162 4 1
251 5 1.321 4 3
73 100 0.456 4 0
103 15 0.696 4 2
23 40 0.076 4 5
66 30 0.304 4 3
133 5 0.847 4 3
49 52 0.181 4 5
25 30 0.140 4 0
23 52 0.101 4 1
162 70 0.602 4 3
22 70 0.120 4 1
63 5 0.318 4 2
13 52 0.058 4 5
16 22 0.048 4 1
299 40 0.931 4 5
29 100 0.126 4 2
192 30 1.110 4 1
135 10 0.493 4 0
19 22 0.064 4 3
29 10 0.100 4 5
14 15 0.067 4 0
169 15 0.885 4 2
186 22 0.655 4 0
22 30 0.093 4 5
119 15 0.449 4 0
22 70 0.087 4 0
17 52 0.064 4 1
16 10 0.098 4 0
16 70 0.070 4 0
49 22 0.293 4 2
132 40 0.617 4 1
90 30 0.337 4 5
90 15 0.369 4 2
16 15 0.057 4 2
17 70 0.050 4 0
93 70 0.384 4 3
132 70 0.400 4 1
78 22 0.246 4 0
18 100 0.089 4 2
78 52 0.243 4 0
78 10 0.497 4 3
25 5 0.105 4 3
65 52 0.212 4 3
39 100 0.139 4 2
161 30 0.813 4 2
79 100 0.367 4 0
89 70 0.368 4 3
23 52 0.077 4 0
12 15 0.053 4 3
31 10 0.176 4 1
132 22 0.480 4 2
49 5 0.178 4 2
55 5 0.195 4 3
171 10 0.851 4 5
95 30 0.482 4 5
30 30 0.097 4 0
13 15 0.076 4 5
16 5 0.055 4 2
106 52 0.457 4 2
338 5 1.234 4 0
210 10 0.712 4 0
12 5 0.063 4 5
156 40 0.538 4 1
15 30 0.072 4 5
238 22 0.838 4 0
204 40 1.046 4 1
137 30 0.410 4 0
75 22 0.335 4 3
79 30 0.350 4 2
123 22 0.794 4 0
26 70 0.105 4 1
24 52 0.079 4 3
63 40 0.420 4 1
20 30 0.099 4 2
233 70 0.917 4 5
21 5 0.078 4 5
187 70 0.930 4 1
79 100 0.467 4 0
51 52 0.197 4 2
72 40 0.450 4 0
28 22 0.171 4 5
320 30 1.702 4 0
108 22 0.632 4 5
18 100 0.052 4 2
14 5 0.059 4 1
41 40 0.122 4 1
10 5 0.057 4 5
75 5 0.311 4 1
172 100 0.606 4 5
33 40 0.102 4 0
104 22 0.473 4 0
53 15 0.183 4 3
68 5 0.389 4 0
19 22 0.119 4 3
200 22 1.190 4 0
15 22 0.079 4 0
224 22 1.238 4 5
24 22 0.078 4 5
17 15 0.106 4 0
75 52 0.309 4 3
14 100 0.076 4 1
70 52 0.432 4 1
67 100 0.333 4 3
166 5 0.631 4 2
33 70 0.118 4 1
159 30 0.589 4 5
77 5 0.450 4 0
127 40 0.706 4 0
61 52 0.229 4 5
58 100 0.186 4 3
149 5 0.662 4 3
78 70 0.290 4 5
42 52 0.154 4 1
26 100 0.131 4 3
70 15 0.470 4 0
15 22 0.077 4 0
125 52 0.415 4 3
83 22 0.435 4 3
134 15 0.635 4 0
22 15 0.105 4 1
34 40 0.210 4 0
26 70 0.081 4 2
58 22 0.293 4 0
21 70 0.114 4 3
31 5 0.122 4 3
184 40 1.157 4 5
24 15 0.084 4 1
25 52 0.130 4 0
52 30 0.201 4 3
161 70 0.830 4 1
78 22 0.245 4 5
339 10 1.219 4 5
32 52 0.133 4 1
21 15 0.134 4 5
36 22 0.193 4 0
67 100 0.273 4 0
283 15 1.304 4 0
65 5 0.314 4 3
181 5 1.011 4 0
167 52 0.827 4 1
158 40 0.472 4 1
124 15 0.443 4 0
154 100 0.464 4 5
30 5 0.133 4 0
158 15 0.929 4 5
75 5 0.441 4 3
18 100 0.077 4 2
58 100 0.184 4 2
175 15 0.989 4 0
13 100 0.041 4 1
195 40 0.938 4 5
261 15 1.160 4 1
50 15 0.172 4 1
19 70 0.074 4 3
20 70 0.081 4 1
65 30 0.213 4 2
78 70 0.429 4 1
92 70 0.455 4 2
39 70 0.166 4 1
153 52 0.845 4 0
64 52 0.381 4 0
187 5 0.899 4 0
19 30 0.093 4 2
14 22 0.055 4 1
11 15 0.070 4 0
13 52 0.068 4 1
71 5 0.284 4 0
64 100 0.198 4 0
273 70 1.114 4 1
34 30 0.127 4 0
13 15 0.062 4 0
51 70 0.181 4 0
15 22 0.086 4 0
71 30 0.382 4 0
65 15 0.246 4 3
16 10 0.068 4 0
43 15 0.197 4 2
73 100 0.253 4 2
53 5 0.168 4 2
89 100 0.332 4 5
32 15 0.123 4 2
12 70 0.036 4 5
19 22 0.082 4 5
79 40 0.245 4 2
142 22 0.768 4 3
42 30 0.163 4 5
180 40 1.059 4 0
52 15 0.232 4 2
26 52 0.138 4 0
19 100 0.112 4 0
32 10 0.095 4 0
32 100 0.186 4 1
25 10 0.102 4 5
13 10 0.078 4 5
204 10 1.153 4 0
49 5 0.278 4 5
85 30 0.284 4 2
16 15 0.055 4 0
291 30 1.608 4 0
16 52 0.056 4 0
139 22 0.421 4 5
122 15 0.418 4 5
113 15 0.365 4 0
13 15 0.038 4 2
22 5 0.070 4 0
247 5 1.563 4 0
64 5 0.294 4 3
30 22 0.107 4 0
175 40 0.574 4 0
15 70 0.064 4 1
18 5 0.071 4 2
214 52 0.915 4 5
69 70 0.250 4 0
69 5 0.249 4 5
95 22 0.396 4 1
165 100 0.561 4 0
16 15 0.091 4 0
140 15 0.553 4 1
14 40 0.087 4 3
186 15 0.664 4 1
26 70 0.095 4 0
31 15 0.108 4 0
10 30 0.053 4 1
288 100 1.176 4 3
14 5 0.062 4 0
94 10 0.531 4 3
38 10 0.124 4 3
37 10 0.155 4 3
13 70 0.063 4 1
59 15 0.247 4 1
155 5 0.721 4 2
138 52 0.515 4 0
109 10 0.599 4 3
76 40 0.234 4 5
112 52 0.523 4 0
15 70 0.066 4 1
21 52 0.125 4 1
45 30 0.149 4 0
183 30 0.534 4 2
24 100 0.111 4 2
18 52 0.055 4 3
30 70 0.109 4 0
171 22 1.103 4 1
16 10 0.049 4 0
82 22 0.254 4 2
71 15 0.449 4 5
172 52 0.873 4 0
58 10 0.283 4 0
11 30 0.047 4 0
17 15 0.073 4 5
23 52 0.135 4 0
13 5 0.080 4 0
30 70 0.184 4 3
38 52 0.115 4 0
28 30 0.127 4 3
29 5 0.182 4 5
171 10 0.533 4 5
47 5 0.187 4 1
166 30 0.874 4 3
16 30 0.061 4 2
47 70 0.212 4 3
39 5 0.211 4 0
77 30 0.254 4 0
79 10 0.331 4 1
108 15 0.617 4 5
59 70 0.213 4 5
63 70 0.406 4 2
11 22 0.033 4 1
79 15 0.485 4 0
45 5 0.230 4 2
31 52 0.140 4 2
74 52 0.301 4 5
24 70 0.077 4 2
65 100 0.365 4 1
67 15 0.364 4 3
22 70 0.096 4 0
12 30 0.044 4 2
155 100 0.662 4 5
65 22 0.286 4 3
85 10 0.286 4 0
50 52 0.256 4 0
176 22 0.669 4 0
25 70 0.086 4 2
18 40 0.056 4 2
18 22 0.064 4 1
24 15 0.156 4 1
28 40 0.147 4 0
46 100 0.172 4 2
11 40 0.034 4 0
47 22 0.193 4 3
13 100 0.040 4 3
31 52 0.170 4 2
60 40 0.373 4 0
169 100 0.704 4 3
73 10 0.311 4 1
21 52 0.075 4 5
56 40 0.190 4 3
61 15 0.276 4 3
32 30 0.119 4 0
35 52 0.126 4 0
10 52 0.031 4 3
15 15 0.088 4 5
77 5 0.475 4 5
188 22 0.591 4 0
18 52 0.054 4 0
167 10 0.609 4 2
24 40 0.105 4 1
33 70 0.099 4 3
279 30 1.274 4 0
96 52 0.384 4 2
39 100 0.188 4 0
65 52 0.419 4 0
32 52 0.145 4 5
31 22 0.160 4 2
124 15 0.420 4 1
17 40 0.070 4 0
203 10 0.619 4 1
75 70 0.338 4 2
16 100 0.051 4 0
33 40 0.134 4 0
47 100 0.215 4 2
23 100 0.069 4 3
27 40 0.102 4 2
16 22 0.082 4 5
65 30 0.428 4 5
37 70 0.186 4 5
147 52 0.831 4 0
32 10 0.212 4 0
61 70 0.328 4 2
118 5 0.513 4 1
298 40 1.057 4 5
16 70 0.070 4 5
20 22 0.126 4 5
79 40 0.236 4 0
63 70 0.221 4 0
60 30 0.288 4 5
12 5 0.056 4 0
12 10 0.078 4 0
28 70 0.113 4 5
36 10 0.143 4 5
94 10 0.423 4 2
252 5 0.785 4 1
15 52 0.077 4 0
58 52 0.360 4 3
161 5 0.476 4 1
142 30 0.490 4 3
38 100 0.119 4 0
59 5 0.378 4 2
32 70 0.110 4 3
16 52 0.099 4 0
145 5 0.858 4 0
10 22 0.058 4 1
16 30 0.066 4 3
40 22 0.157 4 3
65 52 0.300 4 1
16 40 0.092 4 1
77 100 0.358 4 5
18 10 0.105 4 5
41 70 0.121 4 5
57 5 0.183 4 0
13 5 0.066 4 0
337 5 1.364 4 2
237 30 0.868 4 0
41 5 0.236 4 2
191 30 0.932 4 2
10 52 0.031 4 0
55 100 0.199 4 0
101 5 0.498 4 3
140 10 0.805 4 3
18 22 0.120 4 1
10 52 0.031 4 1
128 52 0.610 4 5
12 52 0.058 4 2
58 30 0.282 4 0
150 100 0.789 4 1
37 70 0.243 4 2
102 5 0.415 4 5
122 22 0.713 4 2
55 5 0.211 4 2
95 100 0.428 4 0
295 70 1.561 4 0
188 30 0.575 4 0
21 100 0.068 4 2
36 15 0.163 4 3
177 100 0.686 4 5
178 30 0.569 4 1
60 15 0.205 4 1
200 70 0.823 4 0
12 30 0.044 4 1
282 40 1.259 4 0
19 30 0.062 4 0
71 22 0.247 4 0
36 70 0.108 4 3
10 52 0.038 4 1
11 22 0.060 4 0
169 40 0.889 4 3
78 70 0.462 4 2
280 30 1.102 4 0
130 100 0.637 4 0
29 52 0.096 4 2
71 30 0.332 4 5
81 100 0.433 4 0
122 15 0.396 4 0
11 5 0.056 4 0
21 52 0.088 4 2
29 100 0.127 4 1
13 22 0.039 4 3
95 15 0.417 4 2
16 10 0.100 4 3
17 10 0.064 4 0
19 10 0.062 4 3
118 40 0.605 4 5
53 52 0.248 4 5
50 15 0.284 4 2
51 10 0.198 4 3
71 30 0.295 4 3
40 70 0.118 4 0
26 100 0.167 4 1
93 100 0.487 4 2
10 5 0.044 4 1
70 5 0.432 4 0
132 5 0.644 4 5
18 70 0.053 4 5
22 30 0.112 4 1
14 40 0.064 4 0
220 10 0.753 4 2
12 15 0.076 4 3
35 52 0.206 4 3
175 10 0.941 4 3
60 22 0.189 4 0
78 52 0.277 4 0
22 22 0.101 4 0
20 30 0.122 4 0
145 70 0.483 4 0
68 52 0.291 4 1
145 52 0.744 4 0
55 10 0.201 4 5
11 70 0.039 4 3
35 22 0.136 4 2
19 30 0.081 4 1
29 52 0.122 4 2
11 30 0.048 4 0
228 40 0.860 4 3
67 10 0.234 4 3
16 22 0.068 4 1
75 5 0.469 4 3
149 15 0.716 4 3
156 70 0.483 4 1
27 52 0.159 4 0
258 10 1.062 4 2
38 10 0.160 4 0
84 10 0.294 4 1
73 100 0.408 4 1
35 40 0.224 4 1
28 100 0.099 4 5
18 70 0.087 4 5
13 10 0.050 4 3
24 15 0.089 4 0
17 70 0.090 4 0
289 10 1.025 4 5
181 15 0.707 4 0
311 100 1.103 4 3
10 52 0.052 4 1
15 100 0.087 4 3
71 15 0.333 4 2
43 40 0.163 4 1
19 52 0.095 4 0
13 100 0.045 4 0
61 100 0.194 4 0
34 52 0.108 4 2
38 52 0.122 4 1
16 40 0.078 4 2
109 70 0.329 4 0
156 5 0.591 4 1
10 70 0.053 4 0
16 100 0.088 4 2
26 15 0.116 4 3
13 22 0.048 4 5
69 22 0.205 4 0
254 10 0.763 4 3
65 30 0.277 4 0
105 40 0.405 4 0
30 5 0.100 4 0
149 70 0.730 4 1
34 100 0.104 4 0
15 5 0.072 4 1
73 15 0.223 4 0
222 15 0.787 4 3
153 10 0.598 4 3
25 52 0.125 4 3
12 40 0.061 4 0
13 52 0.056 4 5
127 30 0.433 4 1
30 10 0.136 4 0
199 100 0.843 4 0
51 100 0.237 4 0
195 15 0.691 4 5
64 10 0.242 4 0
18 5 0.079 4 0
282 10 1.630 4 2
14 15 0.069 4 0
17 5 0.100 4 0
240 15 1.116 4 0
233 30 1.503 4 2
111 70 0.725 4 0
60 15 0.180 4 3
15 30 0.064 4 5
219 10 0.820 4 3
31 40 0.157 4 2
45 40 0.155 4 3
21 100 0.080 4 0
165 30 0.512 4 2
118 52 0.348 4 2
62 40 0.248 4 0
42 10 0.149 4 2
15 52 0.079 4 3
268 5 1.081 4 5
14 5 0.054 4 3
92 15 0.458 4 5
183 10 0.656 4 0
36 10 0.133 4 2
37 5 0.188 4 0
37 100 0.182 4 5
92 30 0.309 4 0
177 5 0.816 4 5
18 15 0.061 4 5
72 70 0.274 4 0
19 70 0.090 4 1
35 5 0.189 4 3
159 40 0.660 4 3
30 10 0.113 4 2
68 52 0.217 4 2
34 52 0.147 4 1
14 52 0.046 4 3
10 52 0.036 4 0
156 100 0.511 4 1
75 30 0.359 4 0
13 22 0.041 4 2
50 100 0.156 4 5
22 30 0.120 4 2
22 100 0.065 4 2
92 30 0.282 4 3
234 22 0.925 4 0
236 70 1.000 4 2
302 30 1.466 4 0
54 40 0.194 4 1
136 30 0.442 4 0
335 5 1.015 4 1
191 100 1.038 4 5
78 22 0.256 4 1
336 10 1.418 4 0
20 70 0.073 4 5
42 52 0.165 4 3
16 70 0.055 4 0
27 70 0.084 4 2
63 52 0.256 4 2
18 22 0.099 4 0
131 100 0.555 4 2
130 10 0.453 4 3
121 30 0.378 4 0
129 10 0.617 4 5
186 100 0.549 4 5
153 10 0.459 4 0
50 15 0.318 4 3
131 100 0.775 4 3
69 10 0.260 4 0
30 100 0.119 4 2
220 70 1.140 4 2
45 40 0.178 4 2
10 5 0.057 4 1
75 22 0.306 4 1
79 15 0.258 4 2
19 10 0.088 4 0
110 15 0.385 4 3
11 10 0.037 4 3
27 22 0.126 4 5
20 22 0.110 4 1
114 70 0.498 4 2
33 5 0.153 4 1
194 30 0.915 4 1
153 15 0.502 4 3
12 5 0.051 4 0
35 10 0.185 4 1
113 10 0.367 4 3
42 30 0.200 4 1
64 70 0.192 4 1
34 10 0.133 4 5
93 22 0.316 4 0
13 10 0.044 4 3
19 15 0.069 4 1
19 5 0.075 4 0
74 22 0.216 4 2
64 22 0.390 4 0
64 15 0.325 4 5
183 30 0.606 4 1
193 10 0.937 4 0
138 15 0.537 4 3
70 40 0.253 4 1
31 40 0.138 4 2
55 40 0.327 4 5
19 15 0.075 4 2
120 70 0.522 4 5
19 10 0.065 4 1
16 10 0.048 4 0
72 22 0.306 4 5
188 30 0.655 4 0
19 100 0.109 4 5
127 30 0.819 4 2
10 15 0.030 4 3
31 15 0.104 4 5
34 100 0.147 4 0
75 22 0.349 4 0
31 22 0.145 4 5
50 10 0.154 4 0
12 40 0.059 4 1
10 30 0.031 4 1
15 40 0.051 4 3
46 40 0.174 4 2
61 40 0.374 4 5
51 10 0.169 4 0
156 70 0.534 4 1
12 52 0.036 4 0
186 30 0.657 4 5
106 15 0.412 4 0
54 70 0.247 4 5
32 70 0.139 4 5
56 40 0.212 4 0
155 70 0.705 4 0
92 40 0.282 4 0
25 5 0.143 4 0
75 5 0.444 4 2
25 15 0.092 4 3
73 100 0.435 4 5
20 10 0.122 4 3
74 30 0.268 4 5
306 5 1.709 4 0
27 15 0.152 4 5
126 40 0.367 4 0
49 22 0.251 4 5
67 10 0.344 4 5
18 15 0.063 4 0
19 100 0.056 4 3
34 70 0.102 4 2
47 70 0.263 4 5
83 100 0.266 4 2
40 100 0.219 4 3
174 70 1.000 4 0
34 10 0.195 4 1
31 15 0.205 4 0
29 22 0.132 4 0
16 5 0.053 4 3
53 40 0.170 4 2
260 22 1.688 4 5
25 15 0.115 4 3
62 70 0.205 4 2
68 5 0.316 4 2
180 70 1.023 4 1
42 100 0.247 4 1
290 10 1.208 4 1
25 5 0.105 4 0
16 15 0.049 4 2
134 52 0.404 4 1
12 10 0.072 4 0
191 10 0.599 4 2
64 5 0.427 4 0
289 5 1.021 4 0
219 15 0.742 4 0
161 100 0.697 4 0
184 22 0.800 4 0
197 15 0.908 4 0
19 10 0.066 4 0
100 100 0.585 4 1
12 22 0.050 4 1
58 15 0.230 4 0
16 40 0.049 4 0
60 70 0.351 4 0
74 40 0.259 4 2
11 52 0.038 4 5
10 22 0.055 4 1
16 10 0.066 4 0
58 30 0.220 4 0
50 15 0.291 4 2
86 5 0.336 4 2
100 15 0.452 4 3
34 70 0.227 4 3
27 52 0.094 4 3
17 70 0.106 4 2
301 100 0.904 4 1
18 52 0.088 4 1
50 52 0.258 4 3
19 5 0.094 4 2
62 30 0.376 4 5
16 40 0.054 4 0
42 22 0.153 4 0
24 70 0.081 4 0
14 52 0.057 4 5
56 30 0.264 4 0
27 52 0.088 4 1
24 5 0.160 4 3
15 70 0.082 4 3
11 30 0.042 4 0
27 40 0.168 4 0
324 5 1.367 4 0
21 52 0.083 4 5
11 22 0.064 4 1
121 5 0.457 4 5
76 30 0.427 4 2
62 52 0.283 4 5
69 100 0.238 4 1
53 10 0.306 4 3
37 15 0.129 4 3
11 10 0.060 4 2
74 100 0.274 4 3
92 100 0.347 4 0
23 5 0.146 4 3
61 40 0.253 4 5
258 40 1.483 4 3
74 22 0.385 4 1
124 30 0.388 4 2
19 22 0.064 4 0
168 52 0.820 4 3
36 30 0.108 4 2
81 22 0.248 4 0
14 15 0.053 4 0
12 5 0.058 4 1
36 70 0.132 4 0
14 15 0.077 4 5
112 10 0.552 4 2
28 70 0.101 4 3
138 70 0.908 4 0
21 100 0.069 4 2
42 52 0.145 4 0
188 22 0.761 4 0
239 22 1.382 4 2
10 15 0.041 4 1
128 22 0.624 4 3
230 30 0.885 4 2
19 5 0.105 4 0
16 5 0.061 4 3
31 100 0.194 4 2
58 10 0.175 4 2
165 40 0.793 4 3
335 15 1.180 4 2
128 30 0.427 4 3
209 30 0.826 4 1
35 100 0.122 4 0
18 22 0.113 4 1
202 30 0.922 4 2
19 22 0.077 4 3
144 22 0.867 4 5
11 30 0.048 4 1
12 52 0.076 4 3
44 22 0.198 4 5
13 30 0.066 4 0
319 30 1.168 4 3
109 5 0.447 4 5
198 5 0.611 4 3
74 52 0.385 4 5
307 52 0.911 4 0
145 22 0.935 4 5
74 100 0.430 4 0
15 10 0.087 4 5
75 30 0.274 4 0
17 30 0.059 4 0
19 30 0.068 4 3
17 22 0.085 4 2
129 22 0.665 4 0
76 30 0.490 4 2
86 22 0.261 4 5
11 52 0.052 4 0
256 22 1.196 4 2
10 15 0.033 4 0
28 5 0.086 4 2
18 40 0.107 4 0
44 52 0.190 4 5
133 5 0.429 4 5
27 22 0.115 4 3
41 52 0.237 4 1
273 52 0.965 4 2
77 100 0.332 4 2
138 15 0.902 4 5
151 22 0.740 4 5
19 70 0.088 4 1
13 40 0.086 4 2
77 100 0.284 4 3
316 15 1.386 4 0
247 52 0.731 4 2
51 70 0.209 4 3
22 22 0.067 4 5
37 40 0.133 4 5
74 22 0.292 4 2
35 10 0.124 4 2
31 10 0.100 4 2
68 52 0.366 4 2
105 100 0.700 4 0
15 15 0.044 4 0
225 40 1.293 4 5
59 52 0.391 4 0
26 10 0.094 4 2
282 40 1.389 4 0
29 52 0.089 4 0
144 22 0.511 4 0
25 40 0.135 4 2
104 70 0.395 4 1
107 5 0.723 4 1
19 70 0.095 4 5
70 70 0.251 4 3
17 40 0.087 4 0
13 100 0.046 4 5
25 30 0.077 4 1
47 15 0.182 4 5
154 10 0.542 4 0
72 15 0.293 4 1
14 5 0.058 4 3
10 40 0.060 4 0
18 100 0.116 4 5
23 40 0.069 4 0
188 100 0.891 4 3
318 70 0.970 4 5
83 52 0.255 4 0
323 15 1.210 4 1
55 30 0.181 4 5
20 22 0.118 4 5
298 22 1.886 5 3
37 15 0.121 5 3
318 22 1.120 5 1
17 70 0.076 5 0
38 10 0.150 5 4
125 15 0.448 5 4
103 70 0.333 5 0
10 70 0.045 5 3
28 70 0.144 5 4
167 10 0.711 5 2
205 30 1.220 5 1
286 70 0.917 5 0
141 40 0.415 5 0
55 22 0.362 5 2
32 52 0.149 5 0
115 52 0.732 5 0
37 100 0.122 5 3
214 52 1.297 5 0
172 40 0.945 5 1
193 52 0.821 5 0
16 100 0.055 5 2
13 40 0.045 5 1
68 52 0.246 5 1
18 15 0.068 5 3
24 15 0.159 5 0
243 5 1.272 5 2
13 40 0.071 5 4
13 100 0.044 5 4
71 10 0.260 5 0
40 5 0.144 5 1
180 22 0.747 5 3
44 100 0.262 5 2
243 52 1.413 5 0
52 70 0.195 5 1
22 5 0.074 5 1
22 30 0.066 5 4
215 70 1.029 5 2
79 30 0.441 5 1
53 70 0.165 5 2
15 100 0.061 5 0
204 5 1.207 5 2
25 5 0.090 5 0
13 100 0.076 5 4
164 5 1.086 5 3
14 40 0.072 5 0
14 52 0.054 5 2
136 70 0.433 5 3
174 5 0.916 5 3
30 22 0.101 5 2
17 40 0.063 5 1
74 40 0.288 5 0
14 52 0.049 5 3
23 5 0.089 5 4
25 10 0.079 5 0
152 52 0.522 5 1
29 5 0.129 5 3
30 5 0.124 5 0
144 52 0.434 5 4
109 30 0.606 5 0
155 15 0.807 5 0
18 10 0.075 5 3
33 15 0.116 5 0
280 15 1.261 5 1
58 5 0.213 5 0
143 30 0.730 5 0
198 40 0.712 5 0
192 10 0.613 5 2
52 15 0.308 5 0
84 100 0.254 5 3
16 52 0.060 5 2
58 15 0.253 5 4
13 52 0.043 5 0
70 70 0.402 5 0
71 10 0.323 5 0
22 40 0.144 5 0
11 52 0.070 5 0
65 100 0.225 5 3
24 30 0.075 5 4
41 40 0.161 5 0
15 30 0.092 5 1
38 40 0.178 5 2
178 40 0.657 5 3
186 15 0.679 5 4
10 30 0.045 5 0
26 30 0.084 5 0
67 52 0.254 5 0
82 100 0.308 5 4
175 10 0.858 5 0
39 5 0.187 5 4
69 30 0.202 5 4
40 5 0.214 5 0
24 100 0.085 5 4
14 40 0.067 5 3
170 52 0.504 5 2
66 52 0.268 5 0
53 70 0.159 5 2
253 52 1.129 5 0
34 100 0.101 5 0
42 30 0.204 5 2
15 100 0.065 5 2
24 100 0.072 5 4
164 15 0.624 5 3
43 52 0.188 5 2
38 100 0.181 5 3
247 40 1.604 5 0
29 30 0.116 5 4
292 30 1.371 5 4
140 30 0.714 5 4
21 10 0.065 5 3
15 30 0.048 5 0
22 10 0.069 5 2
18 5 0.064 5 3
170 10 1.083 5 1
35 40 0.113 5 0
25 52 0.144 5 0
44 100 0.169 5 3
19 52 0.111 5 2
78 5 0.361 5 0
15 30 0.061 5 0
29 52 0.113 5 0
14 30 0.070 5 1
18 10 0.061 5 0
23 40 0.092 5 4
27 52 0.130 5 4
19 30 0.126 5 3
34 70 0.122 5 4
46 10 0.286 5 4
12 22 0.047 5 0
12 5 0.052 5 4
62 40 0.210 5 0
173 15 0.627 5 4
23 70 0.087 5 0
18 15 0.069 5 0
49 40 0.143 5 4
29 30 0.143 5 2
301 100 0.907 5 4
30 22 0.105 5 3
17 30 0.063 5 0
28 100 0.106 5 2
38 22 0.196 5 4
173 70 0.820 5 0
155 100 1.020 5 4
26 100 0.116 5 0
38 52 0.242 5 2
109 10 0.319 5 3
115 70 0.747 5 0
43 70 0.128 5 0
34 70 0.211 5 3
193 10 0.668 5 0
58 100 0.227 5 1
31 10 0.132 5 0
18 15 0.061 5 2
170 5 1.056 5 1
64 5 0.281 5 3
15 100 0.055 5 3
60 10 0.278 5 0
18 5 0.115 5 2
17 70 0.096 5 0
78 10 0.308 5 0
54 30 0.210 5 3
46 5 0.309 5 3
40 22 0.242 5 0
53 52 0.172 5 3
17 52 0.104 5 3
34 100 0.186 5 4
28 52 0.084 5 4
44 52 0.160 5 0
35 100 0.129 5 2
78 40 0.232 5 2
17 40 0.072 5 4
31 70 0.111 5 2
18 5 0.079 5 4
21 5 0.077 5 3
79 70 0.342 5 0
46 52 0.216 5 3
13 70 0.060 5 4
20 10 0.112 5 1
181 5 0.668 5 3
228 30 0.738 5 4
250 70 1.106 5 1
30 10 0.196 5 1
25 15 0.131 5 4
20 5 0.060 5 0
17 70 0.059 5 3
173 5 0.994 5 1
14 100 0.051 5 1
61 30 0.264 5 4
142 70 0.493 5 0
77 10 0.450 5 0
331 10 1.362 5 4
23 30 0.147 5 3
169 52 0.565 5 1
81 100 0.302 5 0
317 100 0.981 5 0
49 52 0.227 5 0
71 52 0.229 5 0
23 40 0.093 5 4
99 52 0.538 5 1
92 5 0.350 5 0
101 22 0.322 5 0
172 22 0.534 5 0
19 22 0.117 5 3
64 70 0.360 5 0
13 15 0.046 5 4
29 52 0.097 5 0
39 70 0.152 5 0
11 5 0.050 5 3
29 30 0.086 5 3
77 22 0.325 5 0
39 10 0.196 5 0
57 5 0.345 5 0
43 70 0.127 5 0
234 30 0.821 5 3
14 30 0.046 5 2
81 30 0.266 5 3
14 52 0.048 5 3
21 30 0.075 5 4
42 30 0.146 5 2
10 10 0.038 5 3
35 10 0.175 5 3
50 100 0.147 5 4
19 15 0.056 5 0
42 5 0.144 5 0
78 5 0.283 5 0
13 70 0.039 5 2
17 100 0.050 5 3
79 10 0.366 5 2
33 70 0.098 5 3
55 10 0.217 5 3
35 5 0.172 5 0
234 40 0.880 5 0
184 15 0.739 5 2
15 70 0.051 5 4
49 22 0.285 5 0
34 40 0.116 5 2
11 30 0.041 5 1
272 5 1.755 5 1
50 100 0.246 5 2
14 40 0.043 5 1
60 40 0.314 5 3
55 70 0.293 5 0
56 15 0.187 5 1
12 30 0.041 5 0
35 10 0.187 5 0
90 30 0.291 5 0
158 22 0.806 5 2
37 22 0.230 5 0
79 5 0.342 5 0
30 100 0.096 5 3
45 100 0.214 5 2
55 10 0.194 5 2
236 22 1.297 5 0
18 52 0.090 5 2
36 52 0.113 5 0
28 40 0.155 5 1
21 5 0.133 5 2
66 5 0.202 5 0
135 15 0.491 5 0
57 22 0.275 5 0
13 5 0.069 5 4
76 70 0.222 5 4
189 30 0.594 5 0
17 52 0.050 5 0
54 22 0.297 5 0
280 22 1.315 5 2
13 5 0.054 5 3
52 10 0.243 5 1
54 70 0.197 5 0
23 70 0.088 5 2
66 100 0.237 5 1
35 40 0.120 5 2
147 10 0.710 5 3
83 30 0.506 5 4
64 70 0.208 5 3
138 40 0.758 5 4
77 22 0.280 5 4
13 52 0.049 5 0
137 22 0.581 5 2
38 5 0.136 5 3
16 100 0.055 5 4
106 5 0.592 5 1
32 70 0.128 5 0
22 10 0.086 5 0
169 5 1.119 5 2
148 70 0.841 5 0
64 10 0.383 5 4
14 22 0.090 5 1
36 52 0.155 5 0
49 70 0.186 5 1
20 52 0.071 5 1
45 70 0.134 5 3
93 100 0.574 5 3
35 10 0.170 5 2
22 10 0.080 5 3
48 70 0.289 5 4
12 5 0.051 5 3
109 15 0.489 5 0
64 15 0.312 5 2
263 30 1.212 5 0
137 52 0.733 5 0
29 40 0.115 5 2
21 100 0.070 5 2
318 40 1.359 5 1
17 5 0.086 5 0
69 5 0.250 5 1
43 30 0.287 5 4
90 5 0.327 5 3
127 10 0.536 5 1
79 15 0.298 5 4
17 5 0.061 5 4
105 40 0.556 5 0
13 5 0.056 5 1
45 10 0.184 5 3
11 52 0.068 5 1
76 22 0.314 5 1
71 52 0.313 5 2
78 5 0.371 5 1
175 30 0.599 5 4
159 52 0.572 5 4
254 22 0.827 5 2
33 100 0.114 5 4
72 30 0.260 5 0
77 10 0.470 5 2
326 52 1.918 5 1
14 100 0.071 5 4
21 5 0.064 5 1
237 52 1.295 5 0
14 10 0.069 5 4
11 22 0.036 5 0
302 52 1.052 5 4
19 40 0.106 5 4
17 30 0.061 5 4
10 100 0.060 5 0
12 100 0.041 5 3
151 22 0.553 5 3
85 5 0.341 5 2
12 52 0.052 5 4
47 22 0.164 5 1
311 30 1.646 5 2
25 5 0.130 5 2
43 5 0.186 5 1
85 10 0.308 5 0
17 22 0.053 5 0
189 70 0.713 5 0
117 10 0.582 5 2
80 40 0.369 5 4
89 40 0.291 5 0
226 30 0.702 5 3
15 15 0.054 5 0
17 22 0.058 5 3
51 52 0.149 5 3
154 5 0.524 5 2
24 40 0.082 5 1
25 15 0.163 5 4
192 100 0.587 5 0
10 5 0.035 5 0
169 30 0.517 5 2
277 5 1.164 5 1
153 5 0.469 5 0
195 70 0.570 5 4
28 70 0.178 5 3
73 52 0.232 5 2
86 15 0.270 5 1
15 70 0.071 5 0
28 52 0.100 5 0
86 52 0.278 5 2
202 100 0.627 5 1
159 40 0.723 5 1
32 15 0.147 5 0
58 30 0.185 5 2
40 70 0.207 5 1
10 5 0.037 5 3
14 5 0.080 5 0
125 5 0.367 5 0
33 5 0.120 5 3
125 100 0.460 5 4
156 100 0.712 5 2
282 5 0.837 5 0
148 30 0.500 5 3
11 15 0.033 5 0
23 40 0.069 5 1
23 30 0.136 5 2
72 15 0.289 5 0
46 22 0.213 5 0
132 40 0.504 5 0
159 52 0.468 5 3
21 70 0.114 5 2
36 52 0.145 5 3
135 40 0.652 5 4
284 100 1.352 5 3
120 15 0.372 5 2
21 10 0.134 5 0
94 30 0.316 5 2
12 100 0.052 5 3
22 30 0.084 5 2
278 100 0.933 5 3
15 100 0.057 5 0
39 40 0.129 5 3
58 10 0.283 5 1
39 100 0.163 5 3
223 10 0.666 5 3
28 70 0.108 5 1
167 22 0.893 5 0
74 10 0.500 5 4
58 40 0.324 5 0
36 22 0.195 5 0
37 5 0.121 5 3
20 10 0.113 5 0
79 100 0.287 5 4
39 70 0.155 5 4
32 15 0.110 5 1
15 40 0.052 5 3
14 5 0.049 5 4
152 52 0.639 5 3
18 5 0.119 5 4
10 30 0.046 5 0
17 70 0.114 5 0
18 22 0.068 5 3
38 15 0.191 5 1
20 22 0.069 5 0
17 40 0.113 5 3
58 15 0.239 5 1
16 22 0.055 5 0
12 52 0.038 5 0
339 70 1.101 5 4
36 30 0.225 5 4
18 30 0.067 5 0
21 5 0.080 5 0
163 5 0.526 5 0
10 15 0.032 5 0
53 100 0.305 5 4
19 22 0.098 5 4
135 70 0.854 5 0
13 22 0.040 5 0
52 15 0.188 5 2
58 10 0.216 5 0
58 70 0.369 5 4
16 30 0.048 5 3
97 22 0.388 5 0
35 22 0.113 5 0
70 30 0.236 5 0
38 70 0.118 5 3
46 100 0.165 5 2
71 10 0.283 5 4
50 70 0.270 5 0
73 15 0.380 5 0
35 52 0.233 5 3
134 22 0.470 5 1
15 30 0.073 5 4
19 15 0.062 5 2
23 10 0.124 5 0
157 70 0.897 5 0
192 15 0.777 5 0
13 52 0.060 5 0
18 52 0.070 5 1
138 15 0.863 5 3
18 10 0.117 5 4
57 70 0.182 5 0
45 10 0.191 5 2
117 52 0.343 5 4
18 22 0.057 5 2
66 15 0.199 5 0
75 40 0.436 5 0
47 10 0.272 5 4
24 52 0.072 5 0
338 30 1.594 5 2
56 40 0.296 5 3
20 10 0.085 5 0
16 15 0.092 5 3
37 15 0.167 5 0
188 5 0.586 5 1
70 52 0.452 5 1
16 40 0.049 5 4
17 30 0.052 5 1
42 10 0.132 5 4
48 5 0.204 5 1
21 5 0.064 5 0
11 100 0.035 5 0
17 100 0.074 5 0
228 52 1.434 5 3
35 15 0.113 5 2
180 100 0.621 5 0
12 10 0.049 5 4
65 52 0.191 5 0
62 5 0.242 5 0
19 40 0.059 5 4
46 5 0.169 5 4
17 5 0.067 5 1
17 40 0.058 5 1
10 30 0.033 5 0
132 30 0.562 5 2
11 30 0.045 5 0
44 5 0.263 5 2
22 22 0.111 5 2
154 40 0.512 5 2
330 5 1.941 5 3
240 22 1.053 5 2
168 10 1.006 5 1
13 5 0.053 5 2
288 22 0.957 5 1
39 70 0.157 5 3
10 40 0.063 5 4
26 10 0.141 5 3
187 100 0.652 5 0
261 52 1.582 5 1
174 22 1.130 5 2
118 40 0.715 5 0
27 5 0.080 5 2
66 22 0.196 5 4
13 40 0.046 5 2
51 5 0.304 5 4
63 10 0.207 5 0
11 52 0.037 5 1
40 40 0.130 5 0
15 30 0.094 5 1
66 52 0.195 5 0
90 5 0.604 5 4
16 52 0.049 5 0
31 100 0.104 5 0
88 15 0.301 5 0
294 5 1.324 5 1
24 10 0.104 5 1
45 52 0.132 5 0
18 5 0.118 5 2
88 52 0.341 5 3
10 52 0.044 5 0
72 10 0.213 5 0
65 15 0.417 5 1
58 5 0.213 5 1
17 30 0.087 5 3
75 40 0.322 5 0
156 70 0.907 5 0
19 5 0.110 5 0
32 40 0.198 5 2
12 5 0.042 5 4
29 30 0.124 5 4
154 15 0.577 5 1
11 70 0.042 5 0
36 52 0.171 5 1
161 40 0.732 5 2
64 70 0.261 5 3
37 5 0.194 5 0
14 52 0.053 5 2
166 52 0.631 5 1
19 70 0.056 5 4
37 22 0.124 5 0
170 22 0.825 5 0
15 22 0.050 5 2
38 22 0.162 5 0
95 30 0.543 5 1
93 22 0.278 5 0
17 15 0.108 5 2
39 70 0.247 5 0
12 15 0.081 5 0
11 70 0.069 5 4
157 22 0.720 5 2
22 30 0.086 5 2
13 10 0.042 5 4
60 30 0.395 5 4
11 22 0.036 5 0
17 30 0.062 5 0
14 5 0.044 5 1
210 22 1.186 5 3
147 40 0.645 5 2
83 30 0.480 5 4
29 30 0.091 5 1
35 15 0.130 5 2
189 22 0.622 5 3
56 10 0.201 5 0
152 22 0.756 5 1
46 52 0.232 5 4
50 15 0.244 5 1
28 70 0.082 5 3
47 40 0.287 5 0
272 100 0.837 5 2
167 22 0.780 5 2
31 100 0.120 5 2
196 40 0.683 5 0
71 15 0.348 5 4
54 100 0.187 5 0
79 52 0.275 5 3
123 30 0.363 5 2
47 52 0.142 5 3
69 5 0.460 5 2
70 22 0.366 5 0
11 70 0.044 5 4
41 15 0.234 5 1
34 15 0.106 5 3
59 40 0.316 5 3
132 100 0.790 5 3
178 40 0.576 5 1
64 70 0.249 5 4
11 22 0.043 5 2
113 70 0.657 5 3
36 52 0.137 5 1
46 52 0.189 5 3
17 100 0.052 5 3
10 40 0.031 5 0
18 100 0.080 5 2
40 30 0.156 5 1
64 5 0.408 5 3
25 5 0.150 5 0
34 5 0.114 5 1
26 70 0.107 5 3
14 100 0.087 5 0
131 40 0.498 5 1
13 100 0.051 5 4
34 40 0.187 5 0
39 5 0.191 5 0
40 40 0.194 5 0
140 15 0.528 5 2
54 40 0.316 5 3
50 70 0.165 5 4
12 22 0.040 5 2
19 30 0.057 5 4
18 100 0.061 5 0
195 52 0.644 5 0
22 40 0.125 5 1
39 10 0.173 5 4
54 10 0.182 5 2
38 40 0.179 5 4
179 10 0.789 5 3
19 40 0.061 5 0
20 10 0.074 5 2
213 22 0.692 5 0
39 40 0.121 5 1
75 5 0.373 5 0
296 70 1.465 5 3
45 5 0.135 5 2
36 52 0.124 5 1
203 52 0.849 5 4
57 15 0.239 5 0
111 70 0.451 5 0
205 70 1.152 5 3
13 5 0.044 5 0
48 15 0.151 5 3
190 15 0.763 5 0
103 70 0.360 5 0
72 70 0.227 5 4
13 5 0.059 5 0
44 70 0.135 5 2
15 70 0.061 5 3
193 40 0.699 5 0
20 100 0.080 5 3
71 5 0.350 5 2
16 70 0.093 5 1
21 10 0.061 5 2
313 52 1.147 5 0
27 30 0.091 5 1
339 100 1.115 5 0
14 5 0.063 5 0
14 40 0.051 5 0
14 15 0.079 5 0
72 10 0.253 5 0
60 22 0.202 5 3
166 70 0.589 5 1
14 10 0.055 5 0
34 30 0.166 5 3
26 70 0.078 5 1
40 52 0.252 5 4
324 10 1.296 5 0
12 100 0.064 5 4
17 100 0.076 5 3
39 15 0.181 5 4
28 100 0.112 5 3
59 30 0.324 5 1
14 52 0.046 5 0
111 5 0.631 5 0
77 5 0.244 5 3
17 100 0.113 5 1
158 40 0.913 5 0
24 30 0.074 5 1
138 100 0.711 5 2
18 100 0.066 5 0
46 100 0.166 5 0
151 40 0.987 5 0
274 100 0.979 5 1
44 52 0.134 5 2
150 70 0.658 5 2
20 70 0.059 5 4
15 22 0.044 5 3
75 5 0.346 5 3
16 22 0.049 5 3
320 30 1.226 5 3
125 40 0.370 5 2
17 5 0.064 5 0
64 100 0.379 5 3
18 70 0.059 5 0
12 70 0.047 5 3
125 5 0.523 5 4
72 10 0.356 5 1
37 52 0.220 5 1
216 30 1.213 5 4
136 70 0.602 5 2
79 22 0.389 5 1
261 30 1.611 5 0
323 40 1.049 5 2
331 40 1.724 5 1
292 40 0.854 5 0
14 100 0.042 5 0
19 30 0.075 5 0
27 10 0.122 5 0
18 40 0.061 5 0
237 52 1.267 5 3
11 100 0.056 5 1
27 10 0.083 5 1
327 10 1.730 5 3
13 22 0.051 5 0
168 52 0.760 5 0
136 52 0.415 5 2
328 5 1.822 5 4
106 22 0.321 5 0
46 22 0.169 5 0
173 52 0.906 5 1
50 10 0.329 5 4
18 22 0.119 5 4
45 40 0.201 5 0
22 10 0.079 5 1
25 15 0.121 5 1
50 100 0.183 5 2
189 70 0.608 5 1
148 100 0.955 5 0
172 40 0.597 5 3
15 15 0.078 5 2
285 10 1.313 5 1
112 15 0.523 5 2
136 100 0.773 5 0
33 100 0.131 5 0
19 40 0.089 5 4
26 100 0.086 5 0
142 70 0.607 5 0
34 100 0.157 5 2
156 100 0.476 5 3
79 5 0.248 5 3
41 10 0.167 5 1
66 10 0.213 5 4
47 100 0.169 5 2
49 70 0.203 5 0
124 70 0.471 5 4
36 30 0.115 5 1
18 5 0.118 5 1
191 100 0.603 5 0
120 100 0.615 5 2
163 15 0.819 5 1
31 30 0.123 5 0
131 40 0.539 5 3
36 15 0.174 5 4
85 100 0.346 5 3
50 10 0.333 5 0
136 15 0.467 5 2
28 15 0.122 5 0
13 30 0.047 5 4
113 22 0.549 5 0
77 52 0.418 5 2
13 40 0.044 5 0
123 15 0.586 5 0
34 5 0.150 5 4
28 22 0.179 5 2
19 5 0.116 5 1
44 5 0.135 5 0
110 40 0.539 5 1
210 52 0.700 5 2
20 5 0.082 5 0
86 40 0.273 5 1
156 70 0.515 5 1
162 15 0.818 5 0
28 40 0.116 5 2
19 70 0.066 5 3
37 70 0.170 5 3
35 70 0.161 5 4
117 70 0.480 5 4
19 100 0.057 5 1
52 70 0.267 5 1
15 30 0.082 5 4
72 70 0.320 5 0
36 30 0.138 5 3
172 100 0.504 5 1
17 15 0.069 5 2
71 5 0.340 5 4
14 10 0.046 5 3
78 5 0.248 5 3
128 22 0.660 5 1
68 52 0.318 5 1
60 40 0.180 5 3
331 22 2.031 5 0
35 40 0.117 5 4
120 30 0.698 5 0
67 52 0.270 5 1
45 15 0.199 5 2
19 10 0.087 5 1
57 100 0.227 5 4
202 52 0.608 5 4
45 52 0.249 5 3
329 5 2.031 5 3
55 100 0.188 5 3
18 100 0.118 5 1
76 10 0.229 5 0
11 40 0.055 5 1
144 100 0.527 5 3
23 30 0.077 5 1
19 30 0.060 5 4
15 5 0.091 5 1
23 22 0.146 5 1
11 10 0.039 5 1
70 100 0.231 5 3
183 15 0.598 5 0
48 40 0.154 5 1
33 15 0.138 5 4
33 40 0.101 5 2
30 15 0.120 5 2
55 40 0.199 5 0
42 22 0.149 5 0
19 100 0.074 5 0
67 40 0.260 5 1
120 5 0.373 5 2
315 30 0.978 5 0
166 22 0.692 5 2
62 100 0.244 5 1
79 22 0.393 5 0
11 40 0.041 5 0
38 100 0.131 5 1
181 5 0.730 5 3
17 15 0.115 5 0
17 52 0.091 5 4
17 52 0.064 5 0
19 70 0.069 5 1
41 100 0.140 5 2
35 22 0.105 5 1
40 100 0.119 5 4
19 70 0.084 5 3
34 70 0.113 5 2
11 100 0.045 5 1
197 52 0.612 5 1
23 5 0.132 5 4
78 40 0.288 5 0
24 52 0.128 5 3
15 100 0.069 5 3
26 30 0.100 5 2
48 30 0.184 5 1
184 15 1.108 5 0
70 15 0.361 5 1
12 22 0.038 5 2
14 30 0.059 5 3
168 5 0.875 5 1
178 52 0.574 5 3
32 40 0.125 5 2
15 52 0.082 5 0
103 15 0.389 5 1
30 52 0.101 5 0
27 40 0.108 5 3
14 30 0.054 5 2
56 40 0.237 5 3
18 40 0.096 5 4
46 52 0.206 5 1
34 30 0.145 5 3
33 22 0.130 5 3
91 100 0.396 5 2
78 15 0.247 5 3
12 70 0.068 5 4
112 100 0.471 5 2
154 10 0.492 5 2
21 70 0.132 5 0
77 40 0.254 5 1
180 30 0.804 5 0
24 30 0.086 5 0
112 22 0.359 5 0
38 70 0.132 5 2
162 5 1.012 5 4
35 100 0.158 5 4
58 5 0.269 5 3
86 5 0.357 5 3
59 15 0.196 5 2
16 40 0.094 5 3
39 30 0.247 5 0
25 5 0.167 5 2
17 15 0.077 5 2
11 5 0.050 5 4
172 5 0.632 5 0
10 5 0.037 5 3
57 100 0.197 5 0
255 40 1.314 5 0
268 5 1.523 5 3
13 40 0.062 5 2
31 5 0.166 5 2
27 30 0.123 5 4
10 30 0.053 5 0
48 30 0.259 5 0
69 40 0.294 5 0
13 70 0.048 5 3
11 40 0.059 5 0
112 22 0.336 5 0
24 100 0.070 5 3
17 52 0.105 5 4
22 40 0.103 5 0
100 22 0.292 5 0
11 10 0.043 5 0
13 10 0.062 5 3
239 30 1.160 5 0
88 52 0.431 5 0
268 15 1.218 5 3
59 70 0.347 5 2
40 40 0.134 5 3
43 100 0.204 5 2
14 70 0.057 5 2
201 5 0.990 5 0
15 100 0.048 5 0
14 15 0.083 5 2
57 40 0.205 5 3
87 22 0.521 5 0
38 52 0.111 5 2
198 70 0.633 5 0
151 22 0.455 5 4
79 22 0.376 5 1
15 100 0.045 5 1
162 70 0.574 5 3
55 22 0.169 5 4
48 70 0.235 5 4
194 70 0.870 5 0
44 10 0.191 5 2
17 100 0.053 5 1
191 70 0.761 5 2
100 10 0.472 5 2
114 22 0.424 5 4
184 100 0.702 5 1
46 70 0.185 5 4
89 22 0.371 5 3
324 5 1.820 5 2
30 15 0.121 5 0
11 100 0.033 5 0
17 10 0.098 5 3
243 15 1.548 5 0
18 10 0.093 5 1
11 5 0.035 5 3
302 70 1.280 5 3
291 22 1.830 5 0
19 52 0.103 5 3
69 70 0.235 5 2
106 15 0.697 5 2
28 100 0.154 5 0
202 40 0.976 5 4
45 100 0.142 5 3
23 5 0.112 5 2
178 30 0.576 5 0
32 100 0.161 5 0
78 40 0.306 5 0
55 30 0.208 5 2
283 70 1.029 5 4
119 22 0.511 5 0
114 15 0.351 5 0
46 70 0.144 5 0
11 22 0.042 5 2
66 10 0.386 5 4
73 10 0.459 5 0
32 10 0.096 5 0
47 70 0.189 5 0
239 70 0.786 5 2
33 15 0.113 5 2
13 5 0.040 5 1
30 5 0.115 5 2
271 40 1.411 5 3
25 100 0.083 5 0
61 22 0.409 5 3
292 22 1.321 5 1
211 15 1.335 5 0
164 70 0.777 5 0
11 30 0.065 5 0
38 52 0.211 5 0
17 70 0.064 5 4
77 70 0.438 5 0
50 100 0.256 5 3
37 40 0.113 5 2
39 5 0.181 5 1
116 30 0.560 5 2
115 10 0.411 5 2
10 30 0.056 5 1
161 5 0.668 5 3
79 15 0.416 5 0
10 10 0.030 5 4
42 10 0.233 5 4
70 5 0.216 5 1
76 22 0.311 5 2
27 22 0.126 5 4
26 5 0.114 5 0
47 40 0.155 5 0
50 10 0.311 5 3
39 40 0.125 5 0
59 70 0.272 5 0
40 70 0.179 5 4
131 22 0.720 5 2
18 40 0.112 5 3
260 100 0.992 5 3
133 52 0.875 5 3
33 52 0.099 5 0
12 10 0.059 5 0
213 5 1.121 5 3
77 100 0.265 5 4
16 30 0.092 5 3
57 70 0.226 5 2
209 70 0.739 5 3
122 30 0.462 5 1
13 52 0.049 5 0
117 52 0.362 5 2
24 100 0.080 5 3
193 70 0.623 5 0
184 22 1.051 5 0
212 15 0.639 5 3
31 15 0.201 5 0
112 30 0.341 5 2
76 10 0.333 5 0
17 100 0.108 5 3
46 15 0.140 5 2
25 15 0.108 5 3
64 100 0.218 5 2
33 10 0.156 5 3
23 52 0.081 5 1
16 5 0.060 5 4
197 22 0.807 5 0
210 70 0.909 5 0
61 30 0.302 5 1
