34 5 0.163 0 1
60 10 0.380 0 1
91 15 0.520 0 1
21 10 0.063 0 1
106 22 0.427 0 1
58 10 0.216 0 2
115 22 0.347 0 1
317 22 1.278 0 1
14 10 0.048 0 2
60 40 0.280 0 1
37 15 0.219 0 2
38 52 0.113 0 2
51 52 0.255 0 2
135 5 0.470 0 2
13 100 0.051 0 2
47 5 0.292 0 2
14 52 0.083 0 2
61 15 0.233 0 2
100 5 0.439 0 2
38 52 0.200 0 1
285 5 0.888 0 1
123 30 0.804 0 1
146 15 0.449 0 2
102 40 0.334 0 2
57 52 0.191 0 2
21 52 0.065 0 1
109 52 0.524 0 1
38 40 0.170 0 1
173 5 1.018 0 1
105 40 0.453 0 1
17 70 0.050 0 1
65 22 0.236 0 1
62 70 0.346 0 1
19 15 0.099 0 2
54 52 0.159 0 2
98 5 0.408 0 1
40 5 0.233 0 2
28 10 0.151 0 1
70 5 0.398 0 1
61 30 0.365 0 1
18 10 0.115 0 2
10 70 0.055 0 2
258 5 0.801 0 1
26 40 0.149 0 1
331 15 1.204 0 1
16 30 0.092 0 1
34 22 0.125 0 1
16 40 0.067 0 2
42 10 0.132 0 2
18 10 0.087 0 1
109 30 0.347 0 1
19 100 0.128 0 1
11 100 0.035 0 1
12 100 0.036 0 1
121 30 0.446 0 1
30 52 0.139 0 1
11 70 0.048 0 1
20 10 0.068 0 2
59 100 0.292 0 2
20 5 0.090 0 2
63 52 0.202 0 1
78 100 0.280 0 2
110 5 0.558 0 2
14 22 0.068 0 2
92 5 0.270 0 1
176 22 1.189 0 2
18 15 0.099 0 1
25 5 0.121 0 1
12 100 0.044 0 2
90 30 0.360 0 1
237 22 0.731 0 2
20 30 0.064 0 2
10 52 0.056 0 1
39 15 0.116 0 2
39 40 0.122 0 1
35 5 0.175 0 2
69 10 0.259 0 2
222 30 1.480 0 1
83 22 0.301 0 2
12 40 0.062 0 2
17 70 0.050 0 2
18 10 0.065 0 1
97 70 0.339 0 2
55 70 0.163 0 1
68 40 0.259 0 1
29 15 0.153 0 2
50 22 0.177 0 2
180 40 0.989 0 1
202 10 0.831 0 2
49 52 0.211 0 1
185 15 0.969 0 2
44 52 0.192 0 1
74 22 0.273 0 1
21 30 0.109 0 2
61 15 0.313 0 2
29 10 0.124 0 1
14 40 0.077 0 2
44 100 0.155 0 1
167 30 0.746 0 1
186 52 1.114 0 2
10 40 0.039 0 1
14 22 0.042 0 2
18 100 0.058 0 2
43 100 0.181 0 1
213 70 1.177 0 1
31 52 0.115 0 2
190 30 0.950 0 2
49 30 0.265 0 2
74 70 0.224 0 2
52 5 0.210 0 2
232 10 0.987 0 2
10 100 0.046 0 1
77 52 0.302 0 1
10 15 0.062 0 2
28 100 0.144 0 2
142 15 0.604 0 2
46 100 0.174 0 1
11 10 0.050 0 2
18 52 0.119 0 1
37 40 0.131 0 1
53 5 0.209 0 2
175 70 1.023 0 2
12 52 0.035 0 1
36 10 0.140 0 1
17 22 0.050 0 1
34 22 0.111 0 1
31 10 0.137 0 2
66 10 0.204 0 1
28 70 0.137 0 2
25 5 0.137 0 2
171 10 0.760 0 1
306 70 1.522 0 2
32 100 0.112 0 1
18 22 0.085 0 1
28 15 0.133 0 1
66 22 0.219 0 2
156 5 0.661 0 1
160 22 0.479 0 2
81 10 0.289 0 1
287 30 0.947 0 1
11 15 0.065 0 2
62 40 0.259 0 2
21 10 0.082 0 1
276 5 1.108 0 1
40 52 0.204 0 1
11 52 0.043 0 2
43 40 0.131 0 1
29 22 0.120 0 2
66 15 0.304 0 1
119 5 0.366 0 1
26 100 0.080 0 2
24 22 0.085 0 2
17 40 0.079 0 1
33 100 0.125 0 1
10 10 0.038 0 1
15 22 0.048 0 1
132 15 0.805 0 1
256 22 1.219 0 2
14 100 0.065 0 1
76 5 0.269 0 2
59 70 0.266 0 1
46 40 0.307 0 1
146 10 0.445 0 2
50 5 0.166 0 2
222 40 0.685 0 1
18 10 0.105 0 1
27 40 0.093 0 1
31 15 0.162 0 2
29 5 0.087 0 1
42 5 0.122 0 2
10 100 0.033 0 1
268 10 1.360 0 1
56 40 0.322 0 2
19 30 0.063 0 2
18 70 0.082 0 2
48 52 0.170 0 2
14 15 0.044 0 1
77 15 0.266 0 2
174 22 1.123 0 2
19 15 0.062 0 1
124 40 0.725 0 1
14 30 0.068 0 1
27 5 0.096 0 1
37 30 0.187 0 1
18 5 0.086 0 2
26 15 0.100 0 1
69 15 0.303 0 2
204 100 0.753 0 2
18 100 0.065 0 1
174 10 0.565 0 1
39 70 0.196 0 2
131 30 0.494 0 1
80 100 0.271 0 1
283 5 1.056 0 1
189 52 0.711 0 2
41 22 0.228 0 1
19 100 0.070 0 2
150 10 0.457 0 1
193 30 0.568 0 2
162 40 0.672 0 1
274 70 1.405 0 1
263 40 1.143 0 1
337 100 2.203 0 2
10 30 0.051 0 2
38 70 0.136 0 1
52 30 0.313 0 1
145 70 0.775 0 1
22 5 0.072 0 1
136 70 0.651 0 2
73 5 0.282 0 1
15 15 0.068 0 2
77 10 0.341 0 1
133 52 0.398 0 2
16 15 0.089 0 1
178 40 0.669 0 2
38 15 0.247 0 2
19 100 0.066 0 2
164 5 0.698 0 1
276 100 1.140 0 2
10 100 0.038 0 1
73 15 0.242 0 2
26 70 0.146 0 1
180 52 0.849 0 2
36 40 0.126 0 1
70 5 0.290 0 1
24 30 0.085 0 2
97 15 0.348 0 2
27 70 0.083 0 2
276 22 0.908 0 2
110 10 0.391 0 1
309 15 1.486 0 2
73 10 0.236 0 2
51 22 0.189 0 2
16 30 0.085 0 2
44 30 0.201 0 1
127 15 0.523 0 2
309 70 1.349 0 1
14 52 0.071 0 2
196 10 0.784 0 1
11 100 0.047 0 1
12 10 0.051 0 1
32 30 0.143 0 2
17 10 0.069 0 1
63 22 0.341 0 1
154 10 0.647 0 1
206 10 0.814 0 1
22 10 0.067 0 1
16 5 0.052 0 1
111 30 0.371 0 1
15 52 0.083 0 1
190 40 0.617 0 1
13 10 0.063 0 1
186 5 0.772 0 2
81 30 0.368 0 1
18 30 0.099 0 1
19 22 0.062 0 2
38 10 0.139 0 2
85 52 0.440 0 1
75 15 0.244 0 1
57 15 0.275 0 1
41 70 0.182 0 2
67 5 0.224 0 1
105 10 0.307 0 1
139 100 0.478 0 2
58 10 0.276 0 1
14 52 0.065 0 1
33 10 0.109 0 1
14 15 0.074 0 1
53 70 0.211 0 2
59 15 0.366 0 1
32 22 0.143 0 1
52 100 0.175 0 2
30 15 0.119 0 1
52 100 0.186 0 1
16 10 0.055 0 1
74 10 0.243 0 1
16 52 0.072 0 1
139 52 0.577 0 2
82 10 0.256 0 1
271 10 1.097 0 1
104 30 0.671 0 1
84 30 0.522 0 1
29 5 0.087 0 2
47 5 0.187 0 2
63 70 0.404 0 2
53 10 0.290 0 2
25 30 0.128 0 2
26 70 0.116 0 1
21 5 0.080 0 1
148 22 0.787 0 2
10 70 0.049 0 2
24 30 0.159 0 1
55 52 0.267 0 2
129 30 0.516 0 2
184 100 0.757 0 2
84 30 0.357 0 1
47 70 0.165 0 1
79 40 0.391 0 1
29 100 0.174 0 1
129 40 0.617 0 2
131 5 0.496 0 2
43 100 0.131 0 2
16 70 0.061 0 2
35 30 0.173 0 2
111 40 0.332 0 1
54 5 0.157 0 1
147 22 0.707 0 1
78 70 0.263 0 2
18 52 0.113 0 1
17 15 0.051 0 2
87 52 0.369 0 1
18 5 0.059 0 2
151 30 0.445 0 1
16 22 0.048 0 1
21 22 0.071 0 2
162 70 0.497 0 2
18 40 0.062 0 2
174 15 0.845 0 2
116 30 0.472 0 1
12 40 0.069 0 1
299 10 1.120 0 1
30 5 0.162 0 1
158 10 0.592 0 1
171 70 0.760 0 1
180 70 0.741 0 1
48 52 0.155 0 1
84 10 0.459 0 1
10 52 0.036 0 1
39 100 0.244 0 1
270 30 1.076 0 1
31 100 0.108 0 2
15 40 0.076 0 2
323 52 1.267 0 1
16 10 0.055 0 2
161 40 0.759 0 2
89 15 0.312 0 1
14 40 0.051 0 2
11 30 0.051 0 2
195 40 1.161 0 2
50 15 0.316 0 1
127 15 0.694 0 2
11 22 0.063 0 1
31 100 0.110 0 1
55 70 0.172 0 2
20 40 0.066 0 2
25 40 0.122 0 1
121 10 0.428 0 2
72 22 0.237 0 2
28 70 0.166 0 1
195 52 1.189 0 1
10 22 0.063 0 1
116 10 0.773 0 1
37 52 0.193 0 1
36 15 0.149 0 1
32 30 0.099 0 1
69 30 0.204 0 2
11 52 0.052 0 1
112 15 0.439 0 1
29 100 0.149 0 1
10 10 0.064 0 2
77 5 0.438 0 2
47 10 0.168 0 2
47 10 0.253 0 2
73 22 0.376 0 2
17 5 0.056 0 1
19 5 0.060 0 2
12 22 0.074 0 1
126 22 0.615 0 1
11 70 0.034 0 1
78 40 0.231 0 2
36 30 0.133 0 1
153 100 0.950 0 1
187 22 0.558 0 2
17 15 0.096 0 1
11 40 0.050 0 2
203 30 0.715 0 1
30 100 0.176 0 1
13 15 0.082 0 2
148 22 0.567 0 1
158 22 0.527 0 2
31 30 0.119 0 1
21 15 0.082 0 1
24 100 0.155 0 1
138 52 0.556 0 2
49 100 0.185 0 1
48 52 0.185 0 1
88 10 0.404 0 2
67 30 0.256 0 1
158 22 1.013 0 1
177 10 0.868 0 2
16 15 0.059 0 2
25 5 0.097 0 1
12 70 0.039 0 1
69 70 0.250 0 1
79 5 0.252 0 2
118 5 0.557 0 2
14 40 0.059 0 1
34 5 0.163 0 2
21 10 0.067 0 1
50 52 0.157 0 1
176 100 1.128 0 2
56 40 0.171 0 2
27 10 0.099 0 1
189 5 0.554 0 1
36 10 0.228 0 2
232 100 0.853 0 1
38 5 0.252 0 1
28 52 0.167 0 1
14 10 0.041 0 1
16 40 0.071 0 2
49 30 0.224 0 2
65 10 0.342 0 1
62 22 0.335 0 2
54 10 0.160 0 1
54 22 0.199 0 1
116 15 0.523 0 1
65 30 0.259 0 2
190 22 1.033 0 1
111 100 0.340 0 2
19 22 0.090 0 2
173 15 0.671 0 2
108 10 0.554 0 1
104 100 0.675 0 1
24 10 0.118 0 1
17 10 0.099 0 1
221 40 0.874 0 1
19 10 0.066 0 2
78 15 0.251 0 2
120 40 0.435 0 1
14 30 0.059 0 1
31 52 0.122 0 2
103 40 0.360 0 2
277 40 0.899 0 1
93 100 0.447 0 1
24 70 0.076 0 1
73 10 0.269 0 1
64 5 0.197 0 2
22 30 0.140 0 2
114 15 0.451 0 1
66 100 0.304 0 1
78 40 0.273 0 2
28 5 0.101 0 2
17 5 0.072 0 1
72 22 0.296 0 2
84 70 0.248 0 2
70 52 0.354 0 2
78 52 0.258 0 1
61 5 0.324 0 1
33 52 0.106 0 1
90 52 0.354 0 1
66 40 0.308 0 2
40 15 0.170 0 2
10 100 0.035 0 1
59 100 0.204 0 2
160 5 0.623 0 2
79 40 0.324 0 2
44 15 0.143 0 2
51 52 0.267 0 2
30 40 0.123 0 1
42 40 0.202 0 2
110 22 0.412 0 2
33 5 0.208 0 2
103 52 0.613 0 2
145 10 0.714 0 1
19 22 0.059 0 1
76 10 0.237 0 2
16 100 0.050 0 2
15 10 0.046 0 2
11 22 0.046 0 1
126 30 0.429 0 1
59 52 0.241 0 1
136 5 0.697 0 1
77 30 0.309 0 2
26 22 0.078 0 1
171 5 0.509 0 2
72 10 0.240 0 1
11 52 0.058 0 1
35 5 0.167 0 2
23 100 0.142 0 2
11 15 0.044 0 2
12 15 0.036 0 1
13 30 0.073 0 2
51 52 0.233 0 1
317 30 1.366 0 2
39 100 0.162 0 2
106 15 0.402 0 2
56 5 0.339 0 2
122 52 0.373 0 1
14 22 0.057 0 2
12 10 0.061 0 1
30 100 0.091 0 2
10 100 0.038 0 1
25 40 0.079 0 2
43 30 0.169 0 1
116 100 0.511 0 2
134 5 0.417 0 1
35 40 0.153 0 2
148 100 0.800 0 2
13 52 0.065 0 2
46 5 0.179 0 1
15 5 0.053 0 1
22 40 0.129 0 2
242 15 0.820 0 2
78 15 0.344 0 2
15 15 0.101 0 2
11 10 0.043 0 1
314 22 1.167 0 1
29 70 0.090 0 1
123 22 0.441 0 1
17 100 0.076 0 2
14 40 0.074 0 1
24 30 0.094 0 1
15 52 0.059 0 1
35 5 0.131 0 1
199 15 0.829 0 2
23 100 0.078 0 1
10 10 0.043 0 1
126 30 0.609 0 2
17 70 0.058 0 2
172 52 1.062 0 2
12 22 0.050 0 1
266 70 1.291 0 2
24 5 0.097 0 1
30 5 0.095 0 2
27 15 0.088 0 1
57 70 0.175 0 2
169 100 0.716 0 1
49 100 0.157 0 2
15 30 0.080 0 1
76 52 0.291 0 1
10 10 0.046 0 1
57 30 0.185 0 1
76 52 0.418 0 1
11 22 0.055 0 2
72 40 0.220 0 1
47 100 0.235 0 2
59 40 0.199 0 2
213 10 1.009 0 1
17 40 0.081 0 1
12 52 0.078 0 2
11 5 0.038 0 1
13 100 0.057 0 1
54 40 0.226 0 2
117 10 0.791 0 1
27 30 0.178 0 1
55 70 0.204 0 2
30 10 0.203 0 1
52 10 0.202 0 2
62 5 0.390 0 1
30 70 0.110 0 1
45 5 0.268 0 1
19 40 0.062 0 1
211 15 1.093 0 2
172 70 0.823 0 1
27 5 0.141 0 2
19 15 0.065 0 2
32 70 0.119 0 2
11 30 0.033 0 2
72 5 0.294 0 1
25 22 0.089 0 2
12 22 0.079 0 2
186 52 0.974 0 1
27 70 0.134 0 2
137 15 0.416 0 2
62 15 0.193 0 1
260 70 1.413 0 2
10 30 0.030 0 1
32 52 0.124 0 2
70 15 0.214 0 2
17 10 0.060 0 1
31 40 0.097 0 1
102 30 0.305 0 2
10 15 0.058 0 1
89 40 0.392 0 2
14 40 0.054 0 2
18 40 0.072 0 2
52 30 0.232 0 1
32 5 0.107 0 2
33 52 0.182 0 2
71 70 0.336 0 1
36 15 0.171 0 1
72 22 0.270 0 1
134 40 0.462 0 1
40 40 0.235 0 2
167 15 0.596 0 1
157 100 0.469 0 1
320 70 1.245 0 2
246 40 0.826 0 1
20 15 0.097 0 2
189 15 0.867 0 2
35 22 0.120 0 1
69 100 0.284 0 2
14 100 0.053 0 2
14 22 0.051 0 2
171 52 0.568 0 2
149 70 0.591 0 2
46 52 0.170 0 1
12 10 0.046 0 2
12 100 0.045 0 1
74 30 0.376 0 1
46 15 0.250 0 2
13 52 0.055 0 1
66 30 0.204 0 1
39 40 0.133 0 2
12 100 0.066 0 1
77 22 0.259 0 1
31 100 0.096 0 1
13 10 0.040 0 1
84 52 0.269 0 2
18 5 0.068 0 1
24 10 0.084 0 2
14 40 0.078 0 2
50 70 0.259 0 2
66 10 0.342 0 2
27 22 0.092 0 1
195 100 0.942 0 2
171 10 0.763 0 2
19 15 0.093 0 2
135 70 0.475 0 1
23 30 0.082 0 2
10 22 0.054 0 2
74 22 0.310 0 1
59 22 0.253 0 1
10 100 0.054 0 1
201 15 0.728 0 1
151 10 0.505 0 2
76 52 0.264 0 2
12 22 0.045 0 1
27 10 0.141 0 2
17 70 0.063 0 2
11 30 0.041 0 2
21 30 0.073 0 2
66 10 0.240 0 2
17 15 0.067 0 1
56 10 0.337 0 1
95 70 0.322 0 2
52 5 0.226 0 2
16 100 0.060 0 1
29 100 0.116 0 1
36 22 0.182 0 2
15 70 0.056 0 2
46 15 0.139 0 1
58 10 0.217 0 2
13 30 0.058 0 2
83 70 0.529 0 1
102 40 0.477 0 1
153 40 0.827 0 2
14 52 0.073 0 2
228 52 0.912 0 1
15 70 0.045 0 1
232 70 0.917 0 1
123 5 0.454 0 1
44 22 0.227 0 2
50 30 0.202 0 1
12 40 0.064 0 2
39 10 0.163 0 2
111 10 0.519 0 2
239 40 1.292 0 2
75 15 0.429 0 1
22 70 0.066 0 2
37 70 0.112 0 1
84 52 0.256 0 2
11 100 0.059 0 1
18 10 0.066 0 1
31 30 0.142 0 2
51 100 0.153 0 1
32 5 0.179 0 1
17 22 0.090 0 1
16 70 0.094 0 1
84 15 0.494 0 1
234 40 0.791 0 1
17 52 0.060 0 2
52 100 0.255 0 1
11 70 0.035 0 2
33 22 0.124 0 2
315 10 1.486 0 1
178 10 0.918 0 1
32 10 0.173 0 1
16 100 0.080 0 2
177 30 1.023 0 2
87 70 0.269 0 2
15 22 0.094 0 1
259 10 0.915 0 1
188 10 0.603 0 1
72 15 0.238 0 2
101 22 0.337 0 1
229 52 0.801 0 1
14 5 0.047 0 1
307 15 1.258 0 1
15 52 0.048 0 2
18 100 0.057 0 1
38 10 0.242 0 2
20 10 0.112 0 2
48 30 0.224 0 2
32 15 0.100 0 1
22 70 0.094 0 2
47 30 0.183 0 2
243 10 1.174 0 2
39 5 0.133 0 1
138 10 0.411 0 1
11 52 0.066 0 1
198 30 0.707 0 2
137 30 0.598 0 1
65 30 0.439 0 2
59 15 0.241 0 1
19 15 0.059 0 2
16 100 0.068 0 1
329 15 1.337 0 2
276 70 1.216 0 1
14 22 0.044 0 2
46 40 0.249 0 2
45 40 0.173 0 1
23 70 0.090 0 1
38 5 0.191 0 1
338 30 1.363 0 1
72 15 0.212 0 1
25 52 0.109 0 2
94 5 0.357 0 2
43 10 0.163 0 1
10 30 0.039 0 1
79 10 0.282 0 1
96 52 0.361 0 2
28 15 0.089 0 1
110 22 0.389 0 2
39 100 0.154 0 1
80 40 0.282 0 2
58 5 0.369 0 1
37 30 0.139 0 1
111 100 0.432 0 1
39 70 0.179 0 2
135 100 0.584 0 1
110 10 0.588 0 1
10 5 0.043 0 2
149 52 0.456 0 2
229 70 0.776 0 1
156 70 0.555 0 2
17 70 0.067 0 2
28 5 0.104 0 1
83 15 0.397 0 1
18 100 0.083 0 1
236 30 0.955 0 2
37 100 0.155 0 2
63 5 0.290 0 1
235 22 0.737 0 1
50 70 0.255 0 1
77 100 0.328 0 2
31 40 0.191 0 1
12 15 0.062 0 1
55 52 0.183 0 2
337 30 1.948 0 2
290 5 0.853 0 2
29 52 0.150 0 1
237 70 0.956 0 1
63 52 0.253 0 2
196 30 0.628 0 1
24 15 0.073 0 2
18 10 0.065 0 2
12 10 0.054 0 1
43 70 0.155 0 2
20 10 0.067 0 2
30 52 0.097 0 2
218 100 0.696 0 2
297 30 1.737 0 2
27 100 0.123 0 1
19 30 0.083 0 1
11 52 0.043 0 2
47 40 0.287 0 2
182 70 0.555 0 1
125 100 0.731 0 1
43 70 0.250 0 2
27 100 0.170 0 2
71 70 0.249 0 2
160 10 0.684 0 2
174 100 1.094 0 2
24 30 0.161 0 2
35 15 0.136 0 1
125 100 0.648 0 2
10 70 0.029 0 1
73 70 0.358 0 1
145 30 0.500 0 1
16 30 0.061 0 1
27 30 0.091 0 1
31 5 0.126 0 2
17 10 0.089 0 2
165 52 0.481 0 1
167 22 0.780 0 1
17 5 0.086 0 1
10 5 0.064 0 2
155 52 0.489 0 2
27 15 0.127 0 1
12 5 0.048 0 1
30 10 0.141 0 1
116 15 0.346 0 2
71 100 0.382 0 2
26 5 0.084 0 2
60 5 0.265 0 1
24 100 0.091 0 1
30 10 0.168 0 2
66 22 0.292 0 2
199 15 0.632 0 2
68 5 0.239 0 1
157 40 0.586 0 1
47 100 0.143 0 1
51 100 0.279 0 1
128 40 0.418 0 1
264 40 0.852 0 2
71 22 0.464 0 2
59 5 0.198 0 1
128 5 0.489 0 2
22 100 0.112 0 2
241 70 1.199 0 2
96 52 0.350 0 1
18 30 0.056 0 1
13 30 0.048 0 1
26 30 0.092 0 2
60 40 0.373 0 1
196 10 0.951 0 1
31 52 0.116 0 2
21 30 0.104 0 2
30 15 0.138 0 1
49 15 0.236 0 1
298 70 1.656 0 2
11 40 0.058 0 1
18 40 0.073 0 2
43 5 0.228 0 2
171 70 0.517 0 2
10 5 0.031 0 1
94 22 0.375 0 2
326 30 0.997 0 1
59 15 0.217 0 1
241 22 1.535 0 1
15 22 0.064 0 1
45 100 0.200 0 2
70 15 0.345 0 1
169 22 0.849 0 1
25 10 0.150 0 1
34 22 0.100 0 2
70 22 0.424 0 2
135 100 0.767 0 2
18 30 0.082 0 2
17 52 0.069 0 2
76 70 0.249 0 2
25 30 0.084 0 1
32 5 0.108 0 1
159 15 0.772 0 2
47 5 0.187 0 1
196 52 0.757 0 1
29 10 0.144 0 1
84 22 0.449 0 2
12 30 0.037 0 2
133 30 0.543 0 2
229 15 0.784 0 1
58 10 0.194 0 1
189 5 1.068 0 1
30 70 0.112 0 1
12 15 0.045 0 2
182 30 0.708 0 2
12 22 0.042 0 2
16 5 0.070 0 2
12 15 0.054 0 1
11 70 0.045 0 2
30 100 0.091 0 2
20 40 0.109 0 2
24 15 0.070 0 1
90 5 0.335 0 1
128 100 0.815 0 2
255 52 0.850 0 2
114 15 0.543 0 2
15 5 0.083 0 2
19 40 0.087 0 1
58 5 0.279 0 1
171 5 0.500 0 1
36 15 0.153 0 1
133 52 0.494 0 2
244 15 0.755 0 2
17 100 0.105 0 1
153 22 0.484 0 2
18 70 0.081 0 1
57 30 0.313 0 1
134 5 0.500 0 2
215 52 0.703 0 2
160 52 1.074 0 1
67 40 0.251 0 1
28 5 0.135 0 1
283 10 1.084 0 2
30 40 0.120 0 1
113 70 0.404 0 1
194 5 1.010 0 2
161 40 1.019 0 1
47 15 0.173 0 1
43 52 0.267 0 2
51 22 0.212 0 1
188 30 0.726 0 2
98 22 0.412 0 2
13 70 0.048 0 1
24 30 0.074 0 2
75 15 0.332 0 2
39 10 0.130 0 2
25 40 0.161 0 1
26 15 0.093 0 1
22 15 0.076 0 1
234 70 1.330 0 1
187 30 0.866 0 1
40 30 0.142 0 2
12 52 0.061 0 1
172 52 0.632 0 2
272 100 0.895 0 1
10 22 0.033 0 1
36 15 0.177 0 1
18 10 0.057 0 2
147 52 0.703 0 2
29 15 0.112 0 2
14 100 0.050 0 1
21 100 0.072 0 1
12 70 0.047 0 2
222 10 1.009 0 2
13 15 0.080 0 1
251 10 1.476 0 2
197 52 0.749 0 1
23 10 0.130 0 2
54 22 0.335 0 2
49 22 0.259 0 1
44 40 0.288 0 2
21 70 0.128 0 1
24 5 0.085 0 1
35 15 0.194 0 2
190 15 0.725 0 2
15 15 0.059 0 2
49 52 0.312 0 2
100 70 0.442 0 1
50 40 0.282 0 2
110 10 0.651 0 1
26 30 0.104 0 2
17 52 0.099 0 2
284 5 1.056 0 1
24 52 0.081 0 1
225 100 0.676 0 1
32 70 0.213 0 1
27 10 0.121 0 1
11 100 0.053 0 1
206 10 0.928 0 2
86 5 0.309 0 2
21 70 0.098 0 1
39 40 0.167 0 1
18 52 0.118 0 2
33 100 0.131 0 2
78 52 0.318 0 1
19 40 0.086 0 1
119 5 0.708 0 1
23 52 0.073 0 1
11 70 0.036 0 1
16 15 0.048 0 2
119 52 0.459 0 1
183 15 0.924 0 2
53 40 0.265 0 2
11 30 0.033 0 2
34 5 0.117 0 2
84 10 0.254 0 1
129 10 0.508 0 1
334 10 1.358 0 1
29 22 0.100 0 2
213 5 1.065 0 2
194 52 0.597 0 1
28 70 0.101 0 2
17 22 0.076 0 1
46 40 0.182 0 1
28 70 0.118 0 1
67 15 0.240 0 1
133 70 0.463 0 2
11 15 0.046 0 1
48 52 0.253 0 2
27 52 0.090 0 1
281 100 0.934 0 1
31 40 0.183 0 1
58 70 0.347 0 2
58 5 0.294 0 1
168 10 0.743 0 2
37 100 0.116 0 2
143 70 0.540 0 2
262 15 1.560 0 1
154 15 0.811 0 2
188 30 0.870 0 2
21 5 0.086 0 2
115 15 0.516 0 2
96 30 0.393 0 1
61 15 0.258 0 2
51 100 0.203 0 1
57 52 0.291 0 2
11 52 0.062 0 1
11 5 0.033 0 2
16 70 0.053 0 1
194 5 1.000 0 2
72 22 0.389 0 2
59 70 0.223 0 2
48 100 0.190 0 1
131 22 0.720 0 2
57 40 0.177 0 1
87 15 0.333 0 2
194 70 0.836 0 2
337 22 1.446 0 1
177 10 0.714 0 2
136 70 0.814 0 1
24 30 0.090 1 0
141 70 0.815 1 0
23 52 0.075 1 2
90 15 0.320 1 0
19 40 0.062 1 0
27 10 0.155 1 0
12 30 0.048 1 2
66 30 0.199 1 0
13 15 0.065 1 0
32 40 0.119 1 0
59 100 0.322 1 0
53 10 0.247 1 2
14 10 0.049 1 0
45 10 0.250 1 0
326 52 1.743 1 2
182 10 0.682 1 0
36 10 0.189 1 2
15 22 0.059 1 0
92 15 0.303 1 0
83 5 0.297 1 0
122 52 0.508 1 0
18 30 0.063 1 2
123 22 0.393 1 2
24 30 0.144 1 0
32 15 0.095 1 0
73 40 0.410 1 0
10 70 0.039 1 0
11 100 0.055 1 0
37 70 0.113 1 0
114 10 0.437 1 2
246 10 1.021 1 0
79 5 0.268 1 0
77 52 0.243 1 2
41 10 0.246 1 0
77 52 0.425 1 0
57 52 0.218 1 0
160 40 0.758 1 0
106 15 0.434 1 2
70 100 0.214 1 0
63 22 0.212 1 0
13 30 0.076 1 2
228 52 1.481 1 0
33 70 0.107 1 0
74 100 0.341 1 0
59 52 0.208 1 0
38 5 0.188 1 0
87 10 0.278 1 0
164 22 0.567 1 0
75 70 0.272 1 0
18 22 0.056 1 2
142 30 0.495 1 0
240 30 0.734 1 0
50 10 0.298 1 0
75 15 0.342 1 0
73 30 0.236 1 0
268 30 1.396 1 0
18 70 0.072 1 0
68 70 0.204 1 0
11 22 0.062 1 2
134 100 0.402 1 2
31 30 0.146 1 0
74 40 0.435 1 0
70 30 0.214 1 2
19 10 0.061 1 2
65 100 0.213 1 0
11 52 0.061 1 0
12 22 0.079 1 0
295 15 1.277 1 2
54 10 0.208 1 0
31 52 0.110 1 0
218 40 0.636 1 0
15 30 0.044 1 0
106 22 0.679 1 2
58 10 0.199 1 0
77 40 0.414 1 0
97 15 0.394 1 0
142 15 0.464 1 0
41 100 0.172 1 2
37 52 0.121 1 0
18 100 0.057 1 0
130 5 0.769 1 0
28 10 0.082 1 0
233 5 0.761 1 0
19 70 0.066 1 0
53 30 0.261 1 0
19 52 0.093 1 0
47 40 0.144 1 0
30 15 0.170 1 0
18 70 0.107 1 0
169 52 0.597 1 0
19 15 0.069 1 0
195 100 1.182 1 2
63 10 0.275 1 0
116 22 0.634 1 0
66 40 0.222 1 0
60 52 0.269 1 0
73 5 0.213 1 0
168 15 0.908 1 0
165 30 0.581 1 0
62 5 0.237 1 0
18 40 0.061 1 0
53 100 0.220 1 2
16 70 0.059 1 2
17 30 0.076 1 2
34 15 0.146 1 0
93 10 0.567 1 0
167 22 1.044 1 0
14 100 0.054 1 0
115 30 0.742 1 0
81 15 0.375 1 0
24 70 0.093 1 0
221 22 0.786 1 0
98 15 0.439 1 0
189 40 0.708 1 2
38 40 0.248 1 2
34 10 0.102 1 0
28 52 0.118 1 0
137 30 0.488 1 0
338 30 1.587 1 0
44 22 0.208 1 2
63 15 0.256 1 2
339 52 1.090 1 0
34 10 0.186 1 0
45 15 0.162 1 0
12 30 0.067 1 0
18 5 0.056 1 0
194 15 0.792 1 0
33 100 0.170 1 0
206 22 0.862 1 0
39 10 0.124 1 0
38 5 0.128 1 0
68 5 0.212 1 2
79 5 0.405 1 2
107 52 0.312 1 0
19 15 0.095 1 0
41 10 0.144 1 0
13 40 0.079 1 2
54 70 0.233 1 0
122 5 0.607 1 0
28 52 0.149 1 0
18 5 0.100 1 0
73 15 0.225 1 0
136 22 0.432 1 2
19 30 0.128 1 0
41 40 0.165 1 0
34 100 0.108 1 0
69 100 0.218 1 0
53 10 0.203 1 0
292 10 1.090 1 0
33 22 0.131 1 0
42 40 0.125 1 2
12 30 0.038 1 0
10 52 0.035 1 2
333 30 1.673 1 0
11 52 0.064 1 0
150 52 0.528 1 2
19 5 0.064 1 0
19 15 0.064 1 2
171 100 0.528 1 0
50 40 0.198 1 0
25 100 0.088 1 0
16 52 0.059 1 2
31 52 0.130 1 2
11 70 0.040 1 0
104 15 0.584 1 0
72 5 0.385 1 0
117 40 0.765 1 2
57 15 0.171 1 2
25 15 0.100 1 0
27 15 0.084 1 0
191 100 0.654 1 0
11 15 0.041 1 2
30 5 0.091 1 2
333 30 1.133 1 2
14 10 0.050 1 2
10 100 0.062 1 0
59 100 0.260 1 0
16 70 0.053 1 0
16 30 0.086 1 2
37 100 0.119 1 0
122 100 0.674 1 2
259 100 0.858 1 0
143 10 0.722 1 0
21 30 0.083 1 0
26 100 0.104 1 2
90 22 0.284 1 2
14 5 0.062 1 0
66 15 0.249 1 2
14 30 0.050 1 0
47 70 0.146 1 0
32 100 0.131 1 2
89 30 0.344 1 2
28 10 0.112 1 0
83 30 0.480 1 0
195 22 0.739 1 0
86 100 0.314 1 0
25 10 0.073 1 0
132 15 0.698 1 0
113 30 0.395 1 0
191 70 0.918 1 0
124 30 0.821 1 2
64 52 0.424 1 0
135 10 0.900 1 0
14 52 0.080 1 0
143 5 0.467 1 2
218 30 0.820 1 2
11 70 0.065 1 0
34 30 0.119 1 2
35 40 0.114 1 0
61 52 0.379 1 0
14 15 0.059 1 0
105 40 0.318 1 0
92 5 0.282 1 2
18 100 0.074 1 0
124 5 0.602 1 2
29 15 0.090 1 0
70 10 0.357 1 0
26 10 0.087 1 0
17 70 0.056 1 2
19 22 0.057 1 2
186 40 0.562 1 0
88 22 0.294 1 0
24 10 0.074 1 2
18 40 0.054 1 2
74 5 0.236 1 0
11 30 0.046 1 0
23 30 0.077 1 0
36 40 0.198 1 0
59 5 0.236 1 2
279 40 1.492 1 0
15 100 0.074 1 0
39 5 0.143 1 2
10 70 0.050 1 0
77 40 0.312 1 2
10 10 0.042 1 0
38 70 0.170 1 2
215 10 1.044 1 2
19 5 0.081 1 0
27 10 0.105 1 0
67 10 0.253 1 0
18 22 0.063 1 2
47 40 0.140 1 0
13 15 0.051 1 2
114 100 0.502 1 0
181 22 0.804 1 0
22 30 0.113 1 0
65 52 0.281 1 0
14 100 0.045 1 2
125 22 0.473 1 0
16 15 0.083 1 0
164 40 0.828 1 0
17 10 0.098 1 0
11 22 0.033 1 2
23 40 0.088 1 0
104 52 0.642 1 0
14 30 0.084 1 2
31 15 0.099 1 0
32 52 0.105 1 0
155 100 0.838 1 2
90 100 0.604 1 2
44 15 0.150 1 2
17 52 0.059 1 0
63 30 0.185 1 0
30 5 0.174 1 0
291 40 1.000 1 0
54 52 0.171 1 2
10 15 0.053 1 2
27 70 0.103 1 2
89 22 0.352 1 0
45 10 0.175 1 2
79 52 0.293 1 2
16 5 0.072 1 0
182 10 0.672 1 0
66 22 0.322 1 0
71 10 0.449 1 0
173 40 0.844 1 0
180 100 0.952 1 2
151 70 0.465 1 2
171 5 0.924 1 0
42 15 0.173 1 0
198 30 0.649 1 0
115 5 0.408 1 0
67 15 0.212 1 2
197 5 0.817 1 0
77 100 0.370 1 0
64 5 0.223 1 0
15 5 0.044 1 2
18 5 0.081 1 0
113 52 0.347 1 2
178 15 0.647 1 2
15 30 0.046 1 0
267 30 1.768 1 0
27 10 0.124 1 0
297 10 1.778 1 2
18 70 0.113 1 0
18 5 0.113 1 0
76 70 0.400 1 0
150 70 0.852 1 0
56 15 0.201 1 2
115 22 0.350 1 2
12 40 0.049 1 2
136 70 0.417 1 0
13 10 0.052 1 2
131 100 0.697 1 2
18 100 0.103 1 0
71 100 0.259 1 0
81 52 0.261 1 0
81 22 0.316 1 2
264 5 1.772 1 0
40 30 0.270 1 0
70 10 0.250 1 2
52 22 0.252 1 2
54 100 0.224 1 0
42 15 0.278 1 2
21 15 0.070 1 0
12 10 0.061 1 0
25 5 0.158 1 0
22 10 0.115 1 0
28 10 0.139 1 0
53 40 0.255 1 2
23 5 0.104 1 2
20 40 0.063 1 0
16 70 0.087 1 0
31 100 0.195 1 0
69 70 0.314 1 2
11 15 0.048 1 2
14 40 0.077 1 0
44 15 0.154 1 0
71 22 0.215 1 2
89 5 0.578 1 0
14 40 0.062 1 0
35 30 0.160 1 0
206 15 0.720 1 0
34 15 0.138 1 0
38 70 0.168 1 2
57 100 0.232 1 2
142 10 0.877 1 0
34 15 0.207 1 2
77 10 0.344 1 0
159 70 0.550 1 0
35 70 0.230 1 0
34 22 0.139 1 2
30 10 0.201 1 2
65 10 0.425 1 0
36 70 0.120 1 0
13 40 0.046 1 2
19 15 0.056 1 0
47 40 0.162 1 0
13 70 0.070 1 0
23 52 0.143 1 0
16 100 0.078 1 0
149 22 0.856 1 0
32 52 0.162 1 2
174 52 0.845 1 0
24 100 0.075 1 2
46 70 0.140 1 2
52 30 0.171 1 0
30 52 0.155 1 0
159 100 0.526 1 0
42 5 0.157 1 0
121 30 0.611 1 0
14 100 0.053 1 0
27 5 0.079 1 2
145 70 0.873 1 2
20 5 0.076 1 2
294 100 0.936 1 0
20 15 0.087 1 0
113 10 0.589 1 0
13 70 0.069 1 0
36 40 0.153 1 0
12 5 0.065 1 0
16 100 0.077 1 2
35 22 0.107 1 2
61 30 0.183 1 2
24 15 0.110 1 2
252 5 0.872 1 0
25 70 0.093 1 0
26 30 0.169 1 0
66 22 0.194 1 0
162 22 0.648 1 0
30 70 0.109 1 0
31 22 0.203 1 0
25 10 0.104 1 2
80 5 0.236 1 2
12 100 0.075 1 0
29 10 0.180 1 0
16 40 0.059 1 2
52 5 0.292 1 0
160 52 0.571 1 0
22 22 0.064 1 2
10 30 0.032 1 2
13 40 0.052 1 0
38 15 0.147 1 2
22 5 0.083 1 0
21 30 0.083 1 2
10 40 0.049 1 0
290 40 0.929 1 2
18 5 0.069 1 0
25 70 0.152 1 0
14 30 0.082 1 0
19 100 0.097 1 0
94 15 0.276 1 2
229 15 1.547 1 0
200 5 0.909 1 0
125 52 0.694 1 0
10 22 0.059 1 0
17 52 0.070 1 2
46 15 0.158 1 2
34 10 0.139 1 2
169 70 0.645 1 2
91 30 0.503 1 0
45 5 0.147 1 0
99 22 0.550 1 0
235 40 0.883 1 2
19 40 0.094 1 2
318 52 1.606 1 0
46 30 0.135 1 0
186 10 0.653 1 0
65 10 0.328 1 2
48 10 0.159 1 0
34 30 0.137 1 0
16 15 0.050 1 0
16 70 0.059 1 0
170 52 0.863 1 2
13 15 0.039 1 2
118 40 0.490 1 0
22 5 0.125 1 2
13 22 0.067 1 0
241 22 0.803 1 2
58 100 0.230 1 0
142 40 0.640 1 2
75 30 0.283 1 0
30 100 0.137 1 2
300 30 1.079 1 0
117 15 0.350 1 2
234 52 1.004 1 2
12 70 0.070 1 2
21 70 0.085 1 0
107 22 0.375 1 0
122 52 0.526 1 0
45 40 0.141 1 0
136 30 0.850 1 0
135 30 0.678 1 0
14 52 0.077 1 0
46 5 0.185 1 0
26 40 0.084 1 0
89 70 0.335 1 2
302 22 0.929 1 0
167 52 0.559 1 2
42 30 0.212 1 2
302 10 0.915 1 0
17 52 0.058 1 0
329 70 1.237 1 2
14 30 0.065 1 2
198 40 1.094 1 0
63 15 0.252 1 0
10 22 0.034 1 0
34 52 0.115 1 2
34 52 0.155 1 0
125 100 0.661 1 0
35 22 0.148 1 0
186 10 0.637 1 0
193 40 0.769 1 0
42 22 0.160 1 0
12 10 0.057 1 0
38 10 0.142 1 0
161 70 0.660 1 0
48 52 0.153 1 2
60 100 0.209 1 2
53 100 0.161 1 2
187 70 0.555 1 0
28 52 0.137 1 0
15 22 0.095 1 2
14 5 0.061 1 2
22 5 0.088 1 0
35 15 0.123 1 2
17 70 0.075 1 0
66 15 0.307 1 0
26 15 0.118 1 0
11 30 0.067 1 2
14 5 0.092 1 0
136 40 0.571 1 0
53 30 0.214 1 0
159 40 0.878 1 0
34 70 0.158 1 0
42 22 0.235 1 0
338 30 1.878 1 0
16 10 0.047 1 2
78 22 0.517 1 2
165 5 1.100 1 2
20 5 0.082 1 2
53 52 0.179 1 0
68 70 0.422 1 0
17 40 0.087 1 0
13 15 0.039 1 0
209 70 0.699 1 2
158 10 0.653 1 2
33 52 0.143 1 0
136 22 0.756 1 0
34 5 0.104 1 0
31 22 0.139 1 0
78 40 0.503 1 2
29 70 0.100 1 0
74 10 0.239 1 0
79 52 0.351 1 0
17 5 0.059 1 0
217 22 0.973 1 2
38 10 0.164 1 0
69 22 0.227 1 0
35 30 0.119 1 0
38 52 0.154 1 2
85 70 0.252 1 0
10 5 0.037 1 0
26 15 0.139 1 0
137 5 0.830 1 0
18 5 0.083 1 2
48 15 0.220 1 0
47 10 0.169 1 0
32 5 0.127 1 2
25 30 0.088 1 2
12 100 0.063 1 0
23 22 0.078 1 0
16 52 0.055 1 0
160 30 0.870 1 2
184 30 0.708 1 2
18 70 0.112 1 0
10 70 0.037 1 0
18 30 0.076 1 2
21 22 0.086 1 0
123 15 0.446 1 0
59 40 0.396 1 0
34 15 0.191 1 0
25 22 0.102 1 0
19 70 0.072 1 2
119 52 0.444 1 2
60 70 0.275 1 0
19 70 0.075 1 0
52 52 0.331 1 0
51 52 0.248 1 0
132 10 0.657 1 2
15 22 0.050 1 0
146 40 0.451 1 2
60 22 0.203 1 0
15 100 0.050 1 0
13 70 0.063 1 0
10 22 0.067 1 0
78 52 0.510 1 0
95 52 0.385 1 0
132 70 0.530 1 0
111 10 0.594 1 0
196 10 0.669 1 2
158 15 0.640 1 0
33 40 0.140 1 2
42 22 0.195 1 0
10 5 0.035 1 2
331 40 1.799 1 0
28 5 0.133 1 2
52 70 0.163 1 0
12 70 0.070 1 0
196 10 0.641 1 2
136 30 0.607 1 0
74 100 0.435 1 0
65 22 0.217 1 0
14 5 0.044 1 0
14 10 0.043 1 0
31 30 0.111 1 0
10 40 0.043 1 0
47 70 0.292 1 0
13 40 0.077 1 2
153 30 0.630 1 0
17 30 0.113 1 0
52 5 0.168 1 0
115 40 0.714 1 2
10 52 0.054 1 0
50 52 0.197 1 0
11 100 0.041 1 2
15 22 0.053 1 0
18 52 0.056 1 0
26 10 0.111 1 2
31 70 0.123 1 0
23 70 0.068 1 0
39 40 0.148 1 2
48 15 0.150 1 0
47 100 0.307 1 2
34 22 0.170 1 2
47 22 0.194 1 0
11 70 0.051 1 0
33 22 0.115 1 0
29 30 0.102 1 2
106 10 0.616 1 2
120 30 0.706 1 0
149 5 0.463 1 0
35 70 0.137 1 2
21 52 0.086 1 0
35 40 0.224 1 0
143 70 0.577 1 0
170 30 0.924 1 0
18 52 0.065 1 0
214 100 0.884 1 0
77 70 0.277 1 2
208 70 0.791 1 2
24 22 0.085 1 0
73 10 0.372 1 2
166 40 0.994 1 0
18 70 0.099 1 0
34 52 0.117 1 0
42 10 0.210 1 0
56 70 0.331 1 2
20 52 0.109 1 2
38 52 0.134 1 0
132 5 0.597 1 0
13 100 0.039 1 2
86 15 0.340 1 2
35 40 0.172 1 2
18 5 0.110 1 0
29 30 0.090 1 2
175 5 0.748 1 0
15 70 0.067 1 0
139 52 0.491 1 0
234 15 0.692 1 0
70 22 0.231 1 2
16 70 0.078 1 0
57 10 0.315 1 0
63 40 0.201 1 0
38 40 0.217 1 0
53 100 0.165 1 2
99 15 0.298 1 0
39 52 0.118 1 0
36 100 0.114 1 0
14 5 0.048 1 2
10 40 0.036 1 2
37 10 0.184 1 0
15 15 0.082 1 0
10 100 0.048 1 2
203 52 0.623 1 0
18 30 0.072 1 2
15 100 0.056 1 2
40 52 0.214 1 2
49 52 0.249 1 0
58 30 0.347 1 0
18 100 0.067 1 2
132 100 0.502 1 0
36 100 0.135 1 0
188 15 0.887 1 0
20 70 0.076 1 2
158 40 0.566 1 0
21 5 0.080 1 2
135 40 0.513 1 0
37 30 0.162 1 2
180 10 0.531 1 2
56 52 0.265 1 0
64 30 0.243 1 2
148 52 0.855 1 0
79 30 0.245 1 0
47 30 0.193 1 0
28 70 0.132 1 0
210 70 1.111 1 0
25 5 0.160 1 2
32 52 0.205 1 2
26 70 0.098 1 0
56 22 0.214 1 0
274 22 1.305 1 0
43 30 0.170 1 0
10 10 0.034 1 0
66 70 0.218 1 0
28 5 0.185 1 0
190 52 0.557 1 0
54 52 0.215 1 0
178 52 0.682 1 2
36 10 0.134 1 0
56 100 0.175 1 0
151 15 0.444 1 2
50 10 0.201 1 0
27 5 0.088 1 2
15 15 0.059 1 2
33 30 0.162 1 0
13 10 0.079 1 0
285 40 1.154 1 0
74 40 0.440 1 2
69 40 0.246 1 2
66 70 0.332 1 2
39 40 0.125 1 0
53 100 0.159 1 0
15 22 0.048 1 0
44 100 0.151 1 2
19 40 0.107 1 0
55 70 0.196 1 0
10 52 0.037 1 2
26 22 0.114 1 0
77 40 0.416 1 0
50 30 0.168 1 0
69 15 0.329 1 2
18 30 0.099 1 2
74 10 0.398 1 0
35 70 0.172 1 0
67 40 0.196 1 2
23 52 0.079 1 2
11 22 0.064 1 0
214 10 0.723 1 0
29 22 0.115 1 2
126 70 0.612 1 0
20 100 0.060 1 0
32 40 0.112 1 0
38 5 0.119 1 0
76 40 0.249 1 0
17 52 0.074 1 0
34 30 0.164 1 2
192 5 0.932 1 0
18 5 0.057 1 0
16 10 0.083 1 2
22 40 0.089 1 0
36 70 0.136 1 0
18 70 0.070 1 0
192 5 0.587 1 0
168 15 0.700 1 0
39 15 0.126 1 0
117 22 0.341 1 2
15 30 0.048 1 2
13 22 0.047 1 0
23 22 0.096 1 0
65 15 0.238 1 0
17 100 0.094 1 2
19 5 0.118 1 0
19 100 0.071 1 2
59 30 0.267 1 0
46 10 0.167 1 0
161 30 0.856 1 2
17 100 0.099 1 0
247 15 0.733 1 0
73 100 0.240 1 0
12 100 0.041 1 0
241 22 1.443 1 2
87 10 0.370 1 0
13 100 0.060 1 2
76 70 0.322 1 0
181 10 0.896 1 0
44 22 0.203 1 0
17 100 0.070 1 2
10 30 0.035 1 0
13 22 0.041 1 0
100 100 0.356 1 2
140 5 0.498 1 2
30 15 0.169 1 0
120 40 0.420 1 0
26 100 0.146 1 2
47 22 0.199 1 0
62 5 0.197 1 0
84 52 0.377 1 0
38 70 0.117 1 2
130 22 0.756 1 2
152 100 0.772 1 0
31 10 0.116 1 0
54 70 0.269 1 0
10 40 0.029 1 0
109 5 0.359 1 2
30 30 0.096 1 0
51 40 0.150 1 2
147 22 0.774 1 2
37 30 0.176 1 0
104 30 0.568 1 0
41 15 0.191 1 0
38 5 0.118 1 0
23 15 0.081 1 2
13 30 0.083 1 0
227 70 1.367 1 0
61 30 0.181 1 0
53 40 0.216 1 0
44 22 0.141 1 2
51 40 0.159 1 0
323 5 1.013 1 0
33 30 0.195 1 2
75 15 0.242 1 0
56 40 0.194 1 2
252 30 1.605 1 0
73 40 0.317 1 2
68 30 0.301 1 0
14 52 0.064 1 0
19 52 0.062 1 0
54 30 0.241 1 0
289 100 1.194 1 0
43 40 0.129 1 0
70 5 0.293 1 2
143 70 0.493 1 2
237 22 0.915 1 0
18 22 0.058 1 0
35 52 0.220 1 2
111 30 0.740 1 0
39 22 0.198 1 0
135 52 0.472 1 2
76 22 0.357 1 0
15 100 0.046 1 0
163 5 1.045 1 0
237 40 0.695 1 2
15 52 0.047 1 0
22 100 0.081 1 0
42 40 0.140 1 0
162 5 0.479 1 2
38 30 0.117 1 2
75 52 0.387 1 0
28 5 0.085 1 0
39 15 0.159 1 0
21 40 0.064 1 2
205 70 0.659 1 0
221 10 1.249 1 0
18 30 0.093 1 2
15 5 0.044 1 0
155 10 0.515 1 0
260 100 0.807 1 0
79 100 0.467 1 0
65 40 0.351 1 0
25 70 0.156 1 0
25 10 0.110 1 0
22 22 0.097 1 2
275 70 1.741 1 0
19 15 0.086 1 0
13 22 0.041 1 0
52 70 0.166 1 0
18 10 0.094 1 0
114 22 0.458 1 0
74 40 0.261 1 0
53 22 0.229 1 2
139 5 0.409 1 0
28 100 0.167 1 2
39 40 0.181 1 0
11 70 0.059 1 0
150 30 0.852 1 0
11 15 0.069 1 0
112 100 0.432 1 0
68 15 0.340 1 0
14 100 0.047 1 0
41 22 0.151 1 2
143 15 0.421 1 2
57 30 0.365 1 0
20 5 0.109 1 0
13 10 0.050 1 0
158 52 0.672 1 2
17 10 0.051 1 0
140 15 0.741 1 0
55 52 0.167 1 0
20 30 0.073 1 0
23 5 0.110 1 0
135 10 0.668 1 0
77 30 0.263 1 2
47 70 0.143 1 2
35 5 0.183 1 0
229 40 1.174 1 2
168 70 0.908 1 0
23 40 0.126 1 0
12 5 0.046 1 0
15 52 0.084 1 0
62 15 0.348 1 0
12 22 0.050 1 0
86 30 0.341 1 0
65 52 0.261 1 0
18 70 0.058 1 0
11 70 0.041 1 0
45 30 0.164 1 0
120 100 0.674 1 2
91 15 0.555 1 0
199 70 0.934 1 2
11 70 0.040 1 0
35 40 0.132 1 0
41 52 0.120 1 2
138 30 0.873 1 0
11 5 0.045 1 0
20 70 0.110 1 2
18 52 0.055 1 0
121 5 0.630 1 2
323 52 1.815 1 2
46 22 0.179 1 0
93 10 0.608 1 2
23 5 0.072 1 2
131 100 0.470 1 0
61 10 0.191 1 0
36 5 0.160 1 0
112 22 0.552 1 0
84 30 0.271 1 0
43 10 0.210 1 0
12 30 0.036 1 0
171 70 0.743 1 0
65 5 0.232 1 0
102 30 0.338 1 0
10 52 0.030 1 0
77 30 0.309 1 0
16 40 0.107 1 0
13 40 0.047 1 0
71 100 0.267 1 2
16 10 0.057 1 0
99 22 0.314 1 2
170 5 0.625 1 0
179 22 1.011 1 2
100 5 0.667 1 2
157 30 0.633 1 0
27 15 0.156 1 2
39 30 0.165 1 0
23 5 0.076 1 0
23 10 0.083 1 0
33 100 0.201 1 0
15 30 0.073 1 0
254 30 0.855 1 0
19 15 0.101 1 0
20 100 0.114 1 0
25 22 0.102 1 0
183 5 0.910 1 0
216 30 1.180 1 0
107 40 0.525 1 0
60 30 0.267 1 0
93 52 0.277 1 2
18 30 0.079 1 2
40 100 0.170 1 0
55 10 0.359 1 0
22 30 0.101 1 0
84 15 0.560 1 0
209 52 0.615 1 0
52 15 0.170 1 0
29 10 0.155 1 0
131 52 0.780 1 0
11 70 0.036 1 0
76 70 0.341 1 0
79 10 0.237 1 0
217 5 0.707 1 0
18 70 0.059 1 0
18 5 0.058 1 0
28 52 0.126 1 0
311 22 1.307 1 0
181 52 0.780 1 0
169 15 0.617 1 0
247 100 0.729 1 0
28 100 0.089 1 2
13 5 0.076 1 0
197 30 1.101 1 2
67 40 0.243 1 0
16 30 0.053 1 0
95 70 0.321 1 0
43 22 0.283 1 0
39 22 0.234 1 2
32 70 0.139 1 0
182 30 0.762 1 0
37 10 0.116 1 0
144 52 0.941 1 2
26 10 0.138 1 0
92 30 0.323 1 0
56 22 0.251 1 0
13 5 0.059 1 0
11 70 0.051 1 2
46 5 0.293 1 0
220 22 1.106 1 0
12 40 0.041 1 0
37 40 0.186 1 0
18 100 0.075 1 0
44 52 0.180 1 0
31 52 0.165 1 0
136 70 0.402 1 0
16 52 0.059 1 0
135 15 0.425 1 2
58 15 0.235 1 0
131 30 0.562 1 0
12 30 0.061 1 0
30 22 0.181 1 0
26 22 0.140 1 0
74 10 0.411 1 0
24 70 0.105 1 0
84 5 0.280 1 0
137 70 0.665 1 0
158 52 0.596 1 0
21 52 0.089 1 0
31 15 0.110 1 0
119 5 0.730 1 2
23 52 0.069 1 0
10 70 0.052 1 0
69 22 0.208 1 0
52 22 0.200 1 0
11 52 0.052 1 0
158 10 0.552 1 2
192 5 0.634 1 2
11 70 0.040 1 2
58 22 0.356 1 0
36 52 0.147 1 0
33 22 0.144 1 2
17 22 0.114 1 2
53 40 0.159 1 0
113 70 0.498 1 2
20 100 0.067 1 0
10 70 0.035 1 0
111 30 0.331 1 2
15 22 0.044 1 0
16 100 0.065 1 0
21 22 0.100 1 0
183 22 0.750 1 2
143 100 0.486 1 2
55 22 0.163 1 2
105 52 0.593 1 0
17 22 0.067 1 0
40 10 0.154 1 0
285 52 0.872 1 2
79 5 0.376 1 0
35 10 0.235 1 0
68 22 0.267 1 0
18 10 0.061 1 0
33 100 0.119 1 0
194 5 0.591 1 0
55 22 0.180 1 0
103 40 0.624 1 0
147 100 0.795 1 0
52 30 0.302 1 2
30 10 0.169 1 0
15 40 0.050 1 2
29 52 0.129 1 0
55 100 0.253 1 0
24 100 0.074 1 2
42 40 0.273 1 0
65 100 0.293 1 0
81 70 0.455 1 0
19 22 0.068 1 0
60 40 0.271 1 0
16 100 0.102 1 2
37 15 0.183 1 2
49 40 0.189 1 2
22 40 0.138 1 0
13 40 0.052 1 0
61 15 0.394 1 0
15 10 0.054 1 2
63 100 0.203 1 0
11 40 0.059 1 2
11 15 0.057 1 2
37 5 0.109 1 2
38 70 0.204 1 0
11 40 0.037 1 2
94 22 0.503 1 0
43 30 0.194 1 2
77 22 0.240 1 0
75 22 0.472 1 0
30 5 0.149 1 0
19 52 0.100 1 0
30 15 0.203 1 0
28 100 0.174 1 0
17 40 0.054 1 0
21 52 0.090 1 2
37 15 0.236 1 0
15 30 0.054 1 0
107 30 0.354 1 0
147 22 0.642 1 2
66 52 0.369 1 0
36 5 0.176 1 2
69 15 0.230 1 0
260 10 0.785 1 0
152 15 0.521 1 0
11 10 0.035 1 0
18 22 0.056 1 0
34 70 0.148 1 0
67 70 0.279 1 0
282 5 1.855 1 0
17 5 0.070 1 0
13 5 0.040 1 2
32 100 0.198 1 2
179 70 0.653 1 0
85 40 0.324 1 2
281 40 1.801 1 2
165 40 0.642 2 0
15 22 0.055 2 0
173 40 1.116 2 1
22 52 0.081 2 0
192 70 0.630 2 0
60 100 0.323 2 1
113 30 0.411 2 1
72 22 0.248 2 0
11 100 0.051 2 0
48 30 0.218 2 0
35 70 0.162 2 0
76 52 0.239 2 1
339 15 1.436 2 0
20 52 0.092 2 0
10 40 0.035 2 1
47 100 0.145 2 0
339 15 1.097 2 0
66 40 0.249 2 0
64 22 0.281 2 0
29 52 0.120 2 0
78 10 0.236 2 0
11 5 0.051 2 0
33 40 0.116 2 0
59 40 0.182 2 0
16 100 0.101 2 0
24 22 0.084 2 0
44 15 0.146 2 0
13 52 0.057 2 1
54 70 0.247 2 0
126 52 0.417 2 1
11 100 0.034 2 0
291 10 1.399 2 0
20 15 0.076 2 0
35 70 0.220 2 1
12 100 0.079 2 0
17 52 0.053 2 1
10 70 0.050 2 0
23 15 0.083 2 0
186 22 0.657 2 0
16 5 0.048 2 0
16 22 0.059 2 0
13 22 0.043 2 0
57 22 0.184 2 1
46 40 0.192 2 0
28 40 0.140 2 1
302 30 1.045 2 1
29 40 0.186 2 0
29 10 0.107 2 1
147 15 0.507 2 0
49 10 0.149 2 0
10 100 0.034 2 0
80 15 0.485 2 0
14 15 0.074 2 0
19 22 0.066 2 0
12 5 0.063 2 0
251 52 1.494 2 1
53 10 0.321 2 0
26 40 0.151 2 0
24 22 0.073 2 0
212 70 0.665 2 0
16 100 0.106 2 0
39 30 0.122 2 1
14 30 0.066 2 0
70 5 0.271 2 1
69 52 0.229 2 1
49 10 0.149 2 0
141 100 0.526 2 0
72 100 0.456 2 1
39 15 0.220 2 0
68 70 0.202 2 0
184 40 0.889 2 1
43 52 0.259 2 1
48 52 0.188 2 0
75 22 0.302 2 0
15 30 0.047 2 0
46 40 0.184 2 0
66 10 0.251 2 0
12 22 0.057 2 0
141 5 0.608 2 0
135 30 0.480 2 0
67 10 0.220 2 1
27 52 0.113 2 0
47 10 0.241 2 0
185 30 0.725 2 0
83 40 0.349 2 0
16 100 0.082 2 0
42 22 0.127 2 0
90 5 0.323 2 0
41 5 0.165 2 0
25 100 0.087 2 0
82 100 0.252 2 1
147 30 0.891 2 1
43 70 0.183 2 0
40 15 0.161 2 0
112 100 0.345 2 1
20 15 0.106 2 0
18 100 0.118 2 1
19 70 0.059 2 0
35 52 0.172 2 1
59 15 0.207 2 1
31 30 0.096 2 1
18 22 0.054 2 0
14 15 0.054 2 0
63 30 0.197 2 0
58 15 0.233 2 0
173 30 0.790 2 0
39 5 0.185 2 0
20 70 0.081 2 0
92 70 0.369 2 1
134 52 0.876 2 0
30 70 0.122 2 1
29 30 0.110 2 0
147 10 0.549 2 1
198 22 1.131 2 0
11 22 0.048 2 0
21 5 0.126 2 0
50 22 0.289 2 1
13 70 0.051 2 0
15 15 0.047 2 0
23 10 0.072 2 0
120 22 0.670 2 0
14 52 0.047 2 0
72 5 0.253 2 0
65 100 0.248 2 0
14 15 0.054 2 0
75 100 0.481 2 0
18 30 0.061 2 0
74 100 0.423 2 0
51 15 0.162 2 1
54 10 0.342 2 0
11 15 0.033 2 0
26 40 0.135 2 0
60 52 0.312 2 1
333 10 1.593 2 1
72 5 0.306 2 0
14 40 0.052 2 1
17 70 0.055 2 0
29 100 0.092 2 0
187 15 0.748 2 1
128 30 0.418 2 0
17 10 0.056 2 0
25 10 0.162 2 1
272 70 0.895 2 0
30 22 0.150 2 1
48 22 0.177 2 1
145 40 0.644 2 0
186 100 0.655 2 0
12 40 0.044 2 1
23 15 0.137 2 0
134 52 0.401 2 1
17 5 0.062 2 1
19 10 0.061 2 1
15 10 0.088 2 0
41 52 0.123 2 1
96 100 0.571 2 0
193 100 1.000 2 0
17 52 0.099 2 0
180 15 0.614 2 0
43 15 0.256 2 0
12 70 0.040 2 0
205 40 0.795 2 0
37 15 0.219 2 0
85 40 0.284 2 0
12 100 0.037 2 0
50 40 0.150 2 0
170 10 0.950 2 0
66 40 0.233 2 0
188 100 0.793 2 1
194 40 0.946 2 0
41 30 0.147 2 1
67 30 0.272 2 0
103 52 0.592 2 0
13 40 0.066 2 1
42 22 0.124 2 1
173 70 0.684 2 0
38 70 0.142 2 1
106 22 0.348 2 1
100 10 0.368 2 0
45 5 0.205 2 0
54 70 0.205 2 0
12 22 0.055 2 0
137 30 0.482 2 0
39 40 0.118 2 1
11 5 0.051 2 0
11 5 0.074 2 0
58 52 0.294 2 0
31 40 0.114 2 0
52 5 0.220 2 0
168 100 0.750 2 0
152 22 0.899 2 0
10 5 0.043 2 0
99 5 0.344 2 0
40 5 0.186 2 0
39 52 0.120 2 1
37 10 0.178 2 0
162 70 0.862 2 0
319 5 1.147 2 1
73 70 0.264 2 0
26 70 0.095 2 1
192 100 0.636 2 0
78 15 0.527 2 1
53 15 0.170 2 1
170 100 0.533 2 0
59 70 0.322 2 0
116 30 0.466 2 0
313 40 1.000 2 1
221 10 0.695 2 1
10 22 0.030 2 0
30 5 0.089 2 0
38 100 0.170 2 0
82 10 0.453 2 1
15 30 0.074 2 0
59 100 0.224 2 0
17 15 0.102 2 0
234 40 0.777 2 0
125 70 0.576 2 0
157 100 0.621 2 1
15 70 0.053 2 1
78 5 0.331 2 1
12 100 0.068 2 1
14 30 0.049 2 0
195 5 0.809 2 0
189 40 0.636 2 1
15 15 0.076 2 0
57 10 0.258 2 0
13 40 0.043 2 0
52 22 0.199 2 0
18 15 0.053 2 1
79 5 0.434 2 0
15 100 0.052 2 1
127 100 0.423 2 0
110 30 0.359 2 1
19 5 0.066 2 0
16 22 0.056 2 0
28 52 0.144 2 0
108 10 0.635 2 1
56 10 0.237 2 0
15 40 0.048 2 0
14 40 0.054 2 0
159 52 0.631 2 0
68 40 0.266 2 0
37 30 0.169 2 1
116 30 0.430 2 1
182 15 0.684 2 1
128 15 0.677 2 0
89 100 0.471 2 0
253 52 1.601 2 1
38 70 0.178 2 0
58 22 0.312 2 0
124 30 0.459 2 0
65 100 0.278 2 0
127 15 0.410 2 0
18 40 0.084 2 1
12 30 0.037 2 0
44 100 0.155 2 0
16 70 0.063 2 1
139 70 0.459 2 1
330 100 1.279 2 0
53 52 0.170 2 0
28 10 0.087 2 0
63 100 0.346 2 0
69 30 0.216 2 0
63 15 0.401 2 0
151 15 0.599 2 0
166 15 0.485 2 0
111 10 0.464 2 0
10 70 0.030 2 1
42 30 0.268 2 1
13 30 0.049 2 0
19 40 0.094 2 0
133 10 0.672 2 1
57 30 0.289 2 0
33 30 0.097 2 0
279 70 1.733 2 1
93 70 0.304 2 1
13 52 0.054 2 0
16 70 0.108 2 1
208 22 1.045 2 0
165 40 0.750 2 0
79 70 0.253 2 0
17 52 0.053 2 0
39 10 0.206 2 0
12 70 0.042 2 0
27 22 0.115 2 0
52 100 0.211 2 0
28 22 0.099 2 1
36 22 0.114 2 1
14 10 0.050 2 0
16 30 0.055 2 0
27 30 0.086 2 1
310 22 0.981 2 0
46 100 0.260 2 0
155 70 0.812 2 0
72 15 0.355 2 0
65 22 0.304 2 0
10 52 0.036 2 0
336 10 1.147 2 1
71 52 0.348 2 1
16 30 0.049 2 1
114 100 0.355 2 1
60 70 0.259 2 0
320 22 1.245 2 0
130 10 0.393 2 0
19 30 0.106 2 0
197 5 0.835 2 0
12 30 0.042 2 0
64 52 0.229 2 1
99 10 0.572 2 0
15 10 0.078 2 1
53 40 0.186 2 0
50 10 0.312 2 0
49 30 0.151 2 0
127 10 0.483 2 0
40 70 0.182 2 0
23 5 0.091 2 1
136 15 0.412 2 0
11 30 0.033 2 1
86 5 0.465 2 0
24 100 0.158 2 0
39 5 0.167 2 0
257 5 0.883 2 0
183 52 0.839 2 1
25 15 0.084 2 0
164 52 0.522 2 1
161 100 0.931 2 1
184 15 0.757 2 1
161 40 0.518 2 0
69 22 0.294 2 1
75 22 0.272 2 1
73 15 0.427 2 0
42 15 0.141 2 0
27 100 0.080 2 1
165 100 0.625 2 0
10 5 0.039 2 0
21 100 0.114 2 0
138 10 0.932 2 1
161 52 0.472 2 1
39 30 0.129 2 1
27 10 0.084 2 0
101 100 0.294 2 0
32 52 0.124 2 0
39 22 0.186 2 0
12 70 0.062 2 0
22 40 0.122 2 1
13 10 0.048 2 0
192 40 0.644 2 0
40 22 0.165 2 0
53 15 0.321 2 0
273 100 1.338 2 0
14 10 0.056 2 1
276 52 1.758 2 0
10 52 0.034 2 1
13 100 0.047 2 0
282 10 1.018 2 1
28 52 0.113 2 0
37 22 0.178 2 0
35 5 0.197 2 1
49 15 0.185 2 0
109 10 0.480 2 0
38 40 0.149 2 1
75 22 0.298 2 0
13 5 0.039 2 0
27 15 0.097 2 0
17 52 0.095 2 1
19 52 0.089 2 0
49 5 0.261 2 0
43 70 0.215 2 0
57 5 0.179 2 0
71 22 0.343 2 0
53 22 0.199 2 0
79 15 0.482 2 0
34 22 0.108 2 0
14 100 0.058 2 1
70 52 0.470 2 0
10 52 0.045 2 0
166 30 0.535 2 0
25 100 0.148 2 1
74 100 0.289 2 1
30 100 0.186 2 1
11 40 0.034 2 1
300 10 0.987 2 0
11 5 0.034 2 0
12 10 0.036 2 1
259 100 0.778 2 0
38 70 0.143 2 0
30 30 0.088 2 1
12 15 0.070 2 0
18 15 0.095 2 1
73 5 0.236 2 0
133 30 0.869 2 0
266 52 1.004 2 0
64 52 0.208 2 0
62 30 0.205 2 0
235 52 1.187 2 0
17 30 0.063 2 1
61 15 0.363 2 0
116 70 0.392 2 1
97 10 0.473 2 0
79 70 0.307 2 0
64 5 0.229 2 1
69 10 0.454 2 0
31 5 0.103 2 0
44 30 0.233 2 0
180 15 0.700 2 1
14 100 0.058 2 1
12 22 0.074 2 0
36 70 0.105 2 0
197 40 0.761 2 0
185 15 0.873 2 1
37 52 0.119 2 0
175 5 0.983 2 0
33 15 0.156 2 0
23 15 0.082 2 1
20 100 0.109 2 1
57 10 0.176 2 0
18 70 0.113 2 0
36 52 0.117 2 1
11 5 0.046 2 1
151 100 0.968 2 1
55 100 0.201 2 0
11 15 0.035 2 0
34 10 0.104 2 1
186 40 0.903 2 1
173 5 1.131 2 0
46 15 0.293 2 0
131 70 0.780 2 0
240 10 0.811 2 0
21 15 0.062 2 0
127 30 0.381 2 0
14 30 0.041 2 1
72 100 0.238 2 0
300 10 1.132 2 1
15 15 0.069 2 0
113 5 0.412 2 1
32 10 0.106 2 0
31 5 0.113 2 0
31 100 0.146 2 1
65 52 0.319 2 1
154 70 0.579 2 1
114 30 0.419 2 0
28 30 0.187 2 0
58 70 0.260 2 1
58 22 0.238 2 0
28 40 0.155 2 1
59 70 0.218 2 0
13 100 0.045 2 0
11 22 0.049 2 0
149 40 0.564 2 0
37 52 0.111 2 0
18 40 0.122 2 1
88 15 0.484 2 0
67 22 0.202 2 0
140 30 0.453 2 0
26 52 0.168 2 0
18 70 0.060 2 1
167 52 0.628 2 0
112 40 0.622 2 0
18 10 0.086 2 0
81 22 0.429 2 0
29 100 0.108 2 0
30 10 0.167 2 1
17 100 0.062 2 1
13 100 0.077 2 1
75 22 0.322 2 1
25 70 0.084 2 1
72 100 0.453 2 1
117 100 0.525 2 1
18 52 0.063 2 0
162 52 0.557 2 0
16 30 0.101 2 0
42 52 0.162 2 1
24 70 0.098 2 1
46 30 0.203 2 1
75 40 0.507 2 1
19 22 0.083 2 0
43 30 0.215 2 1
72 40 0.444 2 0
51 30 0.169 2 0
18 40 0.101 2 0
28 22 0.084 2 0
139 40 0.523 2 0
27 70 0.132 2 0
27 100 0.126 2 0
32 15 0.111 2 0
40 30 0.157 2 1
219 70 0.737 2 0
336 15 2.225 2 1
81 15 0.448 2 0
71 10 0.222 2 0
13 52 0.083 2 1
324 40 0.959 2 0
132 40 0.441 2 0
86 5 0.264 2 1
74 100 0.497 2 0
18 52 0.083 2 1
239 22 1.285 2 0
127 10 0.611 2 0
34 40 0.157 2 1
85 5 0.545 2 1
20 22 0.059 2 0
43 30 0.203 2 0
15 10 0.060 2 0
49 22 0.171 2 0
313 10 1.272 2 1
15 10 0.058 2 0
20 15 0.110 2 1
167 30 0.807 2 0
152 70 0.804 2 0
247 100 0.849 2 0
109 52 0.369 2 0
76 70 0.223 2 0
176 10 0.545 2 1
71 70 0.230 2 0
25 52 0.080 2 1
251 100 1.451 2 1
18 100 0.058 2 0
98 5 0.421 2 0
19 30 0.081 2 1
24 5 0.162 2 0
34 10 0.114 2 0
251 40 1.249 2 1
64 30 0.227 2 0
98 100 0.318 2 0
19 40 0.057 2 1
187 100 0.603 2 0
181 100 0.544 2 1
335 100 2.055 2 0
66 40 0.276 2 1
10 5 0.062 2 0
189 52 0.787 2 1
59 15 0.197 2 0
28 5 0.154 2 0
31 10 0.109 2 0
33 40 0.144 2 0
84 22 0.337 2 0
131 100 0.624 2 0
307 100 1.112 2 0
13 15 0.056 2 0
13 30 0.055 2 0
48 30 0.146 2 1
10 10 0.033 2 0
282 22 0.956 2 1
34 100 0.122 2 0
32 30 0.152 2 0
19 100 0.056 2 0
39 15 0.188 2 1
165 70 0.873 2 0
43 52 0.136 2 0
100 15 0.578 2 1
154 30 1.027 2 0
204 5 1.252 2 1
13 40 0.077 2 1
16 5 0.053 2 0
16 100 0.070 2 0
13 22 0.076 2 1
14 40 0.062 2 1
58 52 0.252 2 0
18 70 0.057 2 0
11 40 0.050 2 1
197 70 1.000 2 1
14 52 0.072 2 0
63 70 0.227 2 0
11 5 0.060 2 0
71 22 0.228 2 1
60 30 0.303 2 1
64 100 0.370 2 1
70 70 0.241 2 0
20 15 0.080 2 0
17 10 0.080 2 1
12 22 0.035 2 1
214 22 0.836 2 1
67 10 0.409 2 0
53 10 0.270 2 0
114 40 0.367 2 0
18 52 0.060 2 0
251 40 1.521 2 0
76 15 0.248 2 1
12 40 0.050 2 1
28 70 0.113 2 0
10 70 0.044 2 0
179 22 0.624 2 1
17 22 0.050 2 0
18 40 0.107 2 0
85 52 0.268 2 0
35 22 0.106 2 1
134 52 0.626 2 1
42 40 0.175 2 1
11 15 0.048 2 0
15 15 0.101 2 1
67 15 0.238 2 0
59 52 0.326 2 0
25 15 0.150 2 1
32 22 0.112 2 0
17 10 0.063 2 1
69 5 0.204 2 1
180 30 0.738 2 0
186 52 1.141 2 0
11 15 0.065 2 0
12 5 0.035 2 1
14 5 0.045 2 0
72 52 0.468 2 0
65 52 0.221 2 1
63 15 0.246 2 0
176 30 0.989 2 1
187 5 1.062 2 0
84 15 0.380 2 1
64 10 0.267 2 0
15 5 0.067 2 1
15 5 0.053 2 0
18 52 0.070 2 0
26 10 0.176 2 0
66 30 0.293 2 0
74 30 0.218 2 1
13 100 0.058 2 1
18 15 0.093 2 1
131 52 0.541 2 0
20 70 0.063 2 1
14 22 0.080 2 0
17 22 0.115 2 0
20 22 0.090 2 0
122 22 0.530 2 1
30 30 0.156 2 0
112 52 0.659 2 0
332 15 2.184 2 0
12 30 0.036 2 0
197 22 1.042 2 0
30 22 0.116 2 1
43 30 0.202 2 0
157 70 0.489 2 1
24 52 0.155 2 1
23 10 0.073 2 0
26 15 0.174 2 1
72 30 0.326 2 0
26 22 0.160 2 0
23 70 0.111 2 1
28 100 0.156 2 0
38 52 0.187 2 0
73 5 0.215 2 0
55 10 0.193 2 0
18 40 0.108 2 0
131 52 0.593 2 1
114 30 0.335 2 0
96 30 0.288 2 1
70 15 0.414 2 0
117 30 0.661 2 0
14 5 0.055 2 0
54 70 0.167 2 0
12 40 0.037 2 0
52 5 0.245 2 0
23 5 0.100 2 0
228 70 1.443 2 0
15 70 0.044 2 1
77 15 0.252 2 1
47 15 0.276 2 1
13 22 0.070 2 0
134 15 0.882 2 1
17 5 0.109 2 1
55 100 0.166 2 1
15 5 0.061 2 1
10 10 0.052 2 0
180 30 0.706 2 0
16 10 0.071 2 0
37 22 0.125 2 0
40 70 0.229 2 0
70 30 0.347 2 0
319 70 2.085 2 0
17 10 0.077 2 0
202 5 1.365 2 0
13 10 0.044 2 0
94 22 0.284 2 0
16 40 0.071 2 0
233 52 0.893 2 1
35 40 0.113 2 0
37 30 0.133 2 0
38 15 0.163 2 0
61 5 0.232 2 1
71 30 0.224 2 0
79 100 0.503 2 0
288 5 1.226 2 1
338 70 1.080 2 1
50 5 0.323 2 0
14 52 0.051 2 0
10 5 0.034 2 0
56 22 0.357 2 0
13 10 0.078 2 0
26 40 0.112 2 1
31 10 0.103 2 0
58 15 0.186 2 0
52 15 0.236 2 0
14 70 0.044 2 0
15 100 0.046 2 1
169 30 0.679 2 0
98 52 0.306 2 0
141 5 0.659 2 0
18 100 0.057 2 1
33 70 0.102 2 0
15 5 0.046 2 0
102 15 0.646 2 1
146 15 0.440 2 0
212 5 0.650 2 1
122 15 0.459 2 0
331 52 1.092 2 1
37 5 0.233 2 1
36 10 0.133 2 1
85 5 0.272 2 0
169 30 0.635 2 0
45 10 0.136 2 0
56 52 0.327 2 1
46 15 0.263 2 0
14 15 0.066 2 0
109 10 0.356 2 1
83 52 0.286 2 0
107 10 0.426 2 0
67 40 0.262 2 0
65 10 0.199 2 0
167 52 0.773 2 0
17 70 0.088 2 1
13 40 0.084 2 1
37 30 0.137 2 0
193 5 0.898 2 0
16 30 0.058 2 0
17 70 0.054 2 1
187 10 1.140 2 1
15 15 0.086 2 1
62 100 0.390 2 1
117 52 0.347 2 0
150 100 0.725 2 0
73 100 0.225 2 0
13 5 0.087 2 1
287 22 1.196 2 0
27 30 0.141 2 1
45 10 0.148 2 0
112 70 0.378 2 1
24 30 0.075 2 1
31 15 0.109 2 0
32 22 0.195 2 0
165 30 0.569 2 1
15 40 0.099 2 0
11 70 0.033 2 1
174 30 0.849 2 0
122 10 0.552 2 0
10 10 0.043 2 0
27 30 0.109 2 0
318 5 1.365 2 1
21 100 0.099 2 0
258 40 1.112 2 0
66 10 0.402 2 0
13 10 0.061 2 1
302 10 1.135 2 0
45 10 0.242 2 1
200 30 0.645 2 0
193 10 0.937 2 0
34 70 0.109 2 0
334 40 1.421 2 0
71 22 0.233 2 1
24 5 0.122 2 0
183 5 0.574 2 0
37 10 0.141 2 0
75 70 0.399 2 0
123 70 0.755 2 0
19 15 0.079 2 1
199 70 0.757 2 0
110 52 0.608 2 1
117 100 0.755 2 0
36 70 0.123 2 0
98 40 0.557 2 0
46 40 0.164 2 0
333 15 1.215 2 0
59 5 0.184 2 0
79 10 0.393 2 0
68 22 0.227 2 0
164 5 0.582 2 0
195 15 1.211 2 0
29 30 0.124 2 1
135 52 0.608 2 1
283 70 1.011 2 0
18 22 0.053 2 0
82 52 0.480 2 0
10 22 0.050 2 0
11 22 0.042 2 1
44 15 0.207 2 0
22 22 0.073 2 1
190 22 1.267 2 1
29 5 0.150 2 0
139 40 0.410 2 0
155 5 0.470 2 0
140 5 0.408 2 0
14 40 0.048 2 1
145 70 0.644 2 0
25 100 0.143 2 1
13 15 0.052 2 1
284 40 1.587 2 0
19 5 0.070 2 1
168 15 0.522 2 0
28 70 0.100 2 1
22 70 0.123 2 0
22 30 0.080 2 0
17 30 0.073 2 1
65 22 0.223 2 0
199 22 0.672 2 0
17 30 0.050 2 0
130 30 0.516 2 1
30 15 0.179 2 0
137 52 0.474 2 0
45 52 0.281 2 0
69 5 0.399 2 0
25 100 0.160 2 0
132 22 0.835 2 0
60 40 0.395 2 0
176 15 0.518 2 0
29 30 0.119 2 1
31 70 0.146 2 0
148 10 0.865 2 0
171 70 1.036 2 0
21 30 0.075 2 0
69 30 0.227 2 0
79 10 0.359 2 0
43 70 0.166 2 0
192 22 0.582 2 0
19 100 0.082 2 0
214 30 1.014 2 0
15 15 0.044 2 0
229 15 1.225 2 0
66 40 0.275 2 0
275 40 0.989 2 0
44 40 0.157 2 0
92 22 0.345 2 1
11 22 0.036 2 0
85 70 0.315 2 1
33 22 0.102 2 1
136 70 0.416 2 1
12 15 0.049 2 0
13 22 0.039 2 0
42 70 0.125 2 0
250 30 1.116 2 1
37 5 0.115 2 1
65 22 0.255 2 0
49 70 0.213 2 0
92 22 0.331 2 1
119 40 0.758 2 1
10 30 0.032 2 0
11 100 0.037 2 0
39 70 0.247 2 1
13 5 0.045 2 0
136 40 0.777 2 0
39 52 0.115 2 0
143 100 0.467 2 1
12 5 0.046 2 0
214 15 1.059 2 0
25 100 0.085 2 0
29 30 0.153 2 1
79 5 0.283 2 1
229 30 1.245 2 0
50 100 0.190 2 0
11 40 0.053 2 1
12 22 0.069 2 0
140 100 0.745 2 0
75 15 0.309 2 0
63 100 0.375 2 0
71 10 0.221 2 1
68 100 0.444 2 0
10 100 0.064 2 1
27 15 0.170 2 0
193 70 1.078 2 0
35 52 0.220 2 0
174 30 0.539 2 1
135 70 0.854 2 1
175 70 0.978 2 0
24 40 0.082 2 0
35 15 0.236 2 1
15 10 0.069 2 1
82 5 0.414 2 1
62 70 0.248 2 1
27 22 0.089 2 1
49 22 0.227 2 0
29 100 0.150 2 0
129 22 0.471 2 1
128 5 0.387 2 0
154 15 0.710 2 0
35 52 0.149 2 0
21 52 0.137 2 1
196 5 1.241 2 1
150 40 0.528 2 0
15 100 0.073 2 1
18 5 0.101 2 1
37 52 0.112 2 0
55 100 0.240 2 1
52 70 0.169 2 0
26 15 0.095 2 1
19 15 0.056 2 0
19 5 0.117 2 0
19 15 0.062 2 1
195 22 0.768 2 0
72 15 0.275 2 0
197 10 0.814 2 1
25 22 0.136 2 0
114 52 0.422 2 0
38 15 0.167 2 0
36 5 0.129 2 1
186 10 0.823 2 1
47 40 0.160 2 1
11 70 0.037 2 1
285 5 1.040 2 0
51 10 0.161 2 0
36 10 0.169 2 0
16 15 0.051 2 0
10 15 0.036 2 1
34 70 0.106 2 1
37 30 0.135 2 0
20 52 0.092 2 0
73 52 0.338 2 0
61 30 0.210 2 1
26 40 0.099 2 0
120 22 0.405 2 0
302 15 1.581 2 0
71 5 0.329 2 0
324 10 1.059 2 1
38 5 0.135 2 0
146 52 0.760 2 0
17 40 0.054 2 1
140 22 0.946 2 0
38 70 0.166 2 0
63 52 0.348 2 0
33 40 0.147 2 0
50 70 0.184 2 0
56 30 0.233 2 1
75 52 0.357 2 0
32 22 0.096 2 1
156 15 0.712 2 1
30 70 0.126 2 0
195 40 0.607 2 0
25 15 0.081 2 1
57 70 0.268 2 0
72 70 0.471 2 1
317 10 2.072 2 0
33 40 0.108 2 0
90 5 0.503 2 0
145 10 0.492 2 0
20 10 0.116 2 1
40 70 0.188 2 0
72 30 0.447 2 0
22 22 0.081 2 1
216 10 1.119 2 1
86 15 0.351 2 1
18 52 0.105 2 1
35 40 0.179 2 0
73 40 0.332 2 0
35 10 0.165 2 1
50 30 0.233 2 1
13 15 0.070 2 0
232 5 1.221 2 0
115 52 0.608 2 0
27 30 0.086 2 0
37 22 0.155 2 1
14 40 0.063 2 0
26 40 0.091 2 0
34 40 0.115 2 1
13 52 0.040 2 0
24 52 0.133 2 1
304 10 0.930 2 0
160 52 0.618 2 1
18 70 0.083 2 0
298 5 1.386 2 0
15 30 0.069 2 1
88 10 0.346 2 1
66 22 0.391 2 1
53 40 0.205 2 0
86 40 0.374 2 0
55 30 0.285 2 0
10 15 0.030 2 0
13 5 0.067 2 1
50 70 0.311 2 0
163 40 0.655 2 0
51 22 0.152 2 1
30 52 0.144 2 1
22 5 0.094 2 0
35 70 0.105 2 0
14 30 0.062 2 0
32 22 0.101 2 0
