47 40 0.218 0 3
129 22 0.512 0 2
326 30 1.113 0 1
13 30 0.068 0 3
108 100 0.647 0 2
143 100 0.426 0 3
48 52 0.191 0 2
102 30 0.379 0 1
88 10 0.378 0 1
37 22 0.125 0 1
192 15 1.263 0 3
88 15 0.359 0 3
12 10 0.068 0 3
149 30 0.452 0 2
86 15 0.299 0 1
29 100 0.107 0 1
14 5 0.086 0 3
13 30 0.080 0 1
38 30 0.174 0 3
281 10 1.142 0 1
193 5 0.684 0 2
14 10 0.080 0 3
181 15 0.693 0 1
47 30 0.145 0 1
25 70 0.078 0 3
32 5 0.209 0 1
42 15 0.146 0 1
305 52 0.938 0 2
58 15 0.195 0 1
152 70 0.768 0 2
170 30 0.580 0 3
32 5 0.138 0 3
12 40 0.051 0 3
49 5 0.171 0 2
64 100 0.360 0 2
37 52 0.171 0 3
12 10 0.066 0 1
68 22 0.215 0 3
19 30 0.068 0 1
31 22 0.186 0 2
11 70 0.043 0 2
45 22 0.271 0 3
14 30 0.044 0 3
30 40 0.105 0 1
299 30 1.236 0 3
143 52 0.719 0 2
34 70 0.152 0 3
25 30 0.084 0 3
25 30 0.084 0 1
183 15 0.843 0 3
15 30 0.094 0 2
151 5 0.440 0 3
21 22 0.063 0 1
56 30 0.166 0 3
21 100 0.092 0 1
19 5 0.101 0 3
177 22 0.594 0 1
79 22 0.244 0 1
199 52 0.706 0 1
145 30 0.507 0 2
13 100 0.047 0 3
11 22 0.062 0 1
66 70 0.201 0 1
81 70 0.476 0 1
194 15 0.618 0 1
13 10 0.072 0 3
181 15 0.790 0 3
303 52 1.546 0 2
17 100 0.071 0 1
16 52 0.091 0 3
18 52 0.067 0 3
11 70 0.048 0 3
66 70 0.267 0 1
11 10 0.055 0 3
18 5 0.061 0 2
82 40 0.506 0 3
51 22 0.266 0 1
73 10 0.440 0 1
43 15 0.173 0 1
17 5 0.113 0 1
14 40 0.071 0 2
37 40 0.185 0 1
24 40 0.108 0 2
78 70 0.304 0 2
33 22 0.110 0 3
44 52 0.160 0 3
201 15 1.331 0 1
161 70 0.619 0 3
42 10 0.189 0 2
59 100 0.240 0 3
17 30 0.073 0 2
63 40 0.239 0 3
107 5 0.512 0 3
14 5 0.070 0 2
12 100 0.062 0 1
14 40 0.041 0 1
338 10 1.199 0 1
153 52 0.550 0 3
14 100 0.081 0 1
39 70 0.146 0 3
63 30 0.210 0 2
11 70 0.046 0 1
32 5 0.121 0 1
116 100 0.451 0 1
41 30 0.209 0 2
23 10 0.071 0 2
12 22 0.042 0 2
136 15 0.489 0 2
144 22 0.593 0 2
34 40 0.185 0 3
45 70 0.167 0 2
290 52 1.457 0 2
46 52 0.136 0 2
67 70 0.243 0 3
20 70 0.099 0 3
28 15 0.112 0 1
18 30 0.108 0 3
15 40 0.058 0 2
19 100 0.078 0 3
130 10 0.625 0 2
63 100 0.304 0 3
12 40 0.042 0 3
10 10 0.037 0 3
93 5 0.333 0 3
74 30 0.396 0 1
116 30 0.419 0 1
192 100 0.619 0 1
89 100 0.374 0 3
98 5 0.438 0 3
26 5 0.151 0 3
176 10 0.659 0 2
14 30 0.062 0 3
85 15 0.570 0 3
64 70 0.263 0 2
255 30 1.645 0 3
274 70 0.929 0 1
40 15 0.149 0 2
99 52 0.381 0 2
280 70 0.900 0 2
42 22 0.239 0 3
10 30 0.041 0 3
135 70 0.410 0 2
54 5 0.200 0 1
62 52 0.292 0 1
67 30 0.441 0 2
13 10 0.053 0 1
76 100 0.420 0 2
332 10 1.137 0 1
61 10 0.227 0 3
302 10 0.926 0 1
79 22 0.473 0 3
17 5 0.065 0 3
97 52 0.425 0 1
154 40 0.560 0 3
46 15 0.138 0 2
23 22 0.075 0 3
11 15 0.058 0 3
42 70 0.135 0 2
289 15 0.889 0 2
57 22 0.195 0 1
11 52 0.073 0 3
63 22 0.196 0 3
21 30 0.085 0 2
32 52 0.181 0 3
225 15 0.686 0 3
110 52 0.547 0 1
37 22 0.133 0 3
73 70 0.327 0 3
18 15 0.060 0 2
25 70 0.081 0 1
156 70 0.754 0 1
35 52 0.121 0 1
91 5 0.555 0 2
58 22 0.266 0 3
45 10 0.237 0 3
176 22 0.537 0 3
58 70 0.212 0 2
12 70 0.043 0 2
15 40 0.066 0 2
72 70 0.356 0 3
53 40 0.172 0 3
195 30 0.907 0 2
11 52 0.035 0 2
144 70 0.465 0 1
38 15 0.147 0 1
44 52 0.182 0 3
18 52 0.096 0 1
27 100 0.150 0 2
16 22 0.070 0 2
50 40 0.179 0 3
10 5 0.035 0 1
104 22 0.361 0 3
65 5 0.270 0 3
47 52 0.287 0 2
14 40 0.061 0 1
48 22 0.306 0 2
65 5 0.283 0 2
36 40 0.108 0 1
50 40 0.202 0 2
16 15 0.062 0 2
25 70 0.101 0 3
77 52 0.339 0 2
76 5 0.266 0 2
11 22 0.038 0 3
26 70 0.090 0 3
61 5 0.271 0 2
27 100 0.088 0 3
216 10 1.421 0 3
32 10 0.151 0 3
22 15 0.100 0 3
139 10 0.410 0 3
78 10 0.506 0 1
55 10 0.296 0 2
32 22 0.131 0 2
46 22 0.242 0 2
126 10 0.498 0 3
78 40 0.371 0 2
156 40 0.754 0 3
70 15 0.252 0 2
75 70 0.219 0 2
257 15 0.788 0 3
130 70 0.558 0 2
52 10 0.158 0 3
10 40 0.042 0 2
15 52 0.063 0 1
269 10 1.072 0 1
45 100 0.191 0 3
34 70 0.162 0 3
24 15 0.093 0 2
131 22 0.720 0 3
167 52 0.594 0 1
19 70 0.079 0 1
190 70 1.267 0 1
161 100 0.770 0 3
74 40 0.244 0 2
25 100 0.125 0 3
192 52 1.171 0 2
128 10 0.821 0 3
271 5 1.290 0 2
71 40 0.250 0 2
100 30 0.446 0 3
246 100 0.904 0 3
158 5 0.908 0 2
28 30 0.097 0 3
151 30 0.510 0 1
215 5 0.939 0 3
74 10 0.218 0 2
46 40 0.286 0 2
30 40 0.186 0 3
34 40 0.209 0 1
144 70 0.637 0 1
322 22 2.000 0 1
65 40 0.355 0 2
12 70 0.062 0 3
168 100 0.889 0 1
70 22 0.225 0 3
30 10 0.119 0 1
164 22 0.545 0 3
72 22 0.256 0 2
78 30 0.231 0 2
59 22 0.217 0 3
37 10 0.135 0 1
64 70 0.383 0 3
16 30 0.069 0 2
38 22 0.181 0 3
133 15 0.514 0 1
36 5 0.201 0 1
123 10 0.676 0 1
110 30 0.396 0 2
14 10 0.044 0 1
285 5 1.067 0 2
65 40 0.192 0 3
222 10 1.321 0 3
25 5 0.152 0 1
168 30 0.697 0 3
132 30 0.401 0 3
64 52 0.250 0 3
144 40 0.451 0 3
177 52 0.947 0 1
60 30 0.193 0 3
55 100 0.216 0 2
87 100 0.275 0 1
77 100 0.284 0 3
194 30 0.965 0 3
34 15 0.152 0 3
195 100 0.759 0 2
198 22 1.076 0 3
19 22 0.077 0 3
113 15 0.454 0 1
83 22 0.415 0 2
30 22 0.112 0 3
13 52 0.068 0 1
34 30 0.102 0 2
13 22 0.063 0 3
44 70 0.284 0 2
71 70 0.303 0 1
156 30 0.667 0 2
43 40 0.185 0 3
26 70 0.134 0 3
129 15 0.383 0 3
87 70 0.336 0 2
74 52 0.240 0 2
166 52 0.883 0 1
70 30 0.365 0 1
40 40 0.223 0 1
15 70 0.057 0 1
66 30 0.255 0 3
193 15 0.605 0 3
42 100 0.124 0 3
13 40 0.075 0 1
73 30 0.245 0 2
18 70 0.066 0 1
45 15 0.160 0 2
74 52 0.235 0 3
10 100 0.068 0 3
101 22 0.296 0 3
27 10 0.094 0 3
12 40 0.073 0 1
101 30 0.353 0 3
175 22 1.167 0 3
66 15 0.434 0 1
35 15 0.110 0 1
11 52 0.054 0 2
68 70 0.248 0 1
261 100 1.214 0 3
56 10 0.207 0 1
18 30 0.102 0 2
120 100 0.649 0 2
63 70 0.221 0 1
36 22 0.111 0 2
23 100 0.145 0 1
22 30 0.114 0 3
240 30 0.866 0 2
101 52 0.631 0 1
18 22 0.068 0 2
10 10 0.033 0 3
40 15 0.137 0 1
26 40 0.083 0 2
75 15 0.347 0 1
37 10 0.142 0 3
18 22 0.099 0 3
124 100 0.377 0 3
11 30 0.044 0 2
168 52 0.656 0 3
11 10 0.035 0 3
68 30 0.313 0 3
121 100 0.611 0 1
47 30 0.157 0 2
128 70 0.394 0 3
318 52 1.205 0 1
36 40 0.235 0 1
156 40 0.538 0 1
71 70 0.374 0 3
110 30 0.370 0 3
188 5 0.851 0 2
166 22 0.888 0 3
42 22 0.240 0 2
17 5 0.050 0 3
71 52 0.281 0 2
34 22 0.124 0 1
15 52 0.085 0 1
74 5 0.257 0 3
20 10 0.060 0 1
18 5 0.082 0 2
13 22 0.080 0 2
19 70 0.068 0 3
68 30 0.447 0 2
325 22 1.305 0 2
32 10 0.212 0 2
75 30 0.359 0 1
20 40 0.094 0 2
19 40 0.125 0 1
48 22 0.140 0 1
115 40 0.469 0 3
95 22 0.298 0 1
31 10 0.129 0 1
75 10 0.312 0 2
111 15 0.369 0 1
21 5 0.109 0 1
30 22 0.114 0 2
170 22 0.612 0 2
19 30 0.094 0 3
68 40 0.442 0 1
144 70 0.436 0 1
146 52 0.483 0 1
25 15 0.111 0 2
186 5 0.622 0 2
34 40 0.114 0 2
15 40 0.057 0 3
18 100 0.092 0 2
104 30 0.507 0 2
183 5 0.594 0 3
132 52 0.857 0 1
31 70 0.092 0 1
54 70 0.205 0 1
12 70 0.043 0 1
333 52 1.121 0 1
89 30 0.359 0 1
27 40 0.086 0 3
58 100 0.349 0 3
118 15 0.682 0 1
12 40 0.066 0 2
52 15 0.202 0 1
26 40 0.107 0 1
19 100 0.091 0 2
19 100 0.081 0 2
144 52 0.439 0 3
18 52 0.064 0 1
115 15 0.494 0 1
13 40 0.047 0 2
44 22 0.141 0 3
16 5 0.056 0 2
68 22 0.420 0 2
39 52 0.114 0 1
60 22 0.269 0 2
41 5 0.266 0 3
76 30 0.266 0 3
145 70 0.639 0 3
15 30 0.050 0 1
139 15 0.610 0 2
265 15 1.104 0 2
13 40 0.053 0 2
52 10 0.163 0 3
39 100 0.165 0 2
23 30 0.141 0 1
12 10 0.043 0 3
47 15 0.143 0 2
150 40 0.519 0 2
100 70 0.294 0 2
136 52 0.442 0 2
139 22 0.502 0 3
52 10 0.156 0 2
17 22 0.060 0 2
30 70 0.161 0 3
136 40 0.472 0 1
199 22 1.345 0 2
198 10 1.048 0 1
146 40 0.510 0 1
74 40 0.433 0 2
42 52 0.149 0 3
27 10 0.174 0 3
107 70 0.326 0 2
54 5 0.338 0 2
52 5 0.331 0 1
165 5 0.561 0 2
245 100 0.957 0 2
19 40 0.085 0 1
10 30 0.051 0 1
87 70 0.299 0 2
177 100 0.908 0 2
18 30 0.081 0 2
155 10 0.540 0 2
150 100 0.852 0 2
160 52 0.988 0 1
12 10 0.062 0 1
216 100 0.964 0 1
35 100 0.165 0 1
17 70 0.057 0 2
323 40 1.324 0 1
147 40 0.540 0 3
26 10 0.077 0 2
19 5 0.058 0 3
331 10 1.445 0 3
30 22 0.103 0 3
68 10 0.204 0 1
233 100 1.302 0 1
36 22 0.153 0 2
13 100 0.059 0 3
25 5 0.093 0 2
56 52 0.201 0 3
31 70 0.167 0 2
112 5 0.452 0 3
34 10 0.133 0 1
25 40 0.081 0 3
33 22 0.202 0 1
151 70 0.640 0 3
78 52 0.415 0 1
47 52 0.173 0 1
19 30 0.083 0 1
14 70 0.085 0 1
47 100 0.269 0 2
95 100 0.291 0 2
32 5 0.115 0 3
62 10 0.388 0 3
30 22 0.112 0 3
77 70 0.261 0 3
102 70 0.593 0 2
67 10 0.241 0 1
306 40 1.044 0 1
34 52 0.107 0 2
11 30 0.048 0 3
28 22 0.170 0 1
82 5 0.275 0 3
66 5 0.346 0 2
13 40 0.041 0 3
33 52 0.142 0 3
11 30 0.054 0 3
183 100 0.534 0 3
334 15 2.169 0 3
42 5 0.249 0 1
79 10 0.237 0 1
13 10 0.041 0 3
57 22 0.193 0 3
67 70 0.299 0 2
13 22 0.076 0 1
19 52 0.071 0 3
136 40 0.694 0 1
114 10 0.452 0 3
176 22 0.931 0 2
59 100 0.274 0 1
75 70 0.436 0 3
19 52 0.064 0 2
12 70 0.050 0 2
127 52 0.460 0 2
18 22 0.057 0 3
64 100 0.257 0 2
18 5 0.087 0 3
15 15 0.047 0 2
310 40 1.342 0 2
308 10 0.906 0 1
36 40 0.176 0 1
281 10 0.852 0 2
51 10 0.166 0 1
51 40 0.155 0 1
62 70 0.305 0 3
248 5 1.341 0 1
95 15 0.508 0 1
63 70 0.225 0 2
32 70 0.122 0 2
78 22 0.257 0 1
190 22 0.671 0 2
42 5 0.134 0 1
89 15 0.327 0 3
12 10 0.041 0 3
25 100 0.166 0 1
10 70 0.047 0 1
46 30 0.176 0 1
121 10 0.478 0 2
101 10 0.476 0 1
36 15 0.110 0 1
23 40 0.084 0 1
61 22 0.293 0 3
186 15 0.912 0 1
38 70 0.226 0 1
12 22 0.057 0 2
160 10 0.829 0 1
193 22 1.049 0 2
17 5 0.104 0 2
12 100 0.081 0 3
24 5 0.160 0 1
75 70 0.463 0 1
10 22 0.045 0 3
67 10 0.251 0 3
289 5 1.505 0 2
16 30 0.091 0 3
21 40 0.063 0 1
62 15 0.220 0 3
11 15 0.041 0 3
259 15 0.890 0 2
68 40 0.246 0 3
73 30 0.477 0 3
13 100 0.042 0 1
17 52 0.051 0 3
20 22 0.063 0 3
122 10 0.361 0 2
301 5 1.454 0 3
163 5 0.601 0 3
35 5 0.122 0 1
13 52 0.070 0 2
12 40 0.044 0 1
17 40 0.058 0 2
26 70 0.141 0 2
20 100 0.128 0 3
11 15 0.035 0 1
228 100 1.091 0 3
133 5 0.541 0 2
79 10 0.234 0 3
117 70 0.344 0 2
188 70 0.653 0 3
61 40 0.292 0 1
10 40 0.031 0 3
73 22 0.376 0 3
78 30 0.331 0 2
77 40 0.229 0 2
10 70 0.030 0 3
42 52 0.209 0 3
28 22 0.131 0 2
20 5 0.123 0 3
96 100 0.561 0 1
17 40 0.079 0 3
102 52 0.312 0 2
37 30 0.116 0 2
65 10 0.191 0 1
24 100 0.127 0 1
27 10 0.148 0 1
195 100 0.699 0 3
70 40 0.215 0 2
40 30 0.178 0 2
21 52 0.096 0 3
75 15 0.286 0 1
17 22 0.058 0 1
45 10 0.212 0 2
172 70 0.637 0 1
16 22 0.054 0 2
73 52 0.252 0 1
164 15 0.548 0 3
65 100 0.382 0 3
15 5 0.101 0 1
11 22 0.064 0 1
10 52 0.056 0 3
46 40 0.149 0 3
28 52 0.095 0 1
79 22 0.296 0 1
22 30 0.114 0 2
17 30 0.106 0 3
40 22 0.125 0 3
190 70 0.990 0 2
16 15 0.054 0 3
11 52 0.067 0 1
38 100 0.132 0 3
33 52 0.118 0 2
311 10 1.254 0 1
62 70 0.328 0 3
71 22 0.290 0 2
106 5 0.564 0 1
19 40 0.085 0 2
139 100 0.647 0 3
31 5 0.102 0 1
19 30 0.083 0 3
45 22 0.269 0 2
104 70 0.310 0 1
51 10 0.185 0 3
55 15 0.250 0 1
38 100 0.123 0 2
15 22 0.090 0 1
36 100 0.119 0 2
150 5 0.777 0 2
67 5 0.340 0 2
15 30 0.053 0 3
54 30 0.256 0 3
139 40 0.533 0 3
174 10 0.621 0 1
31 100 0.203 0 2
229 30 0.895 0 2
305 100 1.597 0 2
68 70 0.204 0 1
61 22 0.389 0 1
66 15 0.340 0 3
62 40 0.419 0 1
15 10 0.046 0 2
13 52 0.047 0 1
122 10 0.391 0 2
118 40 0.429 0 2
14 40 0.041 0 2
11 52 0.033 0 2
63 100 0.223 0 3
11 100 0.039 0 2
16 5 0.052 0 2
33 70 0.126 0 3
17 30 0.110 0 3
37 30 0.140 0 1
106 22 0.679 0 3
16 5 0.084 0 2
37 40 0.148 0 2
18 5 0.074 0 2
57 100 0.257 0 1
140 100 0.886 0 1
44 52 0.295 0 3
37 52 0.155 0 2
198 15 1.238 0 2
16 40 0.063 0 2
82 5 0.434 0 3
15 40 0.049 0 1
224 22 0.966 0 3
11 22 0.032 0 3
19 40 0.102 0 3
43 5 0.201 0 3
21 5 0.110 0 2
14 40 0.043 0 3
104 100 0.321 0 3
46 5 0.258 0 3
63 22 0.210 0 3
20 40 0.068 0 3
10 5 0.039 0 1
54 70 0.266 0 2
22 100 0.068 0 3
111 30 0.334 0 3
143 100 0.647 0 2
66 10 0.237 0 3
31 5 0.093 0 3
13 30 0.048 0 1
280 22 0.816 0 2
28 40 0.095 0 3
166 30 0.631 0 1
14 100 0.056 0 1
30 40 0.138 0 2
173 30 0.769 0 3
29 30 0.132 0 2
95 100 0.295 0 1
29 70 0.196 0 3
285 22 1.804 0 2
188 100 0.783 0 3
144 70 0.450 0 3
10 5 0.037 0 2
19 5 0.069 0 2
115 30 0.399 0 3
126 10 0.550 0 2
121 5 0.428 0 3
14 30 0.042 0 1
11 70 0.067 0 1
194 15 1.302 0 1
42 5 0.276 0 2
27 22 0.136 0 3
105 10 0.365 0 3
62 70 0.376 0 1
85 52 0.563 0 3
56 5 0.167 0 3
16 15 0.107 0 3
56 40 0.210 0 3
11 10 0.037 0 1
279 5 1.402 0 2
50 52 0.298 0 3
53 5 0.162 0 3
10 10 0.035 0 3
193 5 0.728 0 1
83 10 0.255 0 3
19 30 0.062 0 2
16 15 0.048 0 1
35 22 0.131 0 3
176 40 1.048 0 2
95 10 0.397 0 1
16 30 0.069 0 1
19 5 0.065 0 3
13 40 0.042 0 1
18 22 0.070 0 3
24 30 0.148 0 1
25 15 0.111 0 1
12 70 0.041 0 1
31 30 0.101 0 3
272 30 0.978 0 2
67 22 0.201 0 2
70 100 0.395 0 3
233 10 1.079 0 3
10 70 0.030 0 1
139 40 0.429 0 1
174 40 1.036 0 3
80 10 0.292 0 3
32 5 0.099 0 2
17 100 0.059 0 1
191 70 0.868 0 2
122 40 0.701 0 1
12 15 0.035 0 2
12 100 0.039 0 2
11 40 0.044 0 2
76 30 0.487 0 2
18 10 0.060 0 1
56 52 0.283 0 3
336 40 1.179 0 3
78 22 0.253 0 2
39 10 0.152 0 3
11 15 0.049 0 1
51 30 0.171 0 2
198 70 0.802 0 2
55 40 0.164 0 1
108 40 0.621 0 3
334 100 1.223 0 3
147 15 0.551 0 2
15 70 0.060 0 3
25 15 0.088 0 1
34 70 0.198 0 2
14 100 0.062 0 1
85 40 0.283 0 2
64 22 0.219 0 2
182 52 0.585 0 3
303 40 1.000 0 3
194 100 0.819 0 2
74 22 0.260 0 1
10 15 0.046 0 3
16 70 0.091 0 1
13 5 0.049 0 2
162 22 0.516 0 1
10 40 0.051 0 2
35 22 0.130 0 3
23 15 0.100 0 3
62 70 0.184 0 2
17 15 0.062 0 3
12 30 0.072 0 2
77 10 0.385 0 2
152 5 0.594 0 3
158 100 0.863 0 1
193 40 0.617 0 1
10 100 0.034 0 3
14 70 0.050 0 1
11 5 0.046 0 2
332 5 0.979 0 3
33 30 0.101 0 3
15 40 0.075 0 2
108 30 0.540 0 2
15 22 0.064 0 2
11 40 0.069 0 1
195 15 0.600 0 3
72 70 0.260 0 2
59 52 0.199 0 3
29 40 0.089 0 1
157 30 0.789 0 2
93 52 0.482 0 2
16 70 0.082 0 3
10 30 0.037 0 1
113 10 0.441 0 2
10 100 0.030 0 1
208 22 0.612 0 1
38 70 0.158 0 1
21 30 0.078 0 1
107 100 0.656 0 1
13 40 0.053 0 1
12 5 0.042 0 1
50 100 0.265 0 3
33 70 0.144 0 2
110 10 0.406 0 2
48 5 0.304 0 3
26 70 0.163 0 3
46 30 0.170 0 2
40 22 0.126 0 3
166 30 1.057 0 3
77 30 0.259 0 2
31 15 0.169 0 3
114 52 0.687 0 1
230 100 0.970 0 2
20 100 0.078 0 2
126 70 0.578 0 2
63 22 0.197 0 1
332 100 1.339 0 3
51 70 0.230 0 2
74 100 0.284 0 1
23 52 0.078 0 1
30 100 0.103 0 2
57 22 0.281 0 2
22 70 0.067 0 1
27 5 0.130 0 3
11 10 0.060 0 1
17 15 0.063 0 2
15 100 0.060 0 1
124 15 0.500 0 3
100 70 0.617 0 3
187 30 0.586 0 3
198 40 0.912 0 3
17 10 0.108 0 3
19 70 0.099 0 3
144 5 0.692 0 3
126 5 0.720 0 1
177 15 0.734 0 2
105 70 0.363 0 3
258 30 1.211 0 3
16 70 0.068 0 2
18 5 0.121 0 1
10 10 0.044 0 2
12 10 0.039 0 1
10 70 0.064 0 3
29 70 0.109 0 1
45 100 0.134 0 1
13 22 0.078 0 1
143 5 0.794 0 2
22 10 0.088 0 2
13 5 0.039 0 3
43 30 0.158 0 2
13 100 0.046 0 1
50 52 0.158 0 2
20 15 0.096 0 2
67 5 0.441 0 3
13 5 0.059 0 1
166 52 1.107 0 1
72 15 0.304 0 1
109 52 0.456 0 3
155 70 0.756 0 3
24 40 0.159 0 1
17 40 0.063 0 1
15 100 0.085 0 3
70 52 0.383 0 3
11 52 0.064 0 3
23 10 0.105 0 3
26 70 0.107 0 3
49 22 0.301 0 3
48 30 0.238 0 2
146 10 0.466 0 2
187 30 0.579 0 3
263 70 0.838 0 3
24 22 0.085 0 3
17 30 0.073 0 2
44 22 0.205 0 3
102 30 0.327 0 1
39 100 0.145 0 3
18 5 0.111 0 1
44 40 0.135 0 2
28 30 0.099 0 1
18 30 0.075 0 3
14 15 0.088 0 3
18 15 0.098 0 3
20 100 0.085 0 3
56 100 0.298 0 1
66 22 0.353 0 1
12 100 0.052 0 2
18 15 0.065 0 1
56 70 0.289 0 3
63 15 0.272 0 1
110 52 0.414 0 1
31 52 0.201 0 3
24 22 0.079 0 1
78 22 0.286 0 3
70 52 0.224 0 1
27 70 0.083 0 2
69 100 0.295 0 2
56 100 0.165 0 3
24 70 0.135 0 2
25 40 0.098 0 2
45 100 0.228 0 1
276 40 1.000 0 2
15 15 0.045 0 1
28 22 0.173 0 2
38 52 0.180 0 2
20 70 0.120 0 3
120 15 0.377 0 2
33 5 0.147 0 1
12 5 0.036 0 1
16 70 0.105 0 2
11 100 0.035 0 3
22 15 0.076 0 2
166 40 0.553 0 3
42 100 0.150 0 2
17 40 0.065 0 1
303 100 0.904 0 3
327 52 1.009 0 1
120 22 0.714 0 3
40 15 0.128 0 1
94 10 0.563 0 2
62 52 0.218 0 3
161 100 0.513 0 1
17 15 0.065 0 2
167 40 0.650 0 1
14 100 0.050 0 1
41 22 0.133 0 2
19 30 0.058 0 2
36 100 0.212 0 3
125 40 0.385 0 1
121 10 0.776 0 1
27 5 0.144 0 2
181 15 0.730 0 1
64 52 0.376 0 2
14 15 0.055 0 3
288 30 0.980 0 3
10 30 0.046 0 2
12 40 0.081 0 2
110 15 0.582 0 3
272 40 1.101 0 1
33 100 0.097 0 3
255 100 1.192 0 3
108 100 0.328 0 3
50 30 0.184 0 3
13 40 0.083 0 2
15 40 0.047 0 2
78 100 0.402 0 1
37 10 0.113 0 1
208 30 0.819 0 3
281 30 0.983 0 2
28 30 0.108 0 2
218 5 1.191 0 2
176 70 0.782 0 3
136 100 0.416 0 2
11 22 0.074 0 3
50 5 0.255 0 2
307 40 0.975 0 3
21 70 0.063 0 2
187 15 1.184 0 2
67 22 0.404 0 1
66 5 0.199 0 2
181 40 0.739 0 2
160 10 0.874 0 1
34 5 0.198 0 2
252 22 0.829 0 3
222 15 1.461 0 1
16 70 0.093 0 1
62 30 0.206 0 3
19 30 0.076 0 3
150 10 0.441 0 3
134 70 0.399 0 1
306 70 2.054 0 2
17 30 0.058 0 3
13 5 0.043 0 3
41 52 0.151 0 1
16 30 0.051 0 2
332 70 1.157 0 3
10 70 0.034 0 2
181 100 0.609 0 3
15 15 0.047 0 2
47 10 0.164 0 2
337 52 1.139 0 2
179 5 0.796 0 2
11 15 0.054 0 3
19 70 0.073 0 1
37 15 0.186 0 1
14 22 0.062 0 2
24 22 0.071 0 1
11 40 0.035 0 2
59 40 0.243 0 3
210 70 0.616 0 2
27 100 0.095 0 3
69 52 0.454 0 2
33 40 0.122 0 1
244 52 0.739 0 3
149 5 0.461 0 2
162 70 0.570 0 2
19 10 0.057 0 1
11 52 0.035 0 2
194 10 0.812 0 3
68 100 0.256 0 3
66 70 0.328 0 1
229 30 0.867 0 2
16 100 0.062 0 3
170 10 0.944 0 2
252 52 1.432 0 2
19 40 0.056 1 0
29 10 0.158 1 2
129 100 0.393 1 0
49 10 0.208 1 0
18 40 0.091 1 0
132 30 0.746 1 0
161 15 0.610 1 0
33 70 0.106 1 2
79 10 0.230 1 0
54 70 0.188 1 3
16 5 0.047 1 2
98 5 0.536 1 2
18 100 0.107 1 3
77 10 0.240 1 3
37 100 0.208 1 3
40 10 0.193 1 0
16 10 0.098 1 3
60 70 0.200 1 0
16 22 0.086 1 2
25 10 0.094 1 3
269 30 1.130 1 3
208 15 0.874 1 0
144 70 0.567 1 2
169 5 0.923 1 0
69 70 0.253 1 0
16 100 0.050 1 0
23 10 0.136 1 0
75 22 0.248 1 2
186 22 1.134 1 2
325 52 1.457 1 0
268 15 1.117 1 3
25 15 0.110 1 3
51 15 0.178 1 3
114 100 0.481 1 0
66 15 0.325 1 0
19 10 0.073 1 2
25 15 0.152 1 3
66 70 0.247 1 0
45 5 0.192 1 0
14 5 0.055 1 0
24 5 0.090 1 0
18 100 0.077 1 0
58 22 0.354 1 2
91 70 0.401 1 3
22 40 0.067 1 2
24 15 0.075 1 3
73 100 0.250 1 0
70 22 0.320 1 0
15 100 0.060 1 0
27 22 0.092 1 2
31 40 0.115 1 0
29 100 0.134 1 3
37 100 0.207 1 3
29 10 0.144 1 0
32 22 0.111 1 3
40 70 0.136 1 0
34 70 0.173 1 0
86 10 0.489 1 0
13 5 0.055 1 3
19 100 0.061 1 2
11 5 0.060 1 0
26 15 0.153 1 0
11 10 0.033 1 0
68 30 0.211 1 0
47 22 0.245 1 0
50 22 0.316 1 0
25 100 0.152 1 0
77 100 0.229 1 2
20 10 0.101 1 3
14 22 0.062 1 3
18 70 0.065 1 0
66 30 0.230 1 3
170 100 0.904 1 0
17 100 0.106 1 2
12 15 0.041 1 0
182 100 0.731 1 2
70 5 0.461 1 3
314 100 1.043 1 3
53 40 0.189 1 3
10 22 0.037 1 2
14 22 0.056 1 3
10 30 0.033 1 2
174 10 0.888 1 2
37 70 0.119 1 2
22 22 0.111 1 2
97 52 0.483 1 0
11 5 0.048 1 0
93 10 0.538 1 0
141 40 0.585 1 3
11 15 0.039 1 3
14 22 0.045 1 2
10 30 0.033 1 2
39 40 0.196 1 0
79 15 0.367 1 0
46 40 0.247 1 0
22 15 0.075 1 0
10 5 0.047 1 2
49 70 0.304 1 0
325 52 2.124 1 2
95 10 0.559 1 3
24 10 0.109 1 0
40 100 0.153 1 3
198 52 0.611 1 3
117 15 0.422 1 0
64 30 0.370 1 0
14 10 0.073 1 3
228 40 0.901 1 0
43 70 0.176 1 0
175 70 0.983 1 2
293 15 1.131 1 0
266 22 0.908 1 2
13 30 0.086 1 0
74 100 0.376 1 3
19 30 0.056 1 0
17 10 0.054 1 0
123 30 0.424 1 0
15 10 0.060 1 2
69 5 0.236 1 0
15 100 0.045 1 0
79 22 0.316 1 2
29 15 0.087 1 0
162 52 0.593 1 0
19 10 0.061 1 3
13 30 0.071 1 0
13 100 0.049 1 2
12 52 0.049 1 0
131 100 0.585 1 2
26 30 0.077 1 0
37 30 0.161 1 2
20 70 0.060 1 3
174 15 0.515 1 0
37 5 0.168 1 0
259 10 1.480 1 0
148 10 0.955 1 3
50 15 0.159 1 0
32 22 0.165 1 0
22 100 0.133 1 2
181 5 1.046 1 3
55 30 0.255 1 0
49 52 0.271 1 0
10 30 0.034 1 0
278 30 1.369 1 2
54 5 0.232 1 0
311 52 1.433 1 3
24 10 0.141 1 2
35 52 0.106 1 0
60 30 0.181 1 0
61 22 0.209 1 0
14 22 0.052 1 3
46 70 0.207 1 0
74 70 0.370 1 2
38 52 0.147 1 3
97 10 0.433 1 0
17 22 0.098 1 0
12 5 0.048 1 0
134 30 0.644 1 3
121 100 0.712 1 2
43 10 0.202 1 0
170 10 0.863 1 0
11 70 0.040 1 2
29 100 0.102 1 0
85 70 0.271 1 0
140 5 0.534 1 0
194 40 0.579 1 3
192 5 0.691 1 0
306 30 1.530 1 3
19 15 0.098 1 0
219 30 0.905 1 0
101 15 0.612 1 0
34 22 0.105 1 0
19 40 0.086 1 3
281 15 0.839 1 0
71 30 0.316 1 0
13 5 0.044 1 0
218 40 1.000 1 0
13 15 0.052 1 3
13 70 0.078 1 0
283 5 1.179 1 0
47 22 0.155 1 0
61 15 0.349 1 3
36 100 0.113 1 3
20 30 0.067 1 0
13 40 0.058 1 2
24 10 0.159 1 3
264 5 1.492 1 3
149 40 0.514 1 0
38 30 0.151 1 0
317 70 1.064 1 2
155 52 0.714 1 0
42 52 0.140 1 0
225 40 1.142 1 0
38 40 0.161 1 0
18 10 0.096 1 0
10 5 0.047 1 0
30 52 0.103 1 3
152 5 0.817 1 0
334 100 1.067 1 3
94 15 0.318 1 2
188 10 0.879 1 0
25 100 0.132 1 2
23 10 0.122 1 0
184 22 0.603 1 0
15 5 0.068 1 0
18 15 0.122 1 3
45 30 0.283 1 3
66 30 0.224 1 0
207 40 0.737 1 0
181 10 0.896 1 0
54 52 0.168 1 2
15 22 0.100 1 0
138 40 0.431 1 2
141 10 0.742 1 3
181 5 0.564 1 0
22 30 0.068 1 3
39 40 0.218 1 0
70 30 0.234 1 0
297 70 1.605 1 2
327 52 1.012 1 0
49 22 0.241 1 3
91 15 0.313 1 0
69 40 0.260 1 0
74 10 0.285 1 2
49 15 0.154 1 3
14 5 0.071 1 2
30 70 0.122 1 0
51 40 0.271 1 2
177 70 0.881 1 0
282 70 1.080 1 0
17 22 0.081 1 3
10 5 0.038 1 0
17 15 0.078 1 2
145 70 0.656 1 0
124 10 0.429 1 0
134 22 0.629 1 0
24 40 0.127 1 0
194 10 1.090 1 0
22 40 0.107 1 0
151 40 0.719 1 3
20 5 0.083 1 0
14 22 0.074 1 0
163 10 1.087 1 0
25 5 0.091 1 2
182 40 0.547 1 0
17 70 0.086 1 3
24 70 0.119 1 0
21 100 0.070 1 2
38 5 0.177 1 3
99 30 0.532 1 3
60 5 0.382 1 0
72 100 0.221 1 3
18 30 0.055 1 0
83 5 0.356 1 0
37 52 0.158 1 0
10 22 0.034 1 0
20 30 0.103 1 0
22 100 0.070 1 3
95 100 0.413 1 0
194 40 0.746 1 0
24 5 0.086 1 3
327 30 1.493 1 3
34 15 0.155 1 0
15 70 0.052 1 2
16 10 0.082 1 0
179 15 0.861 1 0
33 70 0.129 1 0
216 52 0.986 1 3
18 100 0.061 1 0
160 15 0.590 1 0
23 40 0.132 1 3
21 52 0.095 1 0
17 30 0.057 1 3
46 5 0.159 1 3
131 22 0.562 1 3
18 10 0.054 1 3
15 70 0.088 1 0
15 100 0.079 1 0
176 70 0.601 1 0
258 15 1.211 1 0
289 15 1.161 1 0
37 10 0.183 1 2
42 5 0.200 1 2
49 5 0.266 1 0
147 70 0.546 1 0
73 5 0.324 1 0
15 40 0.071 1 3
45 5 0.202 1 0
48 52 0.209 1 0
35 30 0.110 1 0
26 40 0.113 1 0
18 10 0.071 1 3
34 15 0.189 1 0
82 15 0.273 1 3
47 5 0.225 1 0
261 52 1.000 1 3
70 10 0.234 1 0
65 15 0.266 1 0
133 70 0.627 1 0
76 15 0.321 1 0
52 10 0.159 1 3
11 10 0.040 1 0
23 40 0.088 1 2
322 40 1.325 1 2
289 100 0.938 1 2
69 40 0.338 1 0
68 100 0.231 1 0
12 30 0.071 1 3
17 10 0.074 1 2
21 10 0.124 1 0
79 5 0.257 1 0
12 5 0.049 1 0
37 22 0.133 1 0
338 5 1.310 1 0
21 15 0.068 1 0
69 52 0.319 1 3
23 15 0.083 1 2
101 22 0.488 1 3
23 70 0.072 1 0
228 5 1.112 1 2
59 40 0.190 1 0
13 22 0.079 1 2
152 5 0.628 1 2
43 15 0.238 1 2
155 5 0.513 1 2
38 10 0.153 1 0
91 70 0.401 1 0
14 100 0.072 1 3
51 52 0.212 1 0
32 15 0.111 1 0
32 5 0.178 1 0
109 70 0.534 1 0
263 10 0.830 1 0
45 22 0.276 1 3
62 30 0.371 1 3
15 5 0.076 1 0
12 22 0.038 1 2
22 100 0.103 1 2
14 30 0.050 1 2
24 40 0.114 1 2
103 40 0.466 1 0
44 15 0.152 1 0
24 30 0.082 1 0
19 40 0.096 1 0
86 5 0.426 1 3
16 15 0.056 1 0
32 52 0.130 1 3
14 22 0.079 1 0
190 100 0.579 1 0
125 10 0.481 1 3
30 40 0.178 1 0
16 40 0.052 1 0
123 70 0.451 1 3
107 15 0.446 1 0
45 30 0.147 1 0
70 100 0.243 1 0
14 10 0.064 1 2
51 22 0.151 1 0
12 52 0.043 1 2
10 40 0.039 1 0
79 40 0.242 1 2
49 40 0.171 1 3
13 10 0.050 1 3
76 70 0.267 1 0
55 40 0.205 1 2
20 100 0.112 1 2
62 52 0.283 1 0
53 52 0.169 1 0
181 15 1.117 1 0
17 22 0.061 1 2
150 70 0.670 1 2
26 100 0.165 1 0
39 22 0.177 1 0
39 15 0.154 1 0
22 22 0.068 1 2
168 70 0.512 1 2
16 10 0.082 1 3
155 10 0.525 1 3
149 15 0.460 1 3
52 40 0.237 1 0
12 22 0.074 1 0
10 70 0.029 1 0
62 5 0.288 1 2
82 22 0.260 1 0
223 70 0.664 1 0
70 22 0.207 1 0
20 5 0.059 1 3
115 30 0.732 1 0
17 5 0.108 1 0
160 15 0.578 1 0
16 30 0.051 1 2
263 52 0.970 1 3
226 100 0.801 1 2
92 5 0.613 1 0
16 52 0.085 1 0
102 10 0.385 1 2
50 70 0.235 1 2
268 52 1.558 1 3
298 10 0.958 1 0
236 100 1.236 1 0
44 10 0.155 1 2
10 15 0.033 1 3
253 100 1.654 1 2
17 100 0.053 1 2
15 70 0.046 1 3
132 10 0.494 1 3
156 10 0.586 1 3
13 30 0.077 1 2
93 22 0.302 1 0
27 10 0.087 1 0
92 10 0.482 1 0
14 40 0.069 1 0
14 70 0.055 1 0
120 10 0.736 1 0
13 100 0.047 1 0
25 30 0.080 1 2
14 5 0.043 1 0
11 15 0.074 1 0
105 15 0.618 1 2
27 100 0.112 1 3
311 70 1.099 1 3
78 52 0.366 1 0
19 100 0.072 1 2
37 30 0.234 1 0
215 10 1.344 1 2
57 22 0.253 1 3
16 5 0.059 1 0
229 5 0.974 1 0
30 40 0.088 1 0
11 30 0.052 1 0
52 5 0.166 1 0
77 100 0.252 1 3
38 30 0.151 1 2
306 10 1.759 1 2
17 15 0.105 1 3
44 52 0.141 1 0
49 10 0.159 1 0
13 10 0.042 1 3
29 22 0.085 1 0
185 100 0.587 1 3
12 5 0.041 1 0
15 5 0.072 1 3
12 70 0.037 1 0
26 10 0.139 1 2
39 30 0.234 1 2
27 30 0.132 1 0
43 22 0.240 1 0
140 100 0.693 1 0
66 22 0.384 1 2
15 5 0.093 1 0
151 100 0.530 1 3
78 40 0.500 1 2
35 30 0.189 1 0
18 30 0.054 1 0
36 10 0.157 1 0
50 70 0.204 1 0
12 22 0.045 1 3
107 100 0.588 1 0
15 40 0.087 1 0
137 70 0.873 1 0
33 70 0.139 1 0
42 100 0.124 1 0
27 40 0.083 1 2
23 30 0.118 1 0
45 30 0.147 1 3
13 40 0.041 1 0
193 40 0.635 1 0
17 70 0.083 1 0
141 100 0.762 1 0
17 22 0.069 1 0
138 30 0.701 1 0
29 70 0.097 1 0
14 30 0.071 1 0
23 10 0.108 1 0
34 10 0.171 1 2
64 15 0.219 1 3
17 52 0.058 1 3
20 52 0.069 1 0
29 40 0.170 1 2
37 100 0.116 1 0
101 30 0.616 1 0
19 30 0.088 1 0
297 100 1.428 1 3
67 15 0.354 1 3
23 52 0.104 1 2
25 40 0.164 1 0
186 40 0.702 1 0
17 22 0.065 1 3
12 40 0.049 1 0
95 100 0.361 1 2
68 5 0.276 1 2
253 52 1.332 1 2
92 40 0.275 1 3
237 10 0.944 1 2
11 52 0.041 1 2
13 70 0.051 1 0
26 22 0.083 1 3
23 5 0.127 1 3
72 15 0.298 1 0
83 100 0.283 1 0
101 22 0.366 1 0
66 5 0.286 1 0
26 70 0.083 1 0
138 5 0.500 1 2
21 15 0.131 1 2
16 40 0.069 1 3
64 30 0.374 1 0
126 100 0.677 1 0
18 5 0.086 1 0
14 52 0.067 1 0
70 15 0.241 1 0
130 40 0.398 1 2
134 40 0.409 1 2
18 100 0.072 1 2
304 15 1.363 1 2
43 5 0.145 1 3
22 52 0.090 1 3
239 22 0.968 1 2
25 52 0.081 1 2
80 22 0.356 1 0
71 15 0.212 1 0
45 70 0.187 1 0
17 15 0.070 1 2
32 52 0.156 1 2
137 52 0.737 1 3
19 30 0.076 1 0
230 10 1.022 1 2
76 40 0.224 1 0
10 100 0.033 1 3
46 52 0.144 1 2
18 52 0.110 1 0
70 5 0.216 1 3
18 15 0.080 1 0
11 40 0.043 1 0
36 70 0.200 1 2
22 5 0.076 1 2
21 10 0.074 1 0
79 70 0.343 1 3
216 30 1.102 1 0
24 40 0.137 1 0
217 5 1.391 1 3
103 30 0.464 1 0
31 22 0.095 1 3
55 70 0.209 1 2
75 10 0.319 1 0
74 15 0.287 1 2
20 52 0.065 1 3
65 5 0.216 1 0
205 5 1.030 1 3
11 100 0.064 1 0
33 22 0.162 1 2
175 40 1.048 1 2
12 70 0.037 1 0
17 22 0.059 1 3
18 15 0.053 1 0
177 22 0.548 1 2
42 100 0.189 1 3
28 100 0.189 1 0
56 15 0.322 1 3
133 70 0.711 1 0
112 22 0.493 1 0
23 5 0.112 1 2
144 100 0.457 1 3
12 30 0.048 1 0
15 15 0.070 1 0
36 52 0.142 1 2
35 52 0.162 1 0
244 10 0.713 1 2
41 52 0.252 1 0
330 10 2.171 1 0
113 70 0.454 1 0
227 22 1.419 1 0
11 15 0.062 1 0
158 40 0.702 1 0
53 100 0.251 1 0
34 52 0.105 1 2
72 10 0.323 1 0
20 52 0.115 1 0
18 5 0.096 1 2
13 30 0.038 1 0
69 40 0.350 1 3
287 70 1.047 1 0
199 52 0.672 1 0
51 100 0.221 1 3
51 10 0.290 1 0
11 22 0.035 1 2
42 100 0.169 1 2
16 15 0.057 1 0
95 5 0.446 1 3
18 52 0.054 1 0
19 52 0.060 1 0
70 22 0.473 1 0
47 70 0.175 1 3
33 15 0.113 1 0
61 10 0.205 1 3
67 10 0.372 1 0
36 70 0.107 1 2
63 5 0.280 1 2
13 40 0.040 1 3
197 15 0.891 1 0
42 52 0.198 1 0
13 10 0.041 1 2
129 52 0.675 1 0
20 30 0.118 1 2
15 22 0.066 1 0
15 10 0.061 1 0
12 10 0.039 1 3
20 5 0.132 1 0
14 100 0.057 1 3
17 22 0.059 1 0
32 5 0.154 1 0
61 100 0.343 1 2
96 15 0.578 1 2
19 52 0.112 1 2
38 5 0.161 1 0
15 52 0.077 1 0
61 40 0.194 1 3
94 30 0.318 1 2
24 100 0.128 1 3
180 52 0.664 1 2
65 10 0.238 1 3
57 5 0.169 1 0
33 70 0.177 1 0
71 22 0.428 1 2
41 40 0.148 1 0
51 70 0.201 1 0
73 100 0.382 1 3
172 40 0.778 1 0
187 10 0.786 1 2
303 22 1.122 1 3
73 30 0.298 1 3
307 22 1.335 1 0
29 10 0.169 1 0
13 30 0.065 1 2
27 40 0.103 1 0
31 15 0.095 1 2
42 22 0.211 1 0
78 22 0.370 1 2
18 5 0.080 1 0
58 15 0.284 1 0
52 10 0.154 1 0
10 5 0.063 1 0
174 100 0.582 1 0
79 70 0.446 1 3
31 10 0.100 1 2
67 70 0.201 1 0
135 52 0.500 1 0
17 10 0.054 1 0
11 70 0.061 1 0
161 30 0.483 1 3
142 100 0.689 1 0
27 15 0.103 1 2
41 5 0.241 1 3
13 40 0.071 1 0
46 70 0.260 1 0
17 5 0.113 1 0
12 5 0.047 1 3
18 5 0.053 1 0
19 70 0.119 1 0
13 22 0.073 1 0
111 52 0.536 1 2
77 100 0.356 1 2
32 22 0.136 1 0
19 15 0.095 1 0
17 70 0.067 1 3
192 40 0.664 1 0
209 100 0.635 1 3
61 15 0.316 1 0
16 22 0.080 1 2
33 100 0.107 1 0
278 22 1.086 1 3
53 40 0.158 1 0
220 100 0.783 1 3
71 22 0.350 1 0
106 40 0.344 1 0
50 22 0.168 1 0
30 22 0.123 1 0
57 30 0.247 1 0
183 52 1.220 1 2
78 52 0.299 1 3
262 10 1.207 1 3
19 70 0.074 1 0
69 10 0.208 1 2
58 30 0.177 1 3
210 10 0.820 1 0
257 100 0.952 1 3
74 5 0.294 1 3
180 10 0.837 1 0
22 5 0.133 1 3
57 100 0.294 1 3
219 100 1.327 1 0
14 15 0.053 1 0
21 40 0.116 1 0
15 70 0.046 1 0
20 52 0.066 1 0
313 100 1.701 1 3
123 52 0.457 1 3
72 52 0.371 1 3
238 5 0.700 1 0
70 70 0.241 1 3
10 70 0.032 1 0
329 5 1.354 1 0
42 5 0.187 1 3
111 100 0.453 1 0
17 100 0.087 1 0
125 22 0.389 1 0
76 100 0.497 1 0
33 100 0.102 1 3
152 5 0.658 1 0
11 70 0.054 1 2
72 100 0.255 1 3
10 70 0.065 1 0
19 100 0.090 1 3
42 40 0.211 1 0
16 30 0.047 1 2
31 22 0.122 1 3
60 70 0.321 1 2
169 40 0.583 1 3
17 10 0.055 1 3
210 22 0.665 1 3
91 15 0.299 1 3
25 52 0.075 1 3
17 100 0.051 1 0
23 40 0.106 1 0
61 100 0.201 1 3
10 40 0.040 1 0
16 70 0.049 1 0
39 10 0.260 1 3
21 15 0.115 1 0
24 22 0.145 1 0
140 100 0.886 1 3
53 40 0.198 1 0
11 40 0.050 1 2
40 100 0.129 1 0
267 40 1.500 1 3
21 10 0.089 1 0
13 70 0.049 1 2
21 70 0.077 1 0
14 100 0.072 1 0
14 30 0.072 1 3
76 52 0.244 1 0
19 10 0.058 1 2
199 15 0.729 1 0
14 40 0.049 1 0
46 5 0.208 1 3
36 52 0.145 1 0
64 5 0.267 1 3
29 22 0.170 1 3
291 15 1.722 1 3
22 10 0.089 1 3
85 100 0.290 1 2
158 100 0.486 1 0
323 52 1.737 1 0
19 15 0.056 1 0
10 100 0.034 1 2
39 30 0.120 1 0
61 70 0.274 1 2
172 15 0.745 1 0
189 15 1.252 1 0
57 22 0.288 1 2
24 100 0.099 1 0
79 15 0.446 1 0
204 40 0.745 1 3
144 40 0.469 1 2
11 15 0.043 1 3
14 5 0.056 1 3
174 30 0.611 1 0
108 100 0.370 1 0
10 30 0.056 1 3
46 22 0.269 1 0
18 22 0.081 1 0
73 15 0.261 1 0
182 30 0.563 1 0
28 22 0.100 1 3
68 40 0.366 1 3
13 15 0.073 1 0
15 70 0.077 1 3
16 100 0.047 1 3
281 52 0.949 1 3
10 40 0.031 1 0
283 15 1.394 1 3
37 10 0.125 1 0
178 40 0.751 1 3
77 100 0.291 1 0
40 40 0.183 1 0
186 15 0.662 1 0
17 40 0.085 1 2
33 40 0.206 1 0
57 30 0.251 1 3
35 30 0.187 1 0
16 15 0.076 1 2
25 30 0.100 1 0
34 30 0.211 1 3
33 22 0.145 1 0
10 70 0.032 1 2
35 70 0.126 1 0
39 30 0.152 1 0
176 22 0.550 1 0
187 22 0.693 1 0
100 70 0.602 1 3
213 40 0.995 1 0
49 52 0.155 1 2
10 15 0.042 1 3
77 15 0.414 1 3
20 15 0.063 1 0
31 100 0.153 1 0
51 30 0.159 1 0
20 100 0.093 1 2
13 100 0.038 1 0
22 70 0.067 1 2
33 30 0.184 1 0
335 100 1.551 1 0
142 70 0.532 1 3
330 22 0.994 1 0
30 52 0.158 1 0
76 10 0.264 1 0
124 52 0.566 1 0
22 70 0.113 1 0
138 52 0.608 1 2
160 40 0.552 1 0
39 52 0.144 1 3
70 30 0.327 1 3
28 10 0.094 1 0
108 100 0.460 1 2
125 22 0.551 1 3
10 30 0.032 1 0
12 10 0.047 1 3
19 100 0.084 1 0
13 40 0.047 1 0
21 15 0.066 1 2
34 10 0.175 1 0
152 100 0.447 1 3
181 52 0.547 1 3
10 100 0.033 1 3
19 5 0.082 1 0
65 70 0.220 1 3
40 40 0.129 1 3
48 22 0.170 1 3
17 10 0.083 1 0
162 40 0.648 1 3
37 40 0.227 1 3
65 22 0.204 1 0
14 10 0.064 1 0
128 70 0.615 1 2
149 22 0.618 1 0
15 30 0.064 1 0
33 15 0.160 1 0
139 100 0.720 1 0
26 30 0.114 1 0
18 10 0.053 1 2
32 30 0.173 1 2
178 22 1.047 1 0
199 70 0.961 1 0
10 10 0.054 1 0
234 22 1.519 1 2
22 22 0.065 1 2
15 30 0.060 1 2
183 40 0.995 1 0
67 30 0.232 1 0
11 5 0.044 1 0
197 40 0.970 1 3
180 22 0.690 1 0
88 5 0.396 1 0
39 30 0.217 1 3
159 30 0.476 1 0
14 10 0.085 1 0
173 40 1.055 1 0
316 10 1.527 1 2
42 15 0.194 1 0
16 5 0.072 1 0
222 10 0.844 1 2
308 15 1.088 1 2
13 100 0.078 1 2
180 100 0.853 1 2
33 5 0.136 1 0
115 22 0.370 1 2
71 30 0.208 1 2
25 70 0.087 1 3
19 100 0.089 1 2
11 15 0.041 1 0
112 100 0.457 1 3
18 22 0.052 1 2
265 22 0.841 1 0
26 15 0.082 1 0
157 40 0.532 1 0
12 15 0.056 1 2
42 30 0.149 1 0
31 5 0.111 1 0
14 22 0.070 1 2
18 30 0.089 1 0
74 70 0.315 1 0
17 70 0.084 1 2
50 40 0.165 1 0
52 52 0.263 1 0
237 15 0.760 1 2
70 40 0.273 1 2
25 100 0.096 1 0
137 15 0.515 1 2
62 52 0.318 1 0
75 15 0.229 1 3
195 15 0.750 1 2
16 40 0.077 1 2
16 30 0.067 1 3
63 52 0.189 1 2
12 52 0.075 1 0
66 40 0.361 1 2
22 22 0.066 1 0
46 15 0.188 1 3
185 10 0.585 1 0
13 5 0.055 1 0
184 100 0.710 1 3
145 70 0.592 1 0
184 15 0.739 1 3
154 5 0.480 1 3
192 22 0.800 1 0
21 40 0.141 1 0
215 10 1.265 1 0
162 10 0.714 1 0
170 5 0.736 1 3
31 40 0.129 1 0
116 100 0.607 1 3
70 40 0.206 1 2
35 15 0.164 1 2
89 30 0.543 1 2
56 22 0.368 1 2
184 52 0.669 1 0
58 30 0.335 1 0
36 30 0.131 1 0
10 70 0.035 1 0
69 22 0.247 1 2
19 40 0.065 1 0
135 22 0.474 1 0
17 52 0.091 1 2
75 22 0.236 1 2
10 15 0.035 1 0
68 10 0.265 1 0
59 30 0.265 1 0
19 10 0.060 1 2
43 22 0.188 1 3
213 10 0.737 1 2
176 15 0.693 1 2
64 10 0.325 1 3
19 100 0.057 1 3
72 10 0.414 1 0
22 40 0.065 1 2
15 52 0.056 1 2
40 22 0.197 1 2
231 10 1.121 1 3
271 5 1.369 1 0
55 100 0.325 1 0
28 52 0.100 1 3
10 22 0.030 1 3
206 30 1.364 1 0
37 52 0.159 1 3
18 22 0.056 1 0
64 100 0.243 1 0
98 15 0.290 1 0
14 52 0.044 1 3
19 52 0.076 1 0
119 52 0.717 1 0
40 70 0.190 1 2
10 22 0.037 1 2
184 100 0.544 1 2
67 10 0.223 1 0
69 30 0.220 1 0
42 70 0.145 1 0
11 40 0.040 1 0
81 52 0.318 1 2
22 52 0.104 1 0
19 40 0.056 1 0
107 5 0.514 1 3
27 30 0.129 1 2
25 10 0.126 1 0
142 15 0.609 1 2
238 100 0.878 1 3
38 100 0.160 1 0
33 5 0.165 1 0
13 100 0.039 1 2
161 52 0.674 1 0
69 30 0.225 1 0
17 100 0.104 1 3
25 22 0.089 1 0
122 52 0.578 1 3
322 30 1.602 1 0
56 70 0.335 1 0
149 40 0.623 1 3
59 70 0.373 1 2
16 30 0.047 1 2
14 40 0.064 1 0
16 15 0.063 1 0
11 10 0.043 1 0
52 10 0.155 1 3
14 10 0.056 1 3
106 70 0.390 1 0
20 100 0.101 1 0
229 10 0.974 1 0
61 52 0.237 1 0
10 22 0.053 1 2
13 40 0.062 1 2
15 100 0.074 1 3
80 70 0.468 1 0
16 70 0.054 1 0
74 10 0.366 1 2
15 40 0.053 1 3
11 22 0.034 1 3
13 70 0.043 1 0
69 15 0.392 1 0
10 70 0.030 1 3
17 52 0.076 1 3
22 40 0.069 1 0
14 52 0.068 1 0
19 5 0.064 1 0
163 10 0.502 1 0
26 70 0.078 1 2
321 22 1.698 1 0
22 100 0.082 1 0
39 10 0.123 1 0
86 30 0.437 1 3
109 22 0.551 1 2
179 40 1.078 1 0
12 30 0.045 1 0
77 10 0.306 1 2
40 22 0.149 1 2
12 5 0.043 1 2
290 22 1.062 1 0
83 10 0.405 1 0
94 15 0.276 1 0
14 22 0.053 1 0
65 70 0.231 1 3
111 100 0.587 1 0
49 40 0.239 1 0
31 70 0.150 1 0
10 5 0.040 1 0
10 70 0.030 2 0
108 70 0.362 2 0
250 100 1.196 2 0
114 5 0.416 2 3
107 15 0.377 2 0
142 40 0.821 2 1
14 22 0.044 2 1
17 22 0.092 2 1
21 22 0.069 2 0
46 40 0.165 2 1
169 52 0.944 2 3
260 10 1.193 2 0
12 22 0.039 2 0
16 15 0.108 2 0
87 52 0.259 2 0
21 15 0.078 2 3
78 52 0.347 2 0
43 5 0.199 2 3
12 30 0.065 2 3
14 5 0.057 2 0
48 40 0.257 2 1
70 70 0.215 2 0
18 30 0.081 2 1
40 10 0.183 2 0
54 52 0.362 2 1
256 40 1.024 2 0
12 15 0.081 2 0
24 52 0.096 2 3
182 30 0.875 2 0
30 10 0.096 2 1
44 10 0.135 2 0
44 100 0.201 2 0
19 5 0.059 2 0
36 52 0.120 2 0
61 100 0.262 2 0
55 100 0.251 2 3
161 5 0.624 2 1
42 40 0.122 2 0
169 30 1.000 2 1
337 52 1.253 2 0
78 15 0.417 2 3
62 22 0.346 2 1
175 52 0.537 2 0
183 30 0.546 2 0
141 5 0.691 2 1
10 30 0.037 2 0
297 40 0.876 2 3
231 10 1.161 2 0
164 40 0.536 2 0
37 5 0.155 2 0
19 70 0.097 2 3
19 5 0.070 2 1
69 22 0.371 2 0
136 22 0.442 2 0
32 70 0.187 2 1
19 70 0.127 2 0
38 40 0.126 2 0
17 52 0.087 2 1
55 22 0.224 2 0
34 30 0.130 2 0
37 40 0.203 2 0
283 5 1.564 2 3
147 22 0.731 2 0
107 70 0.319 2 0
19 5 0.063 2 0
201 22 1.162 2 1
43 10 0.243 2 0
264 5 1.375 2 0
13 10 0.082 2 0
122 40 0.391 2 3
24 100 0.103 2 3
39 5 0.234 2 3
28 5 0.116 2 0
20 10 0.078 2 3
37 70 0.128 2 0
259 5 0.852 2 3
16 22 0.082 2 0
23 100 0.067 2 0
29 52 0.098 2 3
18 15 0.076 2 0
168 40 1.113 2 0
67 5 0.349 2 3
12 15 0.038 2 0
20 30 0.092 2 1
28 5 0.083 2 0
51 22 0.164 2 0
82 30 0.294 2 0
29 10 0.087 2 3
73 40 0.253 2 0
56 52 0.273 2 0
15 15 0.055 2 0
75 15 0.260 2 3
31 30 0.159 2 0
15 100 0.079 2 0
17 10 0.101 2 1
20 70 0.066 2 1
179 40 1.023 2 0
17 70 0.091 2 0
21 100 0.065 2 3
21 30 0.077 2 1
11 15 0.042 2 3
19 52 0.123 2 0
12 22 0.050 2 0
17 30 0.076 2 0
14 22 0.064 2 1
15 15 0.046 2 0
19 40 0.062 2 0
57 40 0.201 2 3
279 100 1.361 2 0
81 52 0.291 2 3
62 30 0.287 2 3
13 100 0.078 2 0
17 22 0.050 2 3
173 40 0.567 2 3
36 52 0.164 2 1
25 100 0.074 2 3
51 100 0.342 2 0
14 5 0.055 2 1
175 100 0.627 2 3
94 5 0.480 2 3
97 30 0.500 2 1
14 15 0.048 2 0
110 100 0.476 2 0
42 70 0.169 2 0
64 10 0.189 2 0
77 40 0.503 2 3
10 22 0.044 2 1
184 5 0.628 2 1
54 52 0.183 2 3
13 40 0.041 2 3
41 5 0.206 2 3
213 52 0.747 2 0
22 10 0.070 2 0
53 70 0.162 2 3
76 15 0.373 2 3
17 10 0.058 2 0
45 22 0.152 2 0
35 15 0.169 2 1
236 22 1.098 2 0
127 100 0.756 2 1
87 22 0.311 2 0
27 22 0.150 2 1
126 40 0.374 2 0
295 5 1.135 2 0
19 100 0.070 2 0
77 30 0.254 2 3
16 15 0.067 2 0
31 100 0.091 2 0
262 10 0.816 2 3
19 100 0.116 2 0
327 52 1.603 2 1
153 22 0.754 2 3
191 22 1.151 2 1
17 70 0.064 2 1
91 40 0.406 2 0
41 5 0.149 2 1
12 5 0.046 2 3
337 40 2.030 2 3
19 30 0.094 2 0
27 30 0.132 2 0
12 70 0.051 2 3
161 30 0.729 2 0
59 22 0.265 2 0
60 22 0.218 2 0
22 70 0.077 2 1
247 70 1.004 2 0
12 52 0.046 2 1
16 15 0.091 2 3
38 40 0.199 2 0
55 52 0.177 2 1
101 70 0.627 2 3
37 52 0.149 2 0
17 100 0.087 2 0
60 5 0.323 2 1
63 30 0.225 2 0
14 70 0.047 2 1
35 22 0.103 2 3
122 22 0.364 2 1
21 30 0.086 2 0
30 22 0.152 2 1
22 40 0.127 2 0
30 100 0.112 2 0
12 5 0.036 2 3
32 22 0.150 2 1
12 10 0.044 2 3
150 70 0.630 2 3
181 70 0.547 2 3
182 22 0.737 2 1
16 15 0.091 2 0
291 15 0.980 2 1
136 5 0.430 2 1
31 52 0.113 2 0
53 70 0.172 2 0
143 70 0.636 2 1
55 22 0.244 2 0
156 5 0.653 2 0
15 5 0.068 2 0
66 70 0.247 2 3
14 100 0.082 2 0
41 22 0.203 2 0
107 52 0.656 2 0
95 52 0.347 2 0
131 5 0.580 2 1
85 40 0.291 2 1
75 15 0.275 2 0
46 100 0.170 2 0
14 100 0.065 2 1
130 52 0.807 2 0
198 40 0.639 2 0
53 15 0.220 2 0
60 70 0.222 2 0
27 22 0.080 2 1
146 30 0.445 2 3
21 22 0.096 2 0
10 30 0.030 2 1
16 22 0.072 2 1
181 52 0.933 2 0
12 40 0.043 2 0
25 30 0.073 2 3
14 5 0.042 2 3
271 40 1.566 2 0
86 100 0.254 2 3
250 100 1.603 2 1
18 15 0.056 2 3
129 15 0.381 2 1
188 5 1.126 2 0
41 52 0.132 2 0
27 5 0.092 2 0
123 52 0.502 2 1
78 70 0.318 2 0
17 52 0.062 2 1
114 52 0.452 2 0
45 40 0.172 2 3
32 30 0.094 2 1
149 15 0.623 2 1
100 70 0.429 2 0
113 10 0.635 2 3
42 40 0.142 2 3
49 5 0.194 2 0
58 40 0.232 2 0
16 5 0.076 2 1
16 40 0.058 2 1
159 30 0.646 2 1
15 10 0.046 2 0
66 52 0.268 2 0
192 30 0.893 2 0
33 10 0.169 2 3
54 15 0.208 2 1
13 22 0.043 2 0
189 100 0.596 2 0
12 30 0.070 2 0
179 5 0.668 2 0
19 70 0.075 2 0
280 5 0.976 2 1
66 100 0.258 2 1
134 22 0.431 2 3
189 22 0.569 2 0
36 70 0.135 2 1
36 40 0.179 2 1
15 15 0.059 2 1
34 100 0.101 2 0
36 52 0.134 2 0
13 70 0.041 2 0
173 15 0.911 2 0
11 30 0.051 2 0
52 40 0.242 2 0
12 70 0.051 2 1
34 5 0.224 2 3
64 22 0.354 2 0
73 10 0.442 2 0
28 100 0.146 2 0
17 10 0.087 2 3
42 5 0.282 2 3
10 100 0.066 2 0
41 70 0.152 2 1
325 5 1.025 2 0
143 40 0.513 2 0
71 5 0.240 2 3
156 15 0.542 2 0
264 5 1.082 2 0
56 10 0.257 2 0
192 100 1.103 2 0
257 15 1.486 2 3
69 40 0.329 2 0
110 5 0.531 2 3
143 22 0.572 2 0
110 100 0.498 2 0
14 40 0.042 2 0
318 70 0.930 2 0
17 15 0.054 2 3
199 40 0.771 2 0
32 10 0.194 2 3
33 70 0.221 2 0
20 100 0.084 2 3
13 5 0.075 2 1
32 52 0.133 2 0
16 40 0.105 2 3
18 30 0.068 2 3
58 5 0.326 2 0
11 10 0.033 2 0
60 30 0.302 2 3
39 22 0.220 2 3
98 22 0.524 2 1
118 5 0.584 2 0
20 70 0.061 2 1
56 100 0.283 2 3
195 22 0.750 2 0
19 10 0.089 2 0
15 5 0.045 2 1
14 70 0.082 2 0
29 40 0.114 2 1
30 10 0.160 2 1
19 70 0.062 2 0
59 40 0.331 2 0
57 10 0.171 2 3
185 5 0.543 2 0
25 70 0.079 2 3
278 30 1.126 2 0
14 70 0.047 2 3
55 22 0.179 2 0
87 5 0.358 2 0
25 30 0.167 2 0
40 52 0.142 2 3
12 40 0.036 2 1
249 10 1.191 2 3
35 100 0.223 2 0
329 10 1.537 2 0
18 10 0.071 2 3
22 30 0.129 2 0
59 52 0.186 2 1
36 5 0.115 2 0
21 70 0.072 2 0
123 40 0.362 2 0
48 5 0.195 2 0
46 10 0.250 2 0
171 22 0.503 2 1
19 10 0.062 2 0
32 10 0.182 2 3
26 100 0.078 2 1
225 15 0.792 2 0
216 30 1.256 2 1
14 52 0.061 2 0
189 40 0.680 2 0
49 15 0.189 2 0
11 70 0.061 2 0
223 10 0.761 2 1
15 5 0.062 2 3
158 10 0.709 2 1
91 30 0.391 2 0
45 22 0.183 2 3
38 40 0.177 2 0
35 70 0.175 2 0
14 70 0.057 2 3
60 5 0.216 2 3
235 100 0.897 2 0
168 22 0.527 2 3
77 52 0.309 2 1
11 70 0.046 2 0
27 15 0.119 2 3
16 10 0.087 2 3
66 22 0.223 2 1
47 70 0.145 2 1
29 52 0.130 2 3
128 40 0.443 2 3
289 15 1.784 2 0
42 5 0.165 2 1
138 100 0.404 2 1
17 30 0.074 2 1
83 15 0.449 2 0
78 70 0.287 2 0
117 40 0.391 2 3
51 100 0.194 2 0
199 70 1.164 2 0
16 10 0.079 2 3
61 52 0.311 2 1
151 22 0.693 2 1
75 40 0.391 2 0
60 52 0.197 2 1
32 5 0.147 2 0
225 30 1.380 2 1
76 100 0.344 2 1
308 5 1.413 2 1
25 100 0.100 2 0
74 40 0.365 2 3
163 30 0.679 2 0
269 5 1.319 2 1
35 52 0.154 2 0
55 22 0.264 2 0
13 30 0.078 2 0
34 15 0.144 2 0
85 52 0.399 2 3
219 70 0.901 2 0
15 52 0.044 2 3
66 52 0.202 2 1
14 5 0.065 2 3
84 15 0.267 2 1
102 52 0.351 2 0
262 40 0.981 2 1
31 70 0.115 2 0
17 10 0.077 2 0
36 100 0.107 2 0
26 100 0.098 2 3
49 100 0.174 2 1
18 40 0.059 2 0
50 10 0.146 2 0
79 30 0.534 2 0
10 10 0.033 2 1
15 22 0.075 2 1
79 70 0.338 2 0
32 100 0.158 2 0
310 100 1.658 2 3
74 30 0.363 2 1
50 52 0.298 2 3
34 22 0.138 2 1
326 5 0.953 2 0
71 100 0.290 2 1
300 30 1.429 2 0
12 30 0.036 2 0
224 100 0.709 2 0
266 70 1.565 2 3
72 100 0.259 2 3
30 15 0.116 2 1
18 52 0.071 2 0
17 22 0.062 2 0
165 70 0.532 2 0
33 40 0.112 2 0
36 15 0.134 2 0
30 52 0.130 2 1
125 5 0.566 2 0
87 30 0.316 2 1
33 52 0.155 2 0
73 40 0.225 2 0
11 100 0.039 2 0
42 15 0.207 2 1
65 70 0.293 2 0
77 15 0.274 2 0
17 40 0.067 2 0
19 5 0.091 2 3
213 10 0.763 2 0
25 30 0.094 2 1
38 10 0.154 2 0
58 15 0.211 2 0
67 15 0.358 2 0
22 40 0.069 2 0
71 40 0.360 2 0
26 5 0.087 2 3
47 30 0.250 2 1
133 15 0.621 2 1
141 22 0.473 2 1
15 10 0.048 2 1
140 52 0.749 2 0
86 70 0.337 2 0
165 30 0.708 2 0
185 70 0.546 2 1
19 40 0.072 2 0
75 5 0.264 2 0
44 70 0.141 2 0
170 70 1.104 2 0
65 10 0.267 2 1
178 30 0.682 2 0
16 52 0.048 2 3
14 40 0.079 2 1
82 15 0.554 2 1
65 22 0.387 2 1
82 52 0.554 2 3
17 5 0.056 2 0
49 40 0.167 2 0
12 22 0.049 2 3
15 22 0.078 2 1
14 70 0.068 2 0
312 15 1.151 2 0
65 22 0.198 2 0
301 15 0.929 2 0
109 52 0.717 2 0
26 10 0.098 2 0
56 15 0.213 2 3
191 10 0.888 2 1
134 5 0.604 2 0
50 15 0.155 2 3
90 70 0.437 2 0
39 100 0.130 2 0
121 52 0.429 2 3
77 22 0.412 2 0
33 40 0.157 2 3
136 5 0.604 2 0
19 70 0.078 2 3
235 5 1.250 2 3
106 15 0.366 2 3
17 5 0.074 2 3
327 100 1.143 2 0
41 70 0.156 2 3
134 22 0.635 2 0
67 22 0.203 2 1
21 40 0.064 2 3
53 10 0.155 2 3
80 40 0.333 2 3
21 5 0.116 2 1
25 10 0.131 2 0
16 40 0.062 2 3
40 5 0.129 2 3
34 15 0.143 2 0
13 30 0.064 2 0
71 15 0.444 2 0
12 5 0.041 2 1
39 15 0.165 2 1
38 52 0.128 2 0
14 15 0.053 2 0
211 40 0.748 2 3
23 30 0.088 2 0
74 40 0.221 2 1
258 52 1.016 2 1
157 100 0.541 2 3
18 40 0.096 2 1
91 70 0.354 2 3
339 70 1.149 2 0
21 5 0.086 2 0
30 10 0.128 2 1
34 40 0.108 2 0
27 5 0.122 2 3
29 30 0.149 2 3
181 22 0.616 2 3
14 15 0.056 2 3
57 52 0.245 2 3
45 40 0.214 2 1
33 15 0.138 2 0
58 10 0.174 2 3
11 22 0.071 2 0
39 40 0.121 2 0
191 30 0.803 2 3
13 15 0.053 2 3
46 30 0.249 2 0
23 10 0.070 2 1
77 5 0.277 2 0
174 22 0.837 2 1
149 22 0.479 2 3
10 100 0.052 2 0
10 30 0.043 2 0
35 22 0.119 2 0
226 22 0.866 2 3
11 30 0.041 2 0
52 40 0.168 2 1
12 100 0.068 2 1
14 5 0.049 2 0
206 52 0.798 2 3
181 15 1.138 2 0
20 52 0.066 2 0
28 40 0.128 2 0
11 10 0.033 2 0
164 100 0.756 2 0
17 40 0.065 2 3
53 10 0.173 2 1
180 22 0.581 2 0
18 22 0.086 2 3
80 30 0.428 2 1
172 40 0.513 2 0
179 15 0.649 2 3
121 30 0.387 2 1
44 10 0.188 2 1
29 30 0.158 2 0
15 100 0.099 2 3
141 10 0.627 2 0
276 40 1.423 2 0
155 52 0.771 2 0
22 70 0.092 2 3
134 5 0.462 2 3
176 40 0.605 2 1
18 100 0.059 2 0
28 52 0.099 2 0
61 70 0.313 2 0
93 5 0.271 2 3
232 30 1.172 2 0
61 52 0.210 2 1
11 10 0.047 2 3
56 15 0.333 2 0
41 70 0.162 2 1
42 30 0.250 2 0
27 70 0.079 2 0
173 22 0.526 2 0
10 5 0.035 2 1
92 100 0.358 2 1
13 70 0.062 2 3
157 15 0.822 2 1
90 5 0.404 2 3
84 10 0.464 2 0
78 10 0.333 2 0
124 22 0.614 2 0
20 10 0.115 2 3
51 10 0.327 2 0
33 100 0.168 2 1
112 100 0.372 2 3
20 5 0.121 2 0
307 100 1.055 2 0
121 52 0.526 2 3
75 22 0.306 2 0
29 10 0.173 2 0
156 15 0.951 2 0
63 22 0.281 2 0
23 5 0.088 2 0
19 40 0.104 2 3
75 15 0.364 2 0
14 70 0.053 2 0
39 100 0.130 2 0
19 30 0.092 2 1
29 15 0.104 2 0
76 30 0.275 2 3
35 30 0.111 2 0
66 70 0.367 2 3
17 15 0.079 2 0
327 30 1.595 2 3
28 5 0.095 2 1
67 70 0.257 2 3
17 15 0.058 2 0
75 40 0.319 2 3
79 22 0.316 2 0
15 30 0.056 2 1
28 52 0.086 2 1
20 52 0.102 2 0
65 100 0.295 2 0
18 30 0.081 2 1
118 40 0.707 2 0
13 5 0.038 2 0
219 70 0.817 2 1
30 30 0.114 2 3
22 52 0.102 2 0
326 52 1.376 2 0
49 30 0.190 2 1
29 5 0.137 2 3
14 70 0.043 2 3
70 10 0.242 2 1
17 30 0.054 2 0
159 52 0.521 2 0
20 5 0.060 2 0
86 52 0.350 2 0
10 10 0.039 2 0
176 10 0.884 2 0
10 52 0.044 2 1
116 15 0.739 2 0
59 52 0.291 2 0
32 70 0.130 2 0
34 52 0.191 2 0
123 100 0.388 2 0
72 70 0.465 2 0
20 22 0.119 2 1
20 70 0.132 2 0
128 10 0.766 2 0
70 70 0.370 2 3
286 40 1.083 2 0
101 100 0.377 2 0
290 100 0.993 2 0
31 22 0.116 2 0
55 100 0.299 2 1
44 52 0.207 2 3
81 40 0.370 2 0
63 5 0.404 2 0
14 5 0.065 2 0
94 5 0.570 2 3
73 40 0.356 2 1
50 100 0.192 2 0
87 52 0.347 2 3
63 10 0.245 2 1
76 10 0.494 2 0
47 22 0.195 2 0
17 10 0.077 2 1
15 22 0.082 2 1
16 10 0.058 2 3
19 22 0.118 2 1
30 15 0.168 2 3
323 30 0.967 2 0
45 100 0.180 2 0
25 30 0.096 2 0
10 15 0.030 2 3
16 52 0.081 2 3
67 52 0.335 2 3
75 30 0.341 2 0
64 52 0.204 2 3
37 100 0.132 2 3
261 22 0.909 2 0
191 70 0.595 2 0
53 5 0.167 2 3
136 5 0.677 2 3
79 15 0.382 2 3
11 5 0.052 2 1
55 10 0.194 2 3
13 100 0.062 2 0
60 10 0.198 2 0
81 40 0.349 2 0
70 10 0.276 2 0
108 100 0.358 2 0
37 30 0.110 2 0
74 40 0.276 2 0
26 22 0.099 2 3
30 15 0.160 2 1
36 10 0.158 2 0
189 10 1.189 2 0
33 52 0.174 2 3
15 40 0.046 2 0
33 5 0.097 2 1
203 100 1.153 2 1
13 52 0.042 2 3
29 15 0.149 2 0
24 10 0.094 2 0
20 70 0.076 2 0
14 40 0.089 2 0
27 15 0.117 2 0
22 52 0.106 2 0
37 52 0.113 2 1
18 30 0.080 2 3
275 15 1.495 2 0
71 100 0.316 2 3
48 70 0.302 2 1
163 10 1.058 2 3
38 30 0.197 2 3
11 22 0.064 2 0
134 70 0.416 2 3
16 15 0.050 2 3
289 100 1.018 2 0
11 30 0.067 2 0
15 52 0.062 2 0
180 40 0.641 2 0
18 15 0.115 2 3
11 40 0.070 2 1
111 15 0.326 2 3
17 30 0.089 2 1
13 15 0.076 2 0
13 10 0.086 2 1
16 30 0.065 2 3
37 52 0.140 2 3
30 15 0.089 2 0
24 10 0.095 2 0
253 5 0.907 2 1
56 100 0.259 2 0
208 10 0.703 2 0
21 100 0.064 2 1
66 40 0.351 2 3
111 15 0.425 2 0
74 22 0.294 2 1
137 10 0.415 2 0
33 70 0.141 2 1
56 30 0.232 2 3
118 40 0.461 2 1
51 40 0.238 2 3
28 52 0.152 2 0
65 30 0.266 2 1
79 30 0.427 2 0
175 5 0.559 2 1
37 5 0.118 2 0
12 10 0.040 2 0
283 70 1.179 2 0
152 22 0.519 2 3
154 10 0.586 2 3
102 30 0.339 2 0
233 15 0.921 2 0
107 15 0.377 2 3
37 5 0.135 2 0
45 30 0.146 2 0
60 100 0.179 2 1
32 10 0.131 2 1
51 5 0.171 2 0
54 52 0.198 2 1
10 5 0.039 2 0
134 70 0.469 2 1
83 10 0.318 2 3
69 30 0.356 2 0
57 10 0.300 2 0
42 10 0.223 2 0
188 10 0.577 2 0
16 40 0.055 2 0
67 52 0.424 2 1
102 10 0.308 2 1
300 22 1.017 2 3
14 52 0.045 2 1
95 52 0.505 2 1
24 52 0.099 2 3
233 22 1.355 2 3
14 22 0.067 2 1
13 22 0.078 2 3
11 22 0.048 2 0
42 22 0.213 2 0
81 30 0.497 2 1
14 52 0.057 2 3
156 30 0.754 2 1
15 10 0.088 2 1
77 22 0.308 2 0
19 52 0.128 2 3
134 70 0.788 2 0
13 100 0.065 2 0
45 52 0.207 2 1
16 5 0.069 2 0
19 15 0.059 2 0
10 100 0.061 2 0
10 40 0.067 2 0
86 40 0.252 2 0
38 15 0.164 2 3
281 70 1.216 2 1
137 15 0.442 2 0
14 30 0.064 2 1
115 22 0.669 2 3
56 15 0.199 2 0
170 40 0.559 2 3
154 52 0.710 2 3
46 22 0.279 2 3
75 22 0.253 2 0
183 40 0.813 2 1
18 52 0.061 2 0
10 40 0.064 2 0
12 40 0.057 2 0
55 70 0.180 2 3
333 52 1.609 2 3
178 70 0.589 2 1
12 10 0.037 2 1
169 70 1.056 2 0
55 5 0.177 2 0
33 5 0.223 2 1
202 40 0.629 2 1
70 30 0.422 2 3
10 5 0.034 2 3
29 15 0.152 2 3
140 40 0.737 2 3
178 5 0.761 2 3
24 10 0.074 2 3
11 70 0.050 2 1
12 70 0.063 2 0
97 30 0.614 2 1
163 10 0.964 2 1
19 40 0.077 2 0
55 5 0.163 2 0
135 5 0.407 2 3
75 5 0.279 2 0
11 100 0.032 2 3
94 40 0.403 2 1
182 30 1.011 2 1
190 30 0.909 2 3
47 22 0.184 2 3
76 30 0.299 2 1
11 70 0.039 2 1
18 52 0.109 2 0
10 10 0.035 2 0
54 30 0.340 2 0
10 30 0.032 2 0
147 5 0.440 2 3
149 5 0.530 2 1
23 5 0.071 2 1
67 10 0.276 2 0
61 5 0.367 2 0
34 15 0.174 2 0
19 70 0.078 2 0
18 10 0.054 2 3
198 52 0.961 2 1
43 5 0.170 2 3
35 52 0.105 2 0
47 30 0.201 2 0
50 22 0.206 2 1
69 100 0.411 2 1
123 10 0.615 2 0
59 70 0.262 2 3
27 40 0.083 2 0
279 5 1.755 2 1
51 52 0.171 2 3
57 22 0.311 2 0
24 30 0.084 2 0
38 30 0.131 2 0
14 30 0.080 2 3
86 10 0.317 2 0
15 40 0.063 2 0
79 10 0.284 2 0
184 40 0.679 2 0
37 22 0.161 2 0
134 5 0.410 2 0
250 5 1.479 2 0
62 5 0.273 2 3
48 5 0.218 2 0
70 30 0.361 2 0
39 15 0.136 2 3
38 10 0.198 2 0
54 22 0.206 2 0
15 30 0.086 2 0
199 40 0.812 2 0
46 30 0.169 2 3
12 52 0.041 2 0
34 10 0.214 2 1
287 70 1.719 2 0
21 22 0.083 2 3
15 100 0.044 2 0
141 30 0.797 2 0
17 22 0.107 2 0
37 70 0.125 2 0
22 30 0.085 2 1
58 70 0.210 2 3
16 100 0.050 2 3
14 5 0.060 2 3
27 100 0.123 2 0
28 22 0.124 2 0
220 100 0.685 2 0
22 5 0.088 2 1
37 30 0.137 2 1
13 52 0.046 2 1
71 10 0.250 2 3
71 22 0.215 2 1
158 100 0.893 2 0
10 40 0.030 2 1
68 100 0.296 2 3
45 30 0.213 2 1
68 22 0.209 2 3
13 22 0.049 2 0
17 22 0.064 2 0
47 30 0.174 2 1
178 40 1.079 2 3
52 40 0.187 2 3
17 15 0.074 2 1
92 5 0.291 2 0
64 10 0.208 2 1
44 100 0.129 2 0
36 22 0.117 2 3
114 52 0.494 2 0
39 15 0.116 2 0
13 22 0.058 2 0
27 22 0.090 2 0
97 10 0.503 2 0
11 52 0.038 2 3
29 52 0.129 2 1
15 100 0.087 2 0
183 5 0.884 2 1
139 15 0.533 2 3
68 70 0.273 2 3
13 10 0.078 2 0
30 52 0.130 2 0
187 70 0.806 2 3
66 10 0.239 2 0
28 15 0.177 2 0
61 22 0.300 2 1
14 40 0.052 2 0
12 30 0.046 2 3
106 22 0.372 2 0
18 70 0.093 2 0
169 30 0.949 2 0
58 40 0.205 2 0
69 70 0.445 2 0
12 40 0.040 2 1
167 52 0.671 2 1
41 30 0.135 2 0
27 100 0.107 2 1
66 100 0.418 2 1
196 30 1.000 2 3
27 52 0.085 2 1
35 15 0.226 2 0
77 40 0.352 2 0
192 22 1.247 2 3
52 70 0.227 2 0
52 30 0.321 2 0
18 40 0.059 2 0
15 5 0.052 2 0
138 40 0.585 2 0
10 5 0.042 2 0
30 100 0.121 2 1
11 30 0.040 2 0
58 30 0.264 2 0
13 100 0.038 2 0
169 100 0.595 2 3
165 40 0.618 2 1
138 10 0.430 2 1
206 15 0.924 2 1
14 52 0.072 2 1
13 70 0.084 2 0
196 40 0.718 2 0
248 5 0.792 2 0
181 52 0.953 2 0
78 15 0.359 2 0
258 22 0.801 2 3
28 10 0.133 2 1
11 100 0.060 2 1
199 52 0.716 2 3
61 30 0.178 2 0
27 10 0.180 2 3
39 40 0.117 2 1
85 52 0.344 2 3
16 10 0.086 2 0
154 70 0.824 2 1
17 10 0.063 2 0
157 52 0.498 2 0
128 15 0.381 2 0
70 15 0.267 2 1
27 5 0.113 2 1
18 30 0.075 2 0
101 40 0.304 2 3
15 70 0.049 2 0
62 100 0.231 2 0
328 10 1.585 2 3
96 70 0.530 2 3
35 15 0.159 2 3
18 70 0.108 2 1
69 70 0.234 2 1
165 52 0.927 2 3
16 100 0.057 2 0
35 10 0.212 2 3
65 22 0.271 2 0
10 22 0.043 2 0
15 52 0.064 2 0
67 70 0.237 2 0
54 10 0.244 2 0
18 30 0.077 2 3
12 15 0.037 2 1
145 15 0.650 2 0
131 10 0.386 2 0
243 100 1.052 2 0
53 40 0.177 2 0
150 100 0.610 2 0
110 15 0.431 2 3
151 15 0.497 2 1
121 10 0.504 2 3
209 22 0.909 2 0
205 30 1.079 2 0
13 22 0.059 2 3
89 5 0.337 2 0
111 52 0.597 2 0
73 10 0.296 2 3
26 100 0.108 2 1
13 52 0.081 2 3
35 10 0.109 2 1
318 100 1.097 2 0
23 40 0.120 2 0
242 70 0.793 2 3
14 30 0.056 2 1
13 70 0.059 2 3
57 52 0.239 2 0
138 100 0.541 2 0
18 15 0.095 3 0
81 40 0.346 3 0
73 10 0.275 3 0
28 70 0.167 3 2
205 15 1.349 3 0
141 10 0.953 3 1
23 40 0.080 3 0
19 100 0.092 3 0
198 70 0.671 3 1
16 30 0.058 3 2
179 30 0.599 3 0
98 40 0.294 3 1
234 15 1.170 3 0
53 100 0.203 3 0
19 22 0.090 3 1
37 100 0.173 3 1
73 100 0.435 3 0
90 30 0.581 3 0
187 70 0.565 3 1
68 22 0.459 3 2
72 70 0.211 3 1
239 30 0.797 3 0
64 15 0.340 3 0
172 5 0.599 3 2
48 10 0.212 3 1
53 5 0.237 3 0
123 22 0.695 3 0
41 70 0.123 3 0
122 40 0.411 3 0
12 15 0.044 3 2
41 52 0.186 3 2
135 100 0.446 3 0
16 22 0.060 3 0
18 10 0.085 3 1
44 40 0.246 3 2
49 10 0.182 3 0
15 15 0.057 3 1
250 100 0.809 3 0
25 30 0.116 3 1
10 100 0.052 3 1
60 5 0.202 3 1
28 100 0.104 3 0
318 15 1.606 3 0
28 100 0.147 3 2
113 100 0.396 3 2
56 15 0.173 3 1
26 5 0.174 3 1
14 30 0.057 3 1
62 52 0.247 3 2
136 70 0.564 3 0
225 70 1.009 3 2
52 15 0.211 3 0
173 70 0.820 3 0
184 100 0.603 3 1
92 15 0.398 3 1
11 5 0.061 3 2
71 10 0.258 3 0
60 15 0.261 3 0
195 52 0.929 3 0
89 52 0.304 3 1
92 15 0.279 3 0
123 10 0.564 3 0
241 30 1.369 3 0
12 40 0.041 3 0
50 52 0.289 3 1
27 40 0.085 3 1
12 10 0.045 3 1
187 30 0.935 3 1
113 10 0.422 3 1
199 30 0.917 3 2
13 52 0.054 3 2
72 40 0.267 3 0
14 10 0.086 3 2
64 70 0.291 3 1
10 52 0.030 3 0
22 52 0.120 3 0
168 70 0.587 3 1
37 5 0.122 3 0
52 40 0.217 3 0
163 30 0.511 3 0
56 10 0.359 3 1
130 15 0.463 3 0
10 15 0.061 3 2
226 15 0.785 3 2
51 15 0.238 3 0
59 100 0.187 3 0
138 70 0.687 3 0
140 10 0.722 3 1
35 40 0.223 3 1
39 40 0.242 3 2
66 100 0.386 3 0
102 5 0.534 3 0
125 70 0.455 3 0
69 52 0.210 3 0
189 52 0.692 3 1
15 40 0.062 3 0
22 52 0.079 3 0
16 40 0.065 3 2
242 15 0.720 3 0
188 70 0.612 3 2
50 5 0.185 3 2
31 40 0.201 3 0
70 15 0.297 3 1
32 15 0.137 3 1
306 15 1.010 3 2
167 15 0.965 3 0
137 22 0.407 3 2
16 52 0.081 3 0
175 22 1.122 3 2
253 100 0.910 3 2
169 70 1.037 3 2
142 30 0.436 3 1
147 10 0.484 3 0
45 5 0.185 3 0
148 40 0.619 3 0
221 40 0.877 3 1
34 100 0.202 3 1
13 70 0.051 3 2
38 15 0.161 3 2
48 15 0.147 3 2
33 70 0.119 3 0
87 52 0.265 3 1
46 15 0.176 3 0
26 10 0.102 3 1
16 22 0.062 3 1
69 30 0.345 3 1
76 30 0.481 3 0
18 5 0.061 3 1
83 22 0.320 3 1
18 30 0.060 3 0
157 40 0.773 3 0
256 100 0.778 3 2
92 5 0.472 3 1
25 52 0.088 3 0
11 52 0.060 3 0
96 30 0.585 3 2
13 15 0.049 3 1
94 5 0.363 3 0
14 70 0.045 3 2
14 22 0.052 3 0
110 70 0.531 3 1
14 22 0.056 3 0
69 5 0.277 3 1
17 52 0.109 3 2
15 22 0.058 3 0
10 100 0.036 3 0
68 52 0.278 3 0
16 5 0.064 3 0
49 40 0.308 3 0
137 10 0.862 3 0
73 52 0.327 3 0
41 52 0.146 3 2
80 100 0.452 3 1
55 15 0.312 3 0
197 100 1.194 3 0
192 10 0.649 3 0
151 22 0.543 3 0
28 22 0.084 3 2
134 5 0.604 3 0
34 100 0.131 3 1
20 15 0.072 3 0
50 52 0.198 3 0
36 10 0.159 3 1
42 10 0.159 3 0
36 22 0.122 3 1
77 30 0.363 3 0
28 40 0.101 3 0
12 5 0.053 3 1
14 5 0.067 3 0
75 70 0.253 3 0
44 40 0.130 3 0
34 40 0.113 3 2
167 10 0.803 3 2
12 5 0.071 3 1
39 30 0.119 3 0
30 70 0.113 3 0
107 100 0.463 3 2
16 5 0.066 3 1
14 52 0.043 3 1
135 10 0.414 3 1
56 70 0.299 3 2
75 15 0.249 3 0
50 22 0.207 3 2
14 15 0.052 3 1
305 100 1.419 3 1
67 70 0.261 3 1
40 15 0.138 3 0
19 40 0.062 3 0
156 5 0.902 3 0
191 15 0.770 3 2
188 10 0.797 3 2
10 15 0.042 3 0
10 100 0.066 3 0
61 10 0.359 3 0
131 15 0.655 3 1
204 52 0.773 3 0
181 30 0.721 3 1
12 22 0.075 3 0
13 40 0.040 3 2
34 5 0.197 3 0
46 40 0.237 3 2
11 100 0.034 3 1
34 70 0.171 3 1
56 5 0.230 3 0
158 22 0.515 3 2
37 15 0.142 3 1
164 22 0.506 3 2
107 100 0.374 3 0
21 70 0.064 3 2
78 5 0.244 3 0
29 5 0.101 3 0
270 70 1.195 3 2
10 52 0.050 3 2
22 22 0.074 3 0
17 15 0.069 3 0
34 70 0.124 3 0
15 10 0.073 3 0
26 40 0.125 3 2
95 40 0.326 3 2
37 15 0.120 3 2
56 40 0.208 3 0
66 22 0.325 3 0
313 5 1.597 3 2
30 22 0.127 3 0
78 100 0.299 3 2
199 52 1.171 3 0
33 10 0.109 3 0
18 30 0.069 3 0
121 15 0.407 3 2
66 100 0.224 3 0
13 10 0.071 3 2
14 5 0.078 3 1
320 100 1.524 3 0
10 52 0.050 3 0
29 10 0.188 3 0
28 22 0.133 3 0
183 52 1.181 3 0
28 15 0.083 3 0
66 10 0.410 3 0
14 5 0.048 3 1
51 5 0.333 3 1
87 30 0.264 3 2
15 15 0.053 3 2
73 52 0.247 3 0
37 5 0.125 3 0
15 5 0.046 3 0
12 100 0.042 3 0
13 40 0.043 3 0
112 5 0.392 3 2
28 70 0.092 3 2
173 10 0.874 3 2
11 70 0.058 3 1
22 15 0.079 3 1
54 10 0.183 3 2
12 22 0.075 3 0
91 70 0.382 3 0
25 15 0.084 3 0
48 22 0.143 3 0
19 30 0.058 3 0
180 40 0.592 3 0
270 100 1.169 3 2
59 15 0.218 3 1
64 30 0.283 3 2
191 52 1.209 3 2
52 100 0.257 3 2
172 100 0.539 3 0
63 30 0.214 3 0
52 40 0.185 3 2
39 22 0.258 3 1
60 100 0.380 3 1
29 40 0.102 3 1
115 40 0.596 3 1
57 30 0.306 3 2
13 5 0.080 3 0
17 100 0.082 3 0
19 15 0.068 3 0
61 5 0.189 3 1
64 30 0.198 3 0
46 10 0.189 3 2
105 15 0.587 3 2
13 10 0.062 3 0
13 52 0.053 3 1
75 40 0.424 3 2
18 52 0.096 3 0
11 52 0.049 3 0
27 100 0.181 3 2
113 52 0.405 3 2
47 52 0.191 3 2
282 52 0.928 3 1
16 10 0.058 3 1
27 30 0.106 3 1
48 10 0.140 3 0
14 10 0.044 3 2
53 30 0.159 3 2
81 5 0.443 3 1
50 40 0.223 3 0
208 15 0.776 3 0
22 10 0.069 3 2
68 5 0.327 3 0
38 70 0.242 3 0
27 15 0.149 3 0
149 100 0.616 3 0
24 30 0.100 3 1
45 15 0.161 3 2
39 22 0.123 3 2
174 52 0.961 3 0
107 30 0.385 3 0
67 15 0.353 3 2
29 70 0.184 3 1
19 22 0.078 3 0
26 10 0.082 3 0
22 15 0.065 3 0
18 70 0.053 3 0
15 10 0.081 3 0
64 30 0.210 3 1
100 52 0.546 3 0
297 22 0.911 3 1
19 52 0.121 3 1
23 22 0.118 3 0
13 15 0.061 3 2
58 22 0.389 3 0
16 30 0.048 3 0
43 52 0.139 3 1
216 100 1.187 3 0
62 22 0.226 3 0
62 52 0.341 3 0
76 70 0.259 3 0
27 15 0.180 3 0
217 40 1.299 3 1
185 100 0.661 3 1
295 52 0.883 3 1
28 10 0.116 3 0
126 52 0.413 3 0
93 30 0.351 3 1
39 70 0.194 3 0
15 100 0.090 3 2
19 70 0.066 3 2
65 70 0.230 3 0
324 10 1.019 3 1
15 15 0.054 3 1
278 40 1.544 3 1
271 22 1.465 3 2
57 52 0.365 3 1
21 22 0.065 3 2
124 40 0.416 3 1
334 15 2.197 3 1
158 40 0.794 3 2
33 30 0.101 3 0
197 40 1.077 3 2
10 40 0.046 3 0
177 22 0.533 3 0
263 70 0.907 3 0
11 10 0.036 3 0
62 30 0.267 3 1
25 5 0.087 3 2
13 10 0.044 3 1
26 52 0.116 3 0
18 100 0.066 3 2
91 5 0.368 3 0
81 52 0.509 3 0
18 15 0.090 3 0
322 22 1.578 3 1
39 100 0.204 3 1
21 30 0.076 3 0
125 40 0.512 3 0
175 5 0.771 3 2
21 22 0.102 3 1
36 22 0.202 3 0
14 30 0.044 3 0
46 52 0.282 3 0
174 40 1.160 3 1
60 5 0.254 3 0
21 10 0.089 3 0
62 100 0.233 3 1
142 100 0.544 3 0
43 15 0.181 3 0
180 30 0.763 3 2
33 52 0.219 3 0
70 52 0.352 3 1
318 100 0.935 3 0
63 30 0.285 3 0
71 100 0.263 3 0
74 15 0.312 3 1
32 10 0.180 3 0
167 100 0.553 3 0
16 5 0.066 3 0
173 15 0.733 3 0
57 40 0.251 3 1
19 52 0.125 3 0
18 5 0.058 3 2
30 30 0.145 3 2
42 22 0.128 3 0
19 100 0.061 3 1
35 70 0.105 3 0
187 70 0.850 3 2
13 52 0.076 3 2
41 10 0.155 3 0
115 52 0.441 3 1
76 5 0.252 3 0
70 15 0.226 3 1
36 100 0.200 3 0
190 5 1.005 3 0
11 40 0.054 3 1
108 30 0.535 3 2
187 22 1.133 3 0
14 52 0.055 3 0
19 10 0.056 3 0
70 15 0.215 3 0
43 22 0.206 3 0
70 22 0.230 3 2
97 30 0.311 3 1
161 15 0.518 3 1
12 40 0.039 3 1
48 5 0.233 3 0
177 5 0.747 3 2
14 10 0.057 3 0
13 22 0.070 3 0
41 15 0.146 3 0
76 5 0.336 3 2
21 100 0.093 3 2
305 10 0.908 3 0
20 15 0.071 3 2
75 100 0.325 3 0
30 40 0.120 3 0
60 52 0.270 3 0
195 40 0.586 3 2
111 10 0.345 3 1
284 10 1.159 3 0
35 40 0.141 3 1
146 70 0.557 3 1
59 52 0.328 3 1
182 70 0.593 3 1
26 40 0.099 3 2
19 70 0.069 3 0
48 70 0.179 3 0
11 40 0.033 3 2
93 40 0.560 3 1
33 100 0.220 3 0
12 22 0.079 3 0
18 40 0.065 3 1
14 52 0.081 3 0
44 10 0.180 3 2
46 100 0.299 3 1
258 40 1.167 3 2
20 15 0.116 3 1
32 40 0.126 3 0
45 15 0.145 3 0
16 22 0.073 3 2
147 40 0.503 3 2
50 100 0.150 3 0
85 22 0.378 3 0
234 22 1.035 3 1
12 40 0.066 3 0
36 100 0.114 3 2
107 52 0.426 3 1
20 10 0.105 3 2
36 100 0.109 3 1
136 10 0.456 3 0
11 40 0.046 3 0
26 5 0.123 3 0
99 5 0.402 3 0
30 52 0.103 3 1
18 30 0.081 3 1
74 10 0.258 3 0
14 40 0.050 3 0
226 5 0.724 3 1
76 100 0.273 3 1
28 100 0.150 3 1
36 15 0.187 3 2
51 5 0.150 3 2
60 30 0.186 3 2
169 10 0.542 3 0
112 5 0.483 3 1
79 15 0.272 3 1
140 40 0.741 3 0
57 30 0.196 3 1
11 5 0.071 3 2
20 15 0.074 3 0
10 22 0.048 3 1
182 10 1.110 3 0
282 52 1.469 3 2
77 100 0.353 3 1
314 52 2.052 3 1
169 70 0.503 3 0
49 70 0.176 3 0
15 5 0.097 3 2
63 10 0.387 3 1
280 40 1.004 3 1
47 52 0.258 3 1
77 100 0.281 3 1
64 70 0.221 3 2
67 30 0.399 3 0
77 15 0.401 3 1
18 30 0.056 3 0
13 15 0.073 3 0
18 15 0.114 3 1
17 30 0.091 3 2
27 100 0.123 3 0
137 22 0.454 3 0
28 52 0.085 3 2
73 40 0.239 3 0
199 5 1.301 3 0
21 10 0.140 3 0
136 5 0.627 3 0
184 52 0.748 3 0
172 70 0.915 3 1
156 10 0.545 3 0
33 100 0.139 3 0
41 15 0.128 3 0
86 70 0.312 3 0
12 70 0.043 3 2
56 30 0.167 3 0
22 52 0.067 3 0
115 30 0.706 3 0
62 52 0.271 3 0
68 40 0.267 3 0
28 70 0.098 3 2
12 22 0.038 3 0
50 22 0.187 3 0
63 52 0.209 3 0
34 100 0.163 3 0
56 40 0.348 3 0
299 52 1.095 3 0
71 15 0.455 3 1
124 40 0.626 3 1
10 70 0.029 3 0
22 10 0.074 3 0
54 22 0.244 3 1
108 70 0.617 3 0
27 10 0.112 3 1
30 15 0.102 3 0
98 5 0.628 3 1
311 10 1.510 3 0
27 40 0.097 3 2
20 70 0.080 3 1
25 40 0.148 3 1
69 70 0.259 3 2
121 40 0.614 3 0
173 70 0.551 3 0
37 70 0.115 3 2
210 70 1.338 3 2
25 10 0.094 3 0
14 10 0.075 3 1
130 22 0.726 3 0
47 5 0.148 3 1
20 5 0.122 3 1
15 70 0.065 3 1
306 40 1.974 3 1
133 15 0.407 3 1
94 70 0.303 3 0
49 5 0.156 3 1
16 30 0.049 3 1
42 10 0.157 3 2
25 100 0.142 3 0
11 5 0.038 3 2
28 10 0.093 3 0
47 10 0.153 3 0
10 10 0.065 3 1
14 52 0.052 3 0
161 5 1.019 3 2
37 15 0.178 3 2
23 70 0.081 3 2
10 15 0.046 3 0
164 52 0.569 3 0
179 70 0.528 3 1
49 5 0.209 3 2
167 70 0.553 3 0
18 100 0.071 3 2
102 100 0.432 3 2
15 5 0.050 3 0
10 30 0.065 3 1
55 15 0.197 3 0
28 70 0.109 3 0
11 30 0.047 3 2
100 100 0.420 3 0
14 100 0.051 3 2
100 70 0.311 3 1
140 70 0.892 3 1
50 30 0.323 3 0
15 40 0.055 3 1
179 52 0.789 3 0
41 10 0.133 3 2
19 100 0.066 3 1
75 30 0.265 3 0
16 70 0.078 3 0
29 52 0.120 3 0
27 30 0.102 3 1
59 15 0.203 3 0
19 30 0.093 3 0
16 30 0.071 3 0
66 70 0.195 3 0
314 22 1.467 3 0
322 5 1.070 3 0
57 100 0.171 3 0
10 15 0.042 3 0
33 100 0.185 3 0
201 5 0.607 3 2
30 52 0.172 3 2
26 70 0.127 3 0
10 52 0.046 3 2
35 10 0.141 3 2
155 10 0.816 3 1
122 10 0.356 3 0
127 40 0.498 3 2
51 15 0.168 3 0
18 5 0.068 3 0
23 30 0.068 3 0
154 15 0.748 3 1
96 52 0.356 3 0
31 52 0.168 3 0
26 15 0.112 3 0
43 10 0.154 3 0
36 40 0.114 3 0
149 10 0.741 3 0
18 100 0.087 3 0
12 52 0.042 3 0
160 70 0.672 3 0
70 52 0.277 3 0
17 40 0.081 3 0
14 52 0.049 3 1
51 22 0.187 3 0
32 22 0.102 3 0
11 22 0.040 3 1
25 30 0.140 3 1
12 5 0.043 3 0
120 52 0.418 3 2
254 40 0.844 3 0
83 52 0.306 3 0
69 15 0.242 3 1
112 22 0.528 3 1
19 22 0.090 3 2
22 30 0.101 3 0
28 70 0.095 3 2
18 22 0.108 3 1
126 40 0.391 3 0
65 52 0.226 3 0
26 10 0.095 3 1
45 100 0.290 3 2
254 40 1.210 3 2
14 15 0.042 3 2
14 5 0.084 3 0
27 30 0.126 3 2
312 100 1.608 3 1
25 15 0.076 3 2
62 15 0.199 3 1
43 100 0.164 3 0
333 15 1.871 3 2
13 30 0.064 3 0
11 70 0.039 3 1
49 40 0.146 3 0
12 5 0.064 3 0
33 5 0.100 3 0
50 30 0.236 3 0
12 100 0.059 3 1
85 10 0.347 3 2
23 70 0.074 3 1
118 10 0.389 3 0
28 15 0.125 3 1
18 10 0.080 3 0
46 15 0.260 3 0
12 15 0.062 3 2
71 22 0.224 3 0
10 15 0.037 3 0
101 15 0.362 3 0
84 15 0.340 3 1
157 22 1.040 3 1
66 5 0.423 3 0
23 40 0.126 3 0
162 5 0.905 3 0
26 100 0.173 3 1
12 15 0.048 3 0
19 52 0.112 3 1
73 100 0.246 3 0
17 5 0.111 3 1
31 5 0.097 3 0
116 5 0.552 3 0
17 52 0.082 3 0
105 22 0.512 3 0
10 5 0.040 3 0
111 70 0.507 3 2
37 5 0.213 3 0
196 100 1.273 3 1
17 15 0.107 3 1
328 10 1.378 3 2
217 52 1.206 3 0
174 30 0.833 3 0
168 30 0.796 3 2
63 15 0.217 3 0
18 30 0.056 3 2
15 100 0.044 3 0
11 22 0.035 3 1
41 5 0.149 3 2
15 15 0.065 3 2
161 22 0.890 3 2
173 40 0.935 3 0
17 52 0.066 3 2
173 100 0.597 3 0
330 22 1.222 3 2
51 40 0.340 3 0
175 10 1.144 3 0
37 10 0.132 3 0
154 100 0.901 3 0
96 5 0.482 3 2
45 52 0.176 3 2
322 100 1.484 3 0
14 70 0.084 3 1
77 30 0.510 3 0
17 15 0.056 3 0
10 30 0.030 3 0
102 40 0.515 3 2
15 30 0.083 3 0
11 15 0.045 3 0
159 100 0.572 3 1
17 52 0.084 3 0
192 70 0.803 3 0
119 30 0.371 3 2
76 52 0.466 3 1
121 40 0.602 3 0
11 30 0.050 3 1
32 22 0.147 3 1
34 10 0.166 3 2
36 100 0.153 3 0
19 15 0.075 3 2
15 40 0.053 3 0
42 15 0.139 3 0
130 70 0.549 3 0
47 10 0.145 3 0
36 30 0.133 3 0
37 15 0.118 3 1
19 5 0.056 3 2
27 70 0.079 3 0
11 30 0.035 3 0
147 15 0.462 3 1
19 15 0.090 3 1
10 100 0.043 3 0
74 40 0.357 3 1
196 52 1.032 3 1
145 15 0.644 3 0
178 100 1.171 3 1
281 100 1.227 3 0
47 10 0.212 3 1
33 15 0.109 3 0
35 22 0.197 3 2
65 10 0.361 3 1
42 10 0.148 3 0
78 100 0.238 3 2
115 15 0.520 3 2
85 40 0.440 3 0
19 22 0.067 3 0
72 10 0.340 3 2
62 15 0.337 3 1
21 5 0.077 3 1
19 100 0.093 3 0
51 22 0.149 3 0
53 22 0.254 3 0
191 5 0.737 3 2
12 15 0.041 3 0
17 15 0.089 3 0
12 40 0.060 3 0
21 52 0.115 3 0
39 15 0.155 3 1
257 15 0.832 3 0
42 22 0.146 3 0
131 10 0.829 3 0
49 15 0.146 3 0
66 22 0.243 3 1
50 30 0.225 3 1
170 10 0.688 3 0
174 15 0.690 3 0
14 5 0.045 3 0
280 52 0.816 3 0
159 52 0.807 3 2
23 5 0.135 3 2
44 30 0.129 3 0
56 22 0.269 3 0
286 52 1.243 3 0
63 30 0.315 3 2
70 30 0.335 3 2
18 100 0.071 3 1
56 30 0.215 3 0
18 100 0.053 3 2
13 70 0.071 3 2
37 30 0.129 3 1
11 52 0.048 3 0
199 10 0.943 3 2
14 70 0.050 3 2
13 30 0.079 3 1
31 52 0.109 3 2
147 22 0.724 3 2
61 70 0.319 3 2
21 100 0.079 3 1
139 5 0.535 3 0
79 10 0.231 3 0
65 52 0.295 3 1
136 70 0.428 3 1
16 5 0.055 3 1
24 10 0.075 3 1
24 30 0.085 3 0
68 52 0.236 3 0
102 15 0.537 3 0
141 40 0.413 3 1
98 52 0.387 3 0
15 30 0.052 3 0
10 30 0.045 3 2
246 10 1.025 3 1
52 70 0.265 3 0
16 30 0.088 3 2
45 22 0.207 3 2
10 100 0.063 3 0
16 100 0.053 3 1
277 52 1.659 3 0
68 30 0.281 3 2
22 100 0.131 3 0
49 40 0.322 3 0
26 22 0.129 3 0
103 10 0.376 3 1
11 100 0.033 3 2
36 5 0.226 3 1
37 10 0.115 3 0
27 5 0.139 3 0
194 15 0.624 3 2
83 5 0.297 3 2
191 10 0.752 3 1
76 40 0.299 3 0
29 30 0.110 3 1
78 5 0.291 3 1
17 5 0.065 3 1
291 5 0.948 3 0
335 22 1.214 3 1
74 52 0.272 3 2
14 22 0.045 3 2
137 70 0.449 3 2
208 40 0.743 3 1
17 70 0.055 3 0
46 5 0.139 3 0
14 30 0.093 3 0
16 10 0.054 3 2
36 100 0.175 3 1
34 30 0.212 3 2
146 5 0.760 3 0
70 22 0.365 3 0
10 10 0.031 3 1
247 70 0.740 3 2
30 22 0.179 3 0
194 52 0.622 3 1
41 40 0.158 3 2
26 22 0.131 3 0
15 40 0.056 3 2
32 15 0.192 3 0
53 10 0.288 3 0
22 30 0.080 3 2
141 40 0.430 3 2
31 15 0.203 3 0
24 15 0.075 3 1
12 5 0.068 3 0
17 5 0.093 3 1
180 70 1.078 3 1
196 22 0.622 3 0
102 52 0.389 3 0
74 30 0.343 3 2
159 100 0.736 3 0
109 15 0.377 3 1
241 15 1.249 3 1
12 10 0.037 3 2
11 100 0.056 3 0
304 10 0.993 3 1
182 100 0.905 3 1
191 10 0.562 3 0
13 22 0.066 3 0
21 10 0.088 3 2
148 70 0.594 3 1
164 52 0.503 3 1
60 70 0.312 3 1
32 40 0.133 3 2
23 52 0.110 3 2
75 52 0.323 3 2
331 70 1.498 3 0
13 100 0.059 3 0
32 40 0.130 3 1
46 15 0.195 3 2
53 5 0.168 3 0
14 70 0.055 3 1
129 10 0.403 3 0
65 100 0.301 3 0
54 40 0.188 3 2
39 52 0.173 3 2
19 15 0.065 3 0
36 5 0.125 3 1
102 10 0.436 3 0
11 10 0.042 3 0
17 70 0.055 3 1
15 40 0.074 3 1
56 100 0.196 3 0
15 30 0.082 3 1
33 15 0.126 3 0
207 70 0.945 3 0
50 100 0.149 3 0
19 15 0.085 3 2
62 5 0.192 3 0
49 40 0.166 3 2
176 100 0.889 3 2
22 22 0.068 3 0
16 5 0.051 3 1
54 30 0.318 3 0
133 10 0.414 3 0
154 15 0.748 3 2
53 22 0.327 3 1
32 30 0.164 3 1
20 22 0.093 3 0
21 100 0.134 3 2
71 30 0.444 3 2
72 40 0.456 3 0
62 40 0.350 3 0
54 22 0.265 3 2
332 100 1.085 3 0
121 22 0.407 3 2
70 40 0.278 3 2
28 100 0.138 3 1
18 15 0.101 3 0
119 10 0.529 3 0
199 5 0.721 3 1
12 40 0.045 3 1
20 15 0.087 3 1
103 52 0.613 3 2
125 10 0.543 3 2
10 15 0.037 3 0
67 22 0.241 3 1
19 100 0.110 3 0
139 5 0.466 3 0
17 40 0.055 3 0
60 40 0.204 3 0
299 70 0.946 3 2
58 5 0.250 3 0
19 40 0.074 3 0
16 22 0.063 3 0
27 70 0.079 3 0
15 22 0.083 3 2
150 40 0.534 3 2
10 22 0.059 3 1
143 22 0.803 3 1
142 52 0.414 3 2
73 52 0.410 3 1
28 52 0.099 3 1
36 70 0.216 3 0
156 70 1.006 3 0
149 52 0.519 3 1
14 10 0.049 3 2
62 40 0.189 3 2
13 40 0.041 3 1
44 15 0.209 3 0
44 100 0.140 3 0
52 5 0.310 3 1
10 40 0.064 3 2
24 52 0.101 3 0
24 5 0.157 3 1
11 100 0.045 3 2
130 5 0.734 3 0
24 52 0.075 3 0
89 30 0.363 3 2
112 30 0.365 3 0
80 52 0.468 3 1
31 30 0.149 3 2
11 70 0.033 3 1
34 40 0.139 3 2
145 70 0.607 3 0
162 10 0.633 3 0
109 5 0.418 3 0
11 100 0.062 3 0
186 15 0.710 3 1
139 10 0.858 3 1
113 22 0.521 3 0
171 10 0.514 3 0
14 40 0.063 3 0
239 15 0.703 3 1
36 22 0.242 3 1
36 5 0.142 3 0
10 10 0.037 3 2
60 52 0.176 3 2
19 22 0.074 3 0
19 22 0.065 3 2
77 100 0.393 3 0
34 22 0.127 3 0
10 30 0.034 3 1
13 10 0.052 3 0
16 22 0.092 3 0
16 40 0.084 3 2
19 5 0.117 3 0
185 10 0.601 3 0
27 40 0.096 3 0
10 30 0.052 3 1
25 10 0.092 3 1
66 40 0.277 3 0
56 15 0.166 3 1
64 40 0.199 3 0
220 100 0.701 3 2
98 100 0.360 3 1
17 22 0.065 3 0
19 30 0.106 3 1
160 10 0.604 3 0
27 30 0.142 3 0
202 52 1.320 3 2
58 15 0.236 3 2
12 40 0.072 3 1
167 100 0.861 3 0
184 22 1.129 3 0
55 10 0.282 3 0
100 10 0.429 3 0
69 22 0.274 3 0
54 100 0.338 3 0
27 30 0.133 3 1
53 70 0.242 3 0
80 40 0.238 3 2
72 40 0.298 3 2
78 100 0.396 3 0
33 70 0.117 3 0
169 70 1.119 3 0
32 22 0.119 3 1
38 100 0.252 3 0
37 22 0.248 3 2
36 70 0.187 3 1
23 22 0.082 3 0
289 30 1.357 3 0
28 15 0.089 3 0
77 52 0.520 3 1
36 10 0.115 3 2
48 5 0.144 3 2
152 10 0.461 3 0
69 22 0.371 3 2
