52 10 0.182 0 2
213 100 0.708 0 2
25 10 0.073 0 2
47 5 0.190 0 1
12 5 0.037 0 1
275 52 1.786 0 2
21 22 0.064 0 1
194 30 1.268 0 1
12 22 0.049 0 2
28 100 0.099 0 1
18 100 0.086 0 1
176 100 0.917 0 2
252 22 1.595 0 1
50 22 0.171 0 1
11 30 0.038 0 1
85 15 0.269 0 1
84 22 0.288 0 1
31 40 0.100 0 1
62 70 0.261 0 2
190 70 0.833 0 1
320 30 1.135 0 1
91 40 0.558 0 1
69 100 0.335 0 1
16 22 0.053 0 2
66 15 0.260 0 2
25 10 0.109 0 2
19 15 0.065 0 1
13 52 0.053 0 1
53 30 0.310 0 2
92 40 0.280 0 2
54 15 0.258 0 2
73 10 0.282 0 1
191 10 1.248 0 1
165 22 1.071 0 1
27 52 0.138 0 2
24 22 0.080 0 2
333 40 1.632 0 1
17 5 0.068 0 2
85 5 0.328 0 2
69 22 0.369 0 1
17 40 0.051 0 1
12 30 0.043 0 1
208 52 0.829 0 1
64 40 0.272 0 1
37 30 0.147 0 1
60 10 0.176 0 1
24 15 0.094 0 2
16 52 0.059 0 1
10 10 0.031 0 2
53 22 0.250 0 1
76 70 0.255 0 2
18 10 0.062 0 2
320 15 1.818 0 1
10 100 0.043 0 1
41 15 0.134 0 2
100 15 0.336 0 2
11 30 0.049 0 2
31 70 0.126 0 1
13 52 0.063 0 2
165 70 0.502 0 1
33 30 0.149 0 1
28 22 0.088 0 2
55 70 0.196 0 2
49 30 0.308 0 2
59 10 0.291 0 2
19 10 0.066 0 2
19 30 0.081 0 2
100 5 0.357 0 2
31 52 0.175 0 2
38 40 0.173 0 1
43 10 0.196 0 1
50 5 0.147 0 1
13 15 0.042 0 1
10 30 0.034 0 2
138 40 0.611 0 2
36 30 0.177 0 2
13 22 0.039 0 1
46 10 0.258 0 2
45 100 0.194 0 1
105 10 0.319 0 1
176 100 0.749 0 2
32 5 0.170 0 1
63 100 0.239 0 2
59 52 0.262 0 1
87 5 0.291 0 1
31 30 0.157 0 1
159 70 0.941 0 2
17 5 0.055 0 2
176 52 0.859 0 2
61 52 0.268 0 1
175 5 0.581 0 1
49 30 0.188 0 2
248 40 0.813 0 2
27 15 0.172 0 1
26 30 0.169 0 2
36 15 0.145 0 1
14 22 0.064 0 1
198 100 0.947 0 2
50 5 0.167 0 1
49 10 0.236 0 2
187 22 1.094 0 1
153 30 0.640 0 1
31 5 0.110 0 1
255 40 0.789 0 2
71 22 0.428 0 1
11 5 0.042 0 1
19 52 0.128 0 2
64 70 0.194 0 2
155 30 0.471 0 2
202 100 0.737 0 1
153 40 0.814 0 2
136 30 0.805 0 2
16 30 0.059 0 1
145 22 0.759 0 2
76 70 0.223 0 1
181 52 0.933 0 1
122 100 0.500 0 1
34 52 0.132 0 2
30 10 0.096 0 1
270 30 1.227 0 1
33 52 0.145 0 2
53 100 0.240 0 2
336 52 1.060 0 1
42 15 0.222 0 1
13 22 0.071 0 2
175 40 0.538 0 1
15 70 0.049 0 2
108 30 0.429 0 2
24 30 0.131 0 2
16 15 0.051 0 1
70 22 0.357 0 1
39 10 0.120 0 1
283 30 1.747 0 2
101 10 0.367 0 1
32 52 0.178 0 1
11 70 0.042 0 2
15 70 0.045 0 2
69 30 0.311 0 2
229 100 0.751 0 2
10 5 0.042 0 1
118 5 0.468 0 2
11 10 0.054 0 1
62 40 0.240 0 1
105 15 0.345 0 1
71 15 0.246 0 1
13 100 0.041 0 2
117 22 0.422 0 2
42 22 0.153 0 1
47 15 0.158 0 2
41 10 0.212 0 1
22 52 0.079 0 2
16 100 0.069 0 2
44 22 0.284 0 2
10 22 0.043 0 2
15 10 0.045 0 1
38 15 0.162 0 2
92 40 0.287 0 2
166 30 0.826 0 2
27 52 0.088 0 1
338 52 1.516 0 1
11 22 0.053 0 1
19 10 0.093 0 2
60 10 0.253 0 1
77 10 0.356 0 2
75 100 0.463 0 2
25 15 0.104 0 2
12 15 0.066 0 2
20 30 0.110 0 2
102 70 0.345 0 2
186 22 0.795 0 1
17 70 0.051 0 2
31 10 0.141 0 2
246 10 1.390 0 1
67 5 0.342 0 2
11 52 0.061 0 2
339 15 1.260 0 1
61 15 0.290 0 1
51 15 0.231 0 1
22 15 0.073 0 2
49 5 0.251 0 2
300 52 0.974 0 1
130 22 0.413 0 2
12 100 0.038 0 1
323 22 1.488 0 2
48 15 0.178 0 1
19 10 0.086 0 2
34 5 0.113 0 1
14 5 0.056 0 1
122 40 0.598 0 2
185 52 0.552 0 2
19 30 0.056 0 1
94 100 0.454 0 1
131 30 0.845 0 2
315 40 1.340 0 2
55 52 0.325 0 1
60 15 0.175 0 2
40 10 0.223 0 1
185 5 0.930 0 2
16 52 0.057 0 2
22 52 0.091 0 2
178 5 0.672 0 2
177 5 0.801 0 2
166 22 0.927 0 2
14 22 0.042 0 2
40 30 0.183 0 1
38 52 0.177 0 1
102 5 0.364 0 1
58 52 0.216 0 2
44 52 0.190 0 2
22 40 0.086 0 2
63 22 0.192 0 2
23 100 0.097 0 1
33 40 0.134 0 2
99 5 0.317 0 2
134 22 0.479 0 2
91 30 0.357 0 1
87 10 0.279 0 1
26 5 0.104 0 1
16 40 0.064 0 2
51 5 0.175 0 1
17 10 0.056 0 1
104 15 0.500 0 1
22 30 0.133 0 2
21 10 0.064 0 2
124 15 0.415 0 1
34 15 0.191 0 1
40 10 0.150 0 1
300 15 0.909 0 2
18 15 0.061 0 2
99 30 0.360 0 2
79 5 0.294 0 2
26 15 0.129 0 2
20 70 0.085 0 2
15 52 0.054 0 2
201 15 1.297 0 2
264 100 0.830 0 2
80 40 0.295 0 1
43 15 0.160 0 1
51 30 0.221 0 2
122 22 0.424 0 1
14 15 0.079 0 1
124 30 0.649 0 2
17 30 0.079 0 1
42 70 0.188 0 2
269 10 1.159 0 1
148 15 0.451 0 2
20 15 0.063 0 1
51 30 0.160 0 1
55 100 0.174 0 2
15 5 0.080 0 2
71 5 0.311 0 2
52 10 0.163 0 1
62 100 0.261 0 1
30 40 0.142 0 1
243 40 1.000 0 2
30 40 0.169 0 1
65 15 0.231 0 1
12 100 0.040 0 1
52 15 0.168 0 1
18 15 0.074 0 2
138 40 0.552 0 1
60 52 0.243 0 1
146 15 0.441 0 1
17 22 0.076 0 1
72 70 0.266 0 2
13 5 0.076 0 1
119 10 0.402 0 2
16 52 0.083 0 1
16 70 0.088 0 1
156 70 0.650 0 2
103 22 0.372 0 1
28 22 0.135 0 2
55 5 0.346 0 1
57 15 0.183 0 2
32 22 0.121 0 1
54 22 0.239 0 1
16 30 0.064 0 1
69 15 0.232 0 1
11 100 0.038 0 1
146 15 0.435 0 1
47 40 0.145 0 1
61 100 0.308 0 1
10 15 0.044 0 1
43 100 0.181 0 1
38 40 0.159 0 1
14 15 0.048 0 1
261 30 1.225 0 1
76 70 0.293 0 1
31 22 0.181 0 1
316 70 1.170 0 1
19 5 0.076 0 1
33 40 0.125 0 1
14 100 0.064 0 1
17 22 0.085 0 1
20 100 0.063 0 1
15 5 0.061 0 1
37 15 0.147 0 1
14 52 0.043 0 1
15 10 0.047 0 2
76 52 0.273 0 1
17 40 0.060 0 2
45 10 0.136 0 2
33 100 0.104 0 1
75 30 0.241 0 1
71 100 0.310 0 2
10 5 0.059 0 2
171 15 1.089 0 2
65 5 0.310 0 1
170 5 0.497 0 2
58 100 0.249 0 2
39 22 0.159 0 1
10 10 0.059 0 2
165 30 0.537 0 2
11 15 0.038 0 1
11 22 0.037 0 2
68 15 0.201 0 2
15 15 0.077 0 2
317 40 1.651 0 2
91 22 0.587 0 1
176 100 0.557 0 1
197 52 0.879 0 1
284 5 0.877 0 2
28 100 0.155 0 1
142 40 0.759 0 1
104 15 0.601 0 1
14 15 0.042 0 2
34 10 0.116 0 1
75 40 0.280 0 2
50 70 0.212 0 2
228 30 0.979 0 2
53 30 0.237 0 2
39 15 0.141 0 1
102 10 0.338 0 1
21 5 0.062 0 2
28 30 0.158 0 1
55 40 0.227 0 1
57 52 0.212 0 2
271 5 0.842 0 1
24 100 0.133 0 1
162 100 0.633 0 1
103 40 0.551 0 2
85 10 0.328 0 2
49 5 0.164 0 2
40 30 0.194 0 2
48 70 0.161 0 2
264 70 0.786 0 1
10 100 0.055 0 2
141 100 0.775 0 2
16 70 0.052 0 1
26 5 0.093 0 1
33 100 0.152 0 2
85 100 0.295 0 1
31 52 0.131 0 2
26 15 0.123 0 1
180 52 0.537 0 1
60 100 0.179 0 2
33 15 0.106 0 2
16 52 0.057 0 2
29 40 0.096 0 1
166 70 1.092 0 2
58 10 0.305 0 1
16 30 0.105 0 1
15 30 0.061 0 2
12 40 0.057 0 2
51 10 0.268 0 1
19 15 0.116 0 1
30 70 0.172 0 1
91 15 0.404 0 1
77 5 0.274 0 1
12 15 0.035 0 2
135 40 0.882 0 2
140 52 0.915 0 1
97 40 0.415 0 2
39 10 0.133 0 2
30 15 0.112 0 2
155 52 0.608 0 1
17 40 0.060 0 2
34 100 0.105 0 2
78 5 0.364 0 2
14 22 0.054 0 1
90 52 0.466 0 2
156 100 1.020 0 2
138 30 0.908 0 1
58 52 0.302 0 1
67 30 0.234 0 1
96 100 0.357 0 2
19 100 0.083 0 2
170 30 0.509 0 1
141 100 0.815 0 1
26 70 0.109 0 1
31 30 0.164 0 2
14 5 0.042 0 2
31 22 0.091 0 1
16 30 0.076 0 1
19 30 0.103 0 2
153 40 0.468 0 2
38 5 0.228 0 2
74 30 0.346 0 2
36 52 0.196 0 1
17 100 0.069 0 2
190 52 0.896 0 2
48 30 0.253 0 2
268 5 1.799 0 2
11 10 0.036 0 1
70 52 0.268 0 1
71 52 0.215 0 1
124 70 0.674 0 1
13 22 0.038 0 2
336 100 1.556 0 1
14 70 0.071 0 1
97 100 0.413 0 2
19 30 0.081 0 2
18 5 0.052 0 1
56 100 0.352 0 1
13 70 0.046 0 2
60 22 0.236 0 2
21 5 0.090 0 1
183 70 0.614 0 2
324 22 1.906 0 1
21 30 0.065 0 2
68 30 0.297 0 1
12 100 0.040 0 2
13 22 0.040 0 2
45 5 0.133 0 2
33 40 0.119 0 1
20 100 0.079 0 2
10 30 0.044 0 2
28 5 0.082 0 2
99 15 0.401 0 1
46 15 0.149 0 1
23 10 0.097 0 2
12 15 0.042 0 1
35 30 0.184 0 2
108 100 0.393 0 2
12 22 0.060 0 1
15 52 0.057 0 2
16 5 0.071 0 2
18 5 0.058 0 1
30 5 0.178 0 1
56 30 0.239 0 2
10 100 0.051 0 2
203 52 0.860 0 1
44 70 0.272 0 1
21 52 0.096 0 1
79 70 0.454 0 1
25 70 0.074 0 2
89 22 0.416 0 1
16 100 0.063 0 1
108 52 0.354 0 2
182 30 0.897 0 1
129 10 0.772 0 2
76 5 0.226 0 2
41 30 0.126 0 1
128 30 0.435 0 1
119 40 0.665 0 2
183 100 0.929 0 2
10 30 0.059 0 2
309 22 1.689 0 1
64 40 0.193 0 1
68 30 0.297 0 1
19 40 0.063 0 2
29 52 0.141 0 2
51 30 0.161 0 1
127 70 0.386 0 2
96 70 0.344 0 2
88 70 0.417 0 2
113 5 0.502 0 1
11 100 0.065 0 2
12 70 0.050 0 1
241 30 0.770 0 2
18 22 0.099 0 2
12 100 0.041 0 2
44 30 0.239 0 1
187 15 0.796 0 2
282 5 1.205 0 1
14 22 0.053 0 1
36 100 0.176 0 2
29 52 0.116 0 1
228 30 1.152 0 2
13 70 0.088 0 1
31 10 0.098 0 1
34 100 0.162 0 1
86 40 0.265 0 1
19 10 0.074 0 1
140 40 0.481 0 1
169 15 0.994 0 2
15 40 0.093 0 2
41 5 0.169 0 1
16 22 0.107 0 1
15 52 0.057 0 2
17 10 0.092 0 2
313 100 0.948 0 2
75 52 0.395 0 2
146 30 0.545 0 2
19 30 0.085 0 1
13 15 0.066 0 2
103 70 0.648 0 2
150 22 0.667 0 2
14 22 0.053 0 1
14 22 0.047 0 1
35 100 0.169 0 2
18 40 0.064 0 1
206 52 1.073 0 2
18 15 0.095 0 1
16 40 0.051 0 1
185 70 0.787 0 2
285 40 1.178 0 1
37 5 0.185 0 2
11 10 0.035 0 2
19 70 0.114 0 1
16 10 0.067 0 1
67 100 0.245 0 1
10 70 0.039 0 1
106 100 0.507 0 2
33 70 0.140 0 1
15 100 0.069 0 2
199 52 0.751 0 2
76 15 0.258 0 1
61 15 0.271 0 1
95 22 0.338 0 2
198 100 0.627 0 2
141 30 0.569 0 2
11 70 0.035 0 2
141 70 0.458 0 1
54 100 0.176 0 1
11 22 0.043 0 1
47 40 0.208 0 1
320 40 1.111 0 1
21 5 0.131 0 2
100 22 0.606 0 2
15 22 0.049 0 1
39 70 0.144 0 2
33 100 0.121 0 1
252 40 0.900 0 1
15 30 0.068 0 2
49 30 0.229 0 1
229 40 1.537 0 1
25 22 0.098 0 1
159 52 0.468 0 2
13 10 0.043 0 1
35 40 0.125 0 1
44 5 0.174 0 2
179 40 0.737 0 2
241 40 0.809 0 1
164 100 0.774 0 2
136 15 0.591 0 1
51 70 0.156 0 2
16 5 0.050 0 2
29 40 0.116 0 1
56 52 0.256 0 1
56 5 0.175 0 1
237 40 1.035 0 1
238 5 0.933 0 2
19 15 0.055 0 1
17 40 0.099 0 1
72 5 0.369 0 1
21 40 0.066 0 1
17 30 0.088 0 1
72 30 0.263 0 2
17 70 0.102 0 2
12 52 0.036 0 1
228 100 0.773 0 1
16 30 0.054 0 1
339 100 2.018 0 2
167 15 0.525 0 2
12 10 0.080 0 1
19 100 0.095 0 1
55 30 0.165 0 1
125 100 0.414 0 1
28 40 0.144 0 1
101 22 0.381 0 2
25 100 0.073 0 2
120 70 0.436 0 1
49 100 0.166 0 2
160 40 1.074 0 1
42 30 0.165 0 1
13 70 0.067 0 1
18 30 0.078 0 2
32 15 0.115 0 1
182 30 0.535 0 2
11 100 0.037 0 1
32 22 0.200 0 1
66 15 0.400 0 1
159 10 0.878 0 2
13 70 0.065 0 2
54 30 0.292 0 1
220 40 1.243 0 2
28 22 0.116 0 2
191 30 1.172 0 1
12 15 0.037 0 1
25 10 0.132 0 2
241 100 1.181 0 2
21 70 0.074 0 1
214 5 1.346 0 1
92 30 0.601 0 1
26 100 0.112 0 1
20 40 0.076 0 1
48 30 0.171 0 1
63 10 0.185 0 1
13 10 0.052 0 1
72 5 0.271 0 2
10 100 0.038 0 2
17 30 0.062 0 1
38 100 0.153 0 2
12 10 0.038 0 1
15 15 0.049 0 1
17 40 0.069 0 1
29 5 0.101 0 1
25 40 0.081 0 1
18 10 0.095 0 2
15 22 0.052 0 1
22 30 0.066 0 1
16 100 0.065 0 2
38 5 0.242 0 2
169 10 0.918 0 1
131 5 0.411 0 2
25 22 0.119 0 2
24 5 0.138 0 1
229 30 0.751 0 1
288 100 1.200 0 1
84 40 0.311 0 1
24 52 0.077 0 1
17 100 0.104 0 2
22 52 0.077 0 2
13 22 0.050 0 2
124 15 0.413 0 2
17 10 0.056 0 2
198 40 0.579 0 1
276 30 0.945 0 1
36 100 0.147 0 1
10 40 0.040 0 2
20 52 0.105 0 2
28 40 0.091 0 1
253 52 0.753 0 1
29 30 0.093 0 2
122 52 0.469 0 2
28 10 0.152 0 2
71 40 0.256 0 2
39 52 0.133 0 1
53 15 0.169 0 1
32 100 0.118 0 1
301 100 1.103 0 1
14 15 0.047 0 2
61 15 0.281 0 1
26 5 0.097 0 2
29 10 0.119 0 2
15 40 0.071 0 2
64 40 0.231 0 1
28 52 0.118 0 2
71 10 0.242 0 1
15 15 0.075 0 2
28 70 0.151 0 1
23 22 0.090 0 2
35 30 0.126 0 1
69 5 0.228 0 2
35 15 0.113 0 2
225 22 0.792 0 2
44 100 0.291 0 1
174 100 0.921 0 2
276 52 1.840 0 2
18 22 0.054 0 1
44 52 0.194 0 1
52 22 0.243 0 1
20 100 0.062 0 2
41 100 0.192 0 2
65 100 0.210 0 2
119 5 0.379 0 1
73 22 0.487 0 2
30 10 0.174 0 1
84 30 0.319 0 2
40 52 0.204 0 2
149 5 0.463 0 2
176 22 0.618 0 2
193 100 0.751 0 1
52 15 0.188 0 2
38 5 0.111 0 1
14 15 0.054 0 1
19 52 0.106 0 1
41 30 0.165 0 1
27 5 0.117 0 1
65 22 0.349 0 1
25 52 0.164 0 1
128 40 0.569 0 1
40 15 0.155 0 1
66 52 0.202 0 1
29 15 0.116 0 2
63 10 0.188 0 1
44 5 0.288 0 2
265 52 1.104 0 2
65 70 0.401 0 2
175 52 0.603 0 1
17 5 0.066 0 1
25 70 0.092 0 2
74 15 0.468 0 2
109 5 0.333 0 1
12 5 0.045 0 1
164 100 0.796 0 2
77 40 0.318 0 2
38 52 0.126 0 2
11 10 0.040 0 1
328 5 1.147 0 2
36 100 0.212 0 1
38 40 0.124 0 2
37 40 0.111 0 1
70 15 0.304 0 2
16 10 0.057 0 2
15 52 0.060 0 1
181 22 0.622 0 2
15 70 0.054 0 1
47 100 0.216 0 1
13 22 0.048 0 1
70 5 0.215 0 1
193 52 0.951 0 1
74 15 0.234 0 2
186 52 0.759 0 1
102 5 0.336 0 1
22 5 0.088 0 1
21 40 0.082 0 1
159 10 0.646 0 2
19 15 0.088 0 2
18 5 0.063 0 2
62 5 0.242 0 1
13 30 0.045 0 2
93 15 0.514 0 1
81 100 0.384 0 1
73 40 0.343 0 1
33 70 0.107 0 2
155 100 0.852 0 1
14 10 0.063 0 1
12 100 0.062 0 2
67 10 0.229 0 2
52 30 0.211 0 2
47 52 0.143 0 2
38 100 0.239 0 2
91 70 0.368 0 2
40 40 0.190 0 1
40 30 0.190 0 2
55 52 0.309 0 1
48 52 0.261 0 2
40 40 0.124 0 1
74 52 0.243 0 2
20 70 0.071 0 2
35 5 0.227 0 2
30 5 0.108 0 1
143 5 0.511 0 2
20 5 0.074 0 1
238 100 1.488 0 1
118 100 0.742 0 2
29 15 0.136 0 2
31 5 0.107 0 2
17 15 0.053 0 2
183 5 0.553 0 1
16 100 0.059 0 1
101 15 0.362 0 1
55 30 0.288 0 2
86 15 0.327 0 1
304 22 1.421 0 2
33 5 0.213 0 1
243 22 0.757 0 1
16 70 0.058 0 1
84 40 0.246 0 1
58 5 0.269 0 2
11 100 0.056 0 1
10 10 0.031 0 1
23 52 0.147 0 2
64 10 0.366 0 1
61 22 0.207 0 1
74 52 0.311 0 1
65 15 0.256 0 1
159 15 0.572 0 1
11 40 0.036 0 1
73 52 0.420 0 1
12 22 0.046 0 2
123 10 0.719 0 1
38 10 0.111 0 1
26 15 0.089 0 1
207 40 1.176 0 2
36 70 0.168 0 2
37 5 0.124 0 2
23 10 0.155 0 2
132 40 0.398 0 1
235 52 1.257 0 1
252 52 1.059 0 1
46 30 0.234 0 2
19 52 0.095 0 2
131 15 0.512 0 2
79 10 0.407 0 1
79 15 0.399 0 1
13 40 0.066 0 2
54 40 0.216 0 2
18 22 0.062 0 2
44 15 0.171 0 2
31 10 0.200 0 2
177 22 0.898 0 2
203 70 1.025 0 1
53 5 0.217 0 2
259 40 1.515 0 1
41 100 0.154 0 2
134 100 0.585 0 1
47 5 0.272 0 2
60 10 0.366 0 2
197 22 0.650 0 1
89 52 0.524 0 2
57 5 0.254 0 2
30 15 0.118 0 1
107 52 0.677 0 1
29 5 0.105 0 1
17 30 0.056 0 1
54 22 0.309 0 2
136 52 0.555 0 1
61 30 0.256 0 1
30 10 0.096 0 1
18 5 0.096 0 2
55 52 0.186 0 1
48 15 0.180 0 1
23 10 0.082 0 1
134 52 0.570 0 2
12 5 0.078 0 2
188 30 1.062 0 2
136 30 0.531 0 2
18 15 0.118 0 2
87 52 0.351 0 2
57 100 0.192 0 1
24 30 0.087 0 2
94 100 0.373 0 1
142 15 0.445 0 2
19 100 0.065 0 2
33 5 0.140 0 1
210 100 1.014 0 1
223 5 0.885 0 2
21 40 0.135 0 1
30 100 0.156 0 2
13 52 0.042 0 2
167 15 0.562 0 2
191 10 0.705 0 2
10 22 0.031 0 2
15 100 0.054 0 2
17 22 0.053 0 1
149 10 0.937 0 1
15 30 0.062 0 2
33 40 0.098 0 1
14 52 0.053 0 1
16 15 0.062 0 1
243 15 1.095 0 1
42 100 0.133 0 2
107 15 0.378 0 2
27 30 0.142 0 1
68 5 0.234 0 2
40 52 0.226 0 1
34 15 0.121 0 2
16 40 0.060 0 2
183 52 0.963 0 1
38 10 0.204 0 1
72 10 0.294 0 1
121 40 0.492 0 1
30 5 0.102 0 1
185 5 0.939 0 1
44 30 0.200 0 2
64 52 0.233 0 2
11 30 0.033 0 2
47 22 0.151 0 1
12 5 0.073 0 2
62 70 0.291 0 2
33 30 0.169 0 2
291 22 0.912 0 2
37 22 0.117 0 2
108 70 0.326 0 1
85 5 0.483 0 1
11 15 0.042 0 1
103 15 0.548 0 2
87 10 0.397 0 1
63 52 0.341 0 1
13 100 0.071 0 1
40 52 0.127 0 1
69 5 0.204 0 2
73 70 0.237 0 2
224 40 0.858 0 1
21 10 0.082 0 1
71 100 0.324 0 2
16 100 0.066 0 2
24 70 0.078 0 1
47 70 0.149 0 1
28 40 0.162 0 1
18 5 0.069 0 1
16 30 0.065 0 2
56 15 0.215 0 1
133 10 0.583 0 1
14 52 0.042 0 1
20 100 0.109 0 1
14 22 0.086 0 1
192 70 1.178 0 1
88 10 0.274 0 1
161 15 0.631 0 1
13 52 0.073 0 1
37 22 0.191 0 1
14 22 0.043 0 1
12 70 0.047 0 1
197 15 0.682 0 2
89 52 0.589 0 2
135 40 0.466 0 2
15 5 0.047 0 2
23 5 0.088 0 2
163 100 0.514 0 2
15 70 0.059 0 2
170 22 0.776 0 1
17 40 0.074 0 1
105 5 0.610 0 2
33 15 0.192 0 1
17 10 0.058 0 1
17 40 0.076 0 2
26 22 0.115 0 2
10 70 0.038 0 2
18 5 0.058 0 1
15 22 0.075 0 2
19 30 0.085 0 2
75 5 0.290 0 2
158 52 0.603 0 1
45 22 0.231 0 2
85 15 0.333 0 1
16 40 0.071 0 2
134 100 0.519 0 1
135 15 0.517 0 1
140 100 0.500 0 2
39 5 0.138 0 1
23 22 0.101 0 1
58 52 0.261 0 1
16 5 0.104 0 1
158 15 0.497 0 2
22 40 0.101 0 1
224 5 1.149 0 1
132 15 0.767 0 1
21 5 0.114 0 2
176 52 1.150 0 2
72 15 0.235 0 1
143 5 0.572 0 2
19 70 0.060 0 1
17 5 0.056 0 1
22 5 0.141 0 2
106 70 0.620 0 2
152 5 0.884 0 2
57 52 0.294 0 1
15 52 0.079 0 2
70 100 0.267 0 1
32 15 0.205 0 2
15 10 0.048 0 1
16 70 0.084 0 1
10 100 0.049 0 2
60 5 0.339 0 2
45 70 0.202 0 2
10 40 0.057 0 1
206 15 0.802 0 2
22 22 0.118 0 2
176 15 0.807 0 1
127 52 0.492 0 1
11 5 0.038 0 2
178 70 0.805 0 1
36 5 0.121 0 2
180 5 0.531 0 2
50 10 0.149 0 2
60 22 0.221 0 1
18 30 0.056 0 2
64 15 0.201 0 2
32 22 0.155 0 1
81 10 0.253 0 1
23 70 0.111 0 1
156 15 0.517 0 2
209 100 0.768 0 1
18 22 0.108 0 2
232 70 1.557 0 1
57 52 0.269 0 2
44 40 0.150 0 2
27 22 0.092 0 2
14 5 0.048 0 1
95 5 0.406 0 1
282 10 1.170 0 1
18 30 0.116 0 2
95 30 0.391 0 1
16 30 0.056 0 2
17 15 0.062 0 2
164 10 0.539 0 1
31 52 0.126 0 2
16 70 0.074 0 2
53 100 0.323 0 1
199 5 0.777 0 2
66 10 0.241 0 2
134 15 0.590 0 1
10 40 0.047 0 1
336 5 1.339 0 2
27 10 0.080 0 2
119 40 0.778 0 2
33 30 0.121 0 2
175 52 0.994 0 2
229 5 0.920 0 1
29 70 0.096 0 1
75 22 0.350 0 2
53 40 0.306 0 1
27 52 0.130 0 2
65 5 0.198 0 2
59 52 0.353 0 1
32 40 0.157 0 1
60 52 0.351 0 2
29 15 0.097 0 1
29 15 0.160 0 2
37 70 0.138 0 1
50 40 0.245 0 1
36 70 0.176 0 2
14 15 0.055 0 2
102 40 0.642 0 1
15 10 0.073 0 1
191 40 0.599 0 1
17 15 0.054 0 1
303 40 1.478 0 2
99 5 0.566 0 1
35 10 0.148 0 1
14 52 0.047 0 1
49 52 0.206 0 2
35 22 0.110 0 2
14 40 0.046 0 1
11 52 0.037 0 1
25 52 0.122 0 1
79 22 0.287 1 0
10 40 0.066 1 0
121 15 0.548 1 0
34 30 0.197 1 0
164 52 0.612 1 0
16 5 0.051 1 2
61 30 0.326 1 2
16 70 0.048 1 2
36 15 0.113 1 0
66 22 0.349 1 0
14 10 0.049 1 2
30 10 0.108 1 0
297 5 1.042 1 0
35 5 0.230 1 0
37 22 0.172 1 0
84 10 0.568 1 0
28 40 0.138 1 0
75 10 0.383 1 0
17 22 0.096 1 0
102 22 0.675 1 2
16 70 0.068 1 0
60 15 0.293 1 0
12 100 0.058 1 0
48 5 0.225 1 0
27 30 0.080 1 0
59 52 0.295 1 0
53 15 0.177 1 2
15 100 0.077 1 0
71 40 0.317 1 0
63 70 0.342 1 2
70 22 0.293 1 0
184 30 0.622 1 2
64 40 0.190 1 0
17 10 0.075 1 0
43 10 0.131 1 2
73 10 0.299 1 2
10 30 0.059 1 2
47 40 0.174 1 0
46 52 0.172 1 2
18 5 0.087 1 2
56 22 0.191 1 2
35 100 0.199 1 0
18 22 0.075 1 2
37 10 0.122 1 0
14 5 0.043 1 0
34 15 0.186 1 0
11 52 0.051 1 0
65 22 0.428 1 0
29 100 0.103 1 0
33 10 0.134 1 2
44 10 0.275 1 0
35 15 0.122 1 0
14 10 0.057 1 2
17 70 0.063 1 0
15 10 0.059 1 0
26 100 0.143 1 0
39 40 0.120 1 0
44 52 0.216 1 0
53 100 0.211 1 2
19 22 0.063 1 2
53 52 0.218 1 0
12 40 0.036 1 2
18 30 0.059 1 0
12 70 0.045 1 0
137 10 0.593 1 2
18 70 0.084 1 2
85 70 0.363 1 0
64 52 0.215 1 0
188 15 0.858 1 0
56 100 0.264 1 0
110 70 0.582 1 0
12 100 0.043 1 2
191 22 0.680 1 0
263 5 1.363 1 0
120 40 0.682 1 0
37 70 0.215 1 0
48 15 0.240 1 0
21 5 0.109 1 0
171 40 0.868 1 0
19 30 0.091 1 0
14 100 0.058 1 0
62 5 0.231 1 0
45 52 0.151 1 0
110 30 0.333 1 2
74 40 0.218 1 2
164 70 0.506 1 2
74 70 0.272 1 0
71 30 0.259 1 0
12 15 0.058 1 2
339 5 1.161 1 0
46 52 0.167 1 2
24 70 0.081 1 0
108 15 0.574 1 0
18 15 0.053 1 0
177 30 0.535 1 2
11 52 0.047 1 2
76 52 0.264 1 2
11 30 0.065 1 2
119 15 0.409 1 0
10 40 0.031 1 2
29 70 0.151 1 2
13 22 0.056 1 0
115 10 0.358 1 0
236 10 1.049 1 2
18 30 0.071 1 0
13 22 0.056 1 2
66 52 0.423 1 2
26 30 0.172 1 0
163 40 0.586 1 2
107 15 0.686 1 2
42 70 0.269 1 0
13 10 0.062 1 0
108 52 0.352 1 0
27 30 0.170 1 2
72 70 0.221 1 0
64 15 0.220 1 0
28 52 0.098 1 2
89 40 0.543 1 0
63 10 0.197 1 0
152 15 0.655 1 0
10 30 0.050 1 0
153 40 0.539 1 0
134 5 0.392 1 0
13 40 0.047 1 0
23 52 0.074 1 2
52 5 0.188 1 0
88 52 0.530 1 0
78 70 0.294 1 0
61 22 0.206 1 0
31 15 0.168 1 0
26 52 0.118 1 2
17 100 0.053 1 0
38 10 0.153 1 0
11 52 0.055 1 2
13 10 0.039 1 0
53 100 0.305 1 0
18 100 0.065 1 2
13 40 0.079 1 0
102 5 0.618 1 0
16 10 0.048 1 0
78 30 0.244 1 0
50 70 0.187 1 0
19 40 0.083 1 0
19 70 0.074 1 0
81 52 0.284 1 0
74 22 0.292 1 0
39 52 0.176 1 2
74 52 0.286 1 0
17 5 0.078 1 0
297 22 1.428 1 0
13 52 0.050 1 0
98 5 0.316 1 0
256 5 0.868 1 0
28 22 0.128 1 0
51 15 0.280 1 2
124 22 0.574 1 0
56 40 0.169 1 2
28 30 0.113 1 2
27 30 0.131 1 2
71 52 0.230 1 0
72 52 0.272 1 2
133 22 0.425 1 2
22 40 0.145 1 0
10 10 0.045 1 2
10 52 0.032 1 2
229 100 0.946 1 0
13 30 0.073 1 0
220 22 1.419 1 2
59 5 0.206 1 0
104 100 0.498 1 2
35 5 0.139 1 0
63 70 0.313 1 2
198 22 0.985 1 0
19 15 0.111 1 0
40 22 0.204 1 0
19 30 0.070 1 0
37 52 0.188 1 0
68 52 0.234 1 2
32 30 0.170 1 0
17 40 0.052 1 2
101 40 0.518 1 0
17 70 0.052 1 2
50 10 0.191 1 0
38 70 0.236 1 0
19 70 0.071 1 2
11 22 0.037 1 0
29 15 0.094 1 0
59 10 0.285 1 0
27 40 0.085 1 0
74 30 0.225 1 0
26 5 0.157 1 0
189 10 0.753 1 0
63 52 0.306 1 0
20 22 0.074 1 2
34 15 0.101 1 0
79 100 0.527 1 0
55 100 0.227 1 2
17 70 0.061 1 0
33 30 0.096 1 0
14 22 0.073 1 2
15 10 0.060 1 0
40 100 0.147 1 0
33 70 0.159 1 2
11 40 0.037 1 0
28 100 0.127 1 0
66 70 0.204 1 2
178 5 0.667 1 2
57 5 0.294 1 0
314 30 1.495 1 0
49 22 0.179 1 0
11 22 0.037 1 0
47 70 0.203 1 0
135 22 0.480 1 2
66 10 0.410 1 0
121 10 0.515 1 0
237 10 1.082 1 0
16 15 0.091 1 0
48 40 0.154 1 2
17 52 0.069 1 2
24 52 0.102 1 0
35 52 0.145 1 0
62 52 0.369 1 2
73 10 0.424 1 0
17 5 0.078 1 2
26 22 0.124 1 2
125 5 0.411 1 2
99 15 0.314 1 2
296 5 0.931 1 0
12 40 0.057 1 0
35 70 0.233 1 0
133 22 0.445 1 2
37 70 0.147 1 0
19 52 0.068 1 0
17 30 0.060 1 0
32 22 0.183 1 2
43 40 0.184 1 0
21 5 0.076 1 2
39 15 0.120 1 0
11 70 0.040 1 0
17 10 0.058 1 0
33 10 0.192 1 2
218 40 0.845 1 2
313 15 0.937 1 0
100 70 0.340 1 2
64 22 0.226 1 0
227 5 0.698 1 0
45 22 0.222 1 2
14 52 0.065 1 0
10 10 0.029 1 0
17 40 0.085 1 2
44 100 0.217 1 0
40 5 0.145 1 0
27 100 0.150 1 0
236 15 1.093 1 0
13 30 0.084 1 2
14 30 0.044 1 0
96 100 0.432 1 2
60 100 0.261 1 0
72 52 0.218 1 0
36 70 0.161 1 0
142 30 0.582 1 0
44 30 0.138 1 0
13 52 0.049 1 0
28 70 0.122 1 0
34 70 0.188 1 2
65 10 0.335 1 0
21 52 0.067 1 0
69 52 0.274 1 2
81 100 0.453 1 2
199 70 0.858 1 0
43 22 0.132 1 0
310 40 1.435 1 2
21 22 0.121 1 0
132 100 0.706 1 0
170 5 0.810 1 0
49 22 0.173 1 0
27 10 0.105 1 0
54 30 0.254 1 2
36 70 0.151 1 0
43 10 0.127 1 0
52 70 0.255 1 0
10 10 0.030 1 0
50 52 0.214 1 0
48 22 0.155 1 0
10 10 0.032 1 0
57 15 0.261 1 0
107 5 0.370 1 0
96 30 0.427 1 0
31 70 0.093 1 0
268 15 1.464 1 2
118 10 0.470 1 2
56 22 0.231 1 0
73 40 0.448 1 0
15 52 0.071 1 0
61 40 0.277 1 0
40 10 0.125 1 2
230 15 1.139 1 0
129 15 0.600 1 0
112 15 0.577 1 2
19 100 0.095 1 0
297 70 1.212 1 0
31 15 0.171 1 2
26 52 0.139 1 0
14 22 0.059 1 0
16 10 0.057 1 0
61 30 0.319 1 2
15 70 0.052 1 2
99 40 0.364 1 0
30 52 0.091 1 0
13 5 0.040 1 0
10 5 0.052 1 0
130 40 0.657 1 0
23 22 0.146 1 0
78 15 0.467 1 2
12 15 0.042 1 2
66 100 0.195 1 2
216 10 1.187 1 2
11 5 0.034 1 0
18 70 0.101 1 0
66 5 0.217 1 0
33 5 0.139 1 2
114 10 0.633 1 0
32 40 0.120 1 0
190 100 0.619 1 2
65 52 0.260 1 2
51 100 0.165 1 2
34 52 0.179 1 0
12 30 0.039 1 0
76 10 0.251 1 0
296 70 1.600 1 2
145 100 0.639 1 0
12 40 0.038 1 0
268 40 1.015 1 0
160 15 0.788 1 0
17 40 0.110 1 2
39 5 0.165 1 0
12 10 0.046 1 0
66 40 0.246 1 2
11 30 0.066 1 0
36 40 0.226 1 2
32 100 0.101 1 0
13 30 0.077 1 2
44 22 0.197 1 0
65 10 0.317 1 2
192 5 0.744 1 2
72 100 0.237 1 0
11 15 0.052 1 2
36 70 0.130 1 2
71 52 0.218 1 2
158 10 0.534 1 0
13 100 0.060 1 0
24 5 0.140 1 0
39 30 0.247 1 0
24 10 0.085 1 0
335 10 1.588 1 0
49 52 0.149 1 0
38 100 0.187 1 2
29 5 0.163 1 0
280 52 1.026 1 0
137 70 0.688 1 0
37 22 0.156 1 2
39 70 0.134 1 2
14 10 0.062 1 0
129 15 0.476 1 2
260 10 0.852 1 0
137 5 0.504 1 2
145 10 0.659 1 2
12 10 0.037 1 2
16 10 0.067 1 0
39 5 0.258 1 2
70 5 0.283 1 0
15 15 0.095 1 0
191 70 0.941 1 0
78 40 0.443 1 0
20 52 0.069 1 2
38 70 0.160 1 0
32 30 0.165 1 2
12 5 0.037 1 0
277 30 1.126 1 2
18 10 0.078 1 0
48 52 0.201 1 0
20 22 0.096 1 0
150 70 0.551 1 0
52 30 0.259 1 2
198 30 0.639 1 0
35 5 0.164 1 0
82 22 0.282 1 0
21 40 0.079 1 0
86 22 0.408 1 2
118 70 0.720 1 2
42 40 0.151 1 0
168 5 0.764 1 0
197 15 0.741 1 0
98 100 0.464 1 0
156 52 0.484 1 2
16 15 0.065 1 2
81 100 0.266 1 2
197 100 1.159 1 2
18 10 0.095 1 0
28 15 0.185 1 2
16 15 0.085 1 0
34 70 0.132 1 2
35 5 0.116 1 2
10 15 0.033 1 2
38 52 0.128 1 0
17 30 0.110 1 0
68 70 0.430 1 0
52 5 0.199 1 0
150 52 0.673 1 2
62 40 0.191 1 2
120 70 0.498 1 0
17 100 0.093 1 0
300 40 1.554 1 2
109 10 0.339 1 0
13 5 0.039 1 0
11 5 0.045 1 2
119 52 0.395 1 0
34 15 0.181 1 0
158 52 0.590 1 0
168 30 0.718 1 0
57 10 0.289 1 2
335 15 1.675 1 2
59 15 0.268 1 0
51 15 0.192 1 2
108 15 0.324 1 0
37 5 0.116 1 2
38 70 0.124 1 0
15 70 0.055 1 0
58 10 0.379 1 0
192 52 0.873 1 2
82 30 0.287 1 0
96 10 0.527 1 0
24 70 0.072 1 0
188 30 0.707 1 0
18 5 0.058 1 0
135 15 0.418 1 0
196 52 0.618 1 0
163 52 0.534 1 0
43 5 0.156 1 0
10 40 0.034 1 0
17 22 0.084 1 2
47 15 0.187 1 0
22 22 0.074 1 2
17 30 0.056 1 0
16 100 0.065 1 0
113 15 0.405 1 0
110 30 0.458 1 0
24 30 0.106 1 0
167 70 0.491 1 0
31 70 0.145 1 0
64 22 0.261 1 2
29 70 0.096 1 2
20 5 0.099 1 2
54 30 0.199 1 2
70 52 0.324 1 0
70 15 0.385 1 2
65 30 0.269 1 0
12 10 0.045 1 2
132 100 0.874 1 0
198 100 1.053 1 0
150 100 0.962 1 2
35 40 0.198 1 0
19 70 0.103 1 0
78 52 0.254 1 0
166 10 0.582 1 0
175 52 0.643 1 0
205 22 0.777 1 0
197 40 1.231 1 0
84 40 0.315 1 0
291 52 1.940 1 0
123 5 0.374 1 0
58 100 0.289 1 0
246 40 1.618 1 0
25 100 0.100 1 0
35 40 0.130 1 0
61 52 0.372 1 0
51 15 0.203 1 2
111 40 0.483 1 2
46 52 0.209 1 2
296 70 1.088 1 0
17 52 0.079 1 0
26 52 0.099 1 2
339 40 1.852 1 0
330 5 1.347 1 2
16 40 0.103 1 0
29 100 0.193 1 0
28 100 0.093 1 0
170 40 0.547 1 0
86 15 0.497 1 2
179 30 0.734 1 0
15 10 0.068 1 0
58 10 0.181 1 0
14 15 0.072 1 0
123 70 0.486 1 0
38 40 0.121 1 0
12 10 0.035 1 0
33 22 0.114 1 0
30 100 0.117 1 0
76 40 0.276 1 0
24 5 0.153 1 2
12 15 0.039 1 0
45 5 0.138 1 0
164 100 0.569 1 0
39 30 0.123 1 2
29 100 0.159 1 0
229 5 1.347 1 0
131 22 0.473 1 2
139 10 0.921 1 2
46 5 0.249 1 2
75 5 0.426 1 0
30 22 0.170 1 0
18 15 0.108 1 0
38 15 0.124 1 0
38 5 0.191 1 0
152 10 0.591 1 2
21 30 0.062 1 0
19 52 0.115 1 0
15 30 0.074 1 2
93 100 0.465 1 2
71 30 0.370 1 2
63 52 0.366 1 0
31 5 0.204 1 0
52 100 0.259 1 0
315 70 1.198 1 0
14 15 0.044 1 0
145 5 0.518 1 0
19 52 0.071 1 0
76 15 0.279 1 0
32 15 0.215 1 2
14 100 0.044 1 0
13 5 0.074 1 2
107 22 0.421 1 2
329 30 1.750 1 0
21 15 0.089 1 0
14 22 0.044 1 0
14 100 0.076 1 0
15 5 0.082 1 0
13 52 0.043 1 0
13 30 0.059 1 0
40 70 0.181 1 0
323 40 1.351 1 2
62 40 0.186 1 2
246 22 1.012 1 0
24 52 0.070 1 0
127 5 0.570 1 0
85 5 0.459 1 0
11 22 0.044 1 0
10 22 0.040 1 2
145 40 0.732 1 0
13 70 0.072 1 0
46 10 0.197 1 2
16 10 0.053 1 0
199 40 1.042 1 0
37 22 0.169 1 0
67 30 0.447 1 0
212 10 0.639 1 0
14 30 0.055 1 2
58 30 0.326 1 2
36 70 0.123 1 0
35 10 0.103 1 0
339 5 1.562 1 2
14 40 0.059 1 0
42 30 0.184 1 0
124 52 0.510 1 2
194 30 1.115 1 0
131 100 0.431 1 0
21 15 0.088 1 2
41 70 0.155 1 0
143 70 0.486 1 0
322 30 1.789 1 0
76 10 0.345 1 2
53 5 0.244 1 0
13 40 0.081 1 2
76 40 0.336 1 0
14 5 0.050 1 0
18 52 0.074 1 0
78 40 0.292 1 0
40 10 0.208 1 2
70 52 0.246 1 0
182 40 0.684 1 0
10 22 0.030 1 0
32 100 0.120 1 0
34 40 0.136 1 0
38 40 0.162 1 2
54 52 0.284 1 0
264 70 1.412 1 2
56 15 0.235 1 0
31 100 0.102 1 0
88 40 0.568 1 0
131 22 0.749 1 0
16 100 0.059 1 0
31 22 0.124 1 2
145 22 0.935 1 2
13 5 0.084 1 2
108 22 0.484 1 2
45 22 0.225 1 2
19 5 0.122 1 0
31 70 0.103 1 0
24 70 0.087 1 0
24 70 0.086 1 2
260 30 1.102 1 0
121 10 0.756 1 2
65 22 0.348 1 0
33 52 0.154 1 0
299 40 1.267 1 0
54 100 0.196 1 0
64 30 0.192 1 0
135 52 0.466 1 2
18 10 0.073 1 2
15 30 0.077 1 2
59 52 0.219 1 0
65 52 0.227 1 0
43 22 0.171 1 0
14 70 0.074 1 0
19 52 0.111 1 0
36 100 0.167 1 2
227 100 1.207 1 0
12 70 0.067 1 0
34 70 0.107 1 0
335 30 1.284 1 0
36 70 0.115 1 2
176 52 0.775 1 0
236 52 1.380 1 2
148 10 0.961 1 2
61 70 0.222 1 2
74 15 0.243 1 0
52 52 0.158 1 2
20 22 0.064 1 2
74 30 0.236 1 0
16 70 0.083 1 0
65 100 0.433 1 0
126 52 0.689 1 2
334 22 1.645 1 0
175 100 1.036 1 0
126 10 0.375 1 0
19 70 0.071 1 0
10 52 0.035 1 0
77 40 0.281 1 2
39 40 0.155 1 2
13 22 0.045 1 0
66 30 0.268 1 2
22 52 0.069 1 0
10 22 0.029 1 0
13 10 0.059 1 0
34 5 0.146 1 2
45 100 0.140 1 0
43 52 0.143 1 2
124 30 0.585 1 0
33 5 0.143 1 2
14 100 0.051 1 0
190 30 0.823 1 2
139 52 0.626 1 0
63 40 0.214 1 0
15 40 0.062 1 0
51 30 0.154 1 0
19 15 0.057 1 0
10 52 0.039 1 0
22 40 0.072 1 0
102 100 0.415 1 2
57 15 0.258 1 0
15 30 0.096 1 0
96 40 0.286 1 0
69 15 0.256 1 2
113 22 0.577 1 2
15 40 0.075 1 0
22 5 0.076 1 0
18 40 0.078 1 2
16 70 0.055 1 0
195 10 0.951 1 2
102 15 0.607 1 0
75 5 0.241 1 2
101 52 0.627 1 2
25 70 0.076 1 0
43 70 0.140 1 2
137 52 0.919 1 0
38 22 0.129 1 2
49 15 0.202 1 0
17 22 0.068 1 0
36 5 0.179 1 0
190 70 1.092 1 0
13 5 0.072 1 0
56 30 0.296 1 0
22 10 0.101 1 0
199 15 1.015 1 0
106 10 0.317 1 0
12 40 0.040 1 0
46 5 0.142 1 0
113 15 0.592 1 2
113 100 0.341 1 2
274 40 1.661 1 0
149 100 0.534 1 0
16 22 0.063 1 0
28 70 0.112 1 0
47 22 0.285 1 0
24 70 0.100 1 0
57 30 0.251 1 0
181 15 0.529 1 2
72 10 0.212 1 2
29 40 0.087 1 0
16 5 0.078 1 0
66 40 0.273 1 2
51 100 0.214 1 0
37 5 0.132 1 0
186 5 0.681 1 0
14 70 0.075 1 2
50 22 0.278 1 2
53 100 0.196 1 0
179 100 0.563 1 0
16 10 0.049 1 0
42 5 0.177 1 0
67 70 0.279 1 2
285 15 1.390 1 0
173 70 0.945 1 2
40 5 0.240 1 0
27 30 0.132 1 2
298 30 1.169 1 0
60 30 0.387 1 0
27 52 0.112 1 0
68 40 0.305 1 0
162 15 0.500 1 2
42 100 0.143 1 2
264 40 1.163 1 0
16 30 0.083 1 2
177 22 0.753 1 2
17 40 0.052 1 0
33 10 0.115 1 0
19 5 0.106 1 0
26 5 0.076 1 0
21 40 0.122 1 0
56 100 0.200 1 2
24 40 0.073 1 0
123 30 0.549 1 2
29 10 0.168 1 2
71 22 0.220 1 0
40 40 0.165 1 0
315 10 1.909 1 2
15 30 0.066 1 2
262 5 1.379 1 0
27 5 0.138 1 2
182 22 0.943 1 2
19 10 0.075 1 0
67 22 0.288 1 2
45 100 0.154 1 0
153 10 0.654 1 0
42 15 0.271 1 2
60 15 0.190 1 0
36 30 0.151 1 0
155 10 0.633 1 2
56 52 0.322 1 2
192 22 1.011 1 0
105 5 0.399 1 0
12 22 0.067 1 0
15 40 0.049 1 0
30 40 0.119 1 2
75 15 0.361 1 0
238 30 0.780 1 0
15 5 0.048 1 0
64 10 0.220 1 0
23 100 0.069 1 2
280 5 0.940 1 0
114 100 0.390 1 0
36 52 0.199 1 2
127 52 0.449 1 2
33 22 0.162 1 0
68 30 0.337 1 0
66 22 0.359 1 0
39 5 0.231 1 0
37 52 0.128 1 0
33 52 0.140 1 0
56 40 0.311 1 2
67 22 0.376 1 0
16 40 0.092 1 0
214 5 1.417 1 0
328 30 1.215 1 0
58 22 0.202 1 0
28 30 0.116 1 2
45 5 0.143 1 2
134 70 0.854 1 0
332 52 1.047 1 0
163 40 0.475 1 0
70 10 0.424 1 0
157 15 0.577 1 0
24 52 0.141 1 0
39 15 0.120 1 0
48 52 0.167 1 0
11 100 0.063 1 0
83 15 0.299 1 0
289 40 0.863 1 0
16 10 0.060 1 0
18 15 0.055 1 0
50 40 0.238 1 0
151 100 0.579 1 0
54 30 0.277 1 0
106 15 0.356 1 2
90 15 0.357 1 0
38 70 0.170 1 0
31 100 0.168 1 0
198 52 1.165 1 0
18 52 0.083 1 0
17 5 0.068 1 2
140 70 0.417 1 0
79 10 0.256 1 0
33 40 0.163 1 0
25 10 0.076 1 0
79 10 0.425 1 0
63 22 0.219 1 0
33 5 0.199 1 2
76 70 0.402 1 0
59 70 0.263 1 0
193 5 1.072 1 2
66 52 0.375 1 0
140 30 0.432 1 0
126 5 0.494 1 2
35 40 0.203 1 0
34 5 0.125 1 2
113 30 0.554 1 0
15 52 0.099 1 0
180 22 0.647 1 0
126 5 0.455 1 0
13 5 0.054 1 0
26 10 0.104 1 2
29 100 0.187 1 0
192 30 0.753 1 0
69 15 0.258 1 2
42 52 0.136 1 2
166 40 0.541 1 0
68 5 0.428 1 2
165 40 0.548 1 0
48 30 0.227 1 0
25 10 0.144 1 0
167 30 0.960 1 0
22 70 0.073 1 2
302 15 0.880 1 0
261 22 0.813 1 0
10 10 0.032 1 0
78 100 0.257 1 2
141 30 0.618 1 2
141 52 0.916 1 0
13 22 0.045 1 0
36 40 0.120 1 0
62 5 0.339 1 0
42 40 0.139 1 0
17 5 0.064 1 0
91 52 0.282 1 2
35 15 0.167 1 0
122 100 0.678 1 0
11 52 0.035 1 2
37 5 0.242 1 0
180 30 1.053 1 0
36 70 0.234 1 0
59 22 0.216 1 0
44 22 0.218 1 2
27 30 0.114 1 2
174 30 0.731 1 0
10 5 0.044 1 2
27 70 0.144 1 2
39 52 0.241 1 0
35 40 0.109 1 0
10 100 0.049 1 0
15 15 0.048 1 0
12 40 0.045 1 2
16 10 0.077 1 0
14 52 0.046 1 2
196 70 0.723 1 0
68 15 0.362 1 0
62 70 0.183 1 2
16 15 0.056 1 0
28 5 0.130 1 0
13 100 0.080 1 0
27 5 0.106 1 0
17 10 0.054 1 2
101 30 0.571 1 2
35 15 0.137 1 0
53 22 0.177 1 0
161 30 0.970 1 0
19 52 0.060 1 0
32 52 0.109 1 2
10 70 0.041 1 0
18 5 0.077 1 0
193 15 0.728 1 2
162 100 0.482 1 0
117 100 0.408 1 0
318 100 0.933 1 2
144 30 0.543 1 2
30 22 0.133 1 0
14 22 0.072 1 0
19 100 0.119 1 2
23 100 0.136 1 2
12 30 0.070 1 2
14 5 0.058 1 0
314 70 0.954 1 2
16 40 0.069 1 0
164 52 0.804 1 2
181 70 0.528 1 0
130 22 0.451 1 0
75 30 0.255 1 0
49 15 0.167 1 0
79 52 0.271 1 2
154 100 0.461 1 0
197 5 0.980 1 0
13 15 0.038 1 2
70 15 0.249 1 0
10 30 0.046 1 2
79 40 0.241 1 0
34 70 0.108 1 2
311 100 1.312 1 0
19 5 0.065 1 2
78 30 0.253 1 0
33 22 0.138 1 0
109 5 0.460 1 0
75 5 0.362 1 0
64 70 0.398 1 0
223 70 1.037 1 0
52 10 0.181 1 0
12 70 0.057 1 0
18 5 0.084 1 2
31 70 0.119 1 0
278 15 0.897 1 0
52 10 0.157 1 0
31 22 0.168 1 0
46 15 0.181 1 0
13 5 0.038 1 0
15 70 0.089 1 0
25 22 0.135 1 2
17 30 0.072 1 2
16 40 0.047 1 2
88 70 0.456 1 0
25 15 0.081 1 0
11 52 0.054 1 0
179 100 0.566 1 0
17 10 0.093 1 0
13 100 0.076 1 2
46 30 0.146 1 0
188 30 1.146 1 0
321 70 0.991 1 0
315 22 1.352 1 0
10 22 0.065 1 0
17 40 0.051 1 0
10 22 0.044 1 0
53 22 0.167 1 0
13 5 0.068 1 2
35 40 0.176 1 0
38 70 0.115 1 2
267 15 1.047 1 0
38 5 0.129 1 0
11 10 0.034 1 2
17 52 0.050 1 0
179 22 1.193 1 2
61 70 0.199 1 2
41 15 0.159 1 2
15 10 0.085 1 2
152 22 0.813 1 2
297 70 1.320 1 0
164 52 0.577 1 2
125 100 0.576 1 2
312 70 1.634 1 0
141 70 0.473 1 0
20 52 0.085 1 0
19 40 0.123 1 2
43 10 0.140 1 0
75 10 0.352 1 2
197 15 0.921 1 2
36 100 0.121 1 2
32 70 0.116 1 2
95 40 0.508 1 0
63 30 0.289 1 0
39 70 0.118 1 0
20 10 0.069 1 0
25 22 0.082 1 2
32 70 0.132 1 0
65 15 0.367 1 0
55 5 0.161 1 0
12 30 0.069 1 0
151 15 0.456 1 2
227 10 1.261 1 0
11 22 0.034 1 2
26 30 0.094 1 0
18 22 0.058 1 0
13 70 0.043 1 0
141 40 0.534 1 0
34 22 0.183 1 2
291 70 1.036 1 0
16 5 0.068 1 2
69 40 0.445 1 2
16 100 0.052 1 0
37 30 0.146 1 2
31 22 0.104 1 0
26 30 0.154 1 0
118 40 0.349 1 2
28 100 0.108 1 0
11 15 0.038 1 0
157 40 0.522 1 0
65 30 0.210 1 0
18 30 0.062 1 0
158 10 0.566 1 2
53 100 0.158 1 0
18 10 0.103 1 2
16 5 0.060 1 0
11 22 0.046 1 0
268 30 1.224 1 0
280 70 1.489 1 2
27 30 0.103 1 0
30 5 0.104 1 2
55 22 0.180 1 2
44 52 0.164 1 2
22 5 0.107 1 0
57 52 0.294 1 0
63 52 0.290 1 2
60 70 0.268 1 0
192 22 0.850 1 2
133 22 0.602 1 0
27 100 0.169 1 0
102 30 0.593 1 0
29 40 0.090 2 0
81 70 0.348 2 0
150 30 0.467 2 0
149 70 0.677 2 0
141 15 0.413 2 0
128 15 0.656 2 0
196 15 1.281 2 1
28 70 0.096 2 0
17 52 0.092 2 0
133 100 0.446 2 0
132 100 0.772 2 0
57 22 0.168 2 0
84 5 0.365 2 0
23 52 0.082 2 0
90 40 0.287 2 0
16 5 0.058 2 0
51 15 0.222 2 0
135 22 0.399 2 1
13 30 0.059 2 1
290 15 1.133 2 0
50 5 0.202 2 1
43 22 0.129 2 0
127 52 0.488 2 0
21 40 0.089 2 1
46 30 0.162 2 0
137 5 0.477 2 0
256 40 1.384 2 1
24 70 0.078 2 1
16 40 0.067 2 0
46 10 0.165 2 0
185 15 0.804 2 0
13 5 0.069 2 0
54 40 0.194 2 0
47 10 0.250 2 0
31 5 0.176 2 0
26 52 0.161 2 0
10 52 0.033 2 0
40 5 0.242 2 0
125 30 0.437 2 1
33 5 0.115 2 0
17 70 0.053 2 0
27 40 0.146 2 0
172 40 0.632 2 1
16 52 0.069 2 1
134 15 0.467 2 0
108 70 0.725 2 0
73 30 0.465 2 0
263 70 1.529 2 0
59 52 0.211 2 0
61 15 0.347 2 1
14 40 0.074 2 0
34 22 0.144 2 0
75 15 0.371 2 0
193 70 0.781 2 0
21 10 0.064 2 0
22 15 0.133 2 0
27 30 0.093 2 1
11 40 0.051 2 1
21 5 0.074 2 0
297 15 1.597 2 1
105 22 0.318 2 0
52 70 0.154 2 0
74 15 0.248 2 0
93 22 0.508 2 0
143 52 0.624 2 0
168 30 1.000 2 1
37 10 0.166 2 0
194 22 0.792 2 0
13 15 0.082 2 0
30 22 0.192 2 0
108 100 0.371 2 0
230 15 0.764 2 0
39 70 0.114 2 1
15 40 0.084 2 0
36 5 0.231 2 0
62 100 0.316 2 0
20 5 0.127 2 0
69 5 0.244 2 0
19 15 0.099 2 0
33 100 0.104 2 1
11 5 0.055 2 0
68 22 0.224 2 0
67 5 0.288 2 1
16 52 0.081 2 0
102 70 0.637 2 1
67 10 0.293 2 1
164 15 0.605 2 0
32 100 0.139 2 1
11 100 0.040 2 0
247 10 1.128 2 0
13 5 0.080 2 0
16 30 0.092 2 0
31 70 0.149 2 0
42 40 0.150 2 1
17 100 0.058 2 1
42 100 0.250 2 1
10 52 0.067 2 0
18 70 0.075 2 0
21 40 0.133 2 0
82 22 0.539 2 0
15 40 0.101 2 1
11 40 0.034 2 1
148 52 0.440 2 0
21 10 0.136 2 1
68 70 0.226 2 0
31 70 0.124 2 0
28 5 0.111 2 1
70 10 0.332 2 0
75 22 0.469 2 0
195 22 0.878 2 0
17 10 0.073 2 1
63 10 0.341 2 0
173 22 0.560 2 0
142 40 0.736 2 0
78 10 0.321 2 0
49 70 0.180 2 1
11 100 0.043 2 0
14 30 0.049 2 1
17 5 0.056 2 0
268 22 0.870 2 0
284 100 1.569 2 0
36 52 0.178 2 1
29 15 0.101 2 0
32 30 0.187 2 0
305 10 2.061 2 0
13 40 0.050 2 0
189 30 0.675 2 0
32 22 0.215 2 0
168 10 0.511 2 0
63 15 0.229 2 1
17 15 0.104 2 1
13 22 0.058 2 0
15 15 0.045 2 0
164 15 0.653 2 0
71 40 0.372 2 0
16 5 0.057 2 0
133 22 0.465 2 0
17 100 0.106 2 0
57 10 0.315 2 0
71 100 0.309 2 0
148 15 0.556 2 1
93 52 0.347 2 0
15 15 0.101 2 0
46 5 0.199 2 0
29 52 0.087 2 0
11 70 0.044 2 0
78 22 0.517 2 0
25 10 0.103 2 0
258 70 0.757 2 0
18 30 0.055 2 1
24 52 0.099 2 0
54 52 0.365 2 0
37 30 0.108 2 0
10 40 0.046 2 0
14 52 0.041 2 0
33 15 0.142 2 0
260 10 1.757 2 0
130 5 0.528 2 0
72 22 0.320 2 0
39 70 0.157 2 0
35 100 0.115 2 1
48 40 0.150 2 0
15 10 0.055 2 0
15 70 0.056 2 1
29 15 0.182 2 0
33 30 0.126 2 1
33 5 0.138 2 0
14 40 0.072 2 0
102 100 0.366 2 0
10 10 0.042 2 0
12 22 0.046 2 0
329 22 1.530 2 0
247 15 1.128 2 1
30 5 0.099 2 0
176 22 1.100 2 0
171 5 0.810 2 0
20 52 0.135 2 0
13 100 0.039 2 1
51 15 0.171 2 1
12 15 0.061 2 1
65 52 0.234 2 0
248 40 1.401 2 1
157 5 0.586 2 1
27 22 0.096 2 0
28 100 0.111 2 0
30 52 0.138 2 0
194 100 1.141 2 1
41 10 0.139 2 0
157 5 0.692 2 0
12 10 0.048 2 0
57 10 0.261 2 1
75 5 0.497 2 0
125 15 0.548 2 0
16 100 0.075 2 1
13 100 0.068 2 0
151 52 0.627 2 0
239 52 0.699 2 1
18 5 0.075 2 0
38 52 0.171 2 1
18 70 0.053 2 0
310 5 1.462 2 0
62 5 0.392 2 0
44 40 0.147 2 0
13 15 0.073 2 0
15 15 0.046 2 1
198 30 0.971 2 0
182 10 0.703 2 0
54 5 0.168 2 0
21 15 0.067 2 1
101 100 0.308 2 0
271 40 1.120 2 0
27 100 0.153 2 0
16 22 0.061 2 0
13 100 0.044 2 0
21 5 0.093 2 0
22 22 0.100 2 0
225 100 1.442 2 1
87 52 0.266 2 0
13 100 0.041 2 0
25 15 0.082 2 0
10 22 0.035 2 1
172 100 0.601 2 1
327 30 0.953 2 0
70 10 0.264 2 0
45 5 0.260 2 0
44 5 0.186 2 0
53 15 0.226 2 0
96 70 0.414 2 0
17 100 0.092 2 1
37 40 0.172 2 0
21 40 0.117 2 0
45 10 0.237 2 0
128 22 0.406 2 0
63 30 0.197 2 0
82 52 0.245 2 1
31 10 0.142 2 0
182 30 1.006 2 1
121 52 0.640 2 0
72 5 0.262 2 0
21 10 0.062 2 0
31 40 0.199 2 1
329 15 1.537 2 0
23 100 0.108 2 1
78 10 0.287 2 0
28 52 0.148 2 0
73 10 0.264 2 0
179 15 0.681 2 0
10 15 0.043 2 0
57 5 0.250 2 1
67 22 0.360 2 0
12 22 0.044 2 0
33 100 0.143 2 1
20 40 0.087 2 1
40 5 0.129 2 0
24 70 0.106 2 1
34 100 0.199 2 0
35 100 0.110 2 1
28 30 0.115 2 1
27 15 0.089 2 1
101 30 0.552 2 0
33 10 0.121 2 0
162 100 0.771 2 1
18 52 0.117 2 0
38 15 0.138 2 1
150 10 0.872 2 0
117 52 0.461 2 0
15 70 0.056 2 0
160 52 0.552 2 1
10 15 0.053 2 1
126 52 0.840 2 0
37 40 0.160 2 1
170 100 0.742 2 0
67 30 0.209 2 0
10 30 0.068 2 1
19 100 0.076 2 0
84 10 0.528 2 0
18 40 0.080 2 1
331 15 1.591 2 1
60 52 0.305 2 0
10 15 0.038 2 0
54 22 0.186 2 0
13 52 0.047 2 1
36 70 0.125 2 0
196 10 0.810 2 1
20 70 0.067 2 0
29 22 0.116 2 0
57 52 0.356 2 0
11 22 0.053 2 0
44 52 0.268 2 0
10 10 0.058 2 0
12 30 0.043 2 0
96 22 0.289 2 0
34 100 0.123 2 0
29 22 0.128 2 0
53 5 0.164 2 0
139 70 0.456 2 0
47 30 0.251 2 0
21 10 0.075 2 1
18 10 0.054 2 1
41 40 0.253 2 0
256 15 1.053 2 0
123 22 0.745 2 1
19 30 0.059 2 1
19 100 0.064 2 0
253 40 1.124 2 0
75 52 0.262 2 0
12 30 0.038 2 0
295 100 1.122 2 1
24 40 0.073 2 0
20 70 0.073 2 0
12 70 0.036 2 1
15 70 0.088 2 1
221 30 0.699 2 0
188 40 0.646 2 1
63 70 0.272 2 0
51 100 0.241 2 0
69 70 0.379 2 1
16 22 0.053 2 0
226 52 0.779 2 0
57 30 0.170 2 0
68 15 0.202 2 0
11 52 0.045 2 0
339 52 1.279 2 0
18 22 0.087 2 1
75 70 0.463 2 0
124 52 0.521 2 1
240 15 0.782 2 0
32 52 0.196 2 0
45 100 0.292 2 0
14 5 0.042 2 0
31 100 0.090 2 1
67 100 0.269 2 1
282 30 1.076 2 0
35 5 0.196 2 0
59 52 0.317 2 0
11 15 0.058 2 0
191 52 0.700 2 1
35 70 0.111 2 1
25 40 0.147 2 0
281 70 0.972 2 0
323 52 1.009 2 0
33 15 0.169 2 1
13 30 0.040 2 1
18 52 0.094 2 0
56 70 0.180 2 0
161 5 0.511 2 0
20 15 0.088 2 1
63 40 0.187 2 0
55 40 0.233 2 0
11 40 0.035 2 0
163 100 0.832 2 0
29 22 0.122 2 0
52 100 0.264 2 1
22 30 0.070 2 0
68 5 0.356 2 0
21 52 0.142 2 0
76 100 0.404 2 0
14 22 0.086 2 1
49 5 0.161 2 0
120 100 0.350 2 0
43 52 0.151 2 0
18 52 0.076 2 0
10 15 0.035 2 1
35 15 0.103 2 1
24 5 0.104 2 0
26 5 0.096 2 0
32 70 0.156 2 1
14 70 0.043 2 0
143 100 0.894 2 1
152 100 0.884 2 1
77 5 0.237 2 0
292 100 0.957 2 1
334 22 1.835 2 0
288 5 1.492 2 0
33 15 0.131 2 0
23 30 0.077 2 0
27 15 0.148 2 0
19 70 0.074 2 0
185 22 0.822 2 0
37 15 0.132 2 0
61 5 0.289 2 0
25 30 0.094 2 0
37 52 0.108 2 0
87 5 0.325 2 1
20 70 0.081 2 0
62 70 0.310 2 1
59 15 0.355 2 0
64 52 0.204 2 1
91 52 0.283 2 0
34 5 0.150 2 0
71 5 0.249 2 1
25 5 0.115 2 1
188 15 0.807 2 0
27 10 0.109 2 0
18 100 0.070 2 0
145 10 0.446 2 0
113 52 0.481 2 0
88 22 0.345 2 0
248 100 1.442 2 0
15 15 0.058 2 1
287 5 1.354 2 0
61 15 0.216 2 0
204 10 1.378 2 0
306 5 1.577 2 1
199 52 1.171 2 0
25 15 0.108 2 1
41 30 0.120 2 0
138 5 0.670 2 1
50 52 0.164 2 0
141 22 0.916 2 1
104 10 0.353 2 1
20 52 0.108 2 0
28 40 0.103 2 0
18 100 0.093 2 0
53 70 0.172 2 0
70 15 0.370 2 0
61 70 0.361 2 1
38 30 0.185 2 0
34 100 0.101 2 1
26 10 0.138 2 1
37 22 0.208 2 0
31 40 0.140 2 1
103 5 0.488 2 0
49 52 0.148 2 0
120 52 0.645 2 1
215 15 1.132 2 0
120 70 0.533 2 1
34 10 0.155 2 1
77 30 0.362 2 0
167 70 0.831 2 0
64 40 0.370 2 0
36 40 0.121 2 0
61 52 0.208 2 1
66 5 0.194 2 0
259 70 0.760 2 0
63 30 0.394 2 0
12 30 0.046 2 0
25 15 0.098 2 1
18 100 0.058 2 0
180 52 0.841 2 0
94 40 0.448 2 1
19 10 0.066 2 1
109 5 0.565 2 0
134 100 0.575 2 1
68 40 0.433 2 1
38 10 0.239 2 1
46 15 0.135 2 1
162 22 0.497 2 0
36 40 0.211 2 0
179 22 0.547 2 0
16 100 0.097 2 1
17 70 0.055 2 0
264 40 1.692 2 0
336 100 1.292 2 0
10 100 0.060 2 0
77 52 0.236 2 0
13 100 0.051 2 1
16 100 0.071 2 0
77 22 0.281 2 1
249 100 0.892 2 0
87 52 0.294 2 1
16 40 0.055 2 0
89 70 0.436 2 0
19 22 0.058 2 0
10 10 0.042 2 0
173 5 0.749 2 0
67 100 0.219 2 0
71 5 0.359 2 0
66 30 0.299 2 0
23 22 0.112 2 0
12 22 0.043 2 1
196 70 0.775 2 0
11 100 0.073 2 0
16 100 0.076 2 0
20 100 0.094 2 1
181 30 0.879 2 0
61 100 0.187 2 0
134 5 0.598 2 1
140 5 0.745 2 0
10 70 0.053 2 0
39 40 0.144 2 0
29 30 0.111 2 0
111 40 0.716 2 0
14 52 0.052 2 0
290 52 1.155 2 0
16 30 0.053 2 0
106 15 0.573 2 1
10 70 0.033 2 1
169 30 0.797 2 0
30 52 0.130 2 1
22 30 0.128 2 0
196 5 0.938 2 1
287 5 0.980 2 0
62 40 0.201 2 0
99 22 0.615 2 0
52 100 0.220 2 0
79 5 0.362 2 0
111 10 0.442 2 1
15 100 0.064 2 0
61 5 0.210 2 1
121 22 0.460 2 0
18 30 0.103 2 0
68 15 0.345 2 0
19 30 0.111 2 0
191 100 1.055 2 1
206 100 0.710 2 0
173 10 0.636 2 0
48 40 0.183 2 0
284 5 1.224 2 0
335 52 1.304 2 0
111 52 0.613 2 1
19 100 0.068 2 0
72 30 0.268 2 0
28 40 0.097 2 1
279 40 1.733 2 0
10 100 0.047 2 0
74 100 0.326 2 0
50 10 0.266 2 0
27 70 0.132 2 0
14 15 0.071 2 1
38 5 0.165 2 0
79 52 0.369 2 0
137 5 0.757 2 0
206 5 1.090 2 0
82 22 0.343 2 0
18 52 0.107 2 0
59 30 0.242 2 0
15 22 0.069 2 0
50 30 0.221 2 0
138 15 0.624 2 0
166 10 0.587 2 0
115 5 0.354 2 0
101 22 0.502 2 1
238 40 0.847 2 0
22 40 0.088 2 1
27 15 0.173 2 0
18 52 0.057 2 0
72 52 0.375 2 0
12 100 0.060 2 0
15 22 0.071 2 1
32 30 0.095 2 0
198 15 1.261 2 0
171 10 1.024 2 0
12 52 0.057 2 1
49 52 0.241 2 0
110 15 0.502 2 1
12 30 0.046 2 0
75 30 0.346 2 0
11 10 0.040 2 0
11 22 0.040 2 0
66 22 0.212 2 0
16 70 0.072 2 0
172 15 0.543 2 1
27 22 0.114 2 1
33 22 0.116 2 0
66 22 0.210 2 1
27 30 0.082 2 0
57 22 0.370 2 0
14 5 0.041 2 0
37 100 0.114 2 0
13 52 0.039 2 1
116 70 0.466 2 0
12 5 0.067 2 1
119 100 0.504 2 0
185 52 0.712 2 1
12 100 0.067 2 0
18 52 0.110 2 0
11 10 0.039 2 0
39 15 0.117 2 0
141 52 0.806 2 0
33 52 0.210 2 0
158 10 0.705 2 0
36 10 0.193 2 0
93 40 0.419 2 0
63 5 0.243 2 0
60 15 0.305 2 1
68 30 0.274 2 0
28 100 0.162 2 0
15 15 0.055 2 0
50 5 0.163 2 1
136 5 0.687 2 1
67 10 0.229 2 0
22 40 0.127 2 0
11 10 0.039 2 1
16 22 0.048 2 1
38 5 0.117 2 0
18 30 0.059 2 0
36 70 0.137 2 1
29 70 0.196 2 0
22 22 0.067 2 0
47 10 0.264 2 1
20 15 0.078 2 1
24 22 0.140 2 1
24 100 0.118 2 0
10 5 0.041 2 1
62 40 0.183 2 0
305 22 0.921 2 0
214 22 0.762 2 1
70 15 0.262 2 0
12 22 0.055 2 1
10 15 0.067 2 0
16 40 0.062 2 0
13 5 0.043 2 0
142 100 0.724 2 1
194 10 0.620 2 0
37 70 0.137 2 1
12 100 0.045 2 0
13 22 0.070 2 1
60 40 0.193 2 0
133 100 0.536 2 1
45 22 0.172 2 1
85 40 0.570 2 1
68 15 0.293 2 1
141 70 0.583 2 0
47 5 0.263 2 0
312 70 1.522 2 0
60 30 0.283 2 0
46 10 0.155 2 0
13 22 0.060 2 1
64 30 0.269 2 0
14 5 0.075 2 0
18 40 0.078 2 0
77 22 0.240 2 0
36 52 0.117 2 0
19 40 0.114 2 0
14 52 0.054 2 0
17 10 0.052 2 0
57 22 0.232 2 1
189 15 0.804 2 0
199 22 0.648 2 0
40 15 0.196 2 0
81 30 0.391 2 1
167 10 0.693 2 0
36 30 0.114 2 0
71 100 0.444 2 1
19 40 0.108 2 1
75 70 0.352 2 0
22 70 0.080 2 1
31 15 0.195 2 1
51 52 0.195 2 0
272 5 1.162 2 0
60 5 0.380 2 0
23 70 0.148 2 0
14 30 0.073 2 1
16 5 0.065 2 0
53 40 0.266 2 1
51 70 0.171 2 1
79 52 0.350 2 0
149 10 0.892 2 0
19 100 0.070 2 0
309 10 1.040 2 1
134 40 0.691 2 0
14 30 0.043 2 0
168 10 0.558 2 0
105 15 0.392 2 1
18 52 0.116 2 0
76 5 0.277 2 0
16 15 0.050 2 0
14 22 0.044 2 0
78 5 0.517 2 0
42 22 0.130 2 0
306 70 2.040 2 0
24 52 0.123 2 1
12 40 0.042 2 0
170 15 0.499 2 1
49 5 0.155 2 0
159 10 1.032 2 0
144 10 0.480 2 1
25 52 0.074 2 0
32 52 0.095 2 0
18 15 0.053 2 0
156 100 0.500 2 0
321 70 1.189 2 0
12 40 0.041 2 1
75 5 0.277 2 1
209 52 1.174 2 1
124 22 0.404 2 1
34 40 0.138 2 1
32 10 0.139 2 0
32 70 0.161 2 0
78 40 0.290 2 1
10 52 0.041 2 0
33 10 0.137 2 0
36 70 0.176 2 0
77 40 0.348 2 0
70 52 0.327 2 1
34 10 0.105 2 1
11 70 0.063 2 0
39 52 0.195 2 1
23 15 0.067 2 1
58 30 0.337 2 0
38 70 0.138 2 0
12 52 0.048 2 0
117 30 0.341 2 0
228 100 0.800 2 0
130 10 0.419 2 1
70 10 0.207 2 0
20 22 0.078 2 0
16 52 0.051 2 0
275 100 1.160 2 1
273 22 0.869 2 1
332 52 2.243 2 0
99 30 0.619 2 0
57 30 0.169 2 0
79 70 0.494 2 0
69 100 0.239 2 1
149 70 0.473 2 0
68 5 0.372 2 0
80 30 0.537 2 0
37 22 0.161 2 0
18 40 0.097 2 1
149 70 0.914 2 1
72 40 0.439 2 0
29 5 0.156 2 0
40 52 0.242 2 0
18 70 0.098 2 0
48 40 0.318 2 0
54 5 0.333 2 1
13 15 0.056 2 0
15 22 0.083 2 0
14 30 0.053 2 0
280 5 1.197 2 1
68 52 0.268 2 0
169 52 0.779 2 0
41 100 0.178 2 1
93 52 0.303 2 1
198 100 0.980 2 0
15 30 0.049 2 0
142 40 0.594 2 0
80 10 0.325 2 1
62 5 0.380 2 0
74 22 0.336 2 0
55 40 0.278 2 1
83 70 0.446 2 0
147 22 0.444 2 0
76 22 0.323 2 0
35 40 0.172 2 0
10 52 0.030 2 0
46 100 0.242 2 1
320 15 1.265 2 0
52 5 0.157 2 0
130 5 0.850 2 0
90 30 0.584 2 1
40 100 0.121 2 0
21 22 0.103 2 1
79 100 0.436 2 0
26 30 0.135 2 0
15 70 0.067 2 0
187 10 0.605 2 0
23 10 0.112 2 1
20 22 0.071 2 0
66 70 0.284 2 0
204 40 1.015 2 0
32 10 0.110 2 0
25 5 0.075 2 0
74 40 0.265 2 0
270 100 1.467 2 1
13 10 0.045 2 0
22 10 0.100 2 1
51 52 0.291 2 0
38 52 0.239 2 0
15 15 0.048 2 0
18 22 0.071 2 0
12 52 0.048 2 1
218 52 0.901 2 1
19 15 0.067 2 0
73 22 0.292 2 0
124 22 0.701 2 0
33 40 0.102 2 1
39 10 0.167 2 0
14 5 0.051 2 1
31 70 0.165 2 0
226 10 0.946 2 1
61 5 0.265 2 0
17 15 0.097 2 0
19 52 0.072 2 0
304 30 0.977 2 0
18 30 0.061 2 0
13 40 0.053 2 1
331 30 2.122 2 1
52 15 0.191 2 0
14 52 0.060 2 0
144 40 0.667 2 0
23 70 0.074 2 1
54 52 0.162 2 1
15 5 0.052 2 0
21 40 0.063 2 1
84 22 0.308 2 1
16 22 0.055 2 0
114 100 0.509 2 0
306 10 1.010 2 0
25 5 0.151 2 1
118 30 0.472 2 1
59 10 0.189 2 0
16 5 0.056 2 0
35 10 0.188 2 0
42 5 0.124 2 1
321 52 1.911 2 1
56 10 0.222 2 0
27 5 0.147 2 0
184 40 0.595 2 1
116 5 0.550 2 0
208 52 0.754 2 0
78 30 0.470 2 0
28 10 0.133 2 0
45 70 0.159 2 0
106 52 0.515 2 1
12 15 0.056 2 0
52 10 0.325 2 0
50 5 0.157 2 0
156 70 0.712 2 0
161 15 0.533 2 1
258 52 1.071 2 0
35 10 0.196 2 0
195 10 0.793 2 0
115 40 0.542 2 0
169 30 0.617 2 1
11 15 0.054 2 1
13 22 0.040 2 0
75 10 0.312 2 1
26 40 0.151 2 1
161 30 0.722 2 0
19 52 0.058 2 0
10 15 0.037 2 0
13 22 0.073 2 0
66 22 0.289 2 0
95 30 0.373 2 0
135 10 0.579 2 0
13 5 0.055 2 1
62 70 0.228 2 0
135 22 0.401 2 0
39 10 0.244 2 0
10 15 0.043 2 0
40 30 0.144 2 0
275 15 1.599 2 1
34 5 0.140 2 0
74 100 0.302 2 1
272 52 1.486 2 0
66 30 0.249 2 1
37 22 0.125 2 0
29 52 0.140 2 0
20 5 0.059 2 0
28 5 0.120 2 0
41 30 0.142 2 0
13 10 0.061 2 1
38 10 0.123 2 0
35 30 0.115 2 0
37 10 0.222 2 1
28 100 0.103 2 0
122 15 0.403 2 1
192 100 0.970 2 0
174 22 0.569 2 0
12 22 0.078 2 0
13 5 0.063 2 0
339 15 1.378 2 0
19 70 0.080 2 0
71 5 0.346 2 0
16 30 0.066 2 0
147 70 0.620 2 1
113 100 0.628 2 1
14 22 0.042 2 0
45 5 0.256 2 0
13 5 0.071 2 0
129 10 0.694 2 1
109 22 0.372 2 0
10 40 0.047 2 1
28 30 0.097 2 0
177 100 0.898 2 1
154 10 0.458 2 1
60 100 0.227 2 0
98 70 0.306 2 0
26 52 0.103 2 1
159 100 0.750 2 0
74 70 0.223 2 1
253 30 1.063 2 0
16 52 0.051 2 0
15 100 0.059 2 1
13 40 0.077 2 0
99 10 0.446 2 0
13 22 0.056 2 0
336 70 1.826 2 0
34 10 0.108 2 0
10 5 0.046 2 1
19 70 0.078 2 0
27 15 0.100 2 1
119 100 0.384 2 0
72 5 0.483 2 1
39 70 0.203 2 1
196 52 0.863 2 1
173 40 0.665 2 1
106 30 0.662 2 1
30 22 0.094 2 0
34 22 0.200 2 0
57 52 0.234 2 1
21 52 0.096 2 0
245 30 0.891 2 0
96 100 0.487 2 0
13 10 0.039 2 1
88 5 0.583 2 0
156 52 0.531 2 0
45 100 0.274 2 0
161 52 0.594 2 1
28 10 0.103 2 0
112 40 0.552 2 0
16 70 0.092 2 1
11 10 0.064 2 0
197 40 0.995 2 1
17 100 0.103 2 0
24 10 0.146 2 1
23 70 0.082 2 0
272 30 1.042 2 1
15 40 0.067 2 1
24 22 0.091 2 0
20 30 0.074 2 1
11 40 0.053 2 0
28 52 0.111 2 0
55 5 0.172 2 0
124 52 0.534 2 0
37 52 0.211 2 0
302 22 1.697 2 0
64 40 0.333 2 1
65 22 0.369 2 0
52 40 0.160 2 0
16 40 0.098 2 0
12 5 0.038 2 0
71 100 0.210 2 0
32 40 0.190 2 1
245 40 1.283 2 1
12 40 0.046 2 1
17 40 0.058 2 0
38 70 0.150 2 0
54 22 0.263 2 0
55 52 0.177 2 0
37 15 0.113 2 0
12 40 0.045 2 1
337 52 1.472 2 0
13 100 0.042 2 0
237 15 0.809 2 0
169 100 0.923 2 0
75 15 0.314 2 0
33 22 0.131 2 0
74 100 0.225 2 0
32 52 0.138 2 1
152 30 0.478 2 1
16 70 0.047 2 1
10 15 0.030 2 0
35 22 0.114 2 0
129 30 0.394 2 1
244 22 1.075 2 0
17 40 0.064 2 1
48 40 0.221 2 0
43 15 0.129 2 0
12 40 0.042 2 0
26 15 0.079 2 0
302 70 0.971 2 0
39 40 0.147 2 0
77 100 0.264 2 0
77 5 0.336 2 0
176 22 0.871 2 1
125 70 0.534 2 0
