31 100 0.118 0 2
112 5 0.338 0 1
222 10 0.655 0 2
61 10 0.199 0 1
39 5 0.253 0 1
14 70 0.049 0 1
15 15 0.071 0 1
76 52 0.275 0 2
104 30 0.662 0 1
10 30 0.041 0 1
13 70 0.045 0 1
52 70 0.184 0 2
28 22 0.117 0 1
132 22 0.386 0 1
20 40 0.072 0 1
109 15 0.665 0 1
13 70 0.081 0 2
57 40 0.237 0 1
47 30 0.159 0 2
29 40 0.131 0 2
33 5 0.195 0 2
77 40 0.507 0 2
139 15 0.415 0 1
29 22 0.134 0 1
12 10 0.059 0 1
71 15 0.425 0 2
76 22 0.305 0 2
67 15 0.328 0 2
309 40 1.124 0 1
34 30 0.123 0 2
80 100 0.246 0 1
14 15 0.069 0 1
74 10 0.272 0 1
28 22 0.135 0 1
54 100 0.196 0 1
15 22 0.068 0 1
72 30 0.224 0 1
246 15 1.414 0 1
77 40 0.418 0 2
192 15 1.116 0 1
17 100 0.104 0 1
23 52 0.076 0 2
84 100 0.382 0 2
50 70 0.231 0 1
35 100 0.232 0 2
10 70 0.032 0 2
230 100 1.192 0 1
59 15 0.223 0 2
68 100 0.360 0 1
59 40 0.203 0 2
103 52 0.454 0 1
54 52 0.266 0 1
68 70 0.380 0 1
190 30 0.599 0 1
21 22 0.065 0 2
10 10 0.031 0 1
65 70 0.231 0 2
53 5 0.231 0 1
251 100 1.434 0 1
31 52 0.097 0 1
11 52 0.073 0 2
15 52 0.050 0 1
18 10 0.072 0 2
92 100 0.402 0 2
59 15 0.351 0 2
189 52 0.594 0 2
19 100 0.063 0 2
12 40 0.043 0 2
13 40 0.059 0 1
152 52 0.459 0 1
14 5 0.045 0 1
37 15 0.145 0 2
70 70 0.422 0 1
31 40 0.132 0 2
81 10 0.488 0 1
147 10 0.766 0 1
69 70 0.340 0 2
252 100 0.937 0 1
24 10 0.075 0 2
174 5 0.619 0 2
107 15 0.357 0 2
13 70 0.061 0 2
27 30 0.093 0 1
23 22 0.116 0 2
53 10 0.285 0 1
48 70 0.318 0 2
21 15 0.102 0 1
20 70 0.067 0 1
76 22 0.310 0 2
21 40 0.061 0 1
48 40 0.154 0 2
136 100 0.814 0 1
55 100 0.185 0 2
217 52 0.775 0 2
73 70 0.249 0 1
11 70 0.036 0 1
195 40 0.780 0 2
167 22 1.031 0 2
15 30 0.098 0 2
152 30 0.727 0 1
31 100 0.099 0 2
64 70 0.388 0 2
58 70 0.293 0 2
205 10 1.376 0 2
70 100 0.303 0 1
61 100 0.235 0 1
35 22 0.155 0 1
34 30 0.164 0 2
15 40 0.060 0 1
73 100 0.238 0 2
72 70 0.229 0 1
15 22 0.051 0 1
27 10 0.100 0 1
334 100 1.034 0 2
15 40 0.055 0 1
217 100 0.743 0 2
79 15 0.491 0 2
18 15 0.055 0 2
13 52 0.045 0 1
63 10 0.248 0 2
10 5 0.031 0 1
251 52 0.820 0 1
13 70 0.077 0 1
250 100 0.973 0 2
50 52 0.154 0 1
49 15 0.271 0 2
47 10 0.162 0 1
66 10 0.388 0 2
14 70 0.092 0 2
141 100 0.691 0 2
21 15 0.066 0 2
39 10 0.250 0 2
54 40 0.186 0 2
19 100 0.100 0 1
12 5 0.051 0 1
28 10 0.165 0 2
19 100 0.059 0 2
133 52 0.508 0 1
28 100 0.182 0 2
33 10 0.193 0 2
75 10 0.253 0 1
76 22 0.300 0 1
186 15 0.545 0 2
172 40 0.518 0 2
13 30 0.060 0 1
14 5 0.070 0 2
19 40 0.079 0 2
13 22 0.076 0 1
168 100 0.949 0 1
57 70 0.172 0 2
51 70 0.276 0 2
18 40 0.062 0 1
167 5 0.551 0 2
75 70 0.298 0 1
154 10 1.013 0 1
88 52 0.318 0 1
88 10 0.272 0 2
150 70 0.562 0 2
11 10 0.046 0 2
43 5 0.283 0 2
32 100 0.110 0 2
18 100 0.063 0 1
15 22 0.053 0 1
95 100 0.404 0 2
24 15 0.137 0 2
10 22 0.060 0 1
66 5 0.206 0 1
12 40 0.036 0 1
145 5 0.456 0 1
84 70 0.316 0 2
24 22 0.079 0 2
39 40 0.255 0 2
16 5 0.071 0 1
66 5 0.200 0 1
25 40 0.078 0 1
19 5 0.077 0 2
12 5 0.053 0 2
22 22 0.125 0 2
144 70 0.472 0 1
75 100 0.419 0 1
173 52 1.055 0 1
22 40 0.135 0 1
34 22 0.177 0 1
56 30 0.320 0 2
164 5 0.487 0 1
42 70 0.157 0 2
28 30 0.120 0 2
33 40 0.101 0 2
36 100 0.116 0 2
96 22 0.468 0 1
80 10 0.392 0 1
194 30 1.026 0 2
47 52 0.264 0 2
19 30 0.066 0 2
19 5 0.074 0 2
76 5 0.267 0 1
73 40 0.386 0 2
10 52 0.030 0 2
25 22 0.081 0 1
103 52 0.407 0 2
15 52 0.066 0 2
63 52 0.404 0 2
67 22 0.209 0 2
45 15 0.148 0 1
104 15 0.517 0 1
10 100 0.042 0 1
46 70 0.194 0 2
306 10 1.027 0 2
133 70 0.506 0 1
31 10 0.138 0 2
196 15 0.609 0 2
16 5 0.047 0 1
21 22 0.064 0 1
61 5 0.204 0 2
14 22 0.048 0 1
10 100 0.056 0 2
29 70 0.168 0 1
172 15 0.891 0 2
39 30 0.133 0 1
25 70 0.104 0 1
13 100 0.038 0 2
262 40 1.560 0 1
32 40 0.173 0 2
17 100 0.050 0 2
69 15 0.406 0 2
133 30 0.462 0 2
43 10 0.184 0 2
195 30 0.915 0 2
31 5 0.114 0 1
18 5 0.062 0 2
24 100 0.082 0 1
15 40 0.086 0 1
106 5 0.482 0 1
107 15 0.512 0 1
192 22 0.780 0 2
21 15 0.133 0 2
47 100 0.301 0 1
301 10 1.520 0 1
36 52 0.172 0 2
147 15 0.438 0 2
16 52 0.047 0 1
187 30 1.051 0 2
192 70 1.247 0 1
132 5 0.418 0 2
28 40 0.098 0 1
29 30 0.143 0 2
37 30 0.123 0 2
26 30 0.080 0 1
21 40 0.080 0 1
15 70 0.049 0 1
200 15 0.772 0 2
19 5 0.056 0 1
221 30 0.898 0 2
16 30 0.068 0 2
115 5 0.487 0 1
21 100 0.139 0 2
39 52 0.196 0 1
302 100 1.313 0 1
17 5 0.086 0 2
15 40 0.079 0 1
28 70 0.105 0 1
161 15 1.025 0 2
115 15 0.518 0 2
10 40 0.032 0 1
78 5 0.274 0 1
29 15 0.123 0 1
181 52 0.989 0 1
93 15 0.336 0 2
36 52 0.151 0 2
71 40 0.302 0 1
141 5 0.775 0 1
66 100 0.287 0 2
32 22 0.111 0 1
301 100 1.332 0 1
50 52 0.174 0 1
22 100 0.107 0 2
66 40 0.237 0 1
36 10 0.163 0 2
71 70 0.380 0 1
28 30 0.086 0 1
46 15 0.147 0 1
26 40 0.107 0 1
106 5 0.527 0 2
17 15 0.086 0 2
76 70 0.357 0 1
159 15 1.032 0 2
155 10 0.847 0 1
33 5 0.171 0 2
48 70 0.180 0 2
77 22 0.385 0 1
62 70 0.268 0 1
38 40 0.248 0 2
68 52 0.298 0 1
48 10 0.265 0 1
19 52 0.059 0 1
13 5 0.063 0 2
170 15 0.525 0 1
64 10 0.189 0 2
43 30 0.202 0 2
26 40 0.085 0 1
64 22 0.379 0 2
154 100 1.034 0 1
51 52 0.233 0 1
34 70 0.129 0 2
37 40 0.218 0 2
11 52 0.043 0 1
70 30 0.209 0 2
35 70 0.205 0 2
15 5 0.065 0 2
35 52 0.105 0 2
100 52 0.305 0 2
38 40 0.188 0 1
263 52 0.785 0 2
138 5 0.430 0 2
93 52 0.282 0 2
42 70 0.219 0 2
137 30 0.609 0 1
57 70 0.373 0 2
275 22 1.104 0 1
68 52 0.217 0 1
98 52 0.560 0 2
242 15 0.752 0 1
68 30 0.354 0 2
20 22 0.099 0 2
165 15 0.493 0 1
293 52 0.939 0 2
339 15 1.066 0 2
71 52 0.212 0 2
100 70 0.505 0 2
24 100 0.072 0 1
10 10 0.042 0 2
16 15 0.049 0 2
299 30 1.565 0 2
15 40 0.052 0 1
179 52 0.789 0 1
10 5 0.030 0 2
37 70 0.185 0 1
240 70 0.830 0 1
16 40 0.068 0 2
170 100 0.924 0 1
93 52 0.293 0 2
13 30 0.048 0 1
16 15 0.061 0 2
194 10 0.649 0 2
11 22 0.059 0 1
49 15 0.146 0 1
201 52 1.000 0 1
12 10 0.065 0 1
11 22 0.039 0 2
11 15 0.043 0 1
160 40 1.053 0 2
143 40 0.418 0 2
31 5 0.200 0 2
44 5 0.180 0 2
76 70 0.284 0 2
12 70 0.047 0 2
176 22 0.525 0 2
204 15 1.222 0 1
339 100 1.599 0 1
117 22 0.657 0 1
127 100 0.449 0 1
33 70 0.122 0 1
35 52 0.165 0 2
61 10 0.246 0 2
188 70 0.679 0 1
36 52 0.188 0 2
17 40 0.064 0 2
281 5 0.915 0 1
12 30 0.047 0 1
44 70 0.249 0 1
10 52 0.045 0 1
35 52 0.151 0 1
13 70 0.069 0 2
127 52 0.702 0 1
185 100 0.841 0 2
23 10 0.068 0 2
20 10 0.110 0 1
104 5 0.680 0 1
52 100 0.310 0 2
105 22 0.455 0 2
34 100 0.102 0 1
53 40 0.219 0 2
28 22 0.156 0 2
23 22 0.152 0 1
11 40 0.037 0 1
70 70 0.269 0 1
260 40 1.262 0 2
25 30 0.111 0 1
39 30 0.196 0 2
18 100 0.063 0 2
286 30 1.040 0 2
16 15 0.067 0 2
37 100 0.178 0 1
22 100 0.074 0 1
37 52 0.184 0 1
154 10 1.020 0 1
16 15 0.077 0 1
105 5 0.313 0 1
44 40 0.286 0 2
69 70 0.418 0 2
104 100 0.330 0 2
11 70 0.055 0 2
11 15 0.054 0 2
117 15 0.481 0 2
284 100 1.809 0 1
171 40 0.640 0 1
15 5 0.044 0 2
15 5 0.057 0 1
48 40 0.157 0 1
17 30 0.054 0 2
29 22 0.094 0 2
237 22 1.102 0 1
26 5 0.079 0 2
144 100 0.724 0 1
251 100 0.777 0 2
17 5 0.054 0 1
34 5 0.140 0 2
31 100 0.186 0 1
103 30 0.377 0 2
169 70 1.105 0 1
20 52 0.125 0 1
11 30 0.061 0 1
53 100 0.279 0 1
13 70 0.076 0 1
27 15 0.175 0 1
84 5 0.260 0 1
13 100 0.057 0 2
70 70 0.225 0 2
53 40 0.272 0 2
15 15 0.070 0 1
19 10 0.063 0 1
23 30 0.084 0 1
332 70 1.258 0 1
118 100 0.351 0 2
138 10 0.515 0 2
40 10 0.213 0 1
92 100 0.451 0 2
39 22 0.132 0 1
16 10 0.062 0 2
89 52 0.484 0 1
89 40 0.466 0 2
281 70 1.249 0 2
19 15 0.128 0 1
163 22 0.495 0 2
14 40 0.069 0 1
106 10 0.329 0 2
53 30 0.203 0 2
35 30 0.186 0 1
25 22 0.098 0 2
276 5 1.062 0 2
29 5 0.092 0 2
42 22 0.165 0 2
72 10 0.238 0 2
103 5 0.495 0 2
19 70 0.077 0 1
49 15 0.234 0 2
15 22 0.065 0 2
33 15 0.106 0 1
16 70 0.069 0 1
54 15 0.217 0 2
13 70 0.067 0 2
19 40 0.103 0 1
17 30 0.068 0 2
15 15 0.060 0 2
11 22 0.068 0 2
78 22 0.373 0 1
12 22 0.078 0 2
113 15 0.398 0 2
14 70 0.061 0 2
53 100 0.193 0 1
17 40 0.056 0 2
12 40 0.080 0 1
38 70 0.121 0 1
148 52 0.614 0 2
152 100 0.933 0 1
17 30 0.061 0 2
16 30 0.053 0 1
29 100 0.157 0 2
18 30 0.070 0 1
248 100 0.965 0 2
304 10 0.968 0 1
16 22 0.058 0 1
48 30 0.244 0 1
89 5 0.299 0 1
22 70 0.109 0 2
36 100 0.164 0 1
30 70 0.111 0 1
14 15 0.043 0 1
339 5 1.569 0 2
111 100 0.541 0 1
187 10 0.728 0 2
227 22 1.240 0 1
13 52 0.047 0 2
10 100 0.031 0 2
134 52 0.417 0 1
185 100 0.856 0 2
96 70 0.339 0 1
12 10 0.065 0 1
62 5 0.350 0 1
12 52 0.047 0 1
230 100 1.139 0 1
100 40 0.493 0 1
27 22 0.136 0 2
29 10 0.094 0 1
311 100 1.517 0 2
12 70 0.040 0 1
16 10 0.049 0 2
72 30 0.308 0 2
14 15 0.054 0 1
306 10 1.391 0 1
26 15 0.159 0 2
188 10 0.839 0 1
183 70 0.610 0 1
199 52 0.591 0 2
18 22 0.092 0 2
130 70 0.591 0 2
71 15 0.289 0 1
19 15 0.095 0 1
263 22 0.827 0 2
136 5 0.607 0 2
16 5 0.050 0 1
122 10 0.674 0 2
62 30 0.305 0 2
11 40 0.052 0 1
102 100 0.360 0 1
152 30 0.596 0 2
16 30 0.060 0 1
164 40 0.543 0 1
281 15 0.921 0 2
277 15 1.011 0 2
316 5 1.036 0 2
236 52 1.004 0 2
45 22 0.140 0 1
63 10 0.267 0 2
10 70 0.060 0 2
122 15 0.379 0 1
126 100 0.384 0 2
31 5 0.194 0 2
234 5 1.054 0 2
16 70 0.073 0 1
13 22 0.086 0 2
66 100 0.203 0 1
19 5 0.072 0 1
191 70 0.868 0 2
116 100 0.483 0 1
10 10 0.037 0 2
14 5 0.048 0 2
109 15 0.433 0 2
16 52 0.060 0 1
28 5 0.084 0 1
35 70 0.164 0 1
13 10 0.043 0 1
57 15 0.352 0 2
210 5 0.811 0 1
95 15 0.508 0 1
77 10 0.259 0 2
242 70 1.180 0 2
98 40 0.349 0 2
209 15 0.798 0 1
126 40 0.840 0 1
171 22 0.743 0 2
36 70 0.142 0 2
21 15 0.066 0 2
73 30 0.477 0 2
11 10 0.044 0 1
185 70 0.649 0 1
128 5 0.506 0 2
50 10 0.169 0 2
14 52 0.047 0 1
259 10 1.151 0 2
15 40 0.095 0 2
14 52 0.074 0 1
38 22 0.177 0 1
42 40 0.185 0 1
179 10 0.646 0 2
44 10 0.272 0 2
16 100 0.062 0 1
16 70 0.095 0 1
79 5 0.286 0 2
284 70 1.906 0 2
38 22 0.120 0 1
10 15 0.030 0 1
16 30 0.082 0 1
187 22 0.638 0 1
19 22 0.079 0 1
186 52 0.785 0 1
45 10 0.220 0 1
77 22 0.233 0 1
51 30 0.192 0 2
26 22 0.116 0 2
11 70 0.049 0 1
29 10 0.165 0 1
321 15 0.997 0 2
310 70 0.912 0 1
37 70 0.211 0 2
21 40 0.090 0 1
31 100 0.189 0 2
25 100 0.091 0 2
37 40 0.211 0 1
11 10 0.065 0 2
186 10 1.163 0 2
29 40 0.127 0 2
18 15 0.053 0 2
62 30 0.236 0 1
46 100 0.182 0 1
40 5 0.125 0 1
74 5 0.325 0 2
130 70 0.657 0 2
27 30 0.092 0 1
219 40 1.404 0 1
10 30 0.037 0 1
31 22 0.186 0 2
53 100 0.219 0 1
35 30 0.167 0 2
175 100 1.129 0 1
78 15 0.287 0 1
33 5 0.172 0 1
73 70 0.258 0 2
25 100 0.108 0 2
193 40 0.594 0 2
21 10 0.089 0 2
62 15 0.265 0 1
16 15 0.057 0 1
261 52 0.763 0 2
79 40 0.374 0 2
14 100 0.065 0 2
196 30 0.685 0 1
43 40 0.238 0 2
54 15 0.252 0 2
23 52 0.100 0 2
67 15 0.259 0 1
31 52 0.143 0 1
198 52 0.971 0 1
74 40 0.435 0 2
61 40 0.180 0 2
164 40 0.582 0 1
71 5 0.237 0 2
126 100 0.406 0 2
109 5 0.384 0 1
85 22 0.315 0 1
19 15 0.062 0 1
128 70 0.489 0 1
335 40 1.861 0 2
182 22 0.995 0 1
18 22 0.053 0 1
25 100 0.074 0 1
24 52 0.161 0 2
156 22 0.629 0 1
121 10 0.526 0 2
17 10 0.057 0 1
44 40 0.222 0 2
98 15 0.632 0 2
34 10 0.108 0 1
176 70 0.537 0 2
61 40 0.349 0 2
154 15 0.460 0 1
47 100 0.140 0 2
16 22 0.055 0 2
36 22 0.165 0 2
17 52 0.069 0 1
78 5 0.520 0 1
66 52 0.338 0 1
29 100 0.112 0 2
37 70 0.152 0 2
16 40 0.049 0 2
15 10 0.062 0 1
178 5 1.072 0 1
90 40 0.570 0 2
48 40 0.166 0 2
12 22 0.040 0 1
229 5 0.950 0 2
175 5 1.023 0 2
66 5 0.201 0 2
129 22 0.487 0 2
75 52 0.260 0 2
37 70 0.127 0 2
13 10 0.044 0 1
35 5 0.200 0 1
41 22 0.208 0 1
11 15 0.037 0 1
13 30 0.060 0 2
18 70 0.057 0 2
20 5 0.079 0 1
138 70 0.719 0 1
12 100 0.077 0 1
13 40 0.084 0 1
16 10 0.056 0 1
13 30 0.083 0 2
15 40 0.050 0 1
167 70 0.861 0 2
68 5 0.239 0 1
65 100 0.216 0 2
10 30 0.067 0 1
26 52 0.124 0 1
157 52 0.994 0 1
171 100 1.006 0 2
143 100 0.574 0 2
13 5 0.080 0 1
25 10 0.167 0 1
37 10 0.110 0 1
19 15 0.058 0 2
59 10 0.213 0 2
37 5 0.114 0 1
48 30 0.234 0 1
147 40 0.438 0 1
25 70 0.094 0 1
22 70 0.102 0 2
13 100 0.043 0 1
149 30 0.492 0 1
22 10 0.118 0 1
36 30 0.113 0 2
19 10 0.070 0 1
217 70 0.678 0 1
76 22 0.404 0 1
15 30 0.057 0 2
249 15 1.439 0 2
30 40 0.103 0 2
54 52 0.346 0 2
19 52 0.072 0 2
239 100 0.912 0 2
68 15 0.442 0 1
28 5 0.122 0 2
11 100 0.064 0 2
111 40 0.383 0 2
18 100 0.065 0 1
61 5 0.213 0 1
11 30 0.035 0 2
169 5 0.748 0 1
59 52 0.187 0 1
72 10 0.247 0 1
104 70 0.450 0 1
43 22 0.137 0 1
42 70 0.235 0 2
157 15 0.826 0 1
19 52 0.062 0 2
28 22 0.171 0 1
50 5 0.260 0 2
14 100 0.060 0 1
10 15 0.030 0 1
93 22 0.318 0 2
21 40 0.076 0 2
21 70 0.062 0 1
331 52 1.022 0 2
20 70 0.077 0 2
61 30 0.370 0 2
18 22 0.110 0 2
154 100 0.828 0 2
129 100 0.537 0 2
33 22 0.103 0 1
124 10 0.470 0 1
19 100 0.094 0 2
109 5 0.414 0 1
177 10 0.957 0 1
232 30 1.040 0 2
10 40 0.035 0 2
32 100 0.115 0 2
67 40 0.201 0 2
284 22 1.123 0 1
17 30 0.088 0 1
190 100 1.124 0 2
112 5 0.644 0 2
15 10 0.059 0 1
181 52 0.547 0 1
19 70 0.066 0 1
24 40 0.136 0 1
38 15 0.210 0 1
45 15 0.134 0 2
12 40 0.055 0 1
20 52 0.078 0 2
241 40 0.707 0 2
39 15 0.173 0 1
11 70 0.042 0 1
49 52 0.262 0 1
193 70 0.707 0 1
67 22 0.387 0 1
85 52 0.315 0 1
32 40 0.127 0 2
21 40 0.066 0 1
15 10 0.053 0 2
107 70 0.549 0 2
15 40 0.050 0 1
113 40 0.469 0 1
35 70 0.229 0 1
17 40 0.084 0 2
11 100 0.035 0 1
66 30 0.384 0 2
210 52 0.886 0 2
17 5 0.057 0 1
42 70 0.124 0 1
12 10 0.041 0 2
15 100 0.070 0 2
36 15 0.130 0 2
48 40 0.213 0 2
25 15 0.156 0 1
46 22 0.275 0 1
15 10 0.052 0 1
226 52 0.706 0 1
129 30 0.777 0 2
11 15 0.059 0 2
98 15 0.456 0 1
61 5 0.205 0 2
19 30 0.128 0 2
36 5 0.145 0 2
44 40 0.199 0 1
22 40 0.076 0 1
181 10 0.710 0 1
12 52 0.064 0 2
18 5 0.099 0 2
85 52 0.280 0 2
20 100 0.067 0 1
11 5 0.037 0 1
10 30 0.035 0 2
87 100 0.352 0 2
17 30 0.089 0 1
62 5 0.315 0 2
59 70 0.233 0 2
66 100 0.342 0 1
15 5 0.096 0 1
316 10 1.430 0 1
18 70 0.066 0 1
21 52 0.126 0 2
70 15 0.221 0 2
116 5 0.374 0 2
22 70 0.094 0 2
30 10 0.145 0 1
16 15 0.089 0 2
34 15 0.210 0 2
169 22 0.508 0 1
131 15 0.420 0 1
109 52 0.623 0 1
138 15 0.507 0 1
21 100 0.093 0 2
190 15 0.722 0 1
96 15 0.578 0 2
260 100 1.126 0 2
39 30 0.220 0 1
46 52 0.170 0 1
31 10 0.100 0 2
73 15 0.324 0 1
25 40 0.115 0 1
39 15 0.220 0 2
14 22 0.075 0 1
35 30 0.190 0 1
37 5 0.128 0 2
247 40 0.810 0 2
335 40 2.248 0 2
75 40 0.257 0 1
33 100 0.128 0 2
130 52 0.512 0 1
16 40 0.098 0 2
39 100 0.142 0 1
22 22 0.065 0 2
11 15 0.046 0 2
73 100 0.252 0 1
11 100 0.034 0 2
77 5 0.414 0 2
88 52 0.579 0 1
19 40 0.084 0 1
40 100 0.132 0 1
14 30 0.043 0 2
53 70 0.172 0 2
65 100 0.213 0 2
220 52 0.898 0 2
37 40 0.115 0 2
127 22 0.651 0 2
27 52 0.103 0 1
31 22 0.133 0 1
210 15 0.677 0 2
195 30 0.648 0 2
174 70 0.967 0 1
109 30 0.348 0 2
14 10 0.061 0 1
23 15 0.073 0 2
18 5 0.113 0 1
57 100 0.218 0 1
107 100 0.342 0 1
52 10 0.186 0 2
26 100 0.144 0 1
92 100 0.469 0 1
28 30 0.088 0 2
29 52 0.102 0 2
34 5 0.172 0 2
27 52 0.171 0 1
23 100 0.124 0 1
38 30 0.140 0 1
117 70 0.532 0 2
172 30 0.835 0 2
75 22 0.229 0 2
142 10 0.429 0 1
319 15 2.113 0 1
135 5 0.854 0 2
21 10 0.097 0 1
159 5 0.898 0 1
117 15 0.709 0 2
149 40 0.687 0 2
134 52 0.740 0 2
34 40 0.103 0 2
25 22 0.144 0 2
66 70 0.202 0 2
307 22 1.051 0 2
72 22 0.263 0 2
12 40 0.057 0 1
41 52 0.160 0 2
259 5 1.378 0 2
14 40 0.068 0 2
194 22 0.595 0 2
186 52 0.778 0 2
231 15 0.757 0 1
19 100 0.098 0 1
47 100 0.209 0 1
11 10 0.050 0 2
65 52 0.234 0 1
67 10 0.385 0 1
223 10 0.965 0 2
39 30 0.193 0 1
19 30 0.067 0 2
16 5 0.073 0 1
75 100 0.490 0 2
72 5 0.254 0 1
16 100 0.051 0 2
189 40 1.099 0 1
141 5 0.544 0 1
64 70 0.332 0 1
90 30 0.293 0 2
146 100 0.896 0 2
13 52 0.069 0 1
28 70 0.133 0 1
157 70 0.831 0 2
52 30 0.159 0 1
148 5 0.484 0 1
10 15 0.055 0 2
17 30 0.094 0 2
160 100 0.541 0 2
231 30 1.144 0 2
19 40 0.106 0 1
85 70 0.256 0 1
39 30 0.116 0 1
43 5 0.212 0 2
71 30 0.406 0 1
17 30 0.051 0 2
13 10 0.054 0 2
14 15 0.044 0 1
173 40 0.532 0 2
16 40 0.062 0 2
12 30 0.044 0 1
89 52 0.332 0 2
13 15 0.059 0 2
326 15 1.022 0 1
10 5 0.044 0 1
19 52 0.067 0 1
31 5 0.114 0 2
159 10 0.578 0 2
173 30 0.695 0 1
18 70 0.070 0 1
31 5 0.129 0 1
66 100 0.308 0 2
14 15 0.049 0 2
18 70 0.102 0 1
48 5 0.230 0 1
12 100 0.043 0 1
67 10 0.288 0 2
172 30 0.601 0 2
132 52 0.790 0 2
13 100 0.038 0 1
88 10 0.286 0 1
13 5 0.046 0 2
14 70 0.062 0 2
16 15 0.053 0 2
56 22 0.280 0 1
96 52 0.322 0 1
18 30 0.083 0 2
14 70 0.070 0 2
17 10 0.050 0 1
10 30 0.037 0 2
36 70 0.194 0 2
69 52 0.454 0 2
58 52 0.180 0 2
39 30 0.157 0 1
17 40 0.056 0 1
46 40 0.134 0 1
81 15 0.308 0 1
15 52 0.055 0 1
20 5 0.090 0 1
16 52 0.053 0 2
16 22 0.047 0 1
12 10 0.074 0 2
23 30 0.093 0 1
98 100 0.344 0 2
85 52 0.486 0 2
158 40 0.664 0 1
191 15 0.614 0 2
20 52 0.106 0 1
38 10 0.125 0 2
36 100 0.145 0 2
38 40 0.220 0 1
39 30 0.116 0 2
15 22 0.051 0 1
180 70 0.706 0 2
11 40 0.061 0 1
33 10 0.128 0 1
44 40 0.222 0 2
254 40 1.468 0 1
40 30 0.149 0 2
255 10 1.062 0 2
10 22 0.043 0 2
12 15 0.051 0 2
61 22 0.257 0 2
30 10 0.094 1 0
64 52 0.283 1 0
39 70 0.197 1 0
72 15 0.298 1 2
67 5 0.241 1 2
14 30 0.051 1 0
60 70 0.193 1 0
58 100 0.195 1 0
17 52 0.061 1 0
173 22 0.695 1 0
117 40 0.606 1 0
12 10 0.068 1 0
14 30 0.061 1 2
25 52 0.161 1 0
35 5 0.131 1 0
170 15 0.675 1 2
21 70 0.073 1 0
280 40 0.872 1 0
55 15 0.171 1 0
52 15 0.306 1 0
12 40 0.046 1 0
12 5 0.074 1 2
18 30 0.064 1 0
123 10 0.831 1 2
127 70 0.375 1 2
50 10 0.333 1 2
16 70 0.105 1 0
27 52 0.093 1 0
57 5 0.178 1 2
17 100 0.054 1 0
67 40 0.206 1 2
10 70 0.042 1 0
46 15 0.154 1 2
204 30 0.806 1 0
16 5 0.072 1 0
30 22 0.120 1 2
34 40 0.105 1 0
56 22 0.199 1 2
329 30 1.377 1 2
75 40 0.248 1 0
103 40 0.539 1 2
102 70 0.551 1 0
64 10 0.318 1 0
19 52 0.075 1 2
251 100 1.055 1 0
19 70 0.056 1 2
187 100 0.688 1 0
23 10 0.114 1 0
52 5 0.217 1 0
27 30 0.104 1 2
56 70 0.361 1 0
18 52 0.071 1 0
34 30 0.195 1 2
91 30 0.314 1 0
47 70 0.222 1 2
19 10 0.081 1 0
25 30 0.076 1 2
28 22 0.152 1 0
149 100 0.446 1 0
217 40 0.664 1 2
64 10 0.303 1 2
174 70 0.582 1 0
18 22 0.089 1 0
17 5 0.058 1 2
32 30 0.124 1 2
16 52 0.094 1 0
19 100 0.073 1 0
19 40 0.060 1 0
13 70 0.072 1 0
55 10 0.202 1 2
126 5 0.603 1 2
14 10 0.095 1 0
19 52 0.122 1 2
189 15 0.659 1 2
14 52 0.053 1 0
15 70 0.045 1 2
252 10 0.973 1 0
12 30 0.038 1 0
63 10 0.269 1 0
28 30 0.093 1 0
35 100 0.106 1 2
15 30 0.066 1 0
14 10 0.042 1 0
78 10 0.353 1 0
245 10 0.780 1 0
78 52 0.262 1 0
10 10 0.031 1 0
66 10 0.375 1 0
50 70 0.239 1 2
46 5 0.151 1 0
89 70 0.368 1 0
40 52 0.174 1 2
11 52 0.059 1 0
19 5 0.061 1 0
18 15 0.097 1 0
16 70 0.059 1 2
54 70 0.168 1 2
163 15 0.494 1 0
11 22 0.042 1 0
160 10 1.019 1 2
41 22 0.225 1 0
74 22 0.354 1 0
156 15 0.549 1 0
56 10 0.215 1 2
127 52 0.407 1 2
11 70 0.035 1 0
38 10 0.131 1 2
328 30 1.484 1 2
25 40 0.134 1 0
160 40 0.478 1 0
181 100 0.923 1 2
156 52 0.487 1 0
10 30 0.034 1 2
12 15 0.040 1 0
31 70 0.092 1 0
38 40 0.113 1 0
12 5 0.047 1 2
27 40 0.111 1 2
158 15 0.653 1 0
12 22 0.074 1 2
21 22 0.109 1 0
17 70 0.059 1 0
156 70 0.576 1 2
123 52 0.741 1 0
308 10 1.237 1 0
37 5 0.180 1 0
37 15 0.154 1 0
184 70 1.108 1 2
259 10 1.183 1 0
78 52 0.456 1 2
177 30 0.700 1 0
37 100 0.128 1 0
14 30 0.049 1 0
122 100 0.386 1 0
208 70 1.015 1 0
32 52 0.213 1 0
110 70 0.561 1 2
69 22 0.215 1 0
31 15 0.158 1 0
49 70 0.146 1 0
125 15 0.477 1 0
165 40 0.506 1 0
35 15 0.177 1 0
143 100 0.765 1 2
19 70 0.084 1 2
10 10 0.046 1 0
103 10 0.303 1 0
14 15 0.052 1 2
39 30 0.153 1 0
132 5 0.543 1 2
39 22 0.255 1 0
197 10 0.887 1 0
11 52 0.046 1 2
263 10 0.862 1 0
17 15 0.072 1 0
48 22 0.171 1 0
47 70 0.209 1 0
48 52 0.195 1 2
201 70 0.776 1 0
93 52 0.564 1 0
149 52 0.550 1 0
99 40 0.463 1 0
11 100 0.057 1 0
66 10 0.242 1 0
67 22 0.288 1 0
70 52 0.455 1 0
30 10 0.170 1 2
48 52 0.154 1 0
337 52 1.398 1 2
59 100 0.177 1 0
106 15 0.356 1 0
144 40 0.550 1 0
317 30 1.843 1 0
15 10 0.090 1 0
179 10 0.869 1 0
237 30 0.727 1 2
171 70 0.830 1 2
70 15 0.383 1 0
13 15 0.057 1 0
248 30 0.908 1 2
161 10 0.970 1 2
287 5 1.270 1 0
21 22 0.064 1 0
243 30 0.762 1 2
183 70 0.709 1 0
51 5 0.155 1 0
140 52 0.488 1 0
14 40 0.048 1 0
12 5 0.039 1 2
67 15 0.376 1 0
155 22 0.657 1 2
12 40 0.079 1 2
15 10 0.062 1 0
122 100 0.797 1 0
27 30 0.087 1 0
142 40 0.667 1 0
186 52 0.562 1 2
238 10 0.869 1 0
164 5 0.641 1 0
17 100 0.056 1 2
71 15 0.307 1 2
311 10 1.301 1 0
16 22 0.085 1 2
18 40 0.083 1 2
143 5 0.579 1 0
95 40 0.330 1 0
164 70 0.590 1 0
35 30 0.139 1 2
65 30 0.285 1 0
206 52 1.373 1 0
72 10 0.333 1 0
240 40 1.039 1 0
166 30 0.638 1 0
44 22 0.171 1 0
37 52 0.156 1 0
11 100 0.032 1 2
176 22 0.631 1 2
112 15 0.723 1 0
39 100 0.144 1 0
20 52 0.098 1 2
188 15 0.839 1 2
134 30 0.465 1 0
36 40 0.133 1 0
54 100 0.270 1 0
16 40 0.055 1 2
66 10 0.208 1 2
156 22 0.812 1 2
141 30 0.491 1 2
52 5 0.168 1 0
116 10 0.630 1 0
75 15 0.364 1 0
17 22 0.058 1 2
23 5 0.104 1 2
308 100 1.232 1 0
11 100 0.039 1 0
68 52 0.372 1 2
27 5 0.154 1 2
198 52 0.957 1 0
20 100 0.076 1 0
46 52 0.180 1 0
184 5 0.829 1 0
243 5 1.038 1 0
35 10 0.173 1 0
79 30 0.293 1 0
34 30 0.139 1 0
35 22 0.134 1 0
187 52 0.550 1 0
17 22 0.060 1 0
56 40 0.201 1 2
10 10 0.031 1 0
24 30 0.134 1 2
16 100 0.093 1 0
290 30 1.189 1 0
27 30 0.153 1 2
109 52 0.602 1 0
32 70 0.187 1 0
24 22 0.089 1 0
56 10 0.231 1 0
29 15 0.097 1 0
66 52 0.210 1 0
73 30 0.235 1 2
40 70 0.202 1 2
46 30 0.271 1 0
132 70 0.611 1 2
323 15 1.122 1 2
27 100 0.113 1 0
131 22 0.432 1 0
111 30 0.631 1 0
256 100 1.237 1 0
61 40 0.188 1 0
115 15 0.513 1 0
64 30 0.229 1 0
26 70 0.088 1 0
38 52 0.224 1 2
37 22 0.121 1 0
56 40 0.299 1 0
185 22 0.964 1 0
53 30 0.229 1 0
67 30 0.205 1 2
192 30 0.667 1 0
35 15 0.187 1 2
156 15 1.013 1 0
48 52 0.204 1 0
42 70 0.152 1 2
20 70 0.085 1 0
15 30 0.070 1 0
48 22 0.230 1 2
64 5 0.232 1 2
49 100 0.154 1 0
150 70 0.714 1 0
73 10 0.213 1 0
32 70 0.120 1 0
37 10 0.141 1 0
61 5 0.198 1 2
18 100 0.109 1 0
74 5 0.265 1 2
72 15 0.294 1 0
116 70 0.699 1 2
44 100 0.189 1 0
105 30 0.449 1 0
173 15 0.805 1 0
83 40 0.469 1 2
58 70 0.190 1 0
235 15 1.108 1 2
16 30 0.095 1 2
20 40 0.072 1 2
12 30 0.072 1 2
304 10 0.947 1 0
35 15 0.117 1 0
43 52 0.154 1 2
23 100 0.112 1 2
26 22 0.157 1 0
78 40 0.305 1 0
27 30 0.094 1 2
32 52 0.195 1 2
142 5 0.458 1 2
66 30 0.204 1 0
77 15 0.264 1 0
21 10 0.088 1 2
76 70 0.306 1 0
33 70 0.157 1 2
16 22 0.063 1 2
137 100 0.919 1 0
89 15 0.274 1 2
70 22 0.279 1 0
36 52 0.146 1 0
33 100 0.158 1 0
109 30 0.626 1 0
79 22 0.411 1 0
17 22 0.111 1 0
31 52 0.173 1 0
11 70 0.041 1 0
263 40 0.946 1 0
18 100 0.069 1 2
308 22 0.957 1 0
19 40 0.086 1 0
21 30 0.064 1 0
15 100 0.059 1 0
21 70 0.078 1 0
13 15 0.063 1 2
250 52 0.973 1 0
161 70 0.634 1 2
67 15 0.291 1 0
17 22 0.058 1 0
11 70 0.037 1 2
47 40 0.187 1 0
79 52 0.357 1 0
11 30 0.068 1 0
15 30 0.060 1 0
27 100 0.118 1 0
64 30 0.188 1 0
56 100 0.250 1 0
21 10 0.111 1 2
333 5 1.790 1 0
18 10 0.070 1 0
145 70 0.884 1 0
67 52 0.227 1 0
11 15 0.069 1 2
51 22 0.217 1 0
37 70 0.127 1 0
38 100 0.121 1 2
43 22 0.187 1 2
122 70 0.697 1 2
75 5 0.223 1 0
33 15 0.192 1 2
165 100 0.817 1 2
287 52 0.976 1 0
75 40 0.426 1 2
13 70 0.051 1 2
26 15 0.123 1 0
37 70 0.175 1 0
14 100 0.071 1 0
25 5 0.145 1 0
19 70 0.114 1 0
176 100 0.876 1 0
69 5 0.244 1 0
24 5 0.108 1 0
19 40 0.056 1 0
67 15 0.337 1 0
38 5 0.131 1 0
38 52 0.216 1 2
64 70 0.195 1 0
29 15 0.179 1 0
107 70 0.695 1 0
103 30 0.424 1 0
58 5 0.172 1 0
73 40 0.471 1 2
34 5 0.192 1 0
71 10 0.284 1 0
186 10 0.589 1 0
263 40 1.229 1 0
11 22 0.042 1 2
33 15 0.133 1 0
61 15 0.199 1 0
71 10 0.220 1 0
35 10 0.108 1 0
71 22 0.302 1 0
38 15 0.162 1 0
66 100 0.198 1 0
205 15 1.220 1 0
79 15 0.288 1 0
18 22 0.068 1 0
37 30 0.137 1 0
106 5 0.417 1 2
15 52 0.082 1 0
20 5 0.098 1 0
133 15 0.782 1 2
41 15 0.137 1 0
11 22 0.041 1 2
100 5 0.380 1 0
144 52 0.847 1 2
64 52 0.379 1 0
70 40 0.260 1 0
40 15 0.153 1 0
25 70 0.109 1 0
148 100 0.571 1 2
13 70 0.047 1 0
50 70 0.212 1 0
34 100 0.133 1 0
44 70 0.166 1 2
12 100 0.059 1 0
103 22 0.389 1 0
15 5 0.046 1 2
56 30 0.197 1 0
128 15 0.520 1 0
31 52 0.100 1 2
16 52 0.085 1 0
10 5 0.051 1 0
23 30 0.098 1 0
29 70 0.151 1 0
17 100 0.073 1 0
18 5 0.069 1 0
173 70 0.790 1 0
24 52 0.095 1 0
37 30 0.162 1 0
126 52 0.600 1 0
42 10 0.146 1 2
218 15 0.872 1 0
151 100 0.521 1 2
13 30 0.088 1 0
245 10 0.891 1 0
74 30 0.232 1 0
48 5 0.171 1 0
156 52 0.684 1 0
21 22 0.093 1 0
75 10 0.251 1 2
75 15 0.455 1 0
93 10 0.273 1 2
142 10 0.617 1 2
104 10 0.337 1 2
75 10 0.244 1 0
11 15 0.037 1 0
158 5 0.532 1 2
50 40 0.260 1 0
294 52 1.531 1 0
33 10 0.117 1 0
169 22 0.988 1 0
159 10 0.688 1 2
112 70 0.348 1 2
73 40 0.386 1 0
64 15 0.242 1 0
65 100 0.332 1 0
19 30 0.061 1 2
231 52 1.520 1 0
17 22 0.053 1 2
103 15 0.528 1 0
79 5 0.239 1 0
16 15 0.066 1 0
62 15 0.211 1 0
98 70 0.367 1 0
18 70 0.080 1 0
37 22 0.180 1 2
33 70 0.165 1 2
42 70 0.143 1 0
31 5 0.208 1 0
14 70 0.078 1 0
187 40 0.921 1 0
32 70 0.110 1 2
14 5 0.043 1 2
117 22 0.568 1 2
304 5 1.074 1 2
77 52 0.258 1 0
95 52 0.463 1 0
311 100 2.060 1 2
16 15 0.098 1 0
42 40 0.158 1 2
65 70 0.191 1 0
206 70 0.644 1 0
55 40 0.344 1 2
56 10 0.246 1 0
260 15 0.852 1 0
142 22 0.432 1 0
14 15 0.070 1 0
62 52 0.308 1 0
198 15 1.186 1 2
190 10 0.856 1 0
25 10 0.146 1 0
79 100 0.391 1 2
36 15 0.138 1 0
79 22 0.250 1 0
32 40 0.192 1 0
18 70 0.058 1 0
31 5 0.204 1 0
11 30 0.037 1 0
19 10 0.076 1 0
131 52 0.728 1 0
147 100 0.500 1 0
118 10 0.384 1 0
32 15 0.172 1 2
119 70 0.362 1 0
51 100 0.166 1 0
149 5 0.523 1 0
148 52 0.897 1 0
151 52 0.812 1 0
13 30 0.039 1 2
63 5 0.346 1 0
97 22 0.394 1 0
135 10 0.595 1 0
71 10 0.212 1 0
28 100 0.087 1 2
34 22 0.148 1 2
90 100 0.277 1 2
61 40 0.349 1 0
115 30 0.462 1 2
73 5 0.429 1 2
22 15 0.086 1 2
35 100 0.219 1 0
114 5 0.588 1 0
49 5 0.233 1 0
14 22 0.050 1 2
20 40 0.061 1 2
19 30 0.077 1 0
49 5 0.167 1 0
61 5 0.351 1 0
59 30 0.393 1 2
27 5 0.128 1 0
25 15 0.116 1 2
218 30 0.744 1 2
11 70 0.070 1 2
27 100 0.104 1 2
10 22 0.053 1 0
108 40 0.430 1 0
332 15 2.156 1 0
20 70 0.068 1 0
25 5 0.077 1 0
18 70 0.079 1 2
156 15 0.593 1 0
56 40 0.251 1 2
60 40 0.347 1 0
36 15 0.127 1 2
30 52 0.104 1 2
266 22 1.785 1 0
143 52 0.653 1 0
53 10 0.356 1 0
130 40 0.640 1 2
32 40 0.121 1 0
51 40 0.206 1 0
38 40 0.142 1 0
10 40 0.032 1 0
61 40 0.220 1 0
241 22 0.739 1 0
100 15 0.602 1 2
259 10 1.321 1 2
11 52 0.047 1 0
147 10 0.620 1 2
92 100 0.342 1 0
14 5 0.051 1 2
25 100 0.138 1 0
107 5 0.455 1 0
156 40 0.897 1 0
51 22 0.325 1 2
108 15 0.507 1 2
307 70 1.023 1 0
77 10 0.484 1 0
230 100 0.885 1 2
66 100 0.226 1 2
17 70 0.106 1 0
10 70 0.058 1 2
15 22 0.067 1 0
24 100 0.075 1 0
78 70 0.316 1 0
29 100 0.125 1 0
16 100 0.069 1 0
77 40 0.453 1 2
65 100 0.201 1 0
36 22 0.208 1 0
25 100 0.095 1 0
24 5 0.101 1 0
19 70 0.073 1 2
26 100 0.144 1 2
41 40 0.272 1 2
58 10 0.197 1 2
256 10 0.996 1 0
27 22 0.157 1 0
302 70 0.971 1 0
63 10 0.288 1 0
65 10 0.228 1 0
18 15 0.066 1 2
195 22 0.589 1 2
13 15 0.066 1 0
62 52 0.201 1 0
162 15 0.500 1 2
38 10 0.191 1 2
15 70 0.096 1 0
31 52 0.155 1 0
45 40 0.150 1 0
31 10 0.121 1 0
20 52 0.066 1 2
14 15 0.057 1 0
228 70 0.841 1 0
128 52 0.448 1 0
201 70 1.117 1 0
62 5 0.253 1 2
124 40 0.449 1 2
175 22 0.646 1 2
70 40 0.222 1 2
139 70 0.813 1 2
35 15 0.200 1 0
26 40 0.113 1 0
17 30 0.070 1 0
148 30 0.667 1 0
88 70 0.527 1 0
70 40 0.233 1 0
318 15 1.871 1 0
18 52 0.080 1 0
139 10 0.515 1 0
10 40 0.032 1 0
196 30 0.590 1 2
25 40 0.094 1 0
14 70 0.068 1 0
13 22 0.038 1 0
29 30 0.111 1 0
69 52 0.354 1 0
35 70 0.128 1 0
71 30 0.338 1 0
19 100 0.099 1 2
184 22 1.165 1 0
36 100 0.134 1 2
21 30 0.103 1 2
15 70 0.094 1 2
76 70 0.349 1 0
21 15 0.101 1 0
143 100 0.894 1 0
21 15 0.114 1 2
70 52 0.233 1 2
282 30 1.048 1 0
29 30 0.132 1 0
200 22 1.227 1 0
41 40 0.268 1 0
77 52 0.405 1 2
19 5 0.109 1 0
49 22 0.231 1 2
173 70 0.769 1 0
149 100 0.598 1 0
152 100 0.779 1 0
71 30 0.234 1 0
92 10 0.310 1 0
14 30 0.078 1 0
78 5 0.448 1 0
10 30 0.038 1 0
28 100 0.141 1 2
42 30 0.233 1 0
15 5 0.088 1 2
331 100 2.095 1 0
65 70 0.327 1 0
16 100 0.050 1 0
39 5 0.168 1 0
328 40 1.491 1 2
19 100 0.097 1 0
89 15 0.536 1 2
19 40 0.073 1 2
25 5 0.074 1 0
13 5 0.040 1 0
10 15 0.067 1 2
12 15 0.056 1 0
27 10 0.084 1 2
54 5 0.256 1 2
130 40 0.599 1 0
69 100 0.445 1 2
177 15 1.066 1 0
49 5 0.162 1 0
201 30 1.358 1 0
115 5 0.370 1 0
25 5 0.118 1 2
18 5 0.079 1 0
29 15 0.125 1 2
58 100 0.231 1 0
65 15 0.406 1 0
58 70 0.206 1 0
32 10 0.111 1 0
33 52 0.159 1 2
16 5 0.056 1 0
17 40 0.078 1 2
237 52 0.720 1 0
34 5 0.108 1 0
14 30 0.059 1 0
97 15 0.314 1 2
47 22 0.190 1 0
123 5 0.683 1 2
13 15 0.039 1 2
60 70 0.175 1 0
308 100 1.711 1 0
119 15 0.428 1 0
44 40 0.238 1 0
175 100 0.625 1 0
12 40 0.043 1 2
27 100 0.127 1 0
192 10 1.200 1 2
38 5 0.111 1 2
31 100 0.092 1 0
10 70 0.030 1 0
19 30 0.123 1 2
258 5 1.032 1 0
64 22 0.315 1 0
74 30 0.266 1 0
79 10 0.292 1 0
196 10 0.760 1 0
201 30 0.613 1 0
20 30 0.111 1 0
34 100 0.202 1 2
318 10 0.949 1 0
36 52 0.145 1 0
32 5 0.127 1 2
14 22 0.049 1 0
12 52 0.075 1 0
51 100 0.171 1 2
44 100 0.226 1 2
38 22 0.135 1 2
167 52 0.553 1 2
70 70 0.213 1 0
173 40 0.577 1 2
197 5 1.305 1 0
109 52 0.482 1 2
65 30 0.406 1 2
48 22 0.265 1 0
33 100 0.109 1 0
276 30 1.673 1 2
152 40 0.458 1 2
43 15 0.145 1 0
37 30 0.216 1 0
52 52 0.167 1 0
42 30 0.170 1 0
11 70 0.074 1 2
158 5 0.610 1 0
43 15 0.172 1 0
65 5 0.254 1 0
10 5 0.042 1 0
60 30 0.251 1 0
37 30 0.175 1 0
10 15 0.029 1 0
101 40 0.333 1 2
29 10 0.116 1 0
10 5 0.032 1 2
74 30 0.322 1 2
12 22 0.081 1 0
126 100 0.670 1 2
63 40 0.188 1 0
63 40 0.375 1 2
63 22 0.362 1 0
21 100 0.105 1 0
113 100 0.361 1 2
323 15 1.835 1 0
27 5 0.080 1 0
18 15 0.081 1 2
35 15 0.168 1 0
17 15 0.102 1 2
86 5 0.310 1 0
24 5 0.095 1 0
70 40 0.289 1 2
47 40 0.139 1 2
265 70 1.109 1 0
40 15 0.213 1 2
188 22 1.270 1 2
72 40 0.288 1 2
57 22 0.380 1 0
119 15 0.748 1 0
72 10 0.381 1 2
145 22 0.639 1 2
26 30 0.117 1 2
11 40 0.043 1 0
15 5 0.072 1 0
310 22 1.111 1 0
187 5 0.632 1 2
181 22 0.923 1 0
220 22 0.724 1 0
17 52 0.115 1 0
275 30 1.389 1 0
157 15 0.698 1 0
61 30 0.197 1 2
22 22 0.065 1 0
21 5 0.086 1 0
96 52 0.442 1 2
11 100 0.069 1 2
56 30 0.322 1 2
35 70 0.166 1 0
194 52 0.874 1 2
255 70 1.393 1 0
31 100 0.110 1 0
17 10 0.059 1 0
26 30 0.091 1 0
19 10 0.109 1 0
77 15 0.248 1 0
33 22 0.168 1 2
15 100 0.070 1 0
124 30 0.369 1 2
107 22 0.398 1 0
34 40 0.104 1 2
61 30 0.351 1 0
12 5 0.064 1 0
16 70 0.070 1 0
64 10 0.278 1 0
12 52 0.045 1 0
33 5 0.118 1 0
71 30 0.420 1 2
62 30 0.188 1 0
71 5 0.283 1 0
282 10 1.110 1 0
23 70 0.147 1 0
11 70 0.062 1 0
15 15 0.071 1 0
36 15 0.171 1 0
159 22 0.500 1 0
12 70 0.062 1 0
69 40 0.247 1 2
45 100 0.174 1 0
89 40 0.265 1 0
73 100 0.221 1 2
59 15 0.339 1 0
74 52 0.357 1 0
53 30 0.200 1 0
12 22 0.060 1 2
97 70 0.425 1 0
43 40 0.157 1 0
138 40 0.430 1 0
58 22 0.243 1 2
52 52 0.179 1 0
108 10 0.332 1 0
12 40 0.054 1 0
280 40 1.107 1 2
10 5 0.037 1 0
219 40 1.033 1 2
65 30 0.211 1 0
33 22 0.103 1 0
96 40 0.468 1 2
140 10 0.654 1 0
33 10 0.168 1 0
203 52 0.883 1 2
31 5 0.186 1 0
36 70 0.110 1 2
96 70 0.440 1 0
112 40 0.429 1 2
26 40 0.093 1 2
18 100 0.086 1 2
18 70 0.059 1 0
11 30 0.044 1 0
14 5 0.073 1 0
25 70 0.083 1 2
31 30 0.107 1 0
38 100 0.139 1 0
38 100 0.175 1 0
42 22 0.176 1 2
194 10 0.808 1 2
119 15 0.513 1 0
19 5 0.084 1 0
29 70 0.128 1 0
35 100 0.115 1 0
141 100 0.485 1 2
115 70 0.494 1 0
104 40 0.332 1 0
17 70 0.069 1 0
27 40 0.124 1 0
37 30 0.146 1 0
38 10 0.198 1 2
115 15 0.377 1 0
34 5 0.101 1 0
50 30 0.164 1 0
336 40 1.826 1 2
26 22 0.080 1 0
12 52 0.060 1 0
18 30 0.091 1 0
15 30 0.066 1 0
151 10 0.759 1 0
68 5 0.204 1 0
195 30 1.309 1 2
35 40 0.186 1 0
140 70 0.414 1 0
15 70 0.076 1 0
14 10 0.091 1 2
287 52 1.003 1 0
38 22 0.213 1 2
72 30 0.219 1 2
10 10 0.038 1 0
16 70 0.101 1 0
10 40 0.030 1 0
129 30 0.566 1 2
16 5 0.061 1 0
34 100 0.184 1 0
26 100 0.093 1 2
43 100 0.139 1 0
29 52 0.156 1 2
54 10 0.295 1 0
15 30 0.060 1 0
153 100 0.520 1 2
71 52 0.329 1 2
122 52 0.436 1 0
27 30 0.082 1 2
249 100 0.926 1 0
76 100 0.250 1 2
10 52 0.049 1 2
13 5 0.069 1 0
28 10 0.116 1 0
28 10 0.084 1 0
190 70 0.667 1 0
65 70 0.236 1 0
16 70 0.084 1 0
59 15 0.185 1 0
75 100 0.248 1 0
18 30 0.097 1 0
28 40 0.093 1 0
109 52 0.361 1 2
48 10 0.202 1 0
167 70 0.908 1 2
15 15 0.083 1 2
17 30 0.062 1 2
29 5 0.173 1 0
13 40 0.045 1 2
29 15 0.112 1 2
81 30 0.401 1 2
68 70 0.368 1 2
67 70 0.203 1 0
91 52 0.288 1 0
17 30 0.085 1 2
337 40 1.597 1 2
65 22 0.310 1 0
97 70 0.293 1 2
64 52 0.427 1 0
100 70 0.446 1 0
284 5 0.893 1 0
154 100 0.454 1 0
29 30 0.108 1 2
62 52 0.343 1 2
134 5 0.396 1 0
41 10 0.255 1 0
11 5 0.056 1 0
245 22 1.065 1 2
314 40 1.774 1 0
189 40 0.829 1 0
66 40 0.420 1 2
16 30 0.065 1 0
56 30 0.247 1 0
72 10 0.214 1 2
171 100 0.533 1 0
26 52 0.150 1 0
19 22 0.055 1 0
161 70 0.745 1 2
17 15 0.097 1 0
63 5 0.384 1 2
30 52 0.166 1 0
35 30 0.120 1 2
39 40 0.123 1 2
23 100 0.144 1 0
11 100 0.032 1 0
147 10 0.593 1 0
18 5 0.068 1 2
239 40 1.053 1 0
10 100 0.031 1 0
10 40 0.043 1 0
111 22 0.519 1 0
77 100 0.266 1 0
99 70 0.309 1 0
128 100 0.487 1 0
23 22 0.137 2 0
33 40 0.192 2 0
17 30 0.073 2 0
182 30 0.839 2 1
66 15 0.204 2 0
49 70 0.171 2 0
12 30 0.055 2 1
37 40 0.169 2 1
173 5 0.724 2 0
95 30 0.358 2 1
33 10 0.099 2 0
157 100 0.631 2 0
23 30 0.142 2 0
196 100 0.834 2 0
10 22 0.046 2 0
20 30 0.077 2 0
83 5 0.257 2 0
43 100 0.249 2 0
12 10 0.041 2 0
40 100 0.124 2 0
124 70 0.689 2 0
76 100 0.404 2 1
143 52 0.514 2 1
198 70 0.747 2 0
19 10 0.062 2 0
19 70 0.102 2 0
41 22 0.212 2 0
74 30 0.454 2 0
107 5 0.364 2 0
17 100 0.077 2 0
27 100 0.093 2 0
122 100 0.395 2 0
125 70 0.581 2 1
13 5 0.069 2 0
46 22 0.199 2 0
128 15 0.571 2 0
68 15 0.312 2 1
67 30 0.306 2 0
60 10 0.279 2 1
152 40 0.707 2 0
11 5 0.034 2 1
235 10 0.851 2 0
160 15 0.755 2 0
39 22 0.209 2 0
58 5 0.249 2 1
131 40 0.642 2 0
34 15 0.113 2 1
38 30 0.118 2 0
46 5 0.186 2 1
21 10 0.080 2 1
20 5 0.085 2 0
168 52 0.545 2 0
44 15 0.282 2 0
58 5 0.238 2 0
178 30 0.664 2 1
76 5 0.333 2 1
103 100 0.379 2 0
96 100 0.571 2 1
125 15 0.428 2 0
67 40 0.202 2 0
36 40 0.173 2 0
39 100 0.134 2 1
22 22 0.128 2 0
138 22 0.438 2 0
71 40 0.394 2 1
70 10 0.220 2 1
16 30 0.065 2 0
112 15 0.709 2 0
77 5 0.325 2 0
150 70 0.698 2 0
42 15 0.167 2 0
185 30 0.580 2 0
151 30 0.597 2 1
168 70 1.063 2 0
18 52 0.065 2 0
200 70 1.053 2 0
41 40 0.184 2 0
37 100 0.136 2 0
208 100 0.754 2 1
23 40 0.146 2 0
192 100 1.178 2 1
42 52 0.228 2 0
57 15 0.306 2 0
54 22 0.316 2 0
35 22 0.205 2 0
14 5 0.058 2 1
173 22 0.721 2 0
288 100 1.327 2 0
193 70 1.078 2 0
62 52 0.291 2 0
177 52 0.831 2 1
19 5 0.064 2 0
201 22 0.677 2 0
88 40 0.413 2 0
59 10 0.176 2 0
153 100 0.905 2 1
19 22 0.092 2 0
14 100 0.052 2 1
17 100 0.071 2 1
210 100 0.991 2 0
207 52 0.611 2 0
100 40 0.538 2 0
78 22 0.250 2 0
68 30 0.211 2 0
291 15 1.785 2 0
14 52 0.045 2 0
19 30 0.070 2 0
97 15 0.478 2 1
153 15 0.939 2 1
11 22 0.051 2 0
11 70 0.049 2 1
73 70 0.315 2 0
108 100 0.344 2 0
26 40 0.160 2 1
14 5 0.086 2 0
217 5 1.356 2 0
13 22 0.039 2 0
136 40 0.610 2 0
329 5 1.251 2 0
39 52 0.167 2 1
257 5 0.874 2 1
189 70 0.791 2 0
13 5 0.050 2 0
205 40 0.745 2 0
188 70 0.582 2 0
56 5 0.256 2 0
11 40 0.064 2 0
16 30 0.076 2 0
10 100 0.041 2 0
61 10 0.219 2 0
188 15 0.839 2 0
236 52 1.157 2 0
24 100 0.071 2 0
35 70 0.126 2 0
101 100 0.546 2 1
122 5 0.375 2 1
26 100 0.097 2 0
120 40 0.496 2 1
13 10 0.042 2 0
328 40 0.991 2 0
88 22 0.367 2 0
30 22 0.109 2 0
208 22 0.682 2 0
32 100 0.134 2 0
38 52 0.158 2 0
93 10 0.275 2 0
151 15 0.830 2 0
15 100 0.075 2 0
57 52 0.354 2 0
249 22 1.016 2 0
36 40 0.107 2 0
74 40 0.261 2 0
16 40 0.065 2 0
11 30 0.056 2 0
189 52 0.641 2 1
11 15 0.065 2 1
66 22 0.340 2 0
198 15 0.742 2 0
181 52 1.077 2 0
24 10 0.105 2 0
21 40 0.067 2 0
178 40 0.873 2 1
112 40 0.521 2 0
13 100 0.043 2 0
61 52 0.260 2 0
18 15 0.056 2 1
218 15 0.768 2 0
61 22 0.237 2 1
17 10 0.053 2 0
35 52 0.196 2 0
322 52 0.982 2 0
20 22 0.120 2 0
289 40 1.129 2 0
13 52 0.075 2 0
140 70 0.686 2 0
43 10 0.160 2 0
16 70 0.068 2 1
83 22 0.253 2 1
253 52 0.776 2 1
299 10 1.709 2 0
99 5 0.325 2 0
134 15 0.511 2 1
25 15 0.150 2 0
137 100 0.761 2 1
175 70 0.814 2 0
55 52 0.204 2 0
41 70 0.201 2 0
130 10 0.491 2 0
11 100 0.048 2 0
106 52 0.642 2 1
108 40 0.614 2 0
19 30 0.120 2 0
194 40 0.664 2 0
16 70 0.067 2 1
16 10 0.092 2 1
133 100 0.528 2 0
16 70 0.057 2 1
51 70 0.198 2 1
32 5 0.213 2 0
334 10 1.012 2 0
184 15 0.573 2 0
160 30 0.865 2 0
16 5 0.056 2 0
127 5 0.718 2 0
42 70 0.271 2 0
12 70 0.062 2 1
74 100 0.363 2 1
23 5 0.121 2 0
132 40 0.626 2 0
13 15 0.048 2 0
151 15 0.858 2 0
52 5 0.167 2 0
18 10 0.057 2 0
126 100 0.408 2 1
24 10 0.155 2 0
149 15 0.509 2 1
149 15 0.441 2 1
164 30 1.031 2 1
14 10 0.043 2 1
15 100 0.095 2 1
52 100 0.283 2 0
18 5 0.064 2 1
64 22 0.239 2 1
29 52 0.097 2 0
14 52 0.044 2 1
27 15 0.134 2 1
61 15 0.184 2 0
144 70 0.583 2 0
26 70 0.081 2 0
80 40 0.295 2 1
58 52 0.185 2 0
24 52 0.076 2 0
11 52 0.037 2 0
16 22 0.090 2 0
264 52 1.404 2 0
68 70 0.433 2 0
54 40 0.257 2 1
39 10 0.170 2 1
99 70 0.503 2 0
235 10 0.833 2 0
194 52 1.276 2 0
21 22 0.064 2 0
24 22 0.123 2 0
14 30 0.089 2 0
28 52 0.188 2 0
132 10 0.462 2 0
20 5 0.066 2 1
121 52 0.801 2 0
12 52 0.050 2 1
18 15 0.113 2 1
51 100 0.196 2 0
171 22 0.506 2 0
26 5 0.094 2 1
52 40 0.236 2 0
313 40 1.349 2 0
43 30 0.165 2 0
29 40 0.190 2 0
119 30 0.488 2 0
38 100 0.146 2 0
163 10 0.836 2 0
80 15 0.277 2 0
14 15 0.059 2 0
96 10 0.322 2 0
10 52 0.066 2 0
19 40 0.066 2 0
53 22 0.196 2 0
22 5 0.070 2 0
11 22 0.056 2 0
19 70 0.057 2 0
73 22 0.225 2 0
129 5 0.390 2 0
152 40 0.524 2 0
110 52 0.464 2 0
279 52 1.431 2 0
71 100 0.276 2 0
24 15 0.154 2 1
63 70 0.254 2 1
52 30 0.184 2 0
42 52 0.140 2 0
156 22 0.605 2 1
49 40 0.178 2 0
104 100 0.378 2 0
19 5 0.078 2 0
57 100 0.184 2 0
25 15 0.079 2 1
76 10 0.472 2 0
28 70 0.182 2 0
144 52 0.472 2 1
26 10 0.093 2 0
128 100 0.388 2 1
142 15 0.871 2 0
37 5 0.140 2 1
12 100 0.072 2 0
289 5 1.290 2 1
71 100 0.234 2 0
20 15 0.074 2 1
13 40 0.041 2 0
29 40 0.107 2 1
152 70 0.788 2 1
24 30 0.082 2 1
15 40 0.047 2 0
29 15 0.108 2 1
75 70 0.237 2 0
139 100 0.419 2 0
49 5 0.246 2 0
18 10 0.085 2 0
30 100 0.152 2 1
41 30 0.198 2 0
26 70 0.094 2 1
65 40 0.206 2 1
28 30 0.087 2 0
94 10 0.292 2 0
76 22 0.463 2 0
32 52 0.109 2 0
20 100 0.074 2 0
73 5 0.406 2 0
72 10 0.367 2 1
58 15 0.196 2 0
240 5 0.828 2 0
67 30 0.251 2 0
254 40 0.809 2 0
13 30 0.060 2 0
22 30 0.083 2 0
26 100 0.089 2 0
28 40 0.082 2 0
196 10 0.899 2 0
173 10 0.611 2 1
39 22 0.124 2 0
12 5 0.042 2 0
52 52 0.188 2 0
56 100 0.311 2 0
92 30 0.447 2 0
22 5 0.115 2 0
141 70 0.518 2 1
67 40 0.404 2 0
90 40 0.523 2 0
39 70 0.222 2 0
189 100 0.551 2 0
165 5 0.550 2 0
37 5 0.162 2 1
85 10 0.360 2 0
10 15 0.037 2 0
29 52 0.096 2 0
17 52 0.089 2 0
81 10 0.315 2 1
78 52 0.373 2 0
192 10 0.589 2 0
268 10 0.781 2 1
38 15 0.143 2 1
196 22 0.607 2 0
172 100 0.623 2 0
93 70 0.391 2 1
111 22 0.745 2 0
12 10 0.039 2 0
130 10 0.500 2 0
194 100 0.829 2 0
39 52 0.245 2 0
12 22 0.043 2 1
17 22 0.079 2 0
58 100 0.251 2 1
38 5 0.147 2 0
58 70 0.228 2 0
16 22 0.082 2 0
64 5 0.405 2 0
304 52 1.052 2 1
183 22 1.000 2 0
40 100 0.187 2 0
50 100 0.155 2 0
28 30 0.116 2 1
237 100 0.971 2 0
78 30 0.248 2 0
46 100 0.297 2 0
71 70 0.284 2 1
32 22 0.108 2 0
67 15 0.209 2 0
42 70 0.190 2 0
18 70 0.054 2 0
37 40 0.142 2 0
66 15 0.226 2 0
31 15 0.093 2 1
32 5 0.101 2 0
198 15 1.338 2 1
56 30 0.255 2 0
147 5 0.502 2 1
36 100 0.146 2 1
64 5 0.335 2 1
141 30 0.668 2 0
11 52 0.035 2 0
48 15 0.157 2 0
34 70 0.112 2 1
136 15 0.489 2 0
16 15 0.052 2 0
261 10 1.016 2 0
18 10 0.053 2 0
178 22 1.113 2 0
15 5 0.052 2 1
185 70 0.830 2 0
39 40 0.172 2 0
76 100 0.418 2 0
32 70 0.100 2 1
294 40 1.642 2 1
21 70 0.062 2 0
15 22 0.061 2 0
69 70 0.319 2 1
52 22 0.191 2 0
137 15 0.662 2 0
40 22 0.261 2 1
31 10 0.142 2 0
139 22 0.760 2 1
12 30 0.036 2 0
43 70 0.170 2 0
175 10 0.545 2 0
39 30 0.134 2 1
32 70 0.107 2 0
32 70 0.175 2 0
25 30 0.108 2 1
117 52 0.435 2 0
31 70 0.107 2 0
57 22 0.231 2 1
73 10 0.348 2 1
12 52 0.044 2 1
77 100 0.376 2 0
11 40 0.040 2 1
116 30 0.416 2 0
77 40 0.287 2 0
51 10 0.210 2 1
101 10 0.407 2 0
29 30 0.090 2 1
62 70 0.221 2 0
55 70 0.222 2 1
191 30 0.599 2 0
27 15 0.103 2 1
55 52 0.215 2 0
190 5 0.586 2 1
10 5 0.053 2 0
75 70 0.249 2 0
42 40 0.276 2 0
67 22 0.441 2 0
202 10 0.594 2 0
36 70 0.141 2 0
61 5 0.191 2 0
170 40 1.037 2 0
80 70 0.417 2 1
35 10 0.155 2 0
166 10 0.731 2 0
71 100 0.276 2 1
46 30 0.144 2 0
304 22 1.407 2 1
50 52 0.199 2 1
234 10 0.760 2 0
150 15 0.562 2 1
65 70 0.249 2 0
11 70 0.043 2 1
13 100 0.084 2 0
173 15 0.869 2 1
32 70 0.098 2 0
40 10 0.179 2 0
18 10 0.056 2 0
314 5 1.110 2 0
115 22 0.406 2 0
305 10 1.406 2 0
86 52 0.512 2 0
43 22 0.190 2 0
50 15 0.163 2 1
17 30 0.052 2 0
24 15 0.162 2 0
15 30 0.049 2 0
198 100 1.059 2 0
115 5 0.676 2 1
164 5 0.516 2 1
119 5 0.356 2 0
86 30 0.330 2 1
81 5 0.284 2 0
21 30 0.115 2 1
119 10 0.442 2 1
31 15 0.188 2 0
172 15 0.966 2 1
76 70 0.296 2 1
227 10 0.857 2 0
48 22 0.264 2 0
17 22 0.052 2 0
168 30 0.604 2 1
128 52 0.379 2 1
261 40 1.286 2 0
58 100 0.209 2 1
56 10 0.230 2 0
92 52 0.281 2 1
321 15 1.866 2 0
70 30 0.361 2 0
18 30 0.087 2 0
73 40 0.287 2 0
64 22 0.337 2 0
76 52 0.369 2 0
79 10 0.311 2 1
59 22 0.381 2 0
176 15 0.682 2 0
20 52 0.102 2 0
221 40 0.720 2 0
16 5 0.063 2 1
128 5 0.434 2 1
48 5 0.146 2 0
51 22 0.295 2 1
284 100 1.114 2 0
117 70 0.424 2 0
52 70 0.217 2 0
28 70 0.087 2 1
54 22 0.196 2 0
35 70 0.145 2 0
87 100 0.348 2 1
61 10 0.190 2 1
17 100 0.056 2 0
39 22 0.244 2 0
241 40 0.724 2 1
102 100 0.596 2 1
77 10 0.464 2 1
15 52 0.082 2 0
295 40 0.919 2 0
33 70 0.144 2 0
18 52 0.056 2 0
40 70 0.215 2 0
32 40 0.182 2 0
33 30 0.129 2 0
35 100 0.227 2 1
171 22 0.658 2 0
302 5 1.233 2 1
302 100 1.269 2 0
92 52 0.275 2 0
10 22 0.040 2 0
49 52 0.261 2 0
186 100 0.620 2 0
199 100 0.696 2 1
154 40 0.484 2 1
135 15 0.394 2 1
25 22 0.126 2 0
267 70 1.278 2 0
26 10 0.114 2 0
19 40 0.057 2 0
45 30 0.177 2 0
10 70 0.056 2 1
63 22 0.394 2 0
194 30 0.985 2 0
278 10 1.269 2 1
27 52 0.126 2 0
125 70 0.448 2 0
61 5 0.178 2 1
55 10 0.259 2 0
13 5 0.053 2 0
56 52 0.262 2 0
121 40 0.540 2 1
333 5 1.291 2 1
25 40 0.088 2 1
263 10 0.992 2 0
42 5 0.173 2 0
19 15 0.056 2 0
17 100 0.055 2 0
141 70 0.731 2 0
35 70 0.106 2 1
11 100 0.052 2 1
39 15 0.140 2 0
40 40 0.140 2 0
27 22 0.163 2 0
68 52 0.256 2 1
14 30 0.042 2 0
14 10 0.091 2 1
35 30 0.145 2 0
107 5 0.611 2 0
329 100 1.545 2 0
211 40 0.664 2 0
133 40 0.485 2 0
73 10 0.235 2 1
77 22 0.303 2 0
19 10 0.061 2 1
234 5 0.967 2 0
35 52 0.127 2 0
12 70 0.044 2 1
31 40 0.098 2 1
139 22 0.424 2 0
22 15 0.071 2 1
81 10 0.287 2 0
74 22 0.394 2 0
18 30 0.064 2 0
59 15 0.286 2 0
299 30 1.518 2 0
178 52 1.060 2 0
12 30 0.038 2 0
17 70 0.061 2 1
27 100 0.081 2 0
154 70 0.487 2 1
164 5 0.756 2 0
14 15 0.044 2 1
12 70 0.040 2 1
31 10 0.203 2 1
64 10 0.218 2 0
29 22 0.153 2 0
49 22 0.216 2 1
230 30 1.484 2 0
10 15 0.032 2 0
53 10 0.165 2 0
23 15 0.114 2 0
42 40 0.143 2 0
14 5 0.061 2 1
328 30 1.344 2 0
29 52 0.159 2 0
33 30 0.131 2 0
139 15 0.635 2 1
26 30 0.113 2 0
194 52 0.581 2 1
20 100 0.064 2 1
13 22 0.053 2 0
10 52 0.031 2 1
65 52 0.411 2 1
124 30 0.678 2 0
12 40 0.063 2 0
19 52 0.108 2 0
280 5 0.949 2 0
14 40 0.066 2 0
172 70 0.768 2 1
67 22 0.237 2 1
39 22 0.234 2 0
161 15 0.826 2 1
128 70 0.621 2 0
90 30 0.402 2 0
56 22 0.169 2 1
15 52 0.053 2 0
301 15 0.962 2 1
27 10 0.116 2 0
30 100 0.105 2 1
33 40 0.162 2 1
61 15 0.240 2 0
13 10 0.045 2 1
198 30 0.938 2 0
20 100 0.084 2 0
13 30 0.058 2 0
335 70 1.088 2 0
181 30 0.661 2 0
17 15 0.103 2 1
36 40 0.176 2 0
33 10 0.117 2 1
27 22 0.110 2 0
76 5 0.287 2 1
76 30 0.237 2 1
13 100 0.059 2 0
10 5 0.036 2 0
16 100 0.052 2 1
35 70 0.208 2 0
70 22 0.432 2 1
22 70 0.141 2 0
117 70 0.470 2 0
262 10 1.679 2 1
37 30 0.140 2 0
162 70 0.936 2 0
46 40 0.311 2 1
11 5 0.044 2 1
25 52 0.134 2 0
78 100 0.520 2 0
38 15 0.126 2 0
19 10 0.080 2 1
51 15 0.246 2 0
62 40 0.201 2 0
14 5 0.042 2 1
23 30 0.091 2 0
11 40 0.035 2 0
27 10 0.105 2 0
33 15 0.149 2 0
152 40 0.456 2 0
18 30 0.096 2 1
32 10 0.097 2 0
72 15 0.286 2 0
49 5 0.163 2 0
33 100 0.176 2 1
75 30 0.220 2 0
34 70 0.115 2 0
30 10 0.141 2 0
36 52 0.155 2 0
78 100 0.316 2 0
167 10 0.687 2 1
100 10 0.535 2 0
12 5 0.054 2 0
68 10 0.210 2 0
43 100 0.126 2 0
26 15 0.166 2 0
23 15 0.074 2 0
127 52 0.617 2 0
24 52 0.153 2 0
13 70 0.082 2 0
16 10 0.066 2 0
324 30 1.218 2 1
32 52 0.213 2 0
47 40 0.140 2 0
26 100 0.112 2 0
12 52 0.048 2 1
216 10 1.421 2 1
43 10 0.146 2 0
56 100 0.192 2 0
189 40 0.692 2 0
76 30 0.308 2 0
220 22 0.753 2 1
99 100 0.623 2 1
186 52 1.069 2 0
69 30 0.296 2 0
185 10 0.714 2 0
12 40 0.060 2 0
102 70 0.443 2 1
16 22 0.081 2 0
34 10 0.167 2 0
50 10 0.189 2 1
72 22 0.353 2 1
30 22 0.104 2 0
170 22 1.049 2 0
17 40 0.052 2 0
186 100 1.208 2 0
168 70 0.709 2 0
149 10 0.914 2 0
159 70 0.498 2 0
72 15 0.281 2 0
43 40 0.287 2 0
187 30 0.670 2 0
42 22 0.126 2 1
101 10 0.396 2 1
157 40 0.849 2 0
35 30 0.124 2 1
23 22 0.097 2 0
31 100 0.101 2 1
98 5 0.538 2 1
43 70 0.129 2 1
21 100 0.066 2 0
18 52 0.077 2 0
76 15 0.265 2 0
141 70 0.472 2 0
17 5 0.064 2 0
66 100 0.202 2 1
81 40 0.248 2 1
62 40 0.201 2 0
65 40 0.274 2 1
36 100 0.123 2 1
80 15 0.349 2 0
56 100 0.230 2 1
24 100 0.085 2 0
62 40 0.251 2 1
181 40 1.077 2 1
191 40 0.707 2 0
21 70 0.099 2 0
16 70 0.089 2 0
14 100 0.049 2 1
17 22 0.082 2 1
90 10 0.417 2 0
71 70 0.397 2 1
86 40 0.333 2 0
147 52 0.902 2 0
42 30 0.153 2 0
19 30 0.087 2 1
22 52 0.107 2 0
56 40 0.378 2 1
12 22 0.060 2 0
33 22 0.150 2 0
66 40 0.239 2 0
72 22 0.300 2 0
252 100 1.326 2 1
278 15 1.183 2 0
113 40 0.577 2 0
15 40 0.045 2 1
60 70 0.373 2 1
96 40 0.495 2 1
108 70 0.380 2 1
11 30 0.034 2 1
13 52 0.053 2 1
12 10 0.066 2 1
45 52 0.174 2 0
77 70 0.238 2 0
15 70 0.049 2 0
90 10 0.559 2 0
31 10 0.155 2 0
30 52 0.154 2 0
26 5 0.098 2 0
61 22 0.251 2 1
22 70 0.109 2 1
189 52 0.801 2 0
23 100 0.090 2 1
286 30 1.733 2 0
330 30 1.119 2 0
21 22 0.077 2 1
50 22 0.158 2 1
41 22 0.180 2 0
13 30 0.058 2 0
16 22 0.065 2 0
10 40 0.053 2 0
224 40 0.907 2 0
192 10 1.091 2 0
194 30 0.858 2 1
71 10 0.232 2 1
25 40 0.112 2 0
15 15 0.065 2 1
69 30 0.285 2 0
288 100 1.011 2 1
53 22 0.206 2 0
119 40 0.458 2 0
64 100 0.218 2 0
43 70 0.151 2 0
12 10 0.037 2 0
12 100 0.038 2 0
20 40 0.088 2 0
306 100 0.927 2 1
56 15 0.185 2 0
79 30 0.473 2 0
56 100 0.211 2 1
17 52 0.094 2 1
69 70 0.297 2 1
15 15 0.064 2 1
103 70 0.348 2 0
12 10 0.039 2 1
177 100 0.634 2 0
40 70 0.156 2 1
48 70 0.254 2 0
12 40 0.047 2 1
187 22 0.776 2 0
78 70 0.263 2 1
27 40 0.104 2 1
45 52 0.269 2 1
90 52 0.393 2 1
161 22 0.612 2 0
14 70 0.047 2 1
181 30 0.611 2 1
21 70 0.080 2 0
26 10 0.089 2 0
58 5 0.208 2 1
328 40 0.985 2 0
67 22 0.198 2 1
53 15 0.233 2 0
38 40 0.157 2 0
93 52 0.435 2 0
66 22 0.247 2 0
16 15 0.060 2 0
66 22 0.373 2 0
10 30 0.037 2 0
154 40 0.726 2 1
53 10 0.161 2 0
77 5 0.267 2 0
57 40 0.229 2 0
13 40 0.049 2 1
19 10 0.087 2 1
10 5 0.033 2 0
24 5 0.106 2 0
54 5 0.197 2 0
184 40 0.856 2 1
12 22 0.054 2 0
10 40 0.060 2 0
33 30 0.108 2 0
26 10 0.171 2 0
54 15 0.167 2 0
39 100 0.139 2 0
31 5 0.166 2 0
110 22 0.651 2 0
12 70 0.052 2 0
118 22 0.590 2 1
52 22 0.310 2 1
98 22 0.305 2 0
12 30 0.047 2 0
25 15 0.130 2 0
184 5 1.187 2 0
22 5 0.078 2 1
120 10 0.373 2 1
68 70 0.221 2 0
14 10 0.079 2 1
146 40 0.463 2 0
15 22 0.079 2 1
89 100 0.524 2 0
113 40 0.628 2 1
35 40 0.153 2 0
10 5 0.030 2 1
16 22 0.098 2 0
17 10 0.065 2 0
201 22 0.870 2 0
156 52 0.460 2 0
25 40 0.112 2 1
16 70 0.082 2 0
79 52 0.403 2 0
14 10 0.043 2 1
118 52 0.408 2 0
11 30 0.073 2 0
100 100 0.306 2 0
39 10 0.121 2 0
30 15 0.091 2 0
33 22 0.198 2 0
158 100 0.669 2 0
32 22 0.094 2 1
37 10 0.202 2 1
29 10 0.127 2 0
19 100 0.075 2 0
43 5 0.253 2 0
238 30 1.167 2 1
107 22 0.457 2 1
22 70 0.085 2 0
17 40 0.052 2 1
17 10 0.094 2 1
10 10 0.045 2 0
21 70 0.140 2 0
14 5 0.084 2 0
12 5 0.037 2 1
95 30 0.565 2 0
13 70 0.044 2 0
252 10 1.212 2 0
278 10 0.939 2 0
30 70 0.099 2 1
272 52 1.295 2 0
74 30 0.231 2 0
159 52 0.679 2 0
32 100 0.174 2 0
101 30 0.443 2 0
177 10 0.555 2 1
18 30 0.083 2 1
24 10 0.099 2 0
79 10 0.296 2 0
22 70 0.076 2 0
38 15 0.237 2 0
160 10 0.606 2 1
21 30 0.087 2 0
18 40 0.103 2 0
11 22 0.049 2 0
14 15 0.065 2 0
77 15 0.249 2 1
12 10 0.081 2 1
94 40 0.522 2 0
72 5 0.364 2 0
39 52 0.258 2 0
180 5 0.700 2 0
23 70 0.141 2 0
55 15 0.279 2 1
50 10 0.207 2 0
14 100 0.066 2 1
177 30 0.808 2 0
49 52 0.158 2 1
54 10 0.168 2 0
207 70 1.119 2 1
66 10 0.327 2 0
49 100 0.162 2 0
15 52 0.044 2 1
263 100 0.785 2 0
180 30 1.029 2 0
34 15 0.112 2 0
15 70 0.059 2 0
14 22 0.047 2 1
10 22 0.036 2 0
25 40 0.157 2 0
181 70 1.124 2 1
10 5 0.042 2 0
10 52 0.041 2 0
98 100 0.400 2 0
68 40 0.245 2 0
10 10 0.048 2 0
32 30 0.105 2 0
319 30 1.139 2 0
51 30 0.280 2 0
18 52 0.068 2 0
228 22 1.382 2 0
197 22 0.585 2 1
69 70 0.379 2 0
