159 30 0.545 0 1
10 100 0.039 0 1
171 52 0.615 0 2
19 15 0.068 0 2
51 10 0.224 0 1
16 5 0.063 0 1
101 52 0.479 0 2
35 22 0.211 0 2
16 52 0.068 0 2
254 15 1.451 0 1
77 40 0.280 0 1
51 52 0.323 0 1
21 15 0.128 0 1
58 22 0.212 0 2
10 70 0.029 0 1
16 22 0.048 0 2
16 10 0.049 0 2
184 22 0.844 0 1
11 22 0.035 0 1
164 30 1.093 0 2
10 100 0.040 0 1
158 30 0.667 0 1
57 10 0.196 0 1
106 30 0.502 0 2
19 30 0.064 0 1
20 100 0.129 0 2
29 40 0.137 0 1
72 70 0.346 0 2
82 52 0.246 0 1
150 70 0.877 0 2
37 5 0.115 0 1
31 70 0.156 0 1
89 15 0.396 0 1
212 70 0.898 0 2
12 100 0.050 0 2
27 10 0.144 0 2
67 22 0.268 0 2
31 70 0.100 0 1
192 22 1.223 0 2
54 70 0.284 0 2
66 40 0.265 0 1
54 40 0.267 0 2
210 15 1.082 0 1
110 10 0.329 0 2
169 5 0.765 0 2
111 5 0.457 0 1
216 22 1.394 0 1
251 5 1.041 0 2
11 15 0.041 0 1
240 30 0.996 0 2
38 15 0.211 0 2
64 15 0.288 0 2
32 5 0.112 0 2
11 15 0.045 0 2
52 30 0.251 0 2
68 52 0.227 0 2
22 5 0.066 0 1
31 22 0.098 0 2
70 40 0.347 0 1
19 22 0.079 0 1
13 22 0.038 0 2
12 15 0.036 0 2
13 5 0.082 0 2
109 22 0.385 0 2
131 70 0.415 0 2
51 5 0.169 0 1
16 15 0.051 0 2
20 22 0.093 0 2
33 10 0.100 0 1
25 5 0.085 0 1
11 70 0.067 0 2
137 100 0.481 0 1
12 52 0.050 0 2
174 30 0.662 0 2
15 10 0.075 0 2
41 22 0.253 0 2
14 30 0.084 0 2
28 5 0.185 0 2
168 10 0.994 0 1
26 22 0.163 0 2
303 5 1.894 0 2
59 10 0.247 0 2
303 22 1.268 0 1
19 22 0.077 0 2
29 100 0.088 0 1
25 15 0.088 0 1
257 10 1.008 0 2
321 15 1.099 0 2
64 40 0.393 0 1
169 10 0.722 0 2
17 15 0.076 0 1
99 70 0.310 0 1
17 10 0.050 0 1
251 40 1.157 0 2
159 100 0.600 0 2
77 52 0.377 0 1
21 40 0.073 0 2
30 100 0.103 0 2
46 100 0.145 0 2
62 100 0.185 0 2
293 30 1.024 0 2
39 70 0.207 0 1
112 30 0.455 0 1
27 30 0.092 0 2
36 70 0.167 0 1
78 15 0.329 0 2
112 40 0.385 0 2
191 100 1.085 0 2
157 70 0.913 0 2
35 100 0.140 0 1
61 52 0.255 0 2
31 40 0.197 0 2
10 100 0.034 0 1
23 15 0.099 0 2
172 52 0.654 0 2
17 100 0.112 0 2
18 30 0.064 0 1
19 70 0.088 0 1
74 52 0.363 0 2
332 15 1.694 0 1
188 52 0.790 0 2
33 5 0.102 0 2
67 40 0.200 0 1
59 100 0.244 0 1
134 15 0.494 0 2
27 40 0.091 0 1
28 15 0.121 0 2
65 100 0.277 0 1
118 10 0.344 0 2
17 70 0.056 0 1
28 22 0.143 0 2
42 5 0.215 0 2
30 30 0.097 0 2
30 10 0.185 0 2
15 100 0.085 0 2
37 5 0.130 0 1
15 15 0.050 0 1
67 22 0.227 0 2
11 15 0.041 0 2
12 15 0.063 0 1
29 10 0.109 0 2
70 40 0.324 0 2
19 15 0.064 0 2
66 52 0.388 0 2
28 15 0.106 0 2
158 10 0.539 0 1
75 10 0.221 0 1
73 10 0.262 0 2
47 5 0.160 0 2
10 15 0.031 0 2
12 40 0.051 0 2
211 10 0.690 0 1
80 10 0.241 0 2
95 70 0.543 0 1
66 22 0.245 0 1
38 15 0.151 0 2
19 70 0.058 0 2
70 10 0.241 0 2
32 30 0.198 0 2
69 10 0.397 0 1
100 100 0.364 0 1
182 70 0.572 0 1
37 70 0.111 0 1
30 30 0.183 0 1
57 70 0.199 0 1
15 70 0.090 0 1
11 40 0.036 0 2
60 100 0.203 0 2
64 22 0.410 0 1
20 30 0.084 0 2
32 52 0.095 0 2
77 30 0.330 0 1
11 52 0.051 0 1
10 30 0.056 0 2
73 70 0.299 0 2
178 52 0.610 0 2
51 10 0.236 0 2
298 100 1.237 0 2
138 40 0.535 0 1
27 70 0.143 0 2
184 52 0.568 0 1
53 52 0.244 0 1
36 70 0.234 0 1
34 40 0.124 0 1
203 30 1.109 0 2
14 40 0.041 0 2
47 52 0.144 0 1
37 10 0.116 0 1
41 30 0.165 0 1
328 22 1.682 0 1
11 10 0.064 0 1
10 100 0.053 0 1
54 70 0.362 0 2
39 22 0.169 0 2
16 22 0.065 0 1
34 10 0.129 0 2
31 40 0.095 0 2
67 22 0.207 0 1
30 52 0.123 0 1
328 15 1.058 0 2
129 52 0.489 0 1
201 10 0.622 0 2
37 52 0.138 0 2
66 5 0.359 0 1
148 5 0.836 0 2
20 100 0.079 0 1
15 70 0.069 0 1
21 10 0.072 0 1
266 15 0.834 0 2
16 15 0.067 0 2
96 40 0.293 0 1
35 52 0.139 0 2
34 70 0.139 0 2
47 52 0.142 0 2
11 30 0.042 0 1
41 40 0.123 0 1
335 52 2.068 0 1
14 52 0.065 0 1
36 30 0.125 0 1
213 100 0.745 0 2
33 30 0.175 0 2
18 40 0.055 0 1
14 10 0.093 0 2
16 30 0.066 0 2
32 15 0.113 0 1
18 30 0.059 0 2
19 100 0.066 0 1
60 52 0.185 0 2
107 70 0.385 0 2
13 30 0.042 0 1
11 15 0.032 0 2
86 100 0.300 0 1
23 5 0.138 0 1
18 100 0.063 0 1
10 10 0.030 0 2
19 40 0.109 0 2
15 22 0.074 0 2
194 15 0.833 0 1
18 22 0.110 0 1
123 15 0.401 0 1
37 10 0.121 0 2
292 100 1.339 0 1
306 30 1.224 0 1
53 22 0.294 0 1
60 10 0.306 0 1
26 10 0.080 0 2
19 15 0.068 0 1
35 22 0.222 0 2
33 5 0.130 0 1
11 15 0.036 0 2
32 5 0.185 0 2
180 30 0.779 0 1
35 22 0.148 0 2
45 15 0.222 0 1
49 40 0.210 0 1
276 70 1.145 0 2
22 70 0.089 0 2
11 10 0.064 0 2
29 22 0.125 0 2
36 70 0.162 0 2
34 15 0.118 0 1
86 5 0.394 0 1
44 15 0.288 0 1
16 15 0.104 0 2
71 15 0.226 0 1
108 5 0.403 0 2
17 22 0.069 0 2
36 52 0.243 0 2
16 30 0.084 0 2
187 15 0.789 0 2
34 22 0.127 0 1
332 5 1.081 0 1
184 5 0.648 0 2
183 70 0.574 0 2
167 52 0.660 0 2
60 10 0.312 0 1
67 100 0.432 0 1
74 100 0.474 0 2
37 22 0.150 0 1
14 70 0.048 0 1
125 15 0.394 0 2
36 15 0.128 0 1
118 10 0.509 0 2
17 52 0.069 0 1
37 22 0.233 0 1
228 100 0.884 0 2
33 100 0.165 0 1
21 30 0.130 0 2
15 15 0.045 0 1
65 15 0.401 0 1
76 70 0.415 0 1
12 10 0.064 0 2
17 15 0.068 0 2
57 40 0.213 0 2
15 10 0.060 0 1
62 5 0.405 0 1
44 5 0.246 0 1
197 100 0.785 0 2
34 22 0.188 0 1
10 100 0.035 0 1
23 100 0.071 0 1
90 22 0.466 0 2
79 40 0.436 0 1
53 40 0.161 0 1
16 52 0.058 0 1
198 70 0.952 0 2
14 15 0.048 0 1
157 30 0.849 0 2
15 30 0.088 0 1
154 100 0.911 0 2
28 30 0.095 0 2
165 10 0.825 0 1
29 40 0.135 0 1
187 22 0.964 0 2
183 15 1.137 0 1
246 70 0.857 0 1
57 100 0.385 0 1
71 40 0.311 0 1
44 52 0.148 0 2
22 10 0.107 0 2
334 30 1.006 0 2
19 100 0.122 0 1
20 40 0.126 0 1
64 40 0.225 0 1
14 15 0.059 0 2
13 100 0.046 0 1
101 52 0.433 0 2
47 10 0.187 0 1
36 70 0.176 0 1
13 10 0.046 0 1
16 30 0.089 0 2
26 5 0.159 0 2
104 15 0.414 0 1
10 40 0.044 0 1
35 70 0.138 0 2
55 40 0.182 0 1
107 5 0.388 0 1
29 30 0.095 0 1
73 70 0.354 0 1
11 5 0.035 0 2
73 10 0.289 0 2
15 52 0.044 0 2
200 40 0.870 0 1
55 5 0.359 0 1
104 22 0.423 0 1
48 52 0.190 0 2
149 100 0.516 0 2
55 22 0.230 0 2
51 10 0.342 0 2
74 52 0.256 0 2
207 40 0.611 0 2
21 52 0.083 0 1
150 30 0.704 0 1
35 52 0.136 0 1
11 22 0.036 0 1
88 40 0.393 0 2
198 22 0.925 0 2
28 22 0.168 0 1
50 70 0.150 0 1
27 5 0.109 0 2
34 22 0.119 0 2
13 70 0.043 0 2
307 5 1.323 0 1
108 15 0.335 0 2
18 30 0.105 0 1
96 70 0.296 0 1
25 22 0.124 0 2
41 40 0.199 0 1
110 70 0.493 0 1
173 52 0.989 0 1
23 70 0.079 0 2
55 30 0.169 0 1
195 70 0.855 0 1
23 30 0.069 1 0
48 100 0.249 1 0
122 30 0.455 1 0
23 5 0.071 1 0
73 40 0.309 1 2
67 100 0.259 1 0
52 40 0.317 1 0
19 5 0.110 1 0
75 70 0.375 1 0
11 52 0.047 1 0
122 52 0.460 1 2
10 10 0.033 1 0
176 15 0.752 1 0
51 100 0.166 1 2
135 15 0.649 1 0
54 52 0.277 1 2
56 5 0.303 1 2
47 100 0.150 1 0
250 70 0.781 1 0
12 5 0.039 1 2
20 52 0.099 1 2
187 10 0.974 1 0
19 52 0.082 1 0
22 40 0.105 1 0
266 40 1.193 1 0
21 22 0.078 1 0
166 70 0.686 1 0
333 15 1.281 1 2
69 10 0.365 1 0
71 10 0.343 1 0
237 15 0.820 1 2
41 22 0.173 1 0
38 100 0.245 1 2
86 10 0.320 1 0
92 10 0.277 1 0
336 40 1.639 1 2
17 40 0.097 1 2
18 15 0.063 1 0
17 30 0.062 1 2
41 22 0.180 1 0
34 100 0.143 1 2
17 22 0.103 1 2
19 10 0.102 1 2
15 15 0.097 1 0
167 40 0.848 1 0
30 10 0.181 1 2
187 52 0.584 1 0
66 40 0.196 1 0
67 5 0.215 1 2
69 22 0.309 1 0
115 30 0.516 1 2
28 100 0.156 1 0
71 52 0.307 1 0
68 70 0.247 1 0
190 5 1.033 1 2
162 10 0.566 1 0
75 100 0.385 1 0
11 10 0.034 1 0
10 5 0.034 1 0
17 10 0.064 1 0
191 10 0.995 1 0
12 5 0.049 1 0
11 70 0.037 1 2
18 15 0.070 1 2
16 10 0.064 1 0
13 10 0.067 1 0
16 40 0.050 1 0
110 40 0.359 1 2
72 100 0.429 1 0
68 30 0.362 1 2
27 22 0.097 1 0
72 100 0.274 1 0
77 52 0.320 1 0
62 100 0.283 1 2
230 22 0.819 1 2
24 5 0.085 1 0
110 10 0.367 1 2
58 15 0.304 1 2
17 15 0.112 1 0
10 70 0.064 1 2
79 100 0.244 1 0
169 10 0.698 1 2
68 15 0.237 1 2
13 22 0.045 1 0
287 10 0.911 1 0
12 70 0.060 1 0
10 100 0.031 1 0
59 52 0.174 1 0
13 40 0.038 1 0
128 100 0.692 1 2
167 100 0.827 1 2
13 40 0.067 1 0
202 5 0.798 1 0
127 40 0.425 1 2
54 22 0.274 1 0
60 15 0.230 1 0
38 40 0.197 1 0
72 22 0.301 1 2
25 30 0.084 1 0
198 22 0.651 1 0
186 30 0.827 1 0
185 22 1.250 1 0
65 100 0.246 1 2
60 52 0.211 1 0
50 70 0.169 1 0
44 100 0.135 1 2
10 5 0.048 1 2
70 15 0.217 1 0
18 22 0.102 1 2
15 52 0.093 1 0
158 40 1.039 1 0
37 100 0.116 1 2
161 30 0.583 1 0
18 100 0.069 1 0
71 52 0.268 1 0
22 70 0.066 1 0
135 100 0.509 1 0
21 22 0.078 1 2
24 22 0.117 1 2
42 5 0.144 1 0
10 100 0.046 1 2
17 15 0.058 1 0
26 22 0.147 1 2
59 5 0.210 1 0
47 100 0.147 1 0
16 30 0.078 1 0
177 70 0.628 1 0
310 15 1.040 1 2
22 52 0.069 1 2
84 10 0.317 1 2
69 30 0.213 1 0
44 22 0.282 1 0
339 100 1.242 1 0
38 30 0.142 1 0
221 22 0.691 1 0
38 100 0.151 1 2
16 100 0.066 1 0
24 5 0.133 1 0
20 22 0.103 1 2
20 40 0.123 1 2
267 52 1.035 1 0
270 22 1.076 1 0
18 22 0.063 1 2
200 100 0.593 1 0
26 22 0.114 1 2
58 5 0.207 1 0
52 22 0.331 1 2
25 70 0.117 1 0
14 70 0.051 1 0
149 100 0.706 1 2
49 22 0.207 1 0
11 10 0.044 1 0
32 40 0.103 1 0
190 22 0.900 1 0
33 15 0.098 1 0
77 40 0.251 1 0
277 10 1.392 1 0
34 52 0.109 1 0
54 5 0.169 1 0
215 70 1.396 1 0
144 10 0.878 1 0
39 10 0.179 1 0
55 22 0.214 1 0
64 30 0.352 1 0
70 70 0.350 1 2
19 5 0.084 1 0
19 40 0.063 1 0
13 40 0.084 1 0
43 10 0.277 1 0
11 70 0.035 1 0
16 70 0.075 1 0
24 52 0.149 1 0
60 30 0.375 1 0
112 52 0.345 1 0
169 40 0.500 1 0
30 70 0.087 1 2
34 5 0.151 1 0
17 15 0.069 1 2
17 70 0.088 1 2
106 22 0.376 1 0
17 5 0.103 1 0
44 5 0.139 1 2
58 30 0.309 1 0
147 52 0.551 1 0
12 22 0.057 1 2
36 30 0.181 1 2
45 30 0.176 1 2
109 15 0.699 1 2
189 10 0.950 1 0
155 30 0.552 1 0
116 15 0.444 1 2
118 40 0.459 1 0
67 40 0.276 1 2
20 30 0.071 1 0
26 15 0.107 1 0
75 5 0.326 1 2
59 100 0.289 1 0
112 52 0.655 1 0
24 5 0.113 1 2
22 30 0.079 1 0
52 30 0.190 1 0
18 52 0.060 1 2
14 100 0.074 1 0
123 22 0.424 1 0
11 30 0.040 1 0
28 22 0.100 1 0
157 70 0.665 1 2
10 15 0.034 1 0
190 70 0.615 1 0
164 40 0.911 1 2
94 70 0.384 1 0
311 10 0.990 1 2
27 70 0.089 1 0
56 52 0.333 1 0
35 5 0.142 1 0
11 52 0.044 1 0
88 15 0.257 1 0
14 10 0.074 1 0
27 5 0.156 1 0
10 10 0.065 1 0
63 30 0.217 1 2
11 40 0.067 1 0
33 52 0.143 1 0
55 30 0.311 1 0
45 10 0.153 1 2
14 40 0.050 1 0
85 22 0.559 1 0
22 30 0.094 1 0
99 22 0.478 1 0
112 52 0.619 1 0
15 5 0.100 1 0
19 100 0.106 1 2
20 15 0.107 1 0
30 100 0.102 1 0
17 52 0.050 1 0
27 40 0.085 1 0
78 30 0.487 1 2
50 40 0.262 1 0
60 100 0.217 1 0
15 22 0.055 1 0
163 5 0.606 1 2
48 30 0.164 1 2
34 10 0.186 1 2
96 15 0.327 1 0
12 22 0.066 1 0
28 100 0.115 1 2
24 22 0.091 1 2
98 40 0.309 1 2
243 40 0.844 1 2
38 22 0.230 1 2
79 52 0.294 1 2
19 70 0.056 1 0
26 52 0.139 1 2
11 10 0.039 1 2
98 40 0.286 1 0
124 30 0.663 1 0
164 70 0.566 1 0
16 15 0.098 1 0
27 100 0.130 1 0
12 30 0.055 1 0
19 52 0.082 1 2
156 70 0.529 1 0
63 5 0.218 1 0
38 22 0.171 1 2
21 100 0.062 1 0
44 22 0.132 1 2
131 40 0.440 1 0
62 52 0.272 1 0
167 15 0.522 1 2
11 5 0.047 1 0
56 52 0.335 1 2
79 40 0.266 1 0
13 15 0.075 1 0
72 5 0.282 1 0
26 5 0.084 1 2
67 70 0.279 1 0
11 10 0.039 1 0
44 30 0.146 1 0
148 30 0.578 1 0
185 52 1.171 1 0
40 5 0.158 1 0
168 10 0.644 1 0
56 100 0.262 1 2
194 15 0.843 1 0
72 30 0.274 1 0
35 100 0.165 1 0
33 10 0.105 1 0
70 15 0.272 1 2
31 15 0.123 1 2
198 70 0.707 1 0
33 52 0.166 1 2
10 15 0.029 1 2
84 22 0.560 1 0
50 10 0.218 1 0
65 40 0.316 1 0
27 22 0.143 1 2
17 15 0.051 1 0
44 10 0.182 1 0
78 15 0.479 1 0
173 15 0.848 1 2
22 5 0.077 1 0
37 40 0.117 1 0
14 22 0.082 1 0
71 40 0.250 1 2
77 100 0.385 1 0
17 22 0.056 1 0
93 70 0.460 1 0
15 70 0.091 1 2
166 100 0.769 1 0
17 70 0.053 1 0
150 40 0.543 1 0
17 52 0.066 1 0
12 5 0.048 1 0
32 5 0.112 1 0
85 40 0.483 1 0
63 100 0.236 1 0
17 52 0.097 1 0
36 15 0.203 1 2
89 15 0.454 1 2
10 40 0.030 1 2
13 5 0.056 1 0
225 10 1.380 1 0
48 22 0.212 1 0
154 15 0.730 1 0
57 70 0.200 1 0
68 52 0.321 1 0
24 52 0.111 1 0
67 100 0.201 1 0
14 22 0.054 1 0
77 70 0.296 1 0
22 30 0.120 1 0
158 5 0.908 1 2
59 100 0.251 1 0
56 5 0.245 1 2
45 10 0.142 1 0
189 70 0.797 1 2
190 5 0.909 1 2
20 40 0.123 1 0
59 52 0.369 1 0
70 52 0.264 1 2
34 100 0.183 1 2
293 22 1.465 1 0
12 40 0.074 1 0
325 10 0.994 1 0
63 5 0.264 1 2
147 100 0.590 1 0
19 22 0.122 1 0
101 70 0.441 1 0
29 10 0.138 1 2
39 30 0.155 1 0
15 52 0.097 1 2
231 70 0.987 1 2
246 30 0.972 1 0
275 30 0.828 1 0
78 10 0.402 1 2
73 70 0.462 1 0
54 10 0.188 1 2
15 5 0.046 1 2
266 40 1.273 1 0
36 15 0.194 1 0
154 22 0.744 1 0
96 70 0.314 1 2
249 100 0.976 1 0
50 30 0.309 1 2
11 30 0.043 1 2
66 5 0.288 1 0
26 15 0.117 1 0
12 52 0.038 1 2
160 70 0.731 1 0
18 15 0.110 1 0
307 5 1.163 1 0
47 30 0.194 1 2
59 10 0.230 1 0
14 52 0.054 1 0
50 30 0.239 1 2
52 70 0.185 1 2
16 70 0.094 1 0
14 10 0.053 1 0
167 5 0.811 1 0
49 15 0.179 2 0
95 22 0.514 2 0
15 40 0.045 2 0
235 40 0.773 2 0
29 100 0.163 2 1
153 15 0.950 2 1
35 70 0.125 2 1
65 22 0.234 2 0
11 5 0.048 2 0
66 15 0.208 2 0
16 10 0.088 2 1
36 70 0.126 2 1
28 15 0.119 2 0
12 40 0.078 2 1
248 30 1.363 2 0
62 10 0.249 2 0
146 100 0.598 2 0
31 40 0.091 2 0
79 40 0.315 2 0
96 30 0.466 2 0
43 30 0.148 2 0
35 52 0.133 2 0
14 5 0.074 2 0
63 5 0.299 2 0
10 30 0.045 2 0
159 70 0.898 2 0
21 22 0.085 2 0
10 10 0.065 2 1
28 70 0.145 2 0
192 22 0.817 2 1
207 100 0.848 2 0
22 15 0.083 2 0
13 40 0.041 2 0
286 22 0.897 2 1
56 100 0.331 2 0
14 5 0.049 2 0
13 15 0.042 2 1
304 22 1.747 2 1
87 70 0.408 2 0
19 5 0.074 2 1
84 10 0.477 2 1
124 52 0.470 2 0
187 22 0.632 2 1
24 40 0.133 2 0
128 15 0.409 2 1
72 52 0.245 2 0
54 100 0.320 2 0
22 52 0.105 2 0
250 40 1.302 2 1
159 22 0.516 2 0
152 100 0.764 2 1
25 40 0.095 2 0
185 40 0.569 2 0
138 5 0.452 2 0
28 30 0.118 2 0
34 5 0.118 2 1
287 15 0.923 2 1
100 15 0.296 2 0
35 10 0.111 2 0
36 10 0.150 2 0
33 10 0.155 2 1
30 40 0.138 2 0
15 30 0.091 2 0
27 30 0.121 2 0
206 52 1.151 2 0
52 5 0.344 2 0
15 22 0.059 2 1
39 30 0.128 2 0
14 70 0.095 2 0
20 40 0.076 2 0
174 70 0.841 2 0
182 52 1.103 2 0
40 52 0.127 2 1
296 40 1.050 2 0
13 15 0.040 2 0
163 22 0.795 2 1
172 10 0.562 2 0
71 70 0.223 2 0
16 70 0.054 2 0
53 15 0.273 2 0
62 70 0.257 2 0
23 15 0.091 2 1
19 22 0.095 2 1
22 40 0.099 2 0
29 10 0.104 2 1
219 5 0.932 2 1
46 15 0.220 2 0
242 15 0.864 2 0
38 5 0.245 2 0
218 52 1.444 2 1
33 30 0.101 2 0
241 10 0.992 2 1
265 22 0.784 2 0
43 70 0.181 2 0
46 5 0.212 2 1
10 52 0.044 2 0
28 100 0.160 2 0
19 100 0.075 2 1
29 30 0.175 2 0
312 70 1.305 2 1
131 5 0.446 2 0
56 52 0.217 2 0
300 100 1.531 2 0
14 22 0.049 2 1
53 10 0.183 2 1
12 40 0.075 2 1
112 22 0.328 2 0
13 100 0.064 2 0
76 15 0.420 2 0
135 52 0.722 2 0
182 40 0.938 2 1
13 5 0.048 2 0
58 40 0.245 2 0
14 30 0.082 2 1
15 70 0.054 2 0
67 15 0.245 2 1
75 30 0.283 2 0
13 10 0.070 2 0
18 100 0.085 2 1
15 70 0.095 2 0
17 30 0.052 2 0
59 15 0.295 2 0
24 100 0.085 2 0
209 15 0.893 2 0
47 30 0.139 2 0
76 5 0.254 2 0
15 52 0.056 2 0
14 5 0.073 2 0
113 10 0.329 2 0
39 5 0.137 2 0
127 10 0.423 2 0
186 70 0.959 2 0
74 70 0.267 2 0
70 70 0.310 2 0
112 40 0.718 2 1
30 15 0.097 2 0
252 15 0.775 2 1
43 10 0.148 2 0
27 40 0.093 2 1
32 40 0.107 2 0
116 40 0.520 2 0
39 5 0.119 2 0
26 100 0.077 2 0
16 15 0.050 2 1
16 52 0.097 2 0
320 22 1.042 2 0
11 15 0.040 2 0
36 15 0.121 2 0
72 70 0.429 2 0
69 5 0.324 2 0
80 10 0.245 2 0
13 5 0.084 2 1
59 70 0.184 2 0
15 30 0.048 2 0
66 5 0.201 2 0
22 5 0.074 2 0
45 5 0.285 2 1
216 30 1.080 2 0
47 40 0.197 2 1
27 70 0.122 2 0
58 15 0.328 2 0
37 10 0.117 2 0
16 15 0.052 2 0
64 40 0.257 2 0
161 30 0.559 2 0
43 52 0.161 2 0
18 15 0.075 2 1
81 22 0.340 2 0
29 100 0.175 2 1
42 40 0.136 2 1
23 70 0.091 2 0
132 70 0.385 2 0
48 5 0.200 2 0
56 52 0.176 2 0
240 5 0.934 2 0
20 30 0.078 2 0
17 70 0.057 2 0
17 70 0.053 2 1
177 52 1.066 2 0
12 10 0.039 2 0
167 100 0.596 2 0
181 10 0.846 2 1
38 52 0.140 2 1
192 15 1.110 2 0
14 10 0.044 2 1
173 5 1.081 2 0
29 70 0.161 2 0
17 30 0.053 2 1
222 22 0.841 2 0
90 40 0.326 2 1
10 30 0.030 2 0
18 52 0.109 2 1
151 70 0.476 2 0
313 52 1.242 2 0
85 5 0.273 2 1
198 15 0.961 2 0
28 22 0.096 2 0
201 15 1.020 2 1
35 22 0.165 2 0
131 70 0.390 2 0
36 5 0.159 2 0
109 70 0.380 2 1
44 22 0.134 2 0
10 52 0.045 2 0
173 22 0.665 2 0
118 15 0.439 2 0
29 15 0.102 2 1
35 40 0.129 2 1
27 40 0.114 2 0
25 52 0.077 2 1
20 10 0.105 2 0
79 22 0.245 2 0
59 52 0.228 2 1
11 52 0.036 2 1
24 30 0.113 2 0
52 10 0.161 2 1
24 52 0.126 2 0
90 40 0.276 2 0
33 5 0.117 2 0
38 22 0.148 2 1
176 5 0.553 2 0
54 22 0.353 2 0
22 10 0.103 2 1
73 22 0.354 2 0
17 70 0.102 2 0
209 40 0.917 2 1
289 70 1.357 2 0
48 100 0.324 2 0
34 40 0.142 2 1
12 10 0.067 2 0
15 15 0.048 2 0
66 40 0.426 2 1
15 52 0.096 2 1
29 15 0.134 2 1
51 70 0.202 2 0
29 100 0.099 2 0
45 40 0.187 2 0
12 22 0.048 2 0
93 52 0.368 2 1
76 10 0.288 2 0
80 52 0.305 2 1
17 52 0.085 2 0
186 22 0.641 2 0
48 40 0.234 2 0
37 22 0.159 2 0
23 22 0.116 2 1
32 52 0.116 2 1
62 52 0.207 2 1
107 40 0.507 2 0
91 52 0.355 2 0
44 52 0.208 2 1
331 30 1.959 2 1
26 70 0.145 2 1
69 30 0.421 2 0
65 5 0.439 2 0
12 40 0.053 2 1
18 22 0.061 2 0
99 70 0.569 2 0
70 52 0.315 2 0
19 10 0.091 2 0
18 5 0.090 2 0
230 10 0.927 2 1
14 52 0.070 2 1
108 10 0.346 2 0
156 30 0.867 2 0
54 30 0.209 2 0
46 40 0.136 2 1
87 100 0.468 2 1
77 5 0.467 2 0
50 15 0.198 2 0
23 15 0.122 2 0
20 70 0.104 2 0
321 5 1.629 2 0
48 30 0.142 2 1
144 40 0.535 2 0
59 5 0.330 2 1
72 30 0.271 2 1
130 10 0.392 2 0
25 52 0.123 2 0
15 10 0.058 2 0
204 52 1.097 2 0
24 30 0.130 2 1
148 15 0.536 2 0
13 15 0.044 2 0
45 10 0.196 2 1
240 100 0.814 2 1
51 5 0.224 2 0
51 100 0.169 2 1
87 10 0.254 2 0
54 10 0.238 2 1
52 10 0.195 2 1
18 70 0.069 2 1
54 52 0.195 2 0
125 10 0.391 2 0
152 15 0.779 2 0
137 52 0.741 2 0
24 52 0.124 2 0
21 15 0.077 2 0
64 100 0.231 2 1
37 30 0.131 2 1
13 100 0.038 2 1
17 22 0.111 2 0
31 100 0.144 2 0
12 15 0.067 2 0
131 100 0.598 2 0
43 40 0.151 2 1
26 15 0.160 2 1
151 30 0.459 2 0
181 15 0.678 2 0
39 52 0.133 2 0
97 22 0.433 2 0
17 70 0.061 2 0
57 15 0.239 2 0
33 10 0.103 2 0
122 70 0.748 2 0
51 10 0.161 2 0
186 22 0.552 2 0
23 22 0.100 2 1
154 100 0.568 2 0
13 15 0.085 2 0
306 70 0.962 2 0
20 30 0.090 2 0
46 5 0.138 2 0
241 5 1.249 2 1
35 15 0.222 2 1
12 100 0.042 2 0
30 52 0.092 2 1
69 5 0.291 2 0
188 70 1.197 2 1
63 70 0.366 2 0
235 10 0.858 2 0
133 30 0.435 2 0
16 5 0.081 2 1
61 15 0.201 2 1
31 70 0.167 2 0
23 40 0.106 2 0
299 100 0.901 2 0
41 100 0.154 2 0
66 52 0.219 2 0
145 70 0.551 2 0
66 70 0.218 2 0
18 15 0.070 2 0
61 5 0.261 2 0
16 52 0.055 2 0
53 22 0.317 2 1
23 5 0.076 2 1
17 100 0.058 2 1
50 22 0.331 2 1
66 40 0.195 2 0
18 100 0.081 2 0
35 10 0.207 2 1
172 10 0.654 2 0
97 52 0.287 2 0
27 30 0.125 2 1
79 70 0.354 2 1
25 70 0.106 2 1
169 30 0.593 2 0
130 5 0.549 2 0
38 22 0.167 2 0
119 5 0.413 2 1
18 100 0.115 2 0
194 5 0.651 2 0
