129 70 0.510 0 2
14 70 0.054 0 1
210 30 1.257 0 1
11 15 0.055 0 2
18 40 0.086 0 1
33 10 0.164 0 2
51 30 0.317 0 1
22 52 0.065 0 2
35 15 0.160 0 2
82 22 0.485 0 2
15 22 0.060 0 1
34 10 0.164 0 1
64 15 0.248 0 2
40 70 0.144 0 2
11 10 0.074 0 2
33 5 0.179 0 2
25 30 0.083 0 2
23 30 0.114 0 2
31 40 0.094 0 1
137 22 0.895 0 1
21 10 0.073 0 2
29 52 0.120 0 2
13 40 0.041 0 1
27 40 0.146 0 2
12 70 0.046 0 1
48 30 0.212 0 1
82 40 0.418 0 2
17 5 0.102 0 2
275 40 1.763 0 2
96 70 0.410 0 1
13 100 0.041 0 2
24 5 0.105 0 1
75 22 0.225 0 1
113 70 0.383 0 2
94 100 0.384 0 2
20 100 0.058 0 2
120 5 0.667 0 1
31 100 0.146 0 2
94 22 0.403 0 2
37 52 0.117 0 1
11 30 0.033 0 2
79 10 0.383 0 2
73 5 0.240 0 2
87 15 0.297 0 1
59 52 0.366 0 1
197 40 0.629 0 2
12 10 0.037 0 2
48 5 0.320 0 1
59 52 0.324 0 1
32 5 0.123 0 1
79 30 0.436 0 2
166 15 0.615 0 1
13 100 0.042 0 1
17 10 0.058 0 1
63 40 0.301 0 2
155 40 0.618 0 2
33 10 0.100 0 2
54 15 0.323 0 2
37 5 0.128 0 2
14 100 0.080 0 2
19 30 0.058 0 1
158 22 0.893 0 1
59 100 0.225 0 1
16 10 0.054 0 1
18 22 0.055 0 2
15 30 0.077 0 2
63 70 0.232 0 1
119 5 0.454 0 1
10 30 0.056 0 2
61 100 0.190 0 2
38 100 0.212 0 1
42 52 0.280 0 1
19 5 0.058 0 1
19 30 0.061 0 1
76 22 0.475 0 2
68 100 0.229 0 2
197 10 0.633 0 1
323 52 1.436 0 1
74 30 0.383 0 1
134 52 0.694 0 2
76 40 0.267 0 2
329 70 1.437 0 1
69 15 0.275 0 2
67 100 0.370 0 2
23 5 0.140 0 2
74 15 0.351 0 2
216 15 0.960 0 1
133 5 0.594 0 1
49 10 0.145 0 2
57 10 0.223 0 1
36 10 0.203 0 2
15 15 0.056 0 2
18 5 0.078 0 1
20 15 0.077 0 2
10 70 0.061 0 2
65 30 0.304 0 1
174 52 0.853 0 1
42 10 0.230 0 2
269 100 1.257 0 1
15 5 0.050 0 1
265 70 0.852 0 1
69 52 0.246 0 2
11 52 0.033 0 2
71 40 0.326 0 1
69 70 0.296 0 2
126 22 0.689 0 1
35 22 0.116 0 2
158 100 0.594 0 2
306 100 1.811 0 1
59 30 0.257 0 1
10 52 0.059 0 1
37 10 0.117 0 2
26 5 0.077 0 1
81 5 0.476 0 2
46 70 0.286 0 1
50 22 0.156 0 1
55 10 0.242 0 1
36 52 0.153 0 2
290 30 0.906 0 2
49 40 0.266 0 1
12 52 0.043 0 2
32 5 0.123 0 2
20 5 0.062 0 1
23 40 0.137 0 1
125 40 0.414 0 2
28 5 0.149 0 1
33 5 0.200 0 2
69 70 0.367 0 2
12 52 0.050 0 2
17 10 0.068 0 2
260 52 0.935 0 2
23 70 0.069 0 2
130 10 0.610 0 1
53 70 0.219 0 2
70 30 0.409 0 2
58 70 0.186 0 1
101 22 0.493 0 1
37 30 0.121 0 1
30 40 0.149 0 1
11 30 0.048 0 2
72 40 0.398 0 1
91 10 0.288 0 2
34 22 0.110 0 1
72 5 0.291 0 1
38 22 0.133 0 1
13 100 0.068 0 2
58 30 0.223 0 2
18 10 0.061 0 1
19 52 0.078 0 2
70 15 0.467 0 2
18 10 0.053 0 1
61 10 0.275 0 2
18 10 0.107 0 2
66 30 0.328 0 1
59 100 0.326 0 2
44 5 0.254 0 2
184 22 0.588 0 1
79 70 0.353 0 2
324 70 1.446 0 2
115 52 0.469 0 1
31 10 0.178 0 1
231 52 0.983 0 1
246 70 0.726 0 1
17 10 0.102 0 1
61 5 0.213 0 2
12 70 0.047 0 1
19 5 0.072 0 2
71 15 0.329 0 1
18 100 0.085 0 2
22 5 0.088 0 1
10 70 0.034 0 1
20 15 0.121 0 2
11 40 0.067 0 1
41 100 0.158 0 1
37 30 0.163 0 1
12 10 0.045 0 1
57 22 0.297 0 2
35 70 0.107 0 2
43 100 0.132 0 2
48 15 0.155 0 2
42 100 0.125 0 2
13 40 0.073 0 1
20 10 0.070 0 1
27 30 0.152 0 1
108 52 0.430 0 2
33 40 0.124 0 2
13 70 0.065 0 1
199 100 1.318 0 1
184 22 0.674 0 2
15 40 0.060 0 1
66 5 0.224 0 2
139 10 0.799 0 2
25 22 0.082 0 1
17 100 0.054 0 2
51 70 0.171 0 1
150 22 0.607 0 2
54 40 0.168 0 2
48 52 0.180 0 2
38 100 0.149 0 1
32 30 0.096 0 1
28 100 0.111 0 2
11 10 0.053 0 2
129 10 0.529 0 1
84 30 0.402 0 2
23 52 0.092 0 2
25 70 0.113 0 2
56 15 0.177 0 2
97 10 0.513 0 2
34 15 0.190 0 1
31 15 0.190 0 2
14 70 0.042 0 2
23 52 0.142 0 2
11 15 0.032 0 1
21 22 0.065 0 1
36 10 0.110 0 1
254 30 1.124 0 1
70 5 0.239 0 2
61 52 0.205 0 2
19 30 0.066 0 2
79 40 0.351 0 2
145 30 0.656 0 1
140 52 0.538 0 1
32 70 0.194 0 1
267 15 1.309 0 1
30 40 0.180 0 2
120 52 0.395 0 2
34 52 0.189 0 2
162 30 0.638 0 1
137 30 0.410 0 1
10 40 0.061 0 2
35 22 0.111 0 2
14 5 0.050 0 2
161 30 0.513 0 1
39 100 0.150 0 2
326 52 1.707 0 1
63 70 0.364 0 1
30 10 0.171 0 2
19 15 0.070 0 2
14 22 0.042 0 2
68 40 0.456 0 1
56 22 0.183 0 2
12 30 0.053 0 2
74 15 0.343 0 1
18 30 0.069 0 2
184 10 0.968 0 1
35 30 0.179 0 1
58 100 0.206 0 1
22 52 0.116 0 1
15 15 0.053 0 1
298 70 1.060 0 1
165 10 0.609 0 2
67 15 0.318 0 2
93 52 0.368 0 1
22 22 0.070 0 2
178 22 0.667 0 2
35 15 0.113 0 1
23 5 0.089 0 2
21 5 0.142 0 1
71 10 0.289 0 1
54 100 0.196 0 2
15 52 0.049 0 2
71 100 0.226 0 1
11 15 0.049 0 1
56 5 0.280 0 1
70 15 0.229 0 2
119 70 0.783 0 1
18 5 0.096 0 2
52 30 0.275 0 2
151 15 0.883 0 1
11 15 0.035 0 2
18 70 0.117 0 1
166 100 0.938 0 2
49 22 0.199 0 2
46 40 0.164 0 1
12 5 0.038 0 2
11 15 0.067 0 1
151 15 0.893 0 1
322 40 2.077 0 2
10 100 0.055 0 1
23 70 0.103 0 2
21 70 0.064 0 1
157 52 0.809 0 2
52 22 0.205 0 2
24 100 0.135 0 1
17 52 0.061 0 1
57 40 0.270 0 2
60 52 0.316 0 2
12 22 0.056 0 2
48 5 0.141 0 1
11 52 0.058 0 2
49 10 0.153 0 2
151 40 0.729 0 1
79 30 0.373 0 1
28 52 0.120 0 2
302 5 1.166 0 1
76 5 0.434 0 1
16 10 0.076 0 2
231 40 1.095 0 1
27 30 0.112 0 1
246 40 0.809 0 2
26 100 0.111 0 2
25 5 0.084 0 1
197 40 0.811 0 1
10 10 0.036 0 2
53 5 0.340 0 1
72 70 0.238 0 2
29 70 0.089 0 1
273 15 0.975 0 1
19 5 0.123 0 1
47 15 0.175 0 1
20 10 0.089 0 1
174 30 0.719 0 2
102 70 0.416 0 1
174 70 1.018 0 2
54 5 0.331 0 1
25 10 0.082 0 1
25 70 0.152 0 1
12 40 0.052 0 2
79 5 0.233 0 2
19 5 0.104 0 2
47 30 0.139 0 1
30 100 0.178 0 2
93 30 0.439 0 1
172 30 0.604 0 2
22 15 0.095 0 2
38 52 0.140 0 1
81 30 0.435 0 1
92 10 0.297 0 2
75 100 0.385 0 2
149 40 0.540 0 2
33 40 0.195 0 1
73 10 0.277 0 2
13 52 0.084 0 1
171 70 1.118 0 1
102 22 0.451 0 1
16 70 0.065 0 1
128 70 0.699 0 2
115 70 0.680 0 2
30 70 0.088 0 2
162 52 0.478 0 2
39 10 0.220 0 1
63 40 0.260 0 2
21 15 0.100 0 2
25 100 0.139 0 2
10 40 0.037 0 2
41 100 0.143 0 1
29 5 0.104 0 2
250 10 1.152 0 2
194 40 0.678 0 2
12 52 0.039 0 2
162 70 0.743 0 1
15 40 0.091 0 2
33 100 0.103 0 2
68 5 0.249 0 1
31 22 0.197 0 2
37 10 0.140 0 1
322 100 1.928 0 2
203 22 1.005 0 1
21 70 0.077 0 2
12 5 0.060 0 2
114 30 0.523 0 1
24 22 0.092 0 1
159 22 1.074 0 1
18 30 0.102 0 2
95 22 0.329 0 1
63 5 0.265 0 2
240 30 0.787 0 2
105 10 0.577 0 2
30 5 0.160 0 1
27 100 0.122 0 1
54 22 0.167 0 2
71 70 0.359 0 2
79 70 0.230 0 2
74 15 0.420 0 2
15 40 0.077 0 1
225 70 0.714 0 2
95 5 0.345 0 1
15 70 0.045 0 1
13 70 0.045 0 1
14 30 0.054 0 2
28 70 0.164 0 1
17 15 0.076 1 0
113 100 0.720 1 0
12 52 0.039 1 2
14 22 0.044 1 2
46 70 0.161 1 2
35 52 0.112 1 0
13 30 0.072 1 0
26 15 0.124 1 0
47 30 0.281 1 0
26 30 0.105 1 0
23 5 0.078 1 0
25 30 0.140 1 2
44 52 0.179 1 0
27 30 0.109 1 0
308 30 1.339 1 2
39 10 0.193 1 0
11 22 0.073 1 2
160 52 0.860 1 2
17 40 0.071 1 0
11 5 0.057 1 0
165 15 0.657 1 2
89 10 0.327 1 2
19 22 0.125 1 2
23 22 0.074 1 0
91 22 0.467 1 2
17 15 0.069 1 2
148 10 0.641 1 0
317 22 1.434 1 0
162 100 0.609 1 2
93 100 0.427 1 2
76 5 0.305 1 0
81 40 0.379 1 2
68 15 0.232 1 0
147 100 0.774 1 2
21 30 0.063 1 0
95 15 0.543 1 0
30 70 0.135 1 0
170 100 0.688 1 2
29 52 0.086 1 0
295 10 0.919 1 0
231 10 1.074 1 2
60 100 0.275 1 0
127 40 0.588 1 2
33 5 0.120 1 0
17 30 0.102 1 0
71 52 0.234 1 0
285 52 1.566 1 0
72 22 0.310 1 0
65 30 0.332 1 0
10 100 0.067 1 2
17 100 0.070 1 2
168 52 0.649 1 0
15 22 0.051 1 2
276 70 1.476 1 0
70 70 0.233 1 2
22 15 0.067 1 2
187 70 0.590 1 2
24 100 0.153 1 0
133 70 0.454 1 0
13 100 0.044 1 0
65 100 0.357 1 2
37 30 0.186 1 0
196 15 0.775 1 0
37 100 0.167 1 2
65 100 0.369 1 0
67 100 0.251 1 0
337 70 1.893 1 2
35 52 0.208 1 0
15 52 0.074 1 2
74 10 0.265 1 2
176 22 1.029 1 0
32 40 0.211 1 0
19 15 0.060 1 0
120 52 0.426 1 0
71 10 0.249 1 2
30 40 0.131 1 0
24 40 0.077 1 2
48 52 0.250 1 0
34 70 0.147 1 2
311 15 1.054 1 0
107 22 0.423 1 0
63 70 0.321 1 2
31 30 0.093 1 0
20 70 0.132 1 0
38 70 0.172 1 0
53 10 0.192 1 0
124 52 0.510 1 2
15 10 0.050 1 0
37 52 0.151 1 0
26 22 0.172 1 0
141 30 0.829 1 0
159 22 0.485 1 2
19 100 0.079 1 0
192 5 0.842 1 0
16 70 0.052 1 0
68 15 0.204 1 2
15 10 0.048 1 2
294 52 1.441 1 0
37 10 0.126 1 0
36 5 0.169 1 0
311 70 1.920 1 0
29 30 0.116 1 0
12 40 0.037 1 0
37 22 0.161 1 0
337 52 1.398 1 2
18 5 0.105 1 2
10 30 0.040 1 0
15 5 0.071 1 2
52 52 0.168 1 2
99 30 0.381 1 0
38 10 0.116 1 2
139 22 0.422 1 0
29 100 0.091 1 0
10 5 0.043 1 0
87 5 0.382 1 0
36 5 0.125 1 0
165 40 0.938 1 2
162 10 0.857 1 2
28 40 0.118 1 0
240 52 1.538 1 0
177 15 0.717 1 0
16 52 0.060 1 0
21 30 0.076 1 2
115 15 0.719 1 0
60 40 0.321 1 2
68 100 0.225 1 0
264 70 1.027 1 2
13 70 0.075 1 0
27 22 0.113 1 0
195 22 0.826 1 0
14 22 0.065 1 0
43 100 0.199 1 2
322 100 1.146 1 2
23 22 0.072 1 2
28 70 0.088 1 2
21 70 0.073 1 0
12 10 0.051 1 2
66 22 0.386 1 2
17 5 0.057 1 0
191 100 1.137 1 0
57 100 0.175 1 2
116 30 0.634 1 0
18 40 0.072 1 0
139 100 0.498 1 2
193 30 0.885 1 0
199 15 0.603 1 0
15 5 0.049 1 2
113 5 0.509 1 0
53 15 0.277 1 0
10 70 0.045 1 2
12 22 0.059 1 2
23 15 0.099 1 0
334 52 1.246 1 2
82 70 0.259 1 0
70 40 0.470 1 0
24 15 0.095 1 0
11 30 0.035 1 0
46 10 0.172 1 2
14 15 0.068 1 0
330 5 1.886 1 2
18 40 0.062 1 0
232 30 0.751 1 0
16 10 0.053 1 2
102 70 0.564 1 0
56 10 0.359 1 0
11 22 0.060 1 0
67 15 0.238 1 2
194 40 1.026 1 0
17 30 0.054 1 0
104 30 0.536 1 0
159 52 0.994 1 0
61 10 0.323 1 0
283 70 1.482 1 0
22 70 0.081 1 0
267 15 1.055 1 0
76 70 0.255 1 2
29 5 0.105 1 0
171 15 0.792 1 0
14 40 0.042 1 2
143 52 0.481 1 0
50 40 0.220 1 0
15 70 0.048 1 0
10 10 0.036 1 0
67 22 0.342 1 2
29 40 0.099 1 0
35 30 0.135 1 0
16 15 0.087 1 2
56 5 0.228 1 2
13 40 0.038 1 0
16 5 0.077 1 0
28 10 0.082 1 0
109 30 0.556 1 0
89 100 0.267 1 0
45 10 0.145 1 0
170 30 0.576 1 0
10 100 0.062 1 0
72 5 0.254 1 2
31 5 0.157 1 2
221 100 1.263 1 0
11 5 0.042 1 0
121 52 0.672 1 0
58 52 0.312 1 0
51 10 0.186 1 0
97 22 0.443 1 0
76 100 0.311 1 0
99 5 0.604 1 0
24 15 0.118 1 0
75 40 0.279 1 2
72 100 0.400 1 2
18 5 0.079 1 2
191 10 0.806 1 2
28 40 0.112 1 0
18 100 0.092 1 0
14 70 0.049 1 0
104 22 0.351 1 2
47 5 0.215 1 0
20 40 0.059 1 0
36 52 0.184 1 0
293 52 1.694 1 2
52 5 0.229 1 0
117 100 0.731 1 0
71 40 0.408 1 0
13 100 0.058 1 2
18 15 0.060 1 0
63 22 0.366 1 0
21 10 0.094 1 2
46 5 0.139 1 2
61 40 0.191 1 0
28 70 0.088 1 0
24 5 0.073 1 2
11 10 0.040 1 0
44 22 0.172 1 2
19 22 0.102 1 2
66 22 0.423 1 0
12 15 0.052 1 0
39 15 0.116 1 0
16 30 0.047 1 2
124 100 0.512 1 0
147 70 0.465 1 0
24 40 0.078 1 0
21 30 0.094 1 0
10 52 0.033 1 2
41 40 0.199 1 2
36 40 0.197 1 0
279 100 0.921 1 0
23 52 0.079 1 0
24 22 0.075 1 0
46 100 0.275 1 2
24 52 0.076 1 0
177 70 0.927 1 0
39 100 0.195 1 0
86 10 0.297 1 2
51 10 0.186 1 0
17 15 0.066 1 0
26 5 0.114 1 2
20 40 0.105 1 2
72 5 0.465 1 0
16 5 0.054 1 0
11 22 0.033 1 0
164 52 0.850 1 0
54 40 0.318 1 0
69 5 0.307 1 2
10 30 0.036 1 2
56 10 0.292 1 0
31 5 0.123 1 0
11 15 0.065 1 2
172 15 0.517 1 2
11 10 0.047 1 0
18 100 0.095 1 0
331 70 0.997 1 2
16 40 0.104 1 2
186 70 1.170 1 0
14 22 0.047 1 0
37 15 0.150 1 0
18 22 0.086 1 2
158 15 0.742 1 0
140 40 0.465 1 0
12 52 0.043 1 2
295 30 1.595 1 2
50 5 0.152 1 0
66 100 0.248 1 0
80 5 0.253 1 0
146 30 0.638 1 0
11 30 0.055 1 2
154 15 0.460 1 2
24 15 0.119 1 0
36 30 0.112 1 2
145 15 0.918 1 0
18 40 0.093 1 0
11 5 0.059 1 0
48 100 0.222 1 2
326 40 1.035 1 0
160 10 0.556 1 0
60 15 0.211 1 2
23 100 0.084 1 2
72 52 0.238 1 0
57 15 0.282 1 2
10 52 0.033 1 2
228 100 0.950 1 0
46 70 0.260 1 0
132 10 0.557 1 2
15 100 0.046 1 0
24 100 0.127 1 2
18 40 0.087 1 0
75 15 0.361 1 2
104 5 0.684 1 0
26 70 0.107 1 2
32 40 0.161 1 2
16 70 0.090 1 2
229 30 0.668 1 0
25 22 0.086 1 0
12 22 0.051 1 0
145 5 0.566 1 0
49 70 0.178 1 2
72 70 0.419 1 0
14 30 0.069 1 0
28 100 0.182 1 2
16 100 0.067 1 0
13 22 0.047 1 2
10 22 0.058 1 0
130 30 0.558 1 0
22 22 0.066 1 2
229 10 0.970 1 0
18 40 0.060 1 2
14 70 0.042 1 0
215 15 1.039 1 2
65 30 0.212 1 0
34 40 0.103 1 2
47 40 0.223 1 0
160 22 0.699 1 0
317 15 1.315 1 2
19 22 0.094 1 2
101 40 0.345 1 0
37 52 0.162 1 0
109 10 0.657 1 0
15 70 0.089 1 0
62 40 0.256 1 2
156 40 0.642 1 0
88 5 0.400 1 2
10 52 0.049 1 0
31 30 0.168 1 2
221 70 1.208 1 2
65 5 0.210 1 0
52 100 0.166 1 0
27 52 0.111 1 0
227 100 0.668 1 0
122 30 0.360 2 0
33 10 0.145 2 0
182 30 1.034 2 0
174 22 0.802 2 0
20 10 0.078 2 1
43 10 0.202 2 0
71 40 0.441 2 1
79 100 0.237 2 1
13 22 0.083 2 0
31 40 0.095 2 0
43 15 0.132 2 1
144 70 0.593 2 0
69 22 0.448 2 0
66 5 0.243 2 1
183 100 0.627 2 0
75 10 0.273 2 0
196 40 0.620 2 0
18 30 0.083 2 0
17 22 0.061 2 0
13 100 0.041 2 1
149 40 0.598 2 1
125 10 0.638 2 0
37 30 0.224 2 1
23 30 0.083 2 1
14 15 0.075 2 0
10 70 0.033 2 0
14 40 0.062 2 0
18 40 0.085 2 1
278 10 1.553 2 1
67 40 0.232 2 0
10 52 0.041 2 0
31 22 0.151 2 0
20 40 0.120 2 1
85 5 0.462 2 1
21 70 0.076 2 0
27 70 0.176 2 1
138 10 0.431 2 0
11 52 0.071 2 0
168 52 0.781 2 0
54 15 0.208 2 0
75 40 0.263 2 0
20 100 0.073 2 0
34 10 0.121 2 0
11 5 0.047 2 0
170 5 0.685 2 0
49 15 0.181 2 1
297 5 1.138 2 0
11 70 0.042 2 0
73 5 0.371 2 1
43 40 0.217 2 0
63 30 0.232 2 0
12 10 0.036 2 0
312 15 0.972 2 0
10 15 0.048 2 0
54 70 0.179 2 0
118 30 0.347 2 1
22 70 0.085 2 0
15 10 0.064 2 0
132 15 0.482 2 1
18 15 0.064 2 0
242 22 1.228 2 0
70 5 0.246 2 0
51 52 0.202 2 0
137 70 0.710 2 1
41 5 0.123 2 1
38 40 0.156 2 0
23 100 0.118 2 0
17 52 0.057 2 0
11 30 0.040 2 0
112 40 0.372 2 0
18 10 0.085 2 0
14 22 0.083 2 1
219 10 0.973 2 0
17 10 0.071 2 0
126 70 0.575 2 0
27 30 0.130 2 0
13 70 0.066 2 0
42 70 0.126 2 0
134 40 0.551 2 0
58 30 0.229 2 0
75 30 0.219 2 1
336 40 2.127 2 1
93 15 0.458 2 0
166 22 0.725 2 1
12 40 0.048 2 1
11 5 0.074 2 1
38 15 0.146 2 1
162 70 0.880 2 0
77 100 0.381 2 0
29 10 0.170 2 0
268 30 1.076 2 1
47 70 0.276 2 0
21 30 0.073 2 1
105 100 0.614 2 0
44 40 0.154 2 0
135 52 0.407 2 0
255 30 0.996 2 0
23 100 0.068 2 0
204 40 0.861 2 1
14 30 0.080 2 0
264 10 0.820 2 0
18 100 0.113 2 0
49 22 0.253 2 0
11 5 0.045 2 1
30 40 0.123 2 0
15 70 0.045 2 1
26 22 0.104 2 0
238 15 1.488 2 0
40 100 0.186 2 0
25 100 0.156 2 1
62 70 0.264 2 0
16 5 0.056 2 0
16 10 0.049 2 0
33 30 0.189 2 1
39 70 0.205 2 1
35 10 0.183 2 1
38 40 0.250 2 1
31 100 0.169 2 1
175 15 0.651 2 1
70 100 0.224 2 0
10 100 0.032 2 0
73 30 0.432 2 1
60 5 0.385 2 1
205 10 0.854 2 0
14 10 0.086 2 1
50 30 0.336 2 1
17 52 0.097 2 1
12 10 0.062 2 0
14 70 0.068 2 1
10 30 0.039 2 1
170 100 1.118 2 1
320 52 1.951 2 0
14 30 0.070 2 0
18 52 0.077 2 0
34 70 0.172 2 0
203 5 0.613 2 1
40 30 0.151 2 0
13 5 0.046 2 0
37 52 0.153 2 1
243 15 0.927 2 0
50 5 0.146 2 0
32 40 0.097 2 1
265 30 1.152 2 0
151 15 0.662 2 0
17 15 0.113 2 0
36 15 0.137 2 0
13 40 0.069 2 0
18 10 0.085 2 0
128 30 0.375 2 0
68 5 0.356 2 1
139 100 0.554 2 0
35 100 0.198 2 0
300 40 1.604 2 1
49 40 0.207 2 0
332 70 1.190 2 0
13 70 0.058 2 0
13 15 0.038 2 0
36 5 0.113 2 0
100 70 0.481 2 0
59 5 0.214 2 0
173 15 0.966 2 0
56 15 0.213 2 0
62 52 0.239 2 0
145 30 0.518 2 1
17 30 0.102 2 0
16 70 0.049 2 0
16 5 0.057 2 0
39 15 0.172 2 0
11 15 0.039 2 1
71 10 0.313 2 1
18 15 0.114 2 0
33 22 0.096 2 0
76 10 0.367 2 0
21 5 0.062 2 0
320 15 1.720 2 0
11 30 0.067 2 1
145 5 0.668 2 1
29 100 0.174 2 1
59 15 0.185 2 0
78 5 0.284 2 0
16 100 0.052 2 0
70 52 0.214 2 1
16 30 0.096 2 0
18 52 0.060 2 0
52 5 0.167 2 0
106 52 0.397 2 0
174 40 0.565 2 0
123 10 0.359 2 1
60 5 0.302 2 1
50 10 0.216 2 1
39 40 0.126 2 0
18 52 0.092 2 1
302 22 1.525 2 0
16 40 0.069 2 1
149 15 0.608 2 0
15 15 0.089 2 0
22 40 0.088 2 0
13 15 0.040 2 0
10 10 0.043 2 0
12 10 0.037 2 1
33 100 0.186 2 1
16 5 0.056 2 0
37 22 0.134 2 0
55 30 0.294 2 0
50 10 0.155 2 0
78 30 0.342 2 0
107 5 0.690 2 0
10 70 0.045 2 1
127 15 0.550 2 1
55 52 0.198 2 1
84 52 0.250 2 1
29 5 0.126 2 0
165 15 0.502 2 0
14 15 0.051 2 0
141 15 0.701 2 1
132 70 0.688 2 0
14 52 0.048 2 0
63 70 0.259 2 0
25 70 0.142 2 0
100 10 0.581 2 1
32 40 0.183 2 0
19 40 0.109 2 1
27 5 0.088 2 1
18 15 0.062 2 1
159 5 0.492 2 0
19 40 0.062 2 0
10 10 0.058 2 1
152 100 0.933 2 0
21 5 0.134 2 0
20 22 0.080 2 0
64 100 0.199 2 0
11 22 0.043 2 1
12 22 0.057 2 0
82 40 0.389 2 0
182 100 0.714 2 1
52 15 0.349 2 1
232 10 1.381 2 1
258 10 1.223 2 0
194 5 0.894 2 0
46 10 0.181 2 0
49 5 0.191 2 0
305 30 1.517 2 1
29 15 0.092 2 0
27 10 0.083 2 0
143 40 0.753 2 0
244 22 1.319 2 1
201 100 1.020 2 0
37 52 0.116 2 0
253 5 1.446 2 1
28 30 0.099 2 0
21 10 0.080 2 1
16 52 0.075 2 0
36 30 0.156 2 1
133 70 0.520 2 0
29 22 0.096 2 0
31 22 0.103 2 1
67 52 0.294 2 0
319 40 1.139 2 1
175 70 0.563 2 1
164 40 0.882 2 1
14 52 0.079 2 1
168 5 0.816 2 0
76 15 0.287 2 0
142 52 0.700 2 1
187 15 0.632 2 0
11 5 0.050 2 1
18 30 0.064 2 0
197 22 0.631 2 1
26 30 0.085 2 1
46 52 0.183 2 1
314 10 0.926 2 1
267 100 1.011 2 0
13 22 0.054 2 0
76 15 0.373 2 0
18 5 0.106 2 0
11 5 0.059 2 1
60 30 0.366 2 0
74 22 0.356 2 0
62 10 0.325 2 0
13 15 0.050 2 1
131 52 0.633 2 0
23 40 0.133 2 0
90 5 0.398 2 0
238 15 0.773 2 0
314 30 1.134 2 0
41 15 0.134 2 0
11 40 0.071 2 0
27 30 0.130 2 0
13 30 0.059 2 0
261 10 0.834 2 1
32 15 0.140 2 0
60 70 0.387 2 0
16 15 0.103 2 0
11 40 0.048 2 0
323 15 1.392 2 1
25 22 0.154 2 0
51 22 0.172 2 1
47 22 0.236 2 1
16 30 0.065 2 0
30 30 0.152 2 0
19 10 0.097 2 0
16 100 0.047 2 0
25 5 0.082 2 0
78 100 0.250 2 0
68 5 0.272 2 0
74 10 0.287 2 0
335 70 1.801 2 1
11 10 0.040 2 0
11 40 0.071 2 0
53 52 0.220 2 0
14 70 0.058 2 1
17 100 0.054 2 1
76 10 0.409 2 0
75 52 0.240 2 1
14 100 0.052 2 0
21 22 0.110 2 1
26 52 0.104 2 0
25 15 0.088 2 1
20 30 0.062 2 1
12 22 0.037 2 0
60 52 0.175 2 0
31 15 0.112 2 0
172 40 0.509 2 0
285 40 1.557 2 0
29 5 0.119 2 1
178 10 0.679 2 0
26 70 0.106 2 0
42 100 0.130 2 0
20 70 0.072 2 0
15 40 0.054 2 0
88 5 0.301 2 0
10 5 0.051 2 1
66 40 0.317 2 0
70 30 0.245 2 0
15 22 0.089 2 1
129 30 0.440 2 1
73 52 0.221 2 0
57 40 0.275 2 0
21 40 0.097 2 0
49 22 0.310 2 0
19 70 0.097 2 0
15 100 0.070 2 1
141 40 0.524 2 0
53 5 0.177 2 0
26 52 0.164 2 1
199 52 0.659 2 0
16 22 0.079 2 0
102 100 0.321 2 1
31 10 0.178 2 1
25 52 0.089 2 1
13 22 0.075 2 0
195 22 1.161 2 0
15 70 0.075 2 0
60 22 0.205 2 0
61 5 0.251 2 0
10 10 0.061 2 0
163 22 0.926 2 0
10 10 0.048 2 0
15 22 0.054 2 0
32 70 0.141 2 0
255 100 0.746 2 0
